/*--------------------------------*- C++ -*----------------------------------*\
| =========                 |                                                 |
| \\      /  F ield         | OpenFOAM: The Open Source CFD Toolbox           |
|  \\    /   O peration     | Version:  2306                                  |
|   \\  /    A nd           | Website:  www.openfoam.com                      |
|    \\/     M anipulation  |                                                 |
\*---------------------------------------------------------------------------*/
FoamFile
{
    version     2.0;
    format      ascii;
    arch        "LSB;label=32;scalar=64";
    class       volVectorField;
    location    "43.3";
    object      U;
}
// * * * * * * * * * * * * * * * * * * * * * * * * * * * * * * * * * * * * * //

dimensions      [0 1 -1 0 0 0 0];

internalField   nonuniform List<vector> 
2186
(
(1.33127 -0.064639 1.78787e-19)
(1.75985 -0.985144 -1.88727e-19)
(1.57275 -0.961011 -5.18125e-21)
(0.788245 -0.627902 -1.22485e-19)
(0.114775 0.0488521 -1.30875e-19)
(0.186122 0.573727 0)
(0.787622 -0.726331 0)
(-0.201805 -0.26817 1.73159e-19)
(2.02071 0.177028 2.7427e-19)
(0.592755 -0.366984 -3.03037e-21)
(0.63772 0.573619 0)
(1.21542 -0.254264 -2.25336e-19)
(-0.21556 -0.26242 -6.70005e-20)
(1.21318 0.0223962 -3.4772e-19)
(1.96351 -0.666268 -1.86153e-19)
(1.00872 -0.00443072 1.6933e-19)
(0.979575 0.0104517 0)
(-0.21836 0.867386 0)
(0.85229 1.22211 0)
(-0.166578 0.0687436 -2.95508e-20)
(0.478253 0.0175313 -1.11883e-19)
(-0.215612 0.166004 4.13219e-20)
(1.19937 0.0253812 2.88613e-19)
(-0.224745 -0.147083 5.88982e-21)
(1.03667 0.00461389 -2.26951e-19)
(0.840042 -0.599258 0)
(0.767852 -0.0728637 1.35837e-19)
(0.667533 -0.645927 -1.3254e-19)
(1.1665 0.683284 0)
(0.970555 0.0239469 -3.09981e-19)
(-0.0822225 0.0258885 0)
(1.02954 -0.0144828 1.07418e-20)
(-0.278802 -0.0558131 0)
(1.33763 0.116514 -3.02081e-20)
(-0.107927 -0.186789 1.96382e-21)
(1.48076 0.750331 1.47607e-19)
(1.22013 0.0040652 -2.00766e-20)
(0.497693 0.0676178 -3.3627e-19)
(1.79336 0.284505 -3.5463e-20)
(0.413591 0.413486 -3.94811e-20)
(-0.228723 -0.267025 0)
(-0.1655 0.0791185 0)
(2.09527 -0.879085 1.48416e-19)
(-0.415613 -0.00363111 0)
(1.07912 0.263654 1.68158e-19)
(0.631497 -0.347154 2.57594e-19)
(1.00968 -0.852996 0)
(1.2611 -0.824235 6.18007e-20)
(2.47633 -0.418516 0)
(-0.114261 0.50654 1.03523e-19)
(-0.0862615 0.0260681 4.36433e-20)
(0.588424 0.543094 9.23454e-20)
(2.25716 -0.689541 1.88122e-19)
(0.572137 0.216792 -2.7513e-19)
(-0.388191 -0.234862 1.65855e-20)
(0.819221 -0.69802 0)
(1.8883 -1.02744 2.4978e-20)
(0.635282 -0.592748 0)
(2.23156 0.221933 1.84368e-20)
(1.16164 -0.178187 -2.90067e-19)
(1.54186 -0.235388 3.33339e-20)
(1.31315 0.286248 -2.17127e-19)
(1.30596 0.515695 0)
(0.663786 0.507486 4.32744e-20)
(1.32894 0.374644 -1.43275e-19)
(1.32531 -0.768811 -7.47203e-20)
(1.12855 0.634862 6.40579e-20)
(0.680842 0.0248964 -5.38427e-19)
(0.814604 0.0213604 0)
(2.37065 0.252724 -7.819e-20)
(-0.191871 -0.266409 -2.07625e-19)
(1.99935 -0.392902 -5.39485e-20)
(0.734276 -0.0843369 -2.33541e-19)
(0.923175 -0.556859 0)
(0.813655 0.14247 -8.97549e-20)
(0.598029 -0.55819 -2.5587e-19)
(2.43718 -0.438859 0)
(1.00699 0.00680593 3.43339e-19)
(-0.091843 -0.234988 0)
(1.91927 0.37349 0)
(0.614496 0.652071 4.02635e-20)
(0.538667 0.164945 4.48397e-20)
(1.02528 0.00444581 3.76499e-20)
(1.27427 0.398403 3.48413e-20)
(0.978005 0.02162 3.93173e-19)
(1.04496 0.0255032 -9.38439e-21)
(0.654299 0.127259 -3.28463e-19)
(0.603652 0.59207 -2.68849e-21)
(0.185135 0.0223716 0)
(-0.0742531 -0.0831406 1.66716e-19)
(0.913837 -0.664911 -1.28769e-19)
(-0.0912616 -0.0765523 -3.96628e-21)
(1.13527 -0.0864026 2.16166e-19)
(0.842115 -0.22238 0)
(0.977864 0.0226662 3.78877e-20)
(1.31926 0.62257 0)
(1.74988 -0.981716 0)
(1.26351 0.2163 0)
(-0.00870852 0.344941 0)
(0.845404 -0.714504 2.35782e-19)
(0.820595 0.574261 -2.18003e-19)
(0.769726 0.763218 1.15308e-19)
(1.53272 0.186527 0)
(1.16509 -0.108009 -1.97608e-19)
(1.12667 0.0225968 1.69569e-19)
(-0.293387 0.182015 5.22999e-20)
(0.598304 0.460891 0)
(1.98958 0.0658343 -1.1084e-19)
(1.01399 -0.516047 6.61855e-20)
(-0.65261 0.232194 1.65558e-19)
(1.68586 0.303103 4.9802e-20)
(-0.0623681 0.296374 -1.75937e-19)
(0.88889 -0.80571 0)
(0.531336 0.295483 1.69092e-19)
(2.03452 0.0686077 -8.22687e-19)
(-0.246246 -0.154517 -5.59213e-19)
(1.97319 0.784613 1.80435e-19)
(2.22094 -0.583749 0)
(-0.100243 -0.121375 -4.98122e-19)
(0.723793 -0.122647 7.28058e-20)
(1.50036 0.850577 0)
(-0.191491 0.722971 -1.1908e-19)
(0.843725 0.722489 -3.06808e-19)
(-0.339849 1.00138 2.58454e-19)
(1.02652 -0.0270604 0)
(1.86627 0.396684 -2.27346e-19)
(0.0778454 0.141279 0)
(0.742655 -0.539235 -9.10813e-20)
(-0.243891 0.912151 -1.32865e-19)
(0.8562 -0.780759 0)
(0.476518 -0.344634 3.77453e-19)
(0.591168 -0.506998 2.44184e-19)
(0.464242 -0.420186 0)
(1.05562 -0.832236 -7.71275e-20)
(0.663388 0.529827 0)
(-0.181978 0.627649 -8.12273e-20)
(0.869803 -0.749206 1.08344e-19)
(2.15609 0.105223 3.03265e-19)
(2.19361 0.139102 0)
(-0.153825 -0.191163 0)
(0.643762 0.596526 -3.92864e-19)
(1.89738 -0.585636 4.97618e-20)
(-0.180899 -0.200704 0)
(1.05031 -0.857778 -8.95881e-21)
(1.16766 -0.102033 0)
(1.10011 -0.131466 3.41118e-19)
(2.03096 0.00208962 -1.35228e-19)
(0.0636689 0.186915 0)
(1.28524 -0.575676 -3.50758e-20)
(-0.41634 0.106061 -2.06932e-20)
(0.126523 -0.098033 0)
(1.166 -0.863309 1.5032e-20)
(1.00765 0.00287198 -5.73556e-19)
(0.699014 -0.528721 -9.07667e-21)
(0.867017 -0.560138 0)
(1.27446 -0.76723 -5.41126e-20)
(0.631916 0.186558 2.57917e-19)
(1.18829 0.100897 0)
(1.4452 0.102185 -4.03249e-19)
(1.2785 -0.906376 -7.23853e-20)
(-0.149068 -0.188557 -1.79167e-19)
(-0.223429 0.0588421 -2.76787e-19)
(1.06336 -0.00282654 2.23768e-19)
(0.967531 -0.500529 -8.32228e-20)
(0.538029 1.14573 2.48959e-21)
(0.787583 1.31555 5.97069e-20)
(1.05335 -0.141201 2.06354e-19)
(0.061721 -0.00612857 -4.5765e-19)
(1.08732 -0.0944393 0)
(1.56448 -0.418377 6.43641e-20)
(1.39882 0.626793 1.97338e-19)
(0.860176 -0.65879 -1.72014e-19)
(0.995601 0.00727227 1.17453e-20)
(0.771627 -0.575145 2.50234e-19)
(1.25546 0.771354 1.71308e-19)
(1.8306 0.0901224 -8.07645e-21)
(0.00505343 0.244271 0)
(1.07632 0.0504083 -2.34958e-19)
(-0.689712 0.808336 -2.67408e-19)
(1.03549 0.463947 8.85757e-20)
(0.524679 -0.102348 2.76083e-19)
(1.16702 0.0261164 -4.04885e-20)
(-0.217388 -0.101778 -7.5463e-20)
(1.24858 0.556895 -1.01173e-19)
(1.08987 0.848524 0)
(-0.0531704 0.338754 -7.71039e-20)
(-0.118649 -0.130299 0)
(0.612115 0.523078 -2.91236e-19)
(2.01628 0.256391 -6.8722e-22)
(-0.243354 -0.245607 2.12449e-19)
(-0.340433 0.50495 -5.28815e-19)
(0.721755 0.0237218 2.36753e-19)
(2.04766 0.175087 -3.17359e-20)
(1.02339 -0.374416 -2.51202e-20)
(-0.112777 -0.126866 0)
(-0.257727 0.0955151 3.4155e-19)
(1.2662 0.930872 -6.65009e-20)
(0.831357 0.0349077 -1.31587e-19)
(0.515347 0.482915 2.04387e-19)
(0.381167 0.191522 0)
(-0.155642 -0.238544 -3.43101e-19)
(0.107755 -0.871036 3.00171e-19)
(1.40508 -1.01996 -2.02562e-22)
(0.997107 -0.0503588 -1.76045e-19)
(-0.110727 -0.185007 4.89382e-21)
(0.188756 -0.175294 1.06307e-19)
(-0.21739 -0.262695 -3.24788e-19)
(2.25644 -0.67253 0)
(1.12079 0.0416305 -3.19781e-19)
(2.30839 0.124026 1.09301e-19)
(1.34633 -0.638637 5.02132e-20)
(0.739978 0.131035 -1.16065e-20)
(0.561035 0.27218 0)
(0.901376 0.713799 -1.84132e-20)
(0.641097 0.588727 2.03069e-19)
(0.950194 -0.604579 1.17319e-19)
(0.647169 0.45901 0)
(1.02547 -0.00269946 7.60024e-21)
(0.938921 -0.70866 1.65802e-19)
(0.8085 0.385415 -4.72933e-19)
(1.23966 -0.11222 0)
(-0.136814 -0.134307 -3.91138e-19)
(-0.234729 0.0144103 -5.34878e-20)
(1.53112 0.700454 0)
(1.4558 -0.984657 1.73424e-22)
(-0.183664 0.818236 0)
(0.156877 -0.0098542 8.18498e-20)
(0.695978 0.613239 -1.04997e-19)
(0.87162 -0.250116 0)
(-0.131071 -0.264214 0)
(1.9804 -0.389351 0)
(0.51659 0.013132 6.47787e-19)
(1.30304 -0.931678 4.80032e-20)
(1.24405 -0.633421 3.89428e-20)
(1.07649 -0.175717 -1.27317e-19)
(0.937005 -0.738218 -1.28596e-19)
(0.210826 -0.215188 0)
(-0.517661 1.10928 0)
(1.05603 -0.541061 1.31826e-19)
(-0.169863 -0.206704 0)
(-0.0632403 0.557893 0)
(-0.222946 -0.12874 4.79497e-19)
(0.753275 0.632323 9.10775e-20)
(0.969657 0.756948 0)
(0.658936 0.512649 -8.83552e-20)
(0.839713 -0.079991 -2.0901e-19)
(0.707725 0.521875 -2.37504e-19)
(0.550312 0.509645 -1.76128e-19)
(-0.180993 -0.262649 -3.64772e-22)
(0.778396 -0.695964 0)
(0.886089 0.142864 -3.21486e-19)
(-0.206298 -0.279947 9.24358e-20)
(0.560669 0.519619 4.04731e-19)
(0.914071 0.759133 0)
(0.444489 0.488975 4.20797e-19)
(-0.186639 -0.228619 5.6197e-19)
(-0.120831 -0.0847858 -2.99623e-19)
(0.624233 0.528521 -1.53441e-20)
(0.969169 -0.0100182 5.61209e-20)
(-0.234695 -0.25127 0)
(1.74888 0.289823 -1.66285e-19)
(1.87961 -1.0142 -1.20386e-19)
(0.710274 -0.657854 -5.91274e-20)
(-0.0551725 1.0184 8.46884e-21)
(1.15447 0.436077 2.09422e-19)
(0.856153 0.378956 0)
(1.07696 -0.183894 1.62481e-19)
(-0.103812 -0.221102 4.43133e-21)
(-0.118767 -0.10575 1.76596e-19)
(0.928751 0.0194877 -4.81189e-20)
(1.08173 0.127464 0)
(1.59794 0.102707 -2.31025e-19)
(1.90816 0.131241 0)
(0.52575 0.191771 -4.48669e-19)
(0.2198 -0.191205 0)
(-0.193009 -0.258964 4.08651e-19)
(0.719753 0.096714 0)
(0.668943 -0.562445 -1.55437e-19)
(1.14828 0.0171251 1.91762e-19)
(-0.0137322 0.40407 2.8711e-20)
(1.99631 -0.168602 5.28019e-21)
(2.1696 0.042478 -1.84637e-19)
(1.08555 0.209019 -2.30472e-19)
(-0.205516 -0.281888 -1.72722e-19)
(1.15047 -0.903291 0)
(0.817126 0.0160807 -1.39746e-19)
(0.96866 -0.411173 -2.44359e-19)
(1.81991 -0.548867 -1.72262e-20)
(1.59922 -0.0107257 2.53948e-19)
(1.06698 -0.0140479 3.78812e-19)
(-0.0648187 -0.126818 -2.65913e-19)
(1.03964 -0.469042 -9.93466e-20)
(0.221278 -0.213378 2.20799e-19)
(1.00747 -0.0109203 0)
(1.0049 -0.00940554 0)
(1.56866 -1.10127 1.00054e-19)
(-0.14173 0.511707 -5.53509e-20)
(0.28297 -0.107109 -2.38307e-19)
(1.8909 -0.122647 1.23528e-20)
(1.74262 -0.268456 0)
(2.08666 0.0655092 -7.62727e-20)
(1.03063 -0.890669 -2.91991e-20)
(1.95348 -0.505513 -1.42008e-19)
(1.05882 0.79942 0)
(0.518732 -0.501019 0)
(0.564472 0.474456 -1.81566e-19)
(1.06985 0.260941 -4.33101e-19)
(2.11513 0.00996614 5.38777e-22)
(0.853081 0.127277 1.36892e-19)
(-0.0735352 -0.159612 -7.33198e-19)
(0.87886 0.240275 3.15412e-20)
(-0.220276 -0.120453 0)
(-0.154723 -0.199065 0)
(-0.261737 -0.182617 0)
(1.42617 -0.747798 -1.48138e-20)
(0.0956572 -0.0922638 -1.43235e-19)
(0.14947 -0.222356 0)
(1.23039 0.931877 -5.82717e-20)
(1.0827 0.13602 -4.40157e-19)
(1.43141 -0.433427 6.7214e-20)
(1.02695 0.875675 1.19895e-19)
(-0.0751344 0.223018 8.82389e-20)
(0.633079 0.317863 0)
(-0.278399 -0.124917 -4.15417e-19)
(0.0664645 0.107229 1.74714e-19)
(0.77834 -0.00817375 1.72858e-19)
(1.46797 0.912353 -7.02833e-20)
(1.58448 -0.25274 -1.39911e-19)
(-0.152069 -0.108382 -4.93446e-21)
(0.809928 -0.736452 -2.62263e-20)
(1.09737 0.00445207 0)
(1.60588 -0.0513521 0)
(1.04184 0.0499367 0)
(-0.0798006 -0.604653 -1.75191e-19)
(-0.259623 -0.157428 1.54485e-19)
(1.00039 0.804977 0)
(1.00359 -0.0173318 4.72662e-19)
(0.728307 0.56491 -2.40046e-19)
(0.202001 -0.220991 -1.38181e-19)
(0.862606 -0.0140441 -3.86892e-20)
(0.77012 -0.70358 -1.66168e-19)
(1.33518 0.683382 -4.94152e-20)
(0.611156 -0.504605 -2.56514e-19)
(1.12055 0.000748804 -4.40501e-19)
(0.824943 0.0321938 3.98237e-20)
(1.54677 -0.143551 2.22313e-20)
(0.528657 -0.211888 -2.45329e-20)
(-0.123093 -0.13898 -7.6955e-22)
(1.04145 0.438151 -2.91508e-19)
(1.23577 0.585003 2.56439e-20)
(-0.109273 -0.179083 0)
(-0.0641903 -0.104468 2.68108e-19)
(-0.164691 -0.157085 1.63879e-19)
(-0.142334 -0.225904 -2.3139e-19)
(0.436497 0.25164 0)
(1.66805 -1.1032 0)
(0.0130948 -0.0358769 -6.16413e-20)
(-0.181617 -0.283573 -9.26478e-20)
(1.04288 -0.0324165 1.74492e-19)
(0.0653478 0.0769232 -3.60658e-20)
(1.92417 -0.213254 -4.48122e-19)
(-0.294577 0.494023 0)
(0.897795 -0.793469 -2.08795e-19)
(0.451358 0.172746 9.83088e-20)
(-0.428145 0.423078 1.94235e-19)
(0.703399 0.112037 3.20409e-19)
(0.611458 0.0762101 1.02998e-19)
(0.549483 -0.521092 1.70995e-19)
(-0.193648 -0.224453 -2.11276e-19)
(1.46134 -0.565037 0)
(0.353056 0.281925 -1.92777e-19)
(1.02735 -0.0178215 -2.76363e-19)
(-0.364315 0.640037 2.08552e-19)
(1.36846 0.466674 -1.68817e-19)
(-0.17383 -0.22698 -8.47455e-20)
(0.773418 -0.701733 2.38773e-20)
(0.794399 0.152221 -2.05369e-19)
(0.945381 0.394767 2.44255e-20)
(1.17728 -0.155533 2.87479e-20)
(0.636216 -0.284226 -2.70092e-19)
(2.09234 -0.180363 -2.70717e-19)
(0.888348 -0.282571 0)
(1.68613 -0.452593 4.84353e-20)
(0.927882 0.11015 -2.51672e-20)
(1.55012 0.519445 1.76497e-19)
(0.836048 0.355812 -8.85823e-20)
(0.524752 0.180568 -6.90877e-20)
(0.377817 0.340729 -2.53025e-19)
(-0.0316671 0.831329 1.03085e-19)
(2.23287 0.442655 0)
(0.935501 0.00646374 0)
(0.947133 -0.834944 3.46851e-20)
(-0.170772 -0.243036 -6.16054e-19)
(-0.202388 1.11117 -1.90682e-19)
(-0.139348 -0.163682 -3.74083e-19)
(-0.19381 0.733597 -9.6011e-20)
(-0.247351 -0.0380257 0)
(-0.155006 -0.185391 6.87318e-20)
(-0.255054 0.254794 -4.12962e-20)
(0.18348 -0.164194 -2.4296e-19)
(0.825754 -0.148332 0)
(1.47541 -0.657243 4.04508e-20)
(-0.170648 -0.185465 0)
(0.997399 0.0229675 3.43869e-19)
(-0.0862797 -0.0522957 2.34905e-20)
(0.587028 -0.477439 3.43681e-19)
(-0.620908 0.734175 4.4454e-19)
(-0.268531 0.915056 0)
(-0.0997444 0.441533 3.34246e-20)
(1.00719 0.0210493 -1.03208e-20)
(0.116881 -0.0824572 0)
(1.00384 -0.0107869 -5.42839e-20)
(0.918221 -0.775868 -2.11193e-19)
(1.91566 -1.20766 0)
(0.966536 -0.302872 1.75928e-19)
(-0.0449995 0.655395 9.94697e-20)
(-0.0885934 -0.0939937 0)
(-0.149622 -0.233911 -9.53033e-21)
(0.777785 -0.68144 -3.44679e-19)
(0.963899 -0.0221229 -2.35288e-19)
(-0.163271 -0.238674 7.46017e-19)
(-0.177967 -0.247736 2.58318e-19)
(-0.234731 -0.0952743 0)
(0.927506 0.443726 0)
(-0.189909 0.180703 2.76867e-19)
(1.63685 0.453218 -8.33513e-20)
(1.02644 0.85384 2.38997e-20)
(1.05596 0.194094 -1.26063e-19)
(1.14977 0.00165921 -1.86507e-19)
(1.0738 -0.0692533 -6.00981e-20)
(-0.16138 -0.244496 -6.68288e-19)
(1.99141 0.0941307 1.28568e-19)
(0.651744 0.0382664 2.1999e-19)
(1.2683 0.145614 4.04776e-20)
(1.06493 -0.157147 0)
(-0.350198 0.744958 1.67608e-19)
(1.14731 0.0243558 -4.66086e-19)
(1.69187 0.605111 5.96488e-20)
(0.786793 -0.498671 -1.38001e-19)
(-0.110201 -0.123126 3.72416e-19)
(0.857488 -0.751046 2.82139e-19)
(1.19976 0.187707 8.45792e-20)
(1.00633 -0.00925584 2.4055e-19)
(-0.0157439 -0.173622 -2.81875e-19)
(1.0188 0.00945104 0)
(1.17393 -0.129351 1.02474e-19)
(-0.10966 -0.113112 0)
(1.01602 0.0111759 -1.39598e-19)
(0.334127 0.271522 -7.20372e-19)
(1.69042 0.31983 7.35659e-20)
(-0.197889 -0.134275 1.94397e-19)
(1.53692 0.0154117 4.29089e-20)
(1.01236 -0.0198793 5.01985e-20)
(1.29646 -0.1044 0)
(1.52966 -0.611171 -3.4604e-20)
(1.01847 0.025142 -1.51038e-19)
(1.38668 0.761098 -1.17369e-19)
(1.25917 -0.044589 0)
(1.82603 0.768009 -5.12385e-20)
(-0.000159015 -0.0348483 0)
(1.34129 0.0788035 0)
(-0.25667 -0.226792 0)
(1.20785 0.424951 0)
(1.769 0.253306 5.24932e-21)
(0.701488 0.577728 4.21236e-19)
(0.325563 -0.328123 -2.02334e-19)
(-0.184631 -0.2754 -6.02272e-19)
(-0.118628 -0.135928 0)
(1.63736 -0.801589 6.57243e-20)
(1.24511 0.511338 0)
(1.41528 0.28781 0)
(-0.272955 -0.0660094 1.81476e-19)
(0.76489 0.674709 1.45515e-19)
(1.64923 0.0451634 0)
(-0.227441 -0.269872 1.28633e-19)
(0.887675 0.188284 1.88815e-19)
(1.49511 -0.734863 -6.02954e-20)
(1.18976 0.888914 6.26353e-20)
(1.01158 -0.905813 -4.51659e-21)
(0.148232 -0.103317 -7.71368e-20)
(0.749891 0.67657 1.51529e-19)
(1.12638 0.884983 0)
(2.21272 -0.610569 5.99253e-20)
(-0.151414 0.789921 0)
(1.19145 -0.453319 -8.72704e-21)
(0.958845 0.076972 8.22212e-20)
(1.00553 -0.00866789 0)
(-0.524051 0.560965 1.06333e-19)
(0.916287 -0.205059 4.20411e-20)
(0.672165 -0.455871 0)
(0.710318 -0.42989 1.86293e-19)
(1.19589 0.532979 -3.98657e-20)
(0.435863 0.40968 2.85723e-19)
(0.199305 -0.160338 2.96085e-20)
(-0.237052 -0.103929 3.53624e-20)
(0.773106 0.0520764 0)
(1.4184 -0.947239 2.20912e-20)
(1.03046 -0.0459488 3.89025e-19)
(1.45109 0.330586 7.02239e-20)
(-0.233126 -0.242674 1.09612e-19)
(-0.698355 1.02831 0)
(1.26427 -0.240636 -8.57518e-20)
(-0.0921079 -0.0971187 -3.16403e-19)
(-0.288822 0.810281 -2.25949e-20)
(-0.122104 0.0429623 -5.85414e-22)
(-0.190149 0.0846019 1.45532e-19)
(0.405906 0.704186 3.09809e-20)
(1.88824 0.186559 2.22838e-19)
(1.15338 0.441864 -3.37698e-19)
(0.857097 -0.0456082 0)
(1.77037 -0.111856 4.03694e-20)
(1.49632 0.0896978 8.59668e-20)
(0.974098 -0.816575 9.80141e-20)
(1.26796 -1.05477 2.20148e-20)
(0.440491 0.40794 1.94049e-19)
(0.895621 0.70799 0)
(1.69674 0.566819 -2.14294e-20)
(-0.105959 -0.120016 -6.43527e-19)
(0.841711 0.732389 0)
(1.81178 0.0662781 0)
(0.32772 -0.326866 -4.64708e-21)
(0.283947 0.241776 0)
(-0.784506 1.04056 -3.51751e-19)
(0.219617 -0.137386 -8.36023e-20)
(1.94687 -0.340731 0)
(1.24158 0.0526036 3.05319e-19)
(-0.176157 1.00497 1.57067e-19)
(0.583407 -0.555189 -3.78725e-19)
(1.44666 0.0783037 -2.41542e-20)
(0.665236 -0.604104 0)
(0.993396 0.119883 0)
(1.58483 -0.201833 0)
(1.09448 0.209106 -2.48827e-19)
(1.33088 0.103557 3.5512e-19)
(-0.300695 0.713655 0)
(0.886704 -0.0523843 0)
(1.86315 -0.203144 5.93819e-21)
(0.0348207 -0.193161 5.46667e-20)
(2.49163 -0.164541 -1.49982e-19)
(1.28851 -0.572928 3.31848e-19)
(2.00715 -0.000718809 -1.00939e-19)
(-0.313531 1.04827 -1.05982e-19)
(1.9909 0.155165 -2.65722e-20)
(1.02055 -0.029856 3.86259e-19)
(1.46387 0.583294 0)
(0.0846612 0.0922818 2.22177e-20)
(1.07614 -0.882891 1.04827e-19)
(0.863143 -0.0486454 4.52236e-20)
(0.679593 -0.477993 0)
(2.01645 -0.449484 1.84009e-20)
(1.24174 -0.203259 1.08604e-19)
(1.57514 -0.624101 0)
(0.663273 -0.616419 3.12668e-19)
(1.92755 -0.013134 5.47724e-20)
(2.45792 -0.0887811 3.2123e-19)
(0.0836841 -0.204313 -1.29544e-19)
(1.28588 0.59558 1.94068e-19)
(1.11297 0.38491 4.08258e-21)
(0.876118 0.339738 2.32011e-19)
(1.41792 0.52139 -2.24772e-20)
(-0.146794 -0.256255 -2.26669e-21)
(1.46161 0.477902 0)
(-0.115046 -0.0993101 6.07661e-19)
(1.21343 -1.04412 0)
(1.12849 -0.687586 1.5135e-20)
(1.18247 0.806852 -2.33054e-19)
(1.34648 1.3913 5.64814e-20)
(-0.426737 0.230627 -4.57022e-19)
(0.951871 0.456028 1.8926e-19)
(-0.10023 -0.85787 1.93338e-19)
(0.692078 -0.0426008 0)
(1.56409 -0.186988 0)
(0.921807 -0.069611 1.37072e-20)
(0.783804 -0.00651376 0)
(1.38741 -0.203094 -1.11752e-19)
(-0.547848 1.07015 4.20952e-19)
(1.87643 0.48999 -7.00418e-20)
(1.03827 -0.0356288 0)
(0.59523 -0.401982 9.01837e-20)
(1.01022 0.0252835 1.8468e-19)
(0.18781 -0.336273 1.90915e-20)
(-0.217884 0.860314 0)
(1.15731 -0.490379 3.55652e-19)
(1.08003 -0.336774 -5.74685e-23)
(1.15085 -0.525716 -1.55382e-19)
(2.29249 0.217562 1.49044e-20)
(1.24287 0.758779 0)
(0.862844 0.0199613 0)
(-0.250421 -0.219922 -2.62622e-19)
(0.0165422 -0.0513186 6.93336e-20)
(0.922406 0.338554 -2.17551e-19)
(0.158857 -0.110358 -2.61719e-19)
(0.614775 0.362331 2.44315e-19)
(1.57834 0.925224 0)
(0.591117 -0.549157 0)
(0.322307 -0.155004 -1.39416e-20)
(1.29143 -0.523782 -6.59424e-20)
(1.09708 -0.0751067 2.65378e-20)
(0.744221 -0.200619 1.07777e-19)
(-0.0297693 -0.151133 -1.32204e-19)
(1.26277 0.2851 1.66632e-19)
(0.618205 0.574676 0)
(1.22557 0.668378 0)
(1.57963 0.247857 0)
(-0.324424 -0.0696857 -2.32875e-19)
(1.17618 0.531372 9.05033e-20)
(1.49245 0.18583 2.35907e-20)
(0.922455 -0.0111097 0)
(1.14612 0.0475717 0)
(2.04752 -0.113964 -9.63362e-20)
(-0.198447 -0.588378 -1.76839e-20)
(1.00551 -7.84926e-05 -1.85976e-19)
(1.4572 0.462245 0)
(-0.12534 0.746735 0)
(1.20649 0.301235 3.25737e-19)
(0.988422 0.498704 -1.43605e-19)
(1.06283 0.0229621 0)
(1.39824 0.580575 0)
(1.90218 0.663934 -1.19993e-19)
(-0.0932778 -0.0155212 -2.75252e-21)
(0.997303 0.0107167 0)
(0.673385 0.430611 -3.43215e-20)
(1.01613 -0.890497 0)
(1.00289 0.0141302 4.28113e-20)
(0.663887 -1.00311 -4.18625e-20)
(0.94058 -0.352692 2.55304e-19)
(0.304836 -0.858887 2.2955e-19)
(1.94927 0.100763 3.46121e-19)
(1.40347 -0.181212 -7.89728e-20)
(0.791686 -0.0157105 0)
(1.02401 0.00743193 0)
(-0.461096 0.610987 0)
(0.622665 0.594821 -2.10411e-19)
(0.0103748 -0.153383 9.04055e-20)
(1.1398 0.331099 -5.18681e-19)
(-0.107666 0.474431 0)
(0.791141 0.606417 1.79266e-19)
(1.0458 -0.361174 0)
(1.00513 -0.00413026 1.09081e-19)
(-0.00583738 1.26782 1.51753e-20)
(1.00328 0.378246 2.80778e-19)
(1.3017 0.433726 0)
(2.12307 0.207786 -2.07696e-20)
(0.834952 -0.148353 -3.31794e-19)
(-0.854449 1.27728 -4.5079e-19)
(-0.145393 0.686768 0)
(0.859172 0.211515 1.76183e-19)
(1.96111 0.374379 0)
(0.740609 0.483036 3.78206e-19)
(-0.687708 1.14122 1.82987e-19)
(0.0801477 -0.199987 0)
(0.549901 0.520905 -7.51756e-20)
(1.08601 -0.677454 -1.07438e-19)
(0.519075 -0.312042 -1.11136e-19)
(1.02042 -0.0200756 0)
(-0.126324 0.90827 -1.05705e-19)
(0.687177 -0.614829 6.79458e-20)
(0.881784 0.25924 0)
(1.81663 -0.803374 7.31804e-20)
(0.93843 0.797258 2.86512e-20)
(0.415401 -1.01271 4.04717e-20)
(0.706617 0.031734 -4.92948e-19)
(0.256108 -0.155766 -5.16357e-19)
(-0.160012 -0.212483 1.61955e-20)
(0.785255 0.322932 2.54094e-19)
(0.135774 -0.0656093 -3.67056e-21)
(1.49321 -0.662715 3.20999e-21)
(1.02606 0.00362113 -3.19204e-19)
(-0.356307 0.100226 0)
(1.02384 0.0264468 -3.94428e-19)
(1.33766 0.341643 1.86919e-20)
(0.849403 0.653745 3.08547e-19)
(1.14355 -0.0717806 1.40384e-19)
(1.00973 -0.0368247 1.47616e-19)
(1.3105 1.23385 -5.14938e-20)
(-0.22984 -0.227359 -9.84365e-22)
(1.9129 -0.89573 1.99456e-20)
(1.1602 -0.128458 -5.31805e-20)
(0.817139 0.0422798 6.01184e-20)
(0.937786 -0.318396 7.75643e-20)
(1.7531 -0.137916 0)
(0.921648 0.698318 0)
(0.237508 0.84371 -1.81089e-20)
(1.99166 0.167102 1.2275e-20)
(-0.783282 0.950861 1.60577e-19)
(1.0819 -0.574102 -3.8948e-19)
(0.663922 -0.579514 3.32609e-19)
(1.11248 0.198532 -2.52515e-20)
(0.339471 0.00788781 3.00249e-20)
(0.485295 -0.430042 0)
(0.745097 0.071212 -6.48524e-21)
(1.20988 -0.289622 2.53486e-20)
(0.997915 0.726736 0)
(0.788511 -0.551178 0)
(0.795791 0.705933 0)
(-0.182057 -0.234278 -1.00448e-19)
(-0.153678 0.185298 0)
(0.0656441 -0.00936997 -1.82874e-19)
(1.19636 0.170619 6.93493e-21)
(-0.146653 0.359202 2.71179e-19)
(1.50872 -0.454009 5.43726e-21)
(1.76157 0.459206 2.07783e-20)
(2.07326 -0.143128 -4.49739e-20)
(-0.162548 0.0143289 -9.83242e-20)
(-0.131213 -0.194308 7.10497e-21)
(1.6314 -0.112052 0)
(0.672821 -0.0365323 0)
(1.0009 -0.00238902 2.646e-22)
(-0.373471 0.0340028 0)
(1.2851 0.0736434 -1.24414e-19)
(0.673032 -0.032707 0)
(1.06705 -0.00329921 1.13101e-19)
(0.989754 0.0132172 -4.1993e-20)
(1.37425 0.419559 1.27679e-19)
(1.05545 -0.0212097 -8.9952e-22)
(0.973673 -0.215161 -4.74948e-20)
(1.0297 -0.0392747 3.38406e-19)
(0.72156 -0.658692 1.50975e-19)
(0.395782 -0.338258 -3.22209e-19)
(1.92627 -0.0914206 6.12965e-21)
(0.016065 -0.0766782 0)
(1.08086 0.759711 0)
(1.03511 -0.0147941 0)
(1.06349 -0.818552 -6.86592e-20)
(1.13874 -0.964768 -2.37141e-20)
(2.44454 0.438529 -2.43762e-21)
(-0.98318 0.85807 -3.17713e-19)
(0.168264 -0.233905 -5.44279e-20)
(0.630934 -0.435959 -5.5847e-19)
(1.89169 -0.383618 6.51731e-20)
(0.561972 -0.182964 3.63028e-19)
(2.14671 -0.0827898 1.73457e-19)
(2.08065 0.0669056 3.6582e-20)
(-0.224027 -0.259109 -2.00594e-19)
(1.07553 0.523549 2.26015e-19)
(-0.114931 -0.310626 0)
(0.0614012 0.00137057 5.89036e-19)
(-0.163248 -0.189152 -1.73958e-22)
(1.02448 -0.0468362 3.17255e-19)
(1.0271 -0.00368637 -7.92905e-21)
(1.10207 -0.0114504 -8.73165e-20)
(1.41384 0.838101 -6.84101e-20)
(1.59069 0.304548 9.41864e-20)
(0.443063 -0.417064 -2.72375e-19)
(1.79229 0.786263 1.4754e-20)
(1.04035 -0.00406594 -2.23432e-19)
(2.46972 0.122559 -6.31449e-21)
(1.7766 1.01002 0)
(1.07041 0.562418 -4.26141e-19)
(1.00275 -0.00701278 8.88967e-20)
(0.634639 0.56387 2.70402e-19)
(0.160896 -0.263537 2.43762e-21)
(1.05765 -0.0154573 -2.95879e-20)
(1.11868 0.0138183 8.30913e-22)
(2.42926 0.015575 9.17563e-21)
(2.02388 0.0304787 0)
(1.0407 -0.0417866 0)
(1.04785 -0.0361312 5.51233e-19)
(1.00251 -0.00471591 0)
(-0.137917 -0.160028 0)
(1.14133 -0.678717 0)
(1.00063 -0.00296672 -5.16939e-19)
(1.22436 -0.716536 4.78109e-20)
(1.02658 -0.00532244 1.07254e-20)
(1.28913 0.919457 -4.93573e-20)
(1.46468 0.966308 1.67276e-19)
(0.202633 -0.255235 8.07751e-20)
(0.984381 0.485966 -3.99807e-20)
(1.33814 -0.185726 0)
(-0.255318 0.254451 0)
(1.62099 0.614851 1.73326e-19)
(1.22077 -0.953547 0)
(0.99932 -0.00635099 -1.60996e-19)
(1.0108 -0.00163842 3.12543e-19)
(1.4271 0.137646 -7.93125e-20)
(0.0488656 -0.108168 4.70249e-19)
(0.975383 0.00122138 1.71762e-19)
(1.46087 0.402439 -7.08762e-20)
(0.794711 0.123615 5.00873e-20)
(1.53182 0.973042 -3.35813e-22)
(0.93337 0.0165168 -1.67437e-19)
(1.00369 0.00272205 2.0009e-19)
(1.00043 -0.00175122 1.18675e-20)
(0.788437 -0.01388 0)
(0.724172 -0.0272635 0)
(0.718536 -0.027813 3.51506e-22)
(0.693744 -0.0305441 0)
(-0.13387 -0.0841982 0)
(0.45117 0.0275245 0)
(0.916701 -0.000626915 -1.29497e-19)
(0.987548 0.190551 6.51361e-20)
(0.707601 1.01255 0)
(0.885085 0.971402 -3.4254e-20)
(1.04789 0.568738 0)
(0.429713 0.302176 0)
(1.05964 0.382423 0)
(1.76133 0.135846 1.95744e-20)
(1.99689 -0.0957673 -8.8428e-20)
(0.779848 0.0242219 0)
(0.788955 0.0201977 0)
(0.969892 0.0195627 -2.06927e-19)
(0.815013 0.00757697 3.89003e-19)
(1.00836 -0.00137223 0)
(1.00007 -0.00103518 3.7065e-19)
(1.0004 -0.00110948 -5.09649e-22)
(0.788464 0.0226848 3.28018e-19)
(0.994727 -0.00562262 -1.96836e-19)
(0.760233 0.214147 0)
(0.697964 0.0616019 -5.01372e-20)
(1.00075 -0.00255324 -1.88167e-19)
(0.999698 -0.000588783 -3.21495e-19)
(1.28812 0.244985 0)
(0.999038 0.000936326 0)
(0.999609 -0.000348013 0)
(0.219223 -0.177878 -1.99347e-20)
(0.614686 0.5575 -1.25266e-19)
(2.08681 0.299585 0)
(0.107614 -0.0159339 1.65246e-19)
(-0.346386 0.738088 -1.07117e-19)
(1.01805 -0.0176408 -2.50926e-19)
(-0.223378 -0.267803 -1.68865e-19)
(1.02064 1.13122e-05 -2.00175e-19)
(1.20132 -0.221203 -6.18282e-20)
(0.842215 -0.512784 2.53564e-19)
(-0.130549 -0.15413 -1.53214e-19)
(1.03281 0.00932534 0)
(1.04792 -0.0149126 -5.76416e-20)
(0.862831 0.0178318 0)
(-0.0762808 -0.0627158 1.23598e-19)
(1.09447 -0.7643 0)
(-0.300676 -0.109552 -3.95301e-19)
(1.92689 0.182523 4.58922e-20)
(1.59775 0.665311 -1.32654e-19)
(-0.0715528 -0.0111806 0)
(1.05071 -0.0391814 1.70623e-19)
(0.35875 0.319595 -1.18482e-20)
(0.927703 -0.0316503 2.6624e-19)
(1.01088 -0.0113243 -1.71629e-19)
(1.60998 0.836597 -2.88155e-20)
(0.482635 0.450114 0)
(0.405599 0.348448 2.02356e-19)
(0.703562 0.0366359 4.27534e-21)
(1.12266 0.114805 2.06708e-19)
(1.15116 -0.751134 0)
(1.02182 -0.000155609 0)
(0.999444 -0.0202405 -3.9545e-19)
(1.01986 0.013 -3.7975e-19)
(-0.172199 -0.233592 0)
(1.17463 0.788134 -1.74894e-19)
(0.16024 0.222201 -2.59541e-21)
(1.01501 0.00081473 1.47697e-19)
(1.01255 0.0110751 -1.83625e-19)
(-0.30017 -0.0261049 -3.72501e-20)
(0.617422 0.415275 3.27621e-19)
(1.01667 -0.0159249 6.32288e-19)
(0.267041 0.100936 0)
(1.79346 0.636349 3.39867e-20)
(1.0149 -0.0140625 -1.96125e-19)
(1.3319 0.0763106 -4.03266e-20)
(1.05473 0.00637874 -4.62062e-22)
(1.00726 -0.0125162 3.93942e-20)
(1.96063 0.22824 -2.89804e-19)
(1.0182 0.00415575 1.88528e-19)
(1.08649 0.107633 4.55667e-21)
(1.01892 0.000659305 0)
(0.918404 0.126807 4.9453e-20)
(-0.810454 1.03114 4.48232e-21)
(1.0011 0.0213651 1.86683e-19)
(1.04109 0.0205213 -7.44243e-22)
(0.30135 0.180909 2.16451e-20)
(1.22461 0.303615 4.84149e-19)
(0.998909 0.0138083 1.27973e-19)
(1.01555 -0.0164879 2.99946e-22)
(1.71071 0.253724 -4.86672e-20)
(1.67656 0.899576 -5.55683e-20)
(0.83791 -0.749925 3.99617e-20)
(0.493479 -0.38379 -2.74012e-19)
(1.00609 -0.0124984 0)
(1.02321 0.000531741 4.68527e-20)
(1.01093 -0.0119604 9.98029e-20)
(1.05646 0.728335 -2.48562e-21)
(1.0161 0.00313083 -1.96472e-19)
(1.03404 -0.0280772 2.2144e-19)
(1.00725 -0.0112223 -1.86748e-19)
(1.01392 0.00287053 -4.5179e-22)
(1.012 -0.000648231 -2.4408e-22)
(1.02692 0.0111384 1.87609e-19)
(0.893557 0.0561205 4.93924e-19)
(0.396833 -0.752093 0)
(0.460559 0.903787 9.33233e-20)
(1.01225 -0.00590167 0)
(1.01903 -0.0200691 -5.50091e-20)
(1.4876 0.432499 -1.33763e-19)
(0.966725 0.114474 0)
(1.89735 -0.802223 -6.86463e-20)
(0.385322 -0.607174 2.45295e-20)
(0.755629 -0.0208931 0)
(1.77553 0.468246 0)
(-0.0276784 -0.680206 3.63107e-21)
(1.01815 1.16348 5.70812e-20)
(1.01787 -0.00727012 -1.98864e-19)
(1.17413 -0.59196 -4.28807e-20)
(0.652783 0.919862 1.03232e-19)
(0.828385 -0.639539 0)
(0.500031 -0.0985172 0)
(1.10939 -0.470869 0)
(-0.283872 0.298225 8.55314e-21)
(1.12211 0.622523 -4.01945e-19)
(-0.0714273 -1.08852 0)
(-0.0336566 0.799145 -1.21044e-19)
(1.63488 0.934773 4.23478e-20)
(1.00863 -0.00599983 -3.87489e-19)
(1.03195 1.09161 -8.45102e-20)
(1.02218 0.0042277 2.56138e-19)
(0.689883 -0.0455605 0)
(-0.172952 -0.22497 -4.80211e-20)
(0.580918 0.388622 -3.4533e-19)
(0.719883 -0.614241 -7.65352e-20)
(-0.114288 0.588706 0)
(0.814109 0.078546 5.89296e-20)
(0.48096 0.457913 5.38057e-20)
(1.14004 0.848191 -4.88141e-20)
(-0.10219 -0.110635 2.35469e-19)
(1.01991 0.00600042 0)
(1.04389 0.0319542 -2.28209e-19)
(1.01203 -0.00506412 1.45979e-19)
(2.35977 0.153428 0)
(1.01374 0.00441853 2.43982e-19)
(0.243256 0.0741764 -2.84145e-19)
(1.01866 0.00795654 -1.51469e-19)
(1.861 0.633355 0)
(1.74406 -0.691556 6.21585e-23)
(1.00963 0.000303168 -1.01456e-19)
(0.996402 -0.0428333 2.67742e-19)
(1.07071 0.0857529 -7.93514e-22)
(0.977366 -0.556874 2.02068e-19)
(-0.0961866 -0.162443 6.21391e-19)
(1.89967 0.254459 2.41509e-20)
(0.605475 -0.834167 -2.19793e-19)
(0.801225 0.0145018 -3.6412e-19)
(0.789682 0.0284658 0)
(0.62696 -0.116915 -1.61339e-19)
(1.01854 -0.0187231 -2.96182e-20)
(0.971569 0.0125391 0)
(1.04558 0.000791943 -1.90221e-19)
(0.505391 -1.54963 9.81686e-20)
(-0.72387 1.10045 1.98108e-19)
(2.29918 -0.45106 0)
(-0.0112569 0.700355 -7.75686e-19)
(1.56256 -0.334502 0)
(1.03754 -0.0196077 5.5406e-20)
(1.50156 0.527193 1.96489e-21)
(1.01523 -0.00425776 1.57125e-19)
(-0.347495 1.02378 3.75333e-19)
(1.018 -0.000900728 0)
(0.994177 0.00348728 -3.82855e-19)
(1.00997 0.00427079 2.0011e-19)
(0.99959 0.683625 0)
(1.05065 -0.0404072 -2.04219e-20)
(0.955751 -0.00169058 -1.70955e-19)
(-0.185366 -0.275297 6.26487e-19)
(1.00461 -0.0048024 -1.95295e-19)
(1.00044 0.0167238 -4.58897e-19)
(1.73848 -0.574655 1.48827e-20)
(-0.186591 -0.207992 -1.51979e-19)
(0.768943 0.657907 -1.90096e-19)
(0.776731 0.318413 0)
(1.02241 -0.0115763 4.1305e-19)
(1.03629 -0.0166776 2.20288e-19)
(0.56367 -1.4205 1.59366e-19)
(0.53605 -1.47287 -1.26811e-19)
(1.07996 0.00351235 -1.05905e-19)
(1.1923 -0.952154 2.04083e-20)
(1.00707 -0.00398847 2.044e-19)
(0.983779 -0.713877 1.51812e-19)
(-0.079814 0.302159 3.10883e-19)
(-0.181007 -0.21396 -1.26916e-19)
(0.768689 0.020046 -6.64599e-20)
(0.733513 -0.203221 -6.2018e-19)
(1.01582 -0.0128708 0)
(1.41055 -0.834673 3.69208e-20)
(0.248381 -1.01698 -5.41453e-21)
(0.585324 -0.839383 0)
(1.0873 -0.155775 0)
(0.122749 -0.91877 0)
(1.03285 0.0107871 8.5052e-20)
(2.23487 -0.0721376 0)
(1.0495 -0.0270954 3.54414e-21)
(-0.554178 0.963048 -1.51664e-19)
(-0.124345 -0.146043 3.83422e-19)
(0.20629 -0.147136 1.01068e-21)
(1.4016 0.358402 1.28446e-19)
(-0.0900328 -0.196099 8.26057e-19)
(0.158409 -1.06101 0)
(0.90512 -1.42928 -4.74771e-21)
(1.01912 0.0136944 5.38747e-20)
(-0.161478 -0.167939 -2.41268e-19)
(0.840835 0.67852 -6.08414e-20)
(-0.126494 -0.143249 8.83627e-20)
(1.47168 -1.03957 -1.20625e-19)
(0.241228 -1.39406 -1.47229e-19)
(0.960993 1.31057 -5.67387e-20)
(0.237458 -1.41481 -1.5396e-19)
(0.897641 0.0131975 0)
(0.21426 -0.935795 -2.26727e-19)
(1.37545 -0.122505 -1.98383e-19)
(0.431519 -1.39255 1.13357e-19)
(1.91729 0.30692 0)
(1.05384 0.0215437 2.07068e-19)
(0.59923 -1.3286 0)
(1.00492 1.21389 -1.14118e-19)
(0.805072 0.421208 0)
(0.854419 0.298623 -2.28124e-19)
(0.494689 -1.1557 7.77732e-20)
(-0.162851 -0.204265 -2.7402e-20)
(0.942236 0.0161168 -4.2463e-19)
(1.02841 -0.00103524 0)
(1.12567 0.00890221 1.05761e-19)
(1.48404 -0.263799 0)
(2.2215 -0.264192 0)
(1.01134 -0.00474545 -3.79481e-20)
(0.982218 0.0227426 -1.87272e-19)
(0.647109 0.0991191 1.3625e-19)
(0.228831 -0.225595 0)
(1.02214 -0.0173485 3.42647e-22)
(0.990379 -0.79815 -9.23605e-20)
(0.616921 0.302307 0)
(1.07025 -0.0279879 -2.71699e-19)
(2.11297 -0.64635 8.43648e-20)
(0.45345 -1.24917 -2.56147e-19)
(0.00216867 0.000471786 1.23929e-19)
(-0.472155 0.317388 3.3066e-20)
(-0.231736 0.529461 -1.41981e-19)
(-0.146681 -0.164057 5.26245e-19)
(0.303475 -0.62173 -1.31994e-20)
(0.229524 0.0292738 4.57223e-19)
(1.00811 -0.74925 1.63505e-19)
(1.19289 -0.96515 0)
(1.01605 -0.00258087 -4.36553e-19)
(0.742724 0.166598 -7.28616e-20)
(1.01482 -0.00533221 -1.69249e-19)
(-0.101814 -0.124982 -1.72194e-19)
(-0.132625 -0.255238 4.98594e-19)
(1.01717 0.0134883 -2.1328e-19)
(1.57407 -1.23859 4.24902e-19)
(1.30254 -1.32358 5.70459e-21)
(1.0391 -0.0131782 -3.47684e-19)
(1.60222 0.0205971 0)
(0.0096242 0.118409 -1.10267e-19)
(-0.420991 1.03691 -3.32918e-19)
(0.878836 -1.05128 0)
(1.10053 0.076931 0)
(1.05008 0.0138733 2.61225e-19)
(0.103957 -0.0430263 1.67251e-19)
(1.22407 -0.0206822 -1.90136e-20)
(1.11854 0.600987 1.97288e-19)
(0.92426 -0.537881 -2.55339e-19)
(1.05878 0.0102063 1.20342e-19)
(-0.0904319 0.304386 -3.18995e-20)
(1.19132 0.144855 -4.11589e-19)
(-0.453684 0.0741119 0)
(1.03428 -0.286928 -1.59821e-19)
(0.921212 -0.544999 2.64504e-19)
(1.44247 -0.56988 -8.06263e-20)
(1.01918 -0.0227968 -2.49994e-19)
(0.424806 0.409565 -1.47558e-19)
(1.38528 0.268339 -2.38066e-19)
(-0.806724 1.06329 2.77896e-19)
(0.872942 0.0301883 -3.33088e-19)
(0.528138 -0.027765 -1.91609e-19)
(1.00917 -0.00802401 -2.08438e-19)
(0.771028 0.56642 -2.53577e-19)
(0.769962 -0.963068 -3.41944e-19)
(0.495439 -0.479923 -1.19798e-20)
(0.758403 -0.0177452 2.0309e-19)
(0.863921 -1.10752 1.11305e-19)
(2.04507 -0.489475 0)
(1.1738 -0.902052 0)
(1.23199 0.0957806 -2.38692e-20)
(0.893519 0.0249829 0)
(0.770912 -0.441972 1.63591e-19)
(-0.136416 -0.156729 0)
(0.967147 0.19303 -1.37792e-19)
(1.02216 0.0031272 0)
(2.27664 0.126683 -1.99828e-20)
(1.13394 -0.410971 2.589e-19)
(0.976649 -0.00892083 1.83609e-19)
(1.04962 0.0713712 -1.96346e-19)
(1.3161 0.243838 1.32351e-19)
(1.01513 0.0166777 2.61103e-19)
(0.387509 0.95009 0)
(0.976989 0.00740138 2.10889e-19)
(1.59953 0.502609 -1.7999e-21)
(0.161277 -1.44584 1.21556e-19)
(1.35497 1.00601 -8.44833e-20)
(1.01594 -0.0266918 2.85138e-19)
(0.59985 0.0916895 -8.3376e-20)
(1.85046 0.620404 0)
(0.367217 -1.23278 0)
(1.01869 -0.147427 -3.79234e-19)
(0.407435 -1.37541 0)
(0.660869 0.383865 7.20664e-20)
(1.29941 -0.984801 0)
(0.471159 0.297233 0)
(0.587784 0.53348 -5.72984e-19)
(1.96862 0.27085 8.03101e-21)
(1.03641 -0.0325094 -1.15537e-19)
(0.00446944 -0.184068 5.94943e-20)
(1.04452 0.0457943 0)
(1.03283 -0.0434516 0)
(1.09798 -1.04396 -6.82506e-20)
(0.112261 -1.25302 0)
(0.720531 0.438007 3.69838e-20)
(1.03994 -0.0147125 5.24688e-22)
(0.576714 0.415732 1.41246e-19)
(1.13104 0.0243278 2.93877e-20)
(1.66044 -0.58979 2.36382e-20)
(1.072 0.0256163 1.73714e-19)
(1.05582 -0.00960456 -1.72192e-19)
(1.1199 0.198809 2.14379e-19)
(1.00743 0.0180627 -4.22656e-19)
(0.422228 0.0178308 0)
(-0.0994262 0.521845 -2.95928e-20)
(0.675256 -1.02514 -4.07362e-19)
(0.915103 -0.173448 -2.21366e-19)
(1.22162 0.360126 0)
(0.660408 -1.4425 1.70616e-19)
(-0.0573066 -0.166158 5.5476e-20)
(0.871967 0.30106 3.68477e-20)
(0.171732 -1.33453 5.69845e-20)
(2.0541 0.691957 1.12733e-19)
(0.811973 0.676497 4.72655e-19)
(0.483154 -1.38544 1.35245e-20)
(1.11789 -0.0329435 0)
(1.03179 -0.107612 -1.13325e-19)
(0.220814 -0.198367 7.16398e-20)
(2.07582 0.310773 -1.41643e-19)
(2.25741 0.176489 0)
(1.89443 0.35053 0)
(1.40134 0.358442 3.00929e-20)
(0.161896 -0.223315 0)
(1.01386 0.0126366 -1.67022e-19)
(1.06843 -0.187414 0)
(1.00185 -0.0263008 1.21865e-19)
(0.700753 -0.370436 -1.92948e-19)
(0.961878 -0.0407363 3.96276e-19)
(1.80828 0.334142 -7.36769e-20)
(1.0596 -0.0257195 -4.42898e-19)
(0.822396 0.021728 5.53437e-20)
(1.51027 0.266032 -3.05149e-20)
(1.08744 -0.0457647 0)
(1.0452 -0.0132361 1.35351e-19)
(-0.155117 0.368513 -1.55103e-19)
(1.10804 0.00241695 -2.1157e-19)
(0.836324 0.601225 -5.07509e-19)
(0.0763752 0.112857 1.62579e-20)
(2.2932 0.196537 0)
(0.323826 -0.172119 4.9781e-19)
(1.91382 -0.484191 0)
(-0.488334 0.730879 1.00274e-19)
(-0.230118 -0.237709 3.30691e-19)
(1.18758 -0.97291 0)
(0.738564 0.0292514 1.041e-19)
(-0.368894 0.855477 0)
(0.671232 -0.366324 0)
(-0.0497507 -0.0124329 5.89031e-20)
(0.860066 0.0719158 -2.43354e-19)
(1.20309 -1.46848 4.1303e-19)
(0.894802 0.653878 -4.17708e-19)
(1.00082 0.0277808 -6.13342e-21)
(1.03448 -0.0466173 1.30806e-19)
(1.79869 0.22993 0)
(1.06855 -0.113086 -4.77603e-20)
(1.26551 0.10063 5.83567e-19)
(1.02109 -0.014472 2.77906e-19)
(1.08141 -0.0122778 1.06763e-19)
(1.8178 0.35234 0)
(1.00324 -0.012099 0)
(0.942642 0.818915 -4.07001e-20)
(1.05005 -0.0292255 -1.58473e-19)
(1.22922 -0.483243 -7.41821e-20)
(0.096601 0.954575 2.38593e-20)
(1.07128 1.27866 0)
(1.34405 1.33485 0)
(0.213421 -0.51424 -1.03382e-20)
(0.670607 0.230174 -2.48762e-19)
(1.88669 0.828716 -1.46746e-20)
(0.981698 0.049543 2.47292e-19)
(0.416909 0.149501 -1.48753e-19)
(1.70238 -0.258173 0)
(1.6529 0.250108 -2.23996e-20)
(1.10055 0.0108466 -1.09809e-19)
(1.31156 0.0114399 0)
(0.799235 -0.00370624 0)
(0.429403 -0.235169 -6.99997e-20)
(0.0324792 0.056473 5.29776e-20)
(0.773735 0.000301219 1.11587e-19)
(1.13198 -0.0102873 0)
(0.893974 -0.822906 0)
(0.186031 0.228529 -3.40836e-20)
(0.971765 0.679287 -2.65968e-19)
(0.0850087 0.0222423 -3.78875e-20)
(-0.159146 0.257229 -5.45191e-22)
(1.84027 0.790005 7.97557e-20)
(0.990503 0.0193461 1.74436e-19)
(1.04276 -0.0718237 8.9826e-20)
(0.365968 -0.293467 -6.42971e-19)
(-0.132995 -0.140314 0)
(0.943013 -1.27231 -1.34036e-19)
(0.641158 -0.61426 -2.44236e-19)
(-0.322157 -0.0277171 4.27763e-19)
(0.924843 0.0898774 -1.83445e-19)
(0.94514 0.313947 3.86655e-19)
(1.03086 -0.0977016 3.28834e-22)
(1.01861 0.00227683 -3.2078e-20)
(0.999521 -0.00372168 1.25014e-19)
(-0.715086 1.03404 -1.82734e-19)
(-0.161738 -0.196617 -2.8105e-19)
(-0.422036 0.192919 0)
(1.14313 0.242833 1.57608e-19)
(1.08985 0.012236 0)
(0.702464 0.148752 -2.95187e-19)
(0.185601 -0.238083 -8.60231e-20)
(-0.173741 -0.252014 0)
(1.01275 0.00492002 1.81838e-19)
(1.00044 -0.057739 0)
(1.59094 0.0400489 5.54014e-20)
(-0.668288 1.12301 1.11359e-20)
(0.980966 -0.0178176 -3.8467e-19)
(1.26568 -0.931682 6.3656e-21)
(1.58287 0.395617 -3.22933e-21)
(0.490157 0.476069 0)
(0.723019 0.630583 1.90177e-19)
(1.85558 -0.41013 -1.29558e-19)
(-0.267829 -0.138322 2.96965e-19)
(1.85711 0.206444 -5.15983e-21)
(-0.24169 -0.230466 -2.21178e-19)
(1.21617 0.440135 -1.25252e-19)
(1.08216 0.565218 1.5524e-19)
(1.8015 -0.843671 -6.68398e-21)
(0.151766 -0.152816 1.6978e-19)
(0.10985 0.102707 0)
(0.0509709 -0.0495129 0)
(-0.11809 -0.119824 1.28726e-19)
(1.0025 0.000792135 -2.02159e-19)
(1.02559 -0.00364 -1.71065e-19)
(-0.191358 0.549459 -1.25055e-19)
(1.79122 -0.43877 -7.09407e-20)
(1.50364 -1.10951 1.12944e-19)
(1.05598 0.710807 0)
(0.911734 0.028919 -5.40232e-19)
(1.92937 0.495989 -9.81224e-20)
(1.01175 -0.0233854 -5.15066e-20)
(1.90128 -0.920325 7.07712e-20)
(-0.253147 -0.19464 0)
(2.29733 0.232631 -7.64627e-21)
(-0.457574 0.724386 5.00747e-20)
(-0.156626 0.0335328 -1.42059e-19)
(1.03576 -0.0662592 1.75247e-19)
(-0.0996008 -0.104159 0)
(2.07087 0.693816 -7.46427e-20)
(0.451539 0.205153 1.19816e-19)
(-0.101375 -0.106099 1.46017e-19)
(1.01476 -0.0163056 2.27317e-19)
(0.662268 0.277947 0)
(0.213977 -0.236129 8.3567e-20)
(0.496205 -0.484338 0)
(0.152132 -0.153584 -3.09377e-19)
(0.0532954 -0.0501015 7.68733e-20)
(0.121137 0.119041 1.79877e-19)
(-0.0875834 -0.0923265 -1.64019e-19)
(-0.18581 -0.211332 0)
(0.926002 0.263759 5.23012e-22)
(0.307711 -1.19909 -1.30113e-20)
(0.735866 -0.663077 1.91265e-19)
(1.01175 -0.0132839 0)
(-0.0857354 -0.0896888 0)
(0.969239 -0.101409 2.05642e-19)
(1.58104 -0.718305 -6.08239e-21)
(-0.892661 1.29186 -3.13721e-19)
(0.967581 0.0286528 -2.42903e-19)
(0.676978 -0.621715 3.43689e-19)
(1.59212 -0.763985 -1.95961e-19)
(-0.398298 0.323325 -5.52791e-19)
(1.07279 0.060743 0)
(1.0128 -0.0118327 -2.62987e-19)
(-0.0651979 -0.0698844 0)
(0.639991 0.50253 -3.85971e-19)
(0.129921 0.128066 1.7044e-19)
(-0.0831675 -0.0886528 0)
(1.12948 0.0952489 -1.74266e-19)
(1.62479 0.172875 0)
(1.10239 -0.0906487 0)
(-0.146217 -0.0745125 2.61142e-19)
(-0.720057 1.16896 -8.15568e-20)
(-0.0466877 -0.0509928 -1.78888e-19)
(0.0516263 -0.0500521 7.71421e-20)
(0.110772 0.100796 0)
(0.988758 -0.11763 -2.5156e-19)
(0.154734 -0.156442 -1.53817e-19)
(0.126766 0.12232 -3.46356e-19)
(0.181253 0.175063 1.36594e-19)
(0.952491 -0.00123632 6.48814e-19)
(0.166397 0.158518 -1.46258e-19)
(-0.0449059 -0.0486812 1.71997e-19)
(0.131773 0.131496 -3.35725e-19)
(0.208779 -0.207765 -2.316e-19)
(0.0671631 -0.061642 0)
(-0.0669194 -0.0729974 3.50715e-19)
(-0.204888 0.414985 3.90995e-19)
(0.130707 0.125308 0)
(1.48068 -0.549161 0)
(-0.181338 -0.248668 0)
(0.514141 -0.895621 -2.55986e-20)
(0.198383 0.195053 1.91321e-21)
(0.0494255 -0.0480821 -4.22526e-20)
(0.0517058 -0.0492238 8.64345e-20)
(0.174099 0.169173 -1.42205e-19)
(0.174652 -0.169269 0)
(-0.0494012 -0.0533087 1.86763e-19)
(0.0756063 -0.0759456 1.45111e-21)
(-0.182257 -0.274412 -3.16878e-19)
(1.07204 1.12396 1.17127e-19)
(0.228036 0.701306 3.58018e-19)
(0.0602196 -0.0563335 -7.39288e-20)
(-0.0412533 -0.0446097 0)
(0.195891 0.195407 0)
(0.193182 -0.192106 -4.87512e-20)
(0.059962 -0.0659112 -5.40118e-20)
(2.18362 0.536082 -1.67314e-20)
(1.76479 -0.611797 -7.53903e-19)
(0.180364 0.18315 2.7297e-19)
(-0.206085 -0.238364 1.32924e-19)
(0.0493879 -0.04898 8.1305e-20)
(-0.0376139 -0.0404582 -5.13115e-19)
(0.22872 -0.228078 1.87392e-19)
(0.010938 0.477139 3.0024e-20)
(0.0772007 -0.0750377 0)
(0.155575 -0.155362 -3.22199e-19)
(0.971256 -0.0658109 0)
(1.56653 -0.330731 0)
(0.6084 -0.546275 -3.32914e-19)
(0.307398 -1.37684 -1.01957e-19)
(0.200437 -0.193248 1.04903e-19)
(0.999981 0.00327044 1.80597e-19)
(0.894891 -0.132935 2.4328e-19)
(0.450416 -0.437843 4.63493e-19)
(1.19256 -0.941366 9.08926e-22)
(0.204633 0.1938 1.19771e-19)
(0.799355 0.532447 0)
(0.694381 -0.603716 2.91339e-21)
(-0.0350077 -0.038009 1.69433e-19)
(0.401691 -0.0318925 2.12775e-20)
(1.0691 -0.133463 7.24516e-20)
(1.11181 -0.27361 0)
(0.957797 -0.156569 5.90804e-19)
(0.0738526 -0.0697728 0)
(0.767871 0.779889 0)
(1.19166 -0.221337 1.50372e-19)
(1.11722 0.335744 2.35758e-19)
(1.1242 -0.00539071 0)
(-0.589602 1.27702 2.01038e-19)
(-0.716168 1.17114 -2.67845e-20)
(1.04338 0.00242593 -2.44594e-19)
(-0.168918 -0.239517 0)
(1.21058 -0.214807 0)
(0.714199 -1.03744 0)
(0.0887519 0.080845 4.4216e-19)
(-0.0276596 -0.0297027 0)
(0.177377 0.16819 1.35407e-19)
(0.191023 -0.176489 0)
(0.0303469 -0.0392482 -4.52942e-20)
(-0.0230138 -0.023643 0)
(0.482561 0.417311 5.46129e-20)
(0.88455 -0.45788 -4.6037e-19)
(0.0416684 -0.0501696 1.07491e-21)
(-0.172463 -0.174314 -4.76648e-19)
(0.284274 -0.273837 0)
(0.223253 0.211923 0)
(-0.574022 0.59023 3.19465e-19)
(0.936356 0.0392408 4.64655e-21)
(1.1432 -0.379829 -1.51639e-19)
(0.0518911 -0.0592184 1.48591e-19)
(0.0580424 -0.0536126 1.92959e-19)
(1.04674 0.128368 2.56146e-19)
(-0.287491 0.978929 0)
(-0.0253709 -0.0261863 1.78811e-22)
(-0.15498 -0.279478 3.61062e-21)
(-0.114581 0.0291425 0)
(1.95975 0.0913939 -1.45327e-19)
(1.01299 0.127676 0)
(1.01069 -0.0833398 2.91828e-19)
(-0.770638 1.12129 0)
(0.259164 -0.241077 -4.85579e-21)
(1.01257 -0.0297301 1.55629e-19)
(0.547736 0.103108 3.92536e-19)
(1.43739 -0.807829 4.56127e-20)
(0.284981 0.266339 1.73024e-22)
(1.57727 0.515648 0)
(1.00431 -0.612522 5.49189e-20)
(1.97777 -0.925488 3.76256e-19)
(0.0188364 -0.0290497 8.61961e-20)
(2.07333 -0.897918 4.23352e-20)
(2.32109 0.445808 1.63944e-20)
(0.0099906 -0.014255 -2.48366e-20)
(1.01146 0.0214249 2.34563e-19)
(-0.144474 -0.145718 -1.00875e-19)
(0.308762 0.287049 0)
(-0.025334 -0.02603 0)
(0.23636 0.22358 1.08173e-19)
(0.332224 -0.309871 -1.27245e-19)
(0.00649334 -0.00964076 8.82799e-20)
(1.13432 -0.805262 -4.20617e-20)
(0.970001 0.7746 5.71326e-20)
(0.37573 -0.355161 0)
(0.00186691 -0.00623322 0)
(0.254501 0.240845 0)
(-0.0173257 -0.0903095 -5.40776e-20)
(0.309228 -0.305271 0)
(-0.0290087 -0.0323081 -3.03688e-19)
(0.272803 0.256785 -8.80827e-20)
(-0.0056545 -0.00228074 0)
(0.288106 -0.281388 0)
(-0.350047 0.675648 0)
(-0.019089 0.00718774 0)
(-0.0344027 0.0210671 -2.54956e-20)
(-0.182766 -0.213333 0)
(1.00181 -0.00584171 2.40835e-19)
(0.527279 -0.489842 -2.58321e-20)
(-0.0750381 0.0492256 -4.53597e-20)
(-0.036966 -0.0238636 5.61215e-19)
(0.344683 0.315936 -1.1409e-19)
(1.61774 0.382132 0)
(-0.277334 -0.171562 0)
(-0.173282 -0.228555 4.67329e-20)
(-0.119059 0.0905633 0)
(0.408244 -0.390023 0)
(-0.0643784 -0.0447119 0)
(0.391396 0.353523 0)
(-0.104426 -0.0820837 3.38802e-19)
(0.463283 0.426632 -4.62087e-20)
(-0.151617 0.140824 -2.32403e-19)
(0.612469 -0.572185 -2.12525e-19)
(1.14573 0.12668 0)
(0.771839 0.195785 5.44332e-20)
(-0.618459 0.961252 -2.79769e-19)
(1.02819 0.0475664 -2.32047e-19)
(1.43985 -0.0118441 0)
(1.05322 0.340418 7.42963e-21)
(1.43065 -0.502372 7.39712e-20)
(0.967892 0.0132179 0)
(0.259506 0.913278 2.18611e-19)
(-0.680646 1.08157 -3.03081e-20)
(-0.0226989 -0.0198875 -8.94557e-23)
(-0.685793 0.82149 0)
(1.13979 -0.179935 -1.85291e-19)
(0.341591 0.136002 4.23805e-19)
(1.84369 -0.0716244 8.4267e-20)
(0.720734 -0.999256 -8.82429e-22)
(1.65667 -0.76064 -1.77284e-20)
(-0.240028 -0.227778 -1.30769e-19)
(1.91311 0.277212 -7.52518e-21)
(2.01072 -0.683458 3.56016e-19)
(1.0269 0.074907 -3.20593e-20)
(-0.0244857 0.195512 1.7458e-19)
(1.1225 -0.00789235 0)
(2.24261 0.124874 -1.28426e-20)
(0.0948673 0.0416309 -6.57279e-22)
(1.33314 -0.240583 0)
(0.149345 -0.148547 -5.43998e-19)
(0.0727706 -0.0747985 0)
(0.562163 -0.523361 0)
(1.8631 0.622551 -4.20749e-21)
(0.940271 -0.458412 0)
(1.91072 0.21678 1.74974e-19)
(-0.0171069 -0.0187715 3.1279e-19)
(0.289284 -0.295301 7.36535e-20)
(1.02482 -0.0602932 0)
(0.290301 0.795316 0)
(-0.150454 -0.156345 2.56503e-19)
(-0.095305 -0.0738715 8.36394e-20)
(0.991815 0.2381 -2.31275e-19)
(0.0730161 0.171648 -7.10385e-20)
(1.02052 0.0127597 -8.52755e-21)
(2.27575 0.197465 0)
(-0.167548 -0.275299 3.59773e-19)
(-0.144853 -0.173451 0)
(0.632499 0.0312124 3.26956e-19)
(0.945912 0.140035 -4.9055e-20)
(0.723507 -0.624771 -1.62706e-19)
(0.974783 0.113319 3.43683e-19)
(0.997077 0.00941692 0)
(0.635089 -1.20147 -5.39204e-20)
(1.98842 -0.072672 0)
(0.500979 0.450055 0)
(0.62859 0.923964 0)
(-0.202404 -0.186525 -5.17392e-20)
(0.283066 0.189484 2.4403e-19)
(-0.00607403 -0.0832059 0)
(1.11275 0.0702667 1.53088e-19)
(1.06077 -0.245389 0)
(0.530059 -0.0741202 1.54296e-19)
(0.398361 -0.246535 1.98932e-19)
(-0.195305 0.131664 1.6407e-19)
(0.595315 0.407085 -4.9006e-19)
(0.985875 -0.0364793 8.4344e-22)
(1.56416 -0.604144 3.07628e-20)
(1.71994 -1.12134 -5.64061e-20)
(0.0544961 0.0927983 6.09958e-20)
(0.514973 -0.342545 0)
(-1.03215 1.24542 0)
(0.204853 -0.221847 0)
(1.37737 -0.0934536 1.19543e-19)
(-0.60469 0.789951 -1.00758e-19)
(0.311942 -0.288468 -1.51303e-19)
(1.58824 0.22913 7.57181e-21)
(0.782242 0.489669 -7.48647e-20)
(0.811393 0.223664 3.09906e-21)
(0.930012 0.203448 6.78846e-20)
(1.27502 0.267687 -2.39035e-20)
(-0.176207 -0.251689 1.89954e-19)
(-0.313169 0.0803161 0)
(0.926734 -0.0307439 0)
(-0.255697 0.0136625 1.88793e-19)
(0.142266 0.140603 0)
(1.90513 0.510371 0)
(-0.363892 0.450135 1.15454e-19)
(0.52002 0.428351 -2.35956e-19)
(0.521103 -0.43744 2.71074e-19)
(-0.20612 -0.0865927 0)
(1.35207 0.898463 -4.37777e-20)
(1.07994 0.00431658 0)
(-0.478725 0.358408 -6.50427e-19)
(-0.319099 0.651853 -1.45713e-19)
(1.30912 -0.415832 6.22052e-20)
(0.419781 0.381535 5.28166e-19)
(0.745704 -0.267469 2.03471e-19)
(-0.139548 0.676579 0)
(1.1122 0.0542772 1.62557e-19)
(0.976126 0.546218 -1.05035e-19)
(-0.184284 -0.167223 0)
(0.723368 -0.292879 0)
(1.27165 0.821314 9.98315e-20)
(0.0680393 -0.0723543 -1.11842e-19)
(2.08145 -0.994554 -1.91329e-19)
(1.8035 0.992562 0)
(0.359591 -0.0473134 2.69219e-20)
(0.747891 0.407332 0)
(-0.182905 -0.0664086 -2.76511e-19)
(1.23836 0.88576 -1.26356e-19)
(1.44581 0.519981 -2.71618e-19)
(0.544443 -0.804162 1.63608e-20)
(-0.0960501 -0.152676 -3.5446e-21)
(-0.106062 -0.310031 -2.00122e-19)
(1.01681 0.0591001 2.37232e-19)
(0.233032 1.01823 0)
(0.956682 0.167957 3.43824e-21)
(1.68717 0.432324 2.65247e-20)
(1.6024 -0.872619 -3.09206e-20)
(1.31756 -0.298337 -8.80188e-20)
(1.71375 -0.26866 5.53923e-21)
(-0.196051 -0.154359 1.05925e-19)
(0.567796 0.51203 3.53457e-20)
(0.20305 -0.078915 4.00014e-19)
(2.26074 -0.262134 -5.34966e-21)
(1.41494 1.00311 5.07924e-20)
(1.91847 0.295525 2.55574e-20)
(0.85778 0.574539 1.47309e-19)
(-0.312559 0.960318 6.26012e-19)
(1.49961 0.697657 -1.50172e-19)
(0.947096 0.237224 -1.51698e-19)
(-0.344096 0.0355633 -1.54442e-19)
(0.237286 -0.188905 0)
(1.00283 0.000132352 5.00625e-19)
(1.25857 0.00720844 0)
(0.841045 0.535191 -1.48068e-19)
(1.66968 1.0906 -8.12161e-20)
(-0.172942 -0.25635 -2.71456e-20)
(1.9492 -0.364921 0)
(1.19627 -0.388126 0)
(1.85037 -0.0821452 2.0861e-19)
(1.12572 0.594059 2.80043e-19)
(1.11685 -0.342151 0)
(-0.169698 -0.275529 -3.72433e-19)
(0.944745 -0.107347 -2.32993e-19)
(0.871271 -0.72268 -9.71671e-20)
(-0.310985 0.184969 3.05279e-19)
(-0.160739 -0.175082 -1.41431e-19)
(-0.139366 -0.156266 -4.11813e-19)
(0.15798 -0.130234 -1.75014e-19)
(-0.37648 0.923088 9.53198e-21)
(0.851276 -0.331129 -1.30386e-19)
(1.73446 1.07445 1.68903e-19)
(0.685697 0.0110977 0)
(0.788614 0.0804884 3.07267e-19)
(1.25336 -0.369048 4.18075e-21)
(1.0101 -0.15207 -4.97581e-21)
(0.559908 0.490894 1.85285e-19)
(1.83437 0.223942 3.41188e-20)
(1.90799 -0.101634 1.46219e-19)
(1.07771 -0.0309603 3.79403e-20)
(0.864112 -0.413869 1.2644e-19)
(0.529088 -0.273052 0)
(-0.155143 -0.167552 1.47975e-19)
(0.953097 0.0802054 1.57167e-19)
(1.0603 0.672608 1.07752e-19)
(-0.146674 -0.159993 3.2331e-19)
(1.09535 -0.64505 2.15739e-19)
(0.137677 -0.125121 0)
(1.72334 0.872457 0)
(0.2052 0.195591 3.50678e-19)
(1.55106 0.565914 0)
(0.0698804 -0.0755931 0)
(1.02817 -0.661264 -1.92164e-19)
(-0.139523 -0.148645 4.95356e-19)
(-0.0877254 -0.00784794 6.46604e-20)
(1.11031 -0.0254337 4.455e-20)
(1.49497 1.01445 -5.09971e-24)
(0.964503 -0.0588126 -1.64029e-19)
(0.140085 -0.136872 7.49764e-20)
(1.02505 0.126622 -1.78581e-19)
(0.0762141 -0.079225 2.51492e-19)
(1.01672 0.340181 0)
(0.215269 0.213493 -1.81335e-19)
(-0.215231 0.682042 1.14093e-19)
(1.92009 0.366162 0)
(0.067781 0.709363 -2.11152e-19)
(0.0161927 0.0686513 7.56322e-20)
(-0.287758 0.0826966 0)
(-0.137855 -0.146004 -8.54653e-20)
(0.256107 -0.258344 0)
(1.05048 -0.761805 0)
(0.0867645 -0.0853291 1.56451e-19)
(0.607107 -0.575721 3.6647e-19)
(-0.133585 -0.143963 -3.10102e-19)
(-0.218844 0.015739 -2.14536e-19)
(0.262667 -0.265934 -1.56123e-19)
(0.222901 0.218005 5.341e-19)
(0.330155 0.809918 -1.35348e-19)
(-0.671801 0.636775 -1.361e-19)
(-0.0212077 -0.0211084 0)
(-0.176139 -0.262814 3.03675e-19)
(1.06036 -0.152444 -2.8927e-19)
(0.098127 -0.0911155 7.22631e-20)
(1.67801 -0.52569 -1.86695e-20)
(1.41572 0.149368 0)
(2.14511 0.281209 7.86187e-21)
(0.955398 -0.0618783 0)
(-0.109792 -0.121693 0)
(0.178295 0.171621 0)
(0.958051 0.05213 0)
(1.13751 -0.263763 0)
(0.971247 0.0864424 -3.17896e-19)
(0.213874 0.211009 -1.71044e-19)
(-0.417967 0.491288 -1.80548e-19)
(-0.1187 -0.132248 3.50579e-19)
(0.997121 -0.21496 1.48888e-19)
(0.803279 -0.403094 0)
(0.0236756 -0.115398 -2.81066e-19)
(1.02476 -0.0313669 -1.92651e-19)
(-0.439684 0.992181 6.33841e-19)
(-0.0782689 -0.0844485 0)
(-0.148898 -0.164027 -2.04595e-19)
(0.263403 0.246673 -1.03709e-21)
(0.238285 0.225275 0)
(-0.0832278 -0.0902965 1.86702e-19)
(0.14635 -0.00788286 1.56726e-19)
(1.35621 -0.516049 1.15039e-19)
(1.81522 -0.393959 4.41459e-20)
(0.514248 0.338261 -8.03503e-20)
(1.03368 0.0346517 0)
(0.312165 0.303577 -2.6331e-19)
(-0.643148 0.755753 2.7398e-19)
(0.294348 0.286087 -4.31873e-19)
(0.289577 0.280662 1.37008e-19)
(0.817999 0.173507 0)
(0.107517 -0.100922 3.95454e-20)
(0.0800044 -0.0824111 0)
(-0.0735728 -0.0796509 4.73359e-19)
(-0.137183 -0.15645 4.05927e-19)
(0.53008 -0.432938 5.78761e-19)
(1.5259 -1.11769 -5.45674e-20)
(0.319457 0.319169 0)
(0.0999573 -0.0965436 1.7295e-19)
(0.259641 -0.26545 3.21003e-19)
(1.20472 0.130476 -5.35215e-21)
(0.316232 0.315515 0)
(0.983977 0.308394 -1.17169e-20)
(-0.751293 0.997721 -1.43047e-20)
(1.07716 0.000236655 -2.60321e-20)
(-0.0659513 -0.0721381 0)
(1.15216 0.737796 0)
(0.130204 -0.127228 -1.91604e-19)
(0.357931 -0.36031 -2.11246e-19)
(0.290011 -0.261774 4.46825e-21)
(1.86176 0.298767 -4.12862e-21)
(1.06458 0.320673 -1.48164e-19)
(0.334139 -0.324225 -2.22057e-19)
(1.03361 -0.0205076 3.38444e-19)
(0.992607 0.0563214 0)
(1.03481 0.627283 8.77105e-21)
(1.08414 0.0197885 1.19027e-19)
(1.04866 0.0100213 2.72589e-20)
(1.45486 -0.522502 0)
(1.16892 0.172502 -1.27806e-19)
(1.89103 0.473983 -3.00177e-20)
(0.121854 -0.112333 0)
(-0.160093 0.0954231 1.71585e-19)
(1.67265 0.549114 0)
(1.00362 -0.00362513 5.3593e-20)
(0.358215 -0.347078 -1.01738e-19)
(1.0057 0.00268501 5.48957e-19)
(1.16724 0.671076 0)
(1.33679 -1.01516 0)
(-0.0612013 -0.0657699 1.72359e-19)
(0.0546067 0.086571 0)
(1.07904 -0.0245872 7.17495e-20)
(0.503443 0.369485 6.44062e-20)
(0.717926 -0.0194774 -4.5745e-19)
(0.128829 -0.121705 0)
(-0.126145 0.0406194 2.4579e-19)
(-0.522748 0.603951 0)
(1.7717 0.794759 0)
(-0.0828023 -0.0858964 0)
(-0.0794684 -0.0874658 1.75193e-19)
(1.64525 0.752919 7.95821e-20)
(1.00849 0.0426736 0)
(0.0637556 -0.0651646 9.24224e-20)
(0.0934899 -0.104507 0)
(1.80361 1.26626 0)
(1.71155 -0.8111 -8.77099e-20)
(0.362755 0.340832 2.3737e-19)
(-0.38556 0.377058 -3.19308e-19)
(-0.0542315 -0.0592635 -1.83481e-19)
(1.00806 0.0716628 -4.71604e-19)
(1.01095 0.255911 0)
(0.406843 -0.0949215 1.55973e-19)
(1.42172 1.32614 0)
(0.914614 -0.0890267 3.20054e-19)
(0.196175 -0.0151225 -1.63018e-19)
(0.382023 0.361106 -1.18908e-19)
(0.722286 0.207266 1.945e-19)
(0.215574 -0.147594 1.4479e-19)
(1.6802 -0.134914 1.79207e-19)
(0.246 -0.254613 1.77743e-19)
(-0.0500144 -0.0504354 4.13871e-19)
(1.55704 -0.435641 -2.09512e-20)
(0.126693 -0.127739 6.19727e-20)
(-0.0412632 -0.0436 0)
(-0.0969786 -0.0385424 -3.725e-20)
(0.0588546 -0.0739492 4.76962e-20)
(1.05137 -0.212164 0)
(0.433294 -0.39677 9.06037e-20)
(0.238983 0.234241 1.59478e-19)
(0.233333 0.233058 -3.56528e-19)
(1.12516 0.943316 0)
(0.395086 -0.396446 -1.63198e-19)
(1.66622 0.48041 0)
(1.75164 1.27445 9.61451e-20)
(-0.0469824 -0.0498771 2.05473e-19)
(0.905861 -0.0686947 0)
(0.56487 0.531824 -2.35573e-19)
(1.01994 -0.0160449 -2.49363e-19)
(1.09465 -0.0169775 -1.21892e-19)
(0.361972 0.154043 1.83746e-20)
(1.22381 0.248997 9.35579e-20)
(1.04951 0.0197051 -3.25591e-19)
(1.49772 0.222085 -1.63607e-20)
(-0.179045 -0.18002 2.85635e-19)
(0.0763783 -0.0913167 -9.82994e-20)
(-0.0886056 0.0225789 -8.67641e-20)
(1.37397 -0.361514 5.72425e-20)
(0.038767 -0.0576842 6.41419e-22)
(1.11954 -0.00090916 -1.38072e-19)
(0.467598 -0.450921 5.34307e-20)
(-0.127355 -0.146457 5.08094e-19)
(0.26567 -0.256423 0)
(0.233246 -0.205224 1.35974e-21)
(1.54509 0.962815 0)
(0.875039 0.016878 -1.31581e-19)
(-0.1298 -0.0642058 -2.16722e-19)
(-0.260219 -0.0521419 -2.19906e-19)
(0.933048 1.10667 0)
(0.406646 0.382342 -3.32124e-19)
(0.107139 -0.116655 5.54707e-20)
(0.165931 0.517564 -5.16416e-20)
(0.51676 0.501289 -1.36595e-19)
(1.03511 -0.0284549 0)
(1.02411 -0.401646 -3.4881e-20)
(1.80614 -0.307411 2.82394e-20)
(0.0521831 1.22827 0)
(-0.0483107 -0.0495028 -1.79139e-19)
(1.13979 -1.31919 5.9092e-20)
(0.17149 0.661122 8.66896e-20)
(1.90822 -0.324771 1.87795e-20)
(0.520852 -0.477607 -1.0295e-19)
(-0.374938 0.273029 1.22723e-19)
(0.0200629 -0.0362481 -5.11183e-20)
(0.491254 0.393613 -3.6181e-19)
(0.538332 0.492643 -2.38616e-19)
(0.494294 0.458456 5.29573e-21)
(0.014415 -0.0192525 2.36976e-20)
(-0.0923479 -0.100365 -2.30946e-19)
(1.01459 0.0106789 1.62978e-19)
(0.300231 -0.28896 0)
(0.432526 0.406446 0)
(0.55427 -0.517449 8.12769e-20)
(0.0069951 -0.0123688 -8.81258e-20)
(-0.215877 -0.215407 -7.62582e-20)
(2.0988 -0.181509 3.69771e-20)
(0.464698 0.43103 0)
(0.533545 -0.527295 0)
(-0.00277551 -0.00583596 0)
(1.10994 0.0399663 9.43254e-20)
(0.59917 0.536604 0)
(-0.0209872 0.00304241 8.78589e-20)
(0.168292 0.143763 -6.47499e-19)
(-0.0468459 0.02318 2.50507e-20)
(1.60124 0.74744 1.45553e-19)
(-0.0843114 -0.090387 -2.45696e-19)
(1.08294 0.455232 -7.12958e-20)
(0.164518 -0.144499 -2.22207e-19)
(-0.09511 0.0489459 1.50794e-19)
(0.143884 -0.128743 -2.18979e-19)
(-0.0874496 -0.0455096 -3.87115e-19)
(0.781269 -0.732327 0)
(-0.151948 0.094952 -9.21039e-20)
(0.680462 0.59254 0)
(0.085872 -0.0669614 7.89497e-20)
(2.11209 0.738948 1.50195e-21)
(0.698552 0.352609 -3.89984e-20)
(-0.198358 0.133571 5.18443e-20)
(0.969825 -0.790428 0)
(-0.133554 -0.0732123 3.65141e-19)
(0.791905 0.66674 2.34757e-20)
(0.335626 0.299139 -2.61838e-19)
(0.409311 -0.351358 4.65611e-19)
(0.495473 0.426122 1.76995e-19)
(1.00853 -0.00330664 0)
(0.436635 0.405667 0)
(1.67569 0.472357 0)
(1.0206 -0.00556465 0)
(0.203233 -0.187343 -6.01114e-20)
(0.795026 -0.646675 3.54535e-19)
(-0.0506157 -0.0351191 -2.50093e-22)
(1.47207 -0.0742948 4.10355e-19)
(0.457542 -0.429088 2.29535e-19)
(2.0196 0.215466 0)
(1.45554 -0.360253 0)
(0.229706 0.703331 -1.66627e-19)
(0.463306 -0.221958 0)
(1.75094 0.312745 3.19843e-20)
(0.577511 -0.24859 -2.12126e-20)
(0.663396 0.613635 3.1665e-19)
(1.1503 0.245301 1.1946e-19)
(0.119564 -0.124208 0)
(0.203311 -0.203827 5.8045e-20)
(-0.0403175 -0.0444747 0)
(-0.0530218 0.321418 7.89878e-20)
(0.634748 -0.0757299 -8.7872e-22)
(0.696927 0.306791 0)
(1.02299 0.00507069 1.58232e-19)
(1.37481 -0.262664 9.78964e-20)
(1.02032 -0.0174875 -3.21658e-22)
(0.334314 -0.314834 1.26351e-19)
(0.282653 0.277113 0)
(-0.0957672 0.0059915 0)
(-0.168902 -0.263982 1.0851e-19)
(1.4479 0.190928 2.7199e-19)
(0.677245 0.854138 -1.62886e-19)
(0.124696 0.116407 0)
(1.03024 -0.0150427 5.27452e-19)
(1.54082 -1.04999 7.80253e-20)
(0.0871526 -0.175723 2.08006e-19)
(-0.0883819 -0.024104 -1.28678e-19)
(0.727622 0.470688 2.44349e-19)
(-0.0352837 -0.0366209 3.23084e-19)
(2.23868 -0.208297 0)
(0.402355 -0.375417 -2.94808e-19)
(1.06529 -0.0264383 -6.06283e-20)
(1.00728 -0.00526151 -2.25365e-19)
(1.18373 0.278572 6.2779e-20)
(0.85741 0.393304 1.84534e-20)
(1.02585 0.0243779 -1.75843e-19)
(0.883573 -0.057451 0)
(-0.0902209 -0.0939176 -2.90289e-19)
(0.164595 0.678009 -3.6612e-19)
(-0.231851 -0.252813 1.05366e-19)
(0.309191 0.291434 -1.69288e-19)
(0.128704 -0.163005 0)
(-0.0147646 -0.0257482 0)
(1.84762 -0.805679 -2.03276e-19)
(0.994591 0.0725708 1.77682e-20)
(0.226059 0.614472 3.42547e-19)
(-0.151717 -0.180746 -3.27889e-19)
(1.01986 0.0112542 -4.34357e-22)
(0.792112 -0.749068 -4.23535e-20)
(1.15362 -0.0576043 1.68151e-20)
(1.01748 -0.010627 -8.49037e-20)
(-0.0447767 -0.0441076 0)
(0.915255 0.615772 4.58211e-19)
(0.797438 -0.258151 0)
(0.418846 -0.387008 0)
(-0.0450341 -0.0495159 3.45373e-19)
(1.03154 -0.0230607 2.80684e-19)
(0.560715 -0.529271 0)
(0.746442 0.681059 4.08837e-21)
(-0.276596 0.183312 -1.58471e-19)
(0.0733217 -0.113051 4.48335e-20)
(0.306051 0.0408912 2.23116e-19)
(1.4884 -0.238315 -2.45622e-20)
(1.58404 0.206904 -7.92661e-20)
(1.70972 -0.268129 1.44868e-20)
(0.921436 0.541616 1.53834e-19)
(1.00675 0.199728 2.11596e-19)
(-0.228798 -0.213602 -7.71017e-20)
(-0.514895 0.378253 2.79119e-19)
(1.84803 0.918977 0)
(-0.0158428 0.144633 1.30304e-20)
(1.51501 -0.479609 1.93856e-19)
(0.163101 -0.10297 0)
(1.93119 1.10663 1.70348e-19)
(1.02107 -0.00901523 3.75444e-20)
(-0.136989 0.599432 0)
(1.01441 0.0941189 -1.62951e-20)
(0.669626 -0.269946 0)
(0.600009 -0.57579 -4.08566e-20)
(0.994096 0.171351 2.24537e-19)
(0.790674 0.413772 2.89229e-19)
(0.73727 0.365292 4.07113e-20)
(1.01701 -0.0106349 0)
(-0.638619 0.667918 -1.54208e-19)
(1.75578 -1.06883 1.59862e-19)
(0.949932 0.743952 -9.70592e-21)
(-0.153616 -0.137798 2.88611e-19)
(2.21307 0.0603713 2.16105e-19)
(0.00244537 -0.0204542 3.73406e-20)
(0.794485 0.229604 0)
(0.807364 0.455821 0)
(-0.197968 -0.219478 2.88143e-19)
(1.06176 -0.1772 0)
(-0.01924 -0.0145976 7.36109e-21)
(0.873283 -1.27102 -1.96479e-19)
(-0.0427689 -0.000186369 7.82747e-22)
(0.876384 -0.803307 -7.79751e-20)
(1.42677 -0.392899 -4.65656e-21)
(0.920324 0.264843 0)
(1.0226 -0.00181247 -4.37544e-19)
(0.722284 0.649669 2.00805e-19)
(0.160595 0.657223 -1.61211e-19)
(1.25081 -0.948902 1.43525e-19)
(0.585639 -0.00192288 1.14756e-21)
(0.57036 0.600756 -2.94955e-19)
(1.64407 -1.38297 -1.21002e-19)
(1.17618 0.188359 2.53057e-19)
(0.133542 -0.0495592 0)
(0.504342 0.160487 0)
(0.974876 -0.0905554 -3.04598e-19)
(1.03657 0.589933 0)
(0.880268 -0.375883 2.77542e-19)
(-0.353811 0.141462 0)
(1.13215 -0.222505 -7.11297e-20)
(0.0533163 -0.099644 -2.09526e-19)
(1.74984 0.742105 0)
(-0.213329 -0.240315 0)
(1.64566 0.416624 2.84583e-20)
(-0.37116 0.838417 0)
(-0.0765631 0.881022 -3.53308e-19)
(0.893838 0.578401 -1.51621e-19)
(2.31459 -0.167341 -3.55316e-20)
(0.24652 -0.251873 1.60994e-19)
(-0.192834 0.142405 6.20975e-20)
(2.06307 -0.348041 0)
(0.21798 -0.114912 -3.63911e-19)
(-0.0354595 -0.0122678 0)
(1.11412 -0.184603 -1.18476e-19)
(-0.00790712 -0.158193 -5.25074e-19)
(-0.341209 0.142592 2.89561e-19)
(1.45832 0.11522 1.0589e-19)
(1.93984 -0.166323 8.89713e-20)
(0.396293 0.379364 0)
(0.732158 -0.343987 -8.94838e-20)
(-0.3918 1.11023 3.34042e-19)
(0.76578 -0.00915519 0)
(1.00124 0.555955 0)
(-0.112219 -0.0506922 -3.0449e-19)
(1.88834 -0.0487423 -2.4435e-19)
(0.902754 -0.274182 -9.73162e-20)
(1.23379 0.407549 1.25959e-19)
(1.77595 0.117754 -8.66383e-20)
(0.728458 0.237616 -2.90967e-20)
(1.03191 0.628069 -2.43808e-19)
(2.05973 -0.315102 1.15969e-19)
(-0.198565 -0.214763 -1.85852e-19)
(1.02371 -0.00132542 3.10217e-19)
(1.5669 0.157363 7.45419e-21)
(1.18065 0.236833 -5.54592e-20)
(1.00307 0.0358074 8.71707e-21)
(-0.0688125 0.0486066 1.33708e-19)
(-0.557645 0.921394 0)
(-0.214488 0.698522 0)
(0.594178 0.205358 0)
(1.86817 -0.18758 1.99638e-19)
(-0.242319 -0.252319 -3.13213e-19)
(0.453796 0.338885 0)
(-0.0953405 -0.104874 1.94914e-19)
(1.67134 -0.364195 -5.10215e-21)
(-0.0813932 -0.0592749 -3.12765e-19)
(0.97808 0.650161 2.88946e-19)
(0.958469 0.27524 1.72598e-20)
(-0.224359 0.101642 1.06572e-19)
(0.846472 0.751606 -2.73599e-19)
(1.25592 -0.292585 6.05898e-20)
(0.967405 -0.016744 -2.81789e-19)
(1.09177 -0.0536295 -9.81105e-20)
(0.754292 0.242399 0)
(0.111064 -0.0449805 0)
(1.21688 -0.172271 5.17971e-20)
(1.4449 -0.291944 -1.03479e-19)
(-0.304965 0.738783 5.46865e-21)
(1.03331 0.230487 2.46848e-19)
(1.22683 0.981721 0)
(0.519129 -0.0776591 -1.89653e-20)
(0.410981 0.867151 -5.91476e-20)
(0.785133 -0.342831 3.73443e-19)
(0.807407 -0.315858 -1.2413e-19)
(1.45817 0.180285 4.34711e-20)
(-0.178353 0.109407 1.07947e-19)
(-0.397323 0.269288 -1.27886e-19)
(0.459855 0.445969 5.23783e-19)
(-0.0901182 0.180419 -3.07763e-19)
(1.50379 0.0613914 -1.39804e-19)
(1.64219 0.337831 3.87488e-19)
(-0.0531317 -0.0282101 -1.50771e-19)
(0.534965 0.349199 -3.60525e-19)
(0.853266 0.46078 0)
(0.186649 -0.192967 -6.53158e-20)
(0.106854 -0.0959877 -1.90627e-19)
(0.139568 -0.18411 -1.20021e-19)
(0.1502 -0.174381 -6.15254e-20)
(1.07131 0.0274264 -9.32909e-20)
(0.160168 -0.0841844 -8.01594e-20)
(0.869378 0.496355 1.3349e-19)
(1.36121 0.803986 8.09018e-20)
(0.678324 0.625111 0)
(0.955479 0.611918 0)
(-0.0974835 0.0529755 -7.00712e-20)
(-0.199102 0.232237 0)
(0.91116 0.504811 -1.36925e-19)
(-0.042312 -0.00490292 0)
(1.87631 1.11695 8.93169e-20)
(0.680926 -0.0586807 6.48312e-19)
(-0.111812 -0.126914 -3.77128e-22)
(0.126596 -0.218928 0)
(0.513427 0.484609 0)
(-0.298267 0.749845 1.34581e-19)
(0.125922 -0.112914 7.20162e-20)
(1.89252 -0.27899 -5.46696e-20)
(-0.24315 -0.169186 2.82016e-19)
(0.569037 -0.116554 -5.39739e-19)
(2.27601 -0.28639 6.22737e-20)
(1.72295 -0.158255 -2.65849e-20)
(0.210988 -0.219163 -5.94808e-20)
(0.401041 -0.391703 -3.46266e-19)
(0.210736 -0.201239 1.07269e-19)
(0.100612 -0.0726529 0)
(0.730584 0.665659 3.03975e-20)
(1.71512 0.34905 -4.60763e-19)
(-0.084747 -0.0826383 3.19547e-22)
(0.591189 -0.201837 0)
(0.588483 0.55166 -3.54963e-20)
(0.507737 -0.494917 2.40898e-19)
(0.15008 -0.122643 -1.01013e-21)
(0.358775 0.343533 -3.96714e-19)
(1.27847 -0.573271 0)
(2.28565 -0.00618206 5.51357e-19)
(0.165831 -0.141696 0)
(0.178158 -0.102259 -9.34645e-20)
(0.229131 -0.208508 4.98298e-20)
(0.37624 0.35101 3.09177e-19)
(0.760036 0.693714 -3.42762e-19)
(-0.178857 -0.221026 3.91459e-19)
(0.225025 -0.218699 -1.10099e-19)
(-0.202718 -0.220403 -3.20925e-19)
(0.805566 0.285922 0)
(0.0646953 -0.0414077 -9.46658e-20)
(0.488361 -0.449523 2.80694e-19)
(-0.0676793 -0.0726265 -3.74341e-19)
(1.23837 0.223009 -2.2189e-19)
(0.100754 -0.135561 2.86208e-20)
(0.742812 0.68359 0)
(0.667609 0.622521 0)
(0.812924 0.729945 -3.00383e-19)
(0.846865 0.758835 1.00913e-19)
(1.50769 -0.8426 3.26993e-20)
(0.0755246 -0.0317482 2.44617e-21)
(0.879951 0.421985 0)
(0.154416 -0.134886 -4.03945e-20)
(1.41422 0.938006 -1.0713e-19)
(1.71312 0.159732 2.50688e-19)
(1.5678 -0.477683 0)
(0.452207 -0.422757 4.83601e-21)
(1.96398 -0.20726 -2.8136e-19)
(0.124766 -0.0537037 -1.28508e-19)
(0.182593 -0.116331 0)
(0.115513 -0.168955 -1.28382e-19)
(0.820484 0.733075 1.58635e-19)
(0.734937 0.408525 6.5508e-20)
(0.0854697 -0.140222 -1.52869e-19)
(0.590227 -0.574059 0)
(1.64753 -0.388414 0)
(0.174501 -0.193323 5.52037e-20)
(0.361698 -0.343735 -5.23592e-19)
(-0.216815 -0.23773 -2.12113e-19)
(-0.712249 1.01858 -3.77146e-19)
(0.549306 -0.176456 2.9992e-19)
(0.146205 -0.187031 5.59163e-20)
(0.885443 0.780144 0)
(0.027173 -0.00125751 1.66709e-19)
(-0.012777 -0.00814943 -4.57543e-20)
(0.0541014 -0.113105 2.21317e-20)
(0.429455 -0.386042 1.70607e-19)
(-0.0053189 -0.0519474 -8.38249e-20)
(0.684139 -0.219922 2.85378e-19)
(0.0464733 -0.0864287 -2.44981e-20)
(-0.144396 0.23484 -1.91767e-19)
(0.743752 0.280426 0)
(1.88106 -0.0679117 5.90266e-20)
(0.0487377 0.0740973 1.34122e-19)
(0.936235 0.786171 3.71948e-19)
(-0.249296 -0.201508 4.21187e-19)
(0.937854 0.82446 -2.8287e-20)
(2.01196 -0.23618 -1.3108e-20)
(0.058838 -0.169846 7.61257e-20)
(1.20597 -0.289356 -4.85902e-21)
(-0.115356 -0.234762 3.36188e-19)
(0.0944475 -0.18305 7.82719e-20)
(-0.011976 -0.017686 8.13433e-20)
(-0.035049 -0.00745521 -8.09159e-20)
(-0.115054 -0.056164 3.98693e-19)
(1.17289 -0.302894 7.42928e-20)
(1.03925 0.895318 -8.35678e-21)
(1.99675 -0.108477 2.92267e-20)
(0.196258 -0.212234 1.24713e-19)
(0.642999 -0.185098 0)
(1.61725 -0.454716 0)
(0.125781 -0.101865 0)
(1.02427 0.766569 9.1278e-20)
(1.80691 -0.782776 1.07195e-19)
(0.00434812 0.0841055 -5.67689e-20)
(-0.064558 -0.0152743 7.65973e-20)
(0.171024 -0.20517 0)
(1.72307 -0.18241 -1.26173e-19)
(0.413716 0.387409 -5.60569e-19)
(0.233821 -0.189034 -9.49509e-20)
(-0.115272 -0.0644249 -3.63667e-19)
(-0.188682 0.768143 1.31058e-19)
(2.20313 -0.111682 0)
(1.29297 0.97683 6.47445e-21)
(-0.126509 -0.0508037 -1.78351e-19)
(0.49452 -0.167303 0)
(0.615909 -0.109653 -3.11348e-19)
(1.02486 0.839519 0)
(-0.247426 0.302468 1.76183e-19)
(-0.109476 -0.0535946 3.48262e-19)
(0.901703 0.784358 -1.77443e-19)
(-0.0906986 -0.0237565 1.70475e-19)
(0.465227 -0.126396 -1.89621e-19)
(0.967339 0.832888 0)
(0.52447 -0.495945 -6.11691e-20)
(0.840819 0.717436 1.84161e-19)
(0.536642 -0.474627 -2.56062e-19)
(1.03234 0.884131 0)
(0.253975 0.0747105 -2.54626e-20)
(-0.314629 0.297481 1.76353e-19)
(1.10673 0.915847 3.37608e-20)
(0.190661 -0.136791 -1.62791e-19)
(1.28987 0.971401 9.00331e-20)
(1.78971 -0.628963 -7.85029e-20)
(0.0249898 -0.122891 9.41372e-20)
(0.657447 -0.139349 -1.27752e-19)
(1.7542 -0.118075 0)
(1.12767 0.923291 1.05578e-19)
(1.90551 0.00935 0)
(1.07562 -0.281027 5.36192e-19)
(-0.267244 0.414166 -3.02917e-19)
)
;

boundaryField
{
    frontback
    {
        type            empty;
    }
    Top
    {
        type            noSlip;
    }
    outlet
    {
        type            zeroGradient;
    }
    bottom
    {
        type            noSlip;
    }
    Inlet
    {
        type            fixedValue;
        value           uniform (1 0 0);
    }
    rectangle
    {
        type            noSlip;
    }
}


// ************************************************************************* //
