/*--------------------------------*- C++ -*----------------------------------*\
| =========                 |                                                 |
| \\      /  F ield         | OpenFOAM: The Open Source CFD Toolbox           |
|  \\    /   O peration     | Version:  2306                                  |
|   \\  /    A nd           | Website:  www.openfoam.com                      |
|    \\/     M anipulation  |                                                 |
\*---------------------------------------------------------------------------*/
FoamFile
{
    version     2.0;
    format      ascii;
    arch        "LSB;label=32;scalar=64";
    class       volVectorField;
    location    "21.6";
    object      U;
}
// * * * * * * * * * * * * * * * * * * * * * * * * * * * * * * * * * * * * * //

dimensions      [0 1 -1 0 0 0 0];

internalField   nonuniform List<vector> 
2186
(
(1.31989 -0.0702943 2.50686e-19)
(1.58734 -0.935335 -7.30961e-21)
(1.43944 -0.91155 8.12535e-21)
(0.735697 -0.577246 -1.61113e-19)
(-0.3017 0.388906 -1.76041e-19)
(1.53624 -0.50765 0)
(0.714044 -0.659921 0)
(-0.21224 -0.307104 7.47411e-20)
(1.34555 -0.300753 1.07374e-19)
(0.548278 -0.303042 -2.10806e-21)
(0.688147 0.621273 0)
(0.744242 -0.270172 -7.89623e-20)
(-0.260445 -0.346276 -3.07486e-20)
(1.20221 0.0243865 -3.97466e-19)
(1.76957 -0.693083 -1.82293e-20)
(1.01409 -0.0039583 1.85556e-19)
(0.981182 0.0124951 0)
(-0.492458 -0.185065 0)
(1.51575 -0.2834 0)
(-0.0841782 0.240332 -6.94082e-20)
(0.486964 0.105912 -1.18755e-19)
(-0.152983 0.174636 9.53492e-20)
(1.1895 0.0282504 3.27458e-19)
(-0.193697 0.0095731 5.31072e-21)
(1.03171 0.00818302 -2.5781e-19)
(0.786761 -0.554468 0)
(0.761617 -0.0241642 1.53534e-19)
(0.60442 -0.584183 -1.90984e-19)
(1.22398 0.720026 0)
(0.962812 0.0230127 -3.5163e-19)
(-0.0417001 0.0756268 0)
(1.02308 -0.0106411 1.21844e-20)
(-0.108658 0.141341 0)
(2.74702 0.0685086 2.5437e-19)
(-0.125523 -0.158888 3.2278e-21)
(1.55967 0.777494 7.22464e-20)
(2.04894 0.128247 1.50218e-19)
(0.514506 0.15371 -3.53375e-19)
(1.93099 0.186114 -2.80983e-19)
(1.16827 -0.285332 1.35598e-22)
(-0.30664 -0.381355 0)
(-0.0920844 0.147774 0)
(1.8369 -0.881956 5.30608e-20)
(-0.400713 0.173016 0)
(1.119 0.286242 1.58619e-19)
(0.593927 -0.285621 2.99363e-19)
(0.907839 -0.775399 0)
(1.178 -0.787359 1.36665e-19)
(2.25861 0.031487 0)
(-0.169544 0.340274 1.74476e-19)
(-0.0299671 0.1271 1.02577e-19)
(0.640914 0.591305 8.1645e-20)
(2.03272 -0.779105 4.52849e-20)
(0.600011 0.282552 -2.83576e-19)
(-0.275679 -0.0742116 3.69684e-20)
(0.758213 -0.646246 0)
(1.62122 -0.956769 1.70235e-20)
(0.574867 -0.53562 0)
(2.24908 0.191807 7.9878e-20)
(1.13417 -0.16608 -4.05353e-19)
(2.00502 -0.119418 1.54785e-19)
(1.3682 0.309292 -1.83306e-19)
(1.35535 0.540894 0)
(0.934807 -0.295539 -1.48509e-22)
(1.37235 0.394015 -1.10873e-19)
(1.24148 -0.730454 -1.97015e-19)
(1.18179 0.668313 5.36374e-20)
(0.679257 0.0774116 -5.80242e-19)
(0.822762 0.0620752 0)
(1.95536 -0.304651 -4.02049e-20)
(-0.227266 -0.35854 -8.55556e-20)
(2.26435 0.040326 -1.70022e-19)
(0.724915 -0.0323865 -2.56823e-19)
(0.871686 -0.515453 0)
(0.830065 0.187738 -9.42174e-20)
(0.542607 -0.503482 -3.22084e-19)
(2.45077 -0.0146577 0)
(1.00641 0.0103037 3.83551e-19)
(-0.116263 -0.223506 0)
(2.05565 0.323157 0)
(0.605394 0.006889 7.42416e-20)
(0.97742 -0.336762 3.67683e-21)
(1.02487 0.00619325 4.28301e-20)
(1.33513 0.419752 2.80091e-20)
(0.968072 0.0244389 4.49693e-19)
(1.03906 0.0296137 -1.06447e-20)
(0.671345 0.182699 -3.44107e-19)
(1.44832 -0.358777 2.20746e-21)
(1.20389 -0.280895 0)
(-0.0651602 -0.0339638 5.75582e-20)
(0.857224 -0.619946 -1.83811e-19)
(-0.0903952 0.270796 -4.75342e-22)
(1.1088 -0.0741836 2.69664e-19)
(0.816763 -0.178714 0)
(0.973146 0.0228321 4.28136e-20)
(1.38074 0.647797 0)
(1.60259 -0.9519 0)
(1.31708 0.22673 0)
(-0.257269 0.383641 0)
(0.787191 -0.661749 3.22155e-19)
(-0.309753 0.218592 -1.80733e-19)
(0.372111 -0.0708594 1.191e-19)
(1.57555 0.195128 0)
(1.1438 -0.101022 -2.4652e-19)
(1.11983 0.0234997 1.89886e-19)
(-0.0280119 0.294031 1.23047e-19)
(0.646502 0.515072 0)
(2.21184 -0.232835 -8.45441e-20)
(0.96093 -0.475617 9.03534e-20)
(-1.14742 0.433779 2.62739e-19)
(1.78519 0.272544 1.23658e-19)
(-0.141003 0.434686 -2.63268e-19)
(0.806529 -0.733569 0)
(0.573431 0.357491 1.70957e-19)
(1.5563 -0.295119 -3.04124e-19)
(-0.283913 -0.178206 -3.30898e-19)
(1.27361 0.378787 2.11134e-20)
(1.69361 0.0190731 0)
(-0.0860008 -0.0364867 -1.72572e-19)
(0.707248 -0.0665997 8.15543e-20)
(1.58303 0.886621 0)
(-0.10174 0.208444 -2.37082e-19)
(0.896606 0.771249 -2.75578e-19)
(-0.555034 -0.322633 2.88158e-19)
(1.03107 -0.0230097 0)
(1.59904 0.458745 -2.66067e-20)
(-0.235392 0.432271 0)
(0.694848 -0.491162 -1.15848e-19)
(-0.52894 -0.279613 -1.60207e-19)
(0.780661 -0.712383 0)
(0.430166 -0.266509 4.33957e-19)
(0.536168 -0.45047 2.98745e-19)
(0.404177 -0.365856 0)
(0.975756 -0.777772 -1.53033e-19)
(0.263887 0.0415066 0)
(-0.0602226 0.348341 -1.36741e-19)
(0.805765 -0.69315 1.56531e-19)
(2.41215 -0.32265 1.87106e-19)
(2.21941 0.142559 0)
(-0.0642948 -0.127897 0)
(0.695755 0.646724 -3.42193e-19)
(1.75908 -0.637512 -2.16048e-20)
(-0.121819 -0.161468 0)
(0.97798 -0.802771 -1.63097e-20)
(1.14348 -0.0998051 0)
(1.08459 -0.123156 4.27542e-19)
(2.12218 -0.225912 -6.59645e-20)
(-0.310564 0.356176 0)
(1.21576 -0.55432 -6.5409e-20)
(-0.247764 0.261723 -4.61244e-20)
(-0.159464 0.363957 0)
(1.08694 -0.81042 1.15549e-20)
(1.00594 0.00493035 -6.40658e-19)
(0.647046 -0.474897 -1.13167e-20)
(0.81411 -0.512644 0)
(1.19275 -0.728839 -1.14115e-19)
(0.662867 0.244172 2.65824e-19)
(1.23239 0.127491 0)
(1.50417 0.0736879 -2.48346e-19)
(1.18864 -0.852043 -2.67464e-19)
(-0.0564979 -0.113653 -6.57208e-20)
(-0.121322 -0.513012 -1.24516e-19)
(1.07334 0.00925679 2.38358e-19)
(0.915349 -0.462485 -1.13625e-19)
(1.52356 -0.394278 -2.04356e-21)
(1.38338 -0.301553 -2.88798e-20)
(0.652895 -0.0917975 6.94856e-20)
(-0.204427 -0.0554354 -1.51477e-19)
(1.83655 -0.381146 0)
(2.12737 -0.42666 7.79095e-20)
(1.46248 0.655127 1.35799e-19)
(0.805595 -0.61148 -2.34976e-19)
(0.995553 0.00876291 1.31277e-20)
(0.717113 -0.528012 3.18531e-19)
(1.31795 0.80533 1.2421e-19)
(1.81669 0.0726119 1.47344e-20)
(-0.335927 0.262037 0)
(1.08593 0.0543092 -2.46391e-19)
(-0.398668 -0.612306 -2.09428e-19)
(1.07978 0.496072 8.05284e-20)
(0.0122944 -0.0911611 9.15638e-20)
(1.15869 0.0281591 -4.55852e-20)
(-0.184618 0.138164 -1.67009e-19)
(1.30847 0.586909 -7.66295e-20)
(1.14928 0.894518 0)
(-0.346981 0.179147 -8.889e-20)
(-0.0606544 0.0141486 0)
(0.663313 0.570641 -2.79832e-19)
(2.01047 0.147322 -1.9033e-20)
(-0.313837 -0.326443 1.06661e-19)
(-0.499089 -0.282058 -5.16389e-19)
(0.727298 0.0820126 2.54884e-19)
(1.94319 0.120009 -3.10238e-20)
(0.977375 -0.3451 -3.29658e-20)
(-0.0120823 -0.0244673 0)
(-0.920696 0.320368 4.24971e-19)
(1.34815 0.981368 -1.4467e-20)
(0.844403 0.0811377 -1.39664e-19)
(0.565395 0.530708 1.94655e-19)
(0.503028 0.197137 0)
(-0.160909 -0.414827 -1.39902e-19)
(-0.928263 0.441068 3.09314e-19)
(1.28087 -0.950295 7.30006e-22)
(0.987792 -0.0304614 -2.00118e-19)
(-0.17856 -0.125631 7.10159e-21)
(-0.127624 0.165607 1.48178e-19)
(-0.286085 -0.126015 -1.12853e-19)
(1.85751 -0.123935 0)
(1.13715 0.0440256 -3.30348e-19)
(2.18969 0.134731 1.78213e-19)
(1.26737 -0.621316 1.25861e-19)
(0.699085 -0.0823478 -5.455e-21)
(0.600171 0.337927 0)
(0.952241 0.757692 -1.62846e-20)
(0.69392 0.63865 1.84456e-19)
(0.894285 -0.561692 1.65741e-19)
(0.69282 0.508912 0)
(1.0214 0.00323062 8.5789e-21)
(0.878377 -0.661216 2.36603e-19)
(0.842553 0.428881 -4.62181e-19)
(1.23088 -0.107979 0)
(-0.0746544 -0.053151 -2.31032e-19)
(-0.0101 0.204396 -1.01704e-19)
(1.60812 0.72259 0)
(1.33556 -0.934847 -6.2472e-22)
(-0.384031 -0.0922446 0)
(-0.274826 0.436952 1.11342e-19)
(0.744564 0.661019 -9.83962e-20)
(0.850148 -0.214891 0)
(-0.190299 -0.122724 0)
(1.52637 -0.468187 0)
(-0.895248 0.305544 4.67175e-19)
(1.20159 -0.880224 1.74807e-19)
(1.17081 -0.604375 7.26417e-20)
(1.05787 -0.170802 -1.8682e-19)
(0.874345 -0.69118 -1.87893e-19)
(0.182582 -0.186514 0)
(-0.785502 -0.435799 0)
(0.998687 -0.511625 1.98572e-19)
(-0.103418 -0.1804 0)
(-0.201074 0.321311 0)
(-0.296987 -0.167709 2.84355e-19)
(0.799939 0.678151 8.53782e-20)
(1.02138 0.801135 0)
(0.704178 0.561116 -8.55058e-20)
(0.830773 -0.0384743 -2.32705e-19)
(0.752767 0.569592 -2.28783e-19)
(0.600759 0.559409 -1.67577e-19)
(-0.204556 -0.380541 1.41455e-21)
(0.712595 -0.639819 0)
(0.904246 0.181221 -3.30227e-19)
(-0.277063 -0.411547 3.88729e-20)
(0.613411 0.568926 3.76803e-19)
(0.965569 0.804954 0)
(-1.03599 0.417323 3.27401e-19)
(-0.0975186 -0.363277 1.94326e-19)
(-0.0284364 -0.289456 -9.73963e-20)
(0.672544 0.578246 -1.48447e-20)
(0.96896 -0.00743622 6.18637e-20)
(-0.324589 -0.368685 0)
(2.41514 -0.160824 -2.43747e-19)
(1.87292 -0.354705 -3.13561e-19)
(0.645321 -0.597466 -8.37078e-20)
(-0.525499 -0.264898 8.98659e-21)
(1.20282 0.46675 1.80977e-19)
(0.891288 0.418986 0)
(1.04345 -0.171309 2.10562e-19)
(0.0412134 -0.399321 -6.79833e-21)
(-0.0980967 0.103195 3.87013e-19)
(0.920433 0.019011 -5.58511e-20)
(1.12981 0.147914 0)
(1.99162 -0.0919472 -1.74584e-19)
(1.85539 0.0841169 0)
(0.549587 0.264642 -4.6605e-19)
(-0.13618 0.193791 0)
(-0.205542 -0.330229 1.6743e-19)
(0.688445 0.104649 0)
(0.616352 -0.509189 -1.94983e-19)
(1.13622 0.0184745 2.21224e-19)
(-0.300651 0.301137 3.93824e-20)
(2.06463 -0.058074 6.13146e-21)
(2.0567 -0.320803 -7.47654e-20)
(1.12103 0.234655 -2.22796e-19)
(-0.293677 -0.410076 -7.70981e-20)
(1.06712 -0.846718 0)
(0.810391 0.0161615 -1.60892e-19)
(0.925359 -0.374766 -3.12091e-19)
(1.71458 -0.585207 2.11669e-21)
(1.75106 0.0256595 1.1917e-19)
(1.08747 -0.00395264 3.96218e-19)
(0.0080702 -0.376203 -9.81156e-20)
(0.992841 -0.4368 -1.39812e-19)
(0.192312 -0.184996 2.74294e-19)
(1.00808 -0.00689064 0)
(1.00515 -0.00497675 0)
(0.658948 -0.113524 1.55377e-19)
(-0.00766455 0.375578 -9.48277e-20)
(0.164602 -0.120696 -8.77571e-20)
(2.02232 0.0459824 -3.34268e-21)
(1.01555 0.185577 0)
(1.70222 0.122393 -1.09932e-19)
(0.930832 -0.811308 -1.06051e-19)
(1.76513 -0.573812 -3.42035e-20)
(1.11472 0.843229 0)
(0.466078 -0.447636 0)
(0.61401 0.526976 -1.7802e-19)
(1.10354 0.286341 -4.08023e-19)
(2.27602 -0.316924 2.14344e-22)
(0.865305 0.16528 1.42103e-19)
(-0.0625263 -0.393653 -2.9302e-19)
(1.31234 -0.482132 1.33807e-20)
(-0.238684 -0.418872 0)
(-0.0775624 -0.143838 0)
(-0.386754 -0.317626 0)
(1.32971 -0.724707 -1.22106e-19)
(-0.157974 0.366193 -2.16659e-19)
(-0.0719042 0.132971 0)
(1.30573 0.983231 -3.13098e-20)
(1.11975 0.152446 -4.28634e-19)
(2.29925 0.571399 -6.21351e-20)
(1.09261 0.931844 7.97997e-20)
(-0.122745 0.426065 1.3505e-19)
(0.982432 -0.150456 0)
(-0.385683 -0.285317 -2.3404e-19)
(-0.191592 0.452553 2.55443e-19)
(0.777831 0.0372238 1.89651e-19)
(1.55505 0.949444 4.74905e-21)
(1.92686 0.670318 -4.67968e-21)
(-0.106897 0.254574 -9.43833e-22)
(0.737096 -0.673284 -4.22769e-20)
(1.12698 -0.0263247 0)
(1.67969 -0.0630099 0)
(1.02819 0.0526481 0)
(-1.33411 0.326979 -2.84839e-19)
(-0.380959 -0.358813 8.01259e-20)
(1.05557 0.850815 0)
(0.997227 -0.000225722 5.37303e-19)
(0.775156 0.61195 -2.28729e-19)
(-1.6369 0.433911 -2.43053e-19)
(0.864011 0.0227824 -4.27269e-20)
(0.708659 -0.646244 -2.441e-19)
(1.39966 0.709741 -3.05279e-20)
(0.557728 -0.444032 -3.08801e-19)
(1.13355 -0.000757769 -4.79495e-19)
(0.805921 0.0462899 4.80831e-20)
(1.53149 -0.186532 9.34257e-20)
(1.6274 -0.141177 -7.12319e-20)
(-0.03065 -0.0476803 9.74173e-23)
(1.08716 0.476101 -2.69023e-19)
(1.37855 0.62599 8.18923e-20)
(-0.0783483 -0.328729 0)
(-0.0654531 -0.40638 1.0933e-19)
(-0.112216 -0.0678117 9.80899e-20)
(-0.19215 -0.0628573 -7.99832e-20)
(0.485844 0.327836 0)
(1.13681 -0.447378 0)
(-0.0193124 0.0218675 -1.41415e-19)
(-0.252297 -0.439029 -4.27978e-20)
(1.04937 -0.0287167 1.90072e-19)
(-0.324097 0.322214 -4.26323e-20)
(1.09721 0.448985 -3.40574e-19)
(0.00512843 0.367554 0)
(0.825623 -0.732458 -3.4456e-19)
(1.32177 -0.152045 8.93154e-20)
(-0.227627 -0.599787 1.24023e-19)
(0.723647 0.167865 3.35261e-19)
(0.626799 0.14703 1.08332e-19)
(0.495046 -0.468373 2.17272e-19)
(-0.139097 -0.203763 -9.07321e-20)
(1.51487 0.629042 0)
(0.402731 0.358676 -1.96219e-19)
(1.02878 -0.0145146 -3.02837e-19)
(-0.521334 -0.316106 2.03442e-19)
(1.43434 0.478883 -1.1619e-19)
(-0.124739 -0.231893 -3.33344e-20)
(0.672904 -0.615046 -8.7749e-20)
(0.821617 0.191977 -2.10016e-19)
(0.983018 0.43188 2.30231e-20)
(1.14627 -0.134776 3.8006e-20)
(0.604775 -0.222848 -3.14239e-19)
(1.98952 -0.394242 -5.92109e-20)
(1.90615 -0.0516895 0)
(1.76342 0.436875 -3.75234e-20)
(2.1559 0.0493912 -1.00741e-20)
(0.70357 -0.319889 8.6208e-20)
(1.0555 0.351872 -1.95671e-19)
(1.12067 -0.361491 -1.00762e-20)
(0.428932 0.399325 -2.54042e-19)
(-0.244171 -0.086499 1.85973e-19)
(1.766 -0.294753 0)
(0.93499 0.00421453 0)
(0.862925 -0.763947 6.97846e-20)
(-0.101493 -0.411974 -2.12628e-19)
(-0.760346 -0.322426 -1.74342e-19)
(-0.0477473 -0.0796518 -1.41497e-19)
(-0.238068 0.138514 -1.42537e-19)
(-0.287624 -0.506655 0)
(-0.0609463 -0.10565 2.45459e-20)
(0.0859876 0.31348 -9.42809e-20)
(-0.145283 0.185965 -3.37922e-19)
(0.800967 -0.106739 0)
(1.65025 -0.470585 1.31708e-19)
(-0.122067 -0.101578 0)
(0.994119 0.02453 3.86445e-19)
(-0.105637 -0.48482 1.6386e-20)
(0.533619 -0.415597 4.13982e-19)
(-0.614167 -0.68617 3.46361e-19)
(-1.21425 0.224643 0)
(0.161313 0.308282 1.03856e-19)
(1.00414 0.0238464 -1.16451e-20)
(-0.180732 -0.111319 0)
(1.00475 -0.00775277 -5.98955e-20)
(0.854936 -0.721686 -3.22984e-19)
(1.22877 -0.19106 0)
(0.931407 -0.266328 2.23038e-19)
(0.05085 0.177686 1.977e-19)
(-0.00694325 -0.00167856 0)
(-0.189783 -0.395368 -4.0536e-21)
(0.720817 -0.628381 -4.60943e-19)
(0.949903 -0.0287593 -2.8523e-19)
(-0.112575 -0.430594 2.64645e-19)
(-0.17173 -0.325431 1.01453e-19)
(-0.265994 -0.447939 0)
(0.963702 0.480346 0)
(-0.220864 -0.631407 1.49283e-19)
(1.75362 -0.215108 -2.10194e-19)
(1.08552 0.904584 1.82058e-20)
(1.07355 0.216939 -1.2665e-19)
(1.14425 0.00674654 -2.417e-19)
(1.04334 -0.072158 -8.91573e-20)
(-0.108809 -0.44059 -2.46777e-19)
(1.903 0.0991153 3.70451e-19)
(0.679637 0.0319512 2.12064e-19)
(2.14907 -0.155391 1.38254e-19)
(1.05013 -0.147299 0)
(0.00584496 0.419013 5.46892e-19)
(1.13953 0.0264512 -5.23587e-19)
(1.76838 0.614706 4.39378e-21)
(0.737108 -0.450178 -1.71572e-19)
(-0.0682016 -0.0302368 1.29051e-19)
(0.790331 -0.69371 4.21959e-19)
(1.25106 0.200737 7.50622e-20)
(1.00664 -0.00741251 2.65227e-19)
(-0.0215096 -0.402291 -1.0929e-19)
(1.02633 0.0194563 0)
(1.86257 0.152567 -2.47577e-19)
(-0.0205366 -0.0078933 0)
(1.01406 0.0138981 -1.5743e-19)
(-1.34154 0.344534 -5.48829e-19)
(1.69272 0.284189 3.28146e-20)
(-0.232239 -0.100559 1.3149e-19)
(1.60592 0.00177061 -6.17612e-21)
(1.01362 -0.0179612 5.48558e-20)
(1.33035 -0.0840591 0)
(1.43489 -0.613472 -1.89026e-19)
(1.02427 0.0369555 -1.61419e-19)
(1.45811 0.792972 -5.09243e-20)
(1.38942 -0.0539137 0)
(0.780501 0.0958784 -2.08943e-20)
(-0.0241981 0.0244728 0)
(1.34406 0.0419622 0)
(-0.361857 -0.375881 0)
(1.24991 0.451649 0)
(1.90518 0.237727 4.81168e-20)
(0.749376 0.623844 4.00889e-19)
(0.286163 -0.287531 -2.57221e-19)
(-0.229489 -0.427994 -2.4388e-19)
(-0.0146334 -0.0256218 0)
(2.19889 -0.292087 1.28882e-19)
(1.41634 0.521139 0)
(1.47046 0.295609 0)
(-0.417585 -0.296412 1.03066e-19)
(0.818013 0.722572 1.2775e-19)
(1.68269 -0.0395265 0)
(-0.244679 -0.294853 5.89797e-20)
(0.915561 0.228588 1.9372e-19)
(2.12576 -0.287285 -6.53685e-20)
(1.25489 0.934454 4.36883e-20)
(0.90674 -0.816729 -4.91161e-20)
(1.70098 -0.120202 -2.27877e-20)
(0.804845 0.727173 1.3095e-19)
(1.19266 0.934159 0)
(2.46547 -0.0877698 1.88754e-19)
(0.939405 0.443618 0)
(1.53616 -0.51578 5.14988e-20)
(1.11645 0.0940424 2.12166e-19)
(1.00502 -0.0046288 0)
(0.194207 0.392466 5.14997e-19)
(0.88597 -0.165798 5.08416e-20)
(0.625621 -0.402027 0)
(0.665172 -0.374553 2.23634e-19)
(1.25052 0.563298 -3.33468e-20)
(0.485286 0.458198 2.78359e-19)
(-0.171698 0.248173 3.99071e-20)
(0.173831 -0.1051 1.03005e-19)
(0.74746 0.0685084 0)
(1.31037 -0.89581 -1.21518e-19)
(1.03249 -0.0426146 4.21536e-19)
(1.56922 0.331256 1.54926e-19)
(-0.269399 -0.303096 5.0862e-20)
(-0.652586 -0.640748 0)
(1.22349 -0.243941 -1.27084e-19)
(-0.00389715 -0.00270516 -1.1265e-19)
(0.26365 -0.283855 -6.23631e-20)
(-0.146991 0.0654841 -1.02272e-21)
(-0.217244 0.113342 3.23332e-19)
(1.44973 -0.456424 -1.47573e-20)
(2.45048 -0.151978 3.26351e-19)
(1.20296 0.463566 -2.9185e-19)
(0.865042 -0.054708 0)
(1.81942 -0.107912 1.96643e-19)
(1.90116 0.0915325 8.02337e-20)
(0.904145 -0.759826 1.60831e-19)
(1.13752 -0.961146 -6.71279e-20)
(0.489379 0.45465 1.86569e-19)
(1.36772 0.208779 0)
(1.78669 0.562312 3.39921e-20)
(-0.00915722 -0.0123103 -2.30013e-19)
(0.894467 0.780438 0)
(1.36288 0.543976 0)
(0.286853 -0.286561 -3.52167e-21)
(0.33602 0.319172 0)
(-0.6163 -0.568689 -3.4198e-19)
(-0.226517 0.37475 -1.17292e-19)
(1.69451 -0.43942 0)
(1.24829 0.105423 1.80559e-19)
(-0.577188 -0.35658 1.4482e-19)
(0.526788 -0.499707 -5.02818e-19)
(2.07522 -0.115272 -4.24356e-20)
(0.603944 -0.548049 0)
(1.04064 0.127126 0)
(1.3098 -0.249135 0)
(1.12465 0.232763 -2.38363e-19)
(1.35666 0.108459 3.38185e-19)
(-0.984058 0.00633753 0)
(0.885471 -0.0628345 0)
(2.04582 -0.0964328 -5.83347e-21)
(-0.085255 0.137768 1.06268e-19)
(2.39356 0.0455307 -2.32213e-19)
(1.02575 -0.500634 1.12879e-19)
(1.96126 0.0736662 -2.76165e-19)
(-0.712459 -0.381728 -1.1929e-19)
(1.89841 0.0798988 -1.6817e-19)
(1.01588 -0.0219612 4.36814e-19)
(1.53795 0.598684 0)
(-0.218642 0.431237 3.16627e-20)
(0.994207 -0.82246 2.05755e-19)
(0.857724 -0.00998318 4.99418e-20)
(0.628961 -0.425175 0)
(1.87531 -0.555214 -2.26069e-21)
(1.20187 -0.191047 1.69126e-19)
(1.77066 -0.443974 0)
(0.599409 -0.556382 5.04323e-19)
(0.805591 0.125167 -2.32405e-20)
(2.31664 0.0958676 3.41527e-19)
(-0.0994543 0.203846 -2.17107e-19)
(1.34827 0.624182 1.47033e-19)
(1.15894 0.413426 3.6923e-21)
(0.912912 0.381548 2.27705e-19)
(1.89823 -0.158468 -2.61618e-19)
(-0.131023 -0.438954 -3.15781e-21)
(0.640535 -0.294851 0)
(-0.156101 -0.0919173 2.13698e-19)
(1.06952 -0.932427 0)
(1.05575 -0.650215 2.46596e-20)
(1.15582 -0.366176 -6.18987e-19)
(1.32804 0.0269239 -3.73524e-20)
(-0.479771 -0.480397 -2.86829e-19)
(0.997215 0.490685 1.75953e-19)
(-0.239768 0.597642 3.14918e-19)
(0.695403 -0.0386203 0)
(2.03778 0.00268149 0)
(1.80917 0.153739 2.27009e-20)
(0.779618 -0.0145201 0)
(1.3628 -0.213988 -1.74028e-19)
(-0.750639 -0.48266 4.0271e-19)
(1.94516 0.487961 1.8076e-20)
(1.044 -0.0328569 0)
(0.545883 -0.340367 1.11257e-19)
(1.00899 0.0266146 2.07242e-19)
(0.357914 0.428479 -3.01466e-19)
(-0.236461 -0.0576467 0)
(1.10521 -0.479007 5.48737e-19)
(1.8738 -0.127631 -5.39689e-22)
(1.09338 -0.494031 -2.38621e-19)
(2.29036 0.215715 1.55084e-19)
(1.30191 0.798487 0)
(0.870296 0.0192353 0)
(-0.325317 -0.303343 -1.31831e-19)
(-0.0213855 0.0205646 1.59131e-19)
(0.957568 0.375494 -2.10288e-19)
(0.132779 -0.349943 -9.42081e-20)
(0.655354 0.418543 2.44641e-19)
(0.973148 0.125518 0)
(0.529741 -0.49259 0)
(0.537661 -0.200319 4.92513e-21)
(1.22202 -0.507343 -1.14316e-19)
(0.559957 0.000988486 7.14359e-21)
(0.732592 -0.146049 1.23564e-19)
(-0.0758058 0.0877034 -2.82692e-19)
(1.00947 -0.0451918 1.59114e-19)
(0.672459 0.627433 0)
(1.28505 0.700958 0)
(1.63069 0.262559 0)
(-0.36334 -0.417027 -1.15893e-19)
(1.31361 0.575017 2.21657e-19)
(2.10898 0.0213254 4.13813e-20)
(0.936688 -0.0102936 0)
(2.12828 -0.498149 0)
(2.06548 -0.0660616 -2.81087e-19)
(0.603116 0.529778 3.50795e-19)
(1.00468 0.00546595 -2.06958e-19)
(1.50164 0.476535 0)
(-0.206269 0.0964385 0)
(1.25845 0.32454 2.90976e-19)
(1.03216 0.534882 -1.3052e-19)
(1.07269 0.0250292 0)
(1.68779 -0.0312248 0)
(2.0518 0.660506 -3.21399e-19)
(-0.091317 0.333109 -3.45262e-22)
(0.997019 0.0132699 0)
(0.71674 0.482762 -3.3615e-20)
(0.922472 -0.814055 0)
(1.00195 0.0159497 4.82003e-20)
(0.198392 -0.334809 -1.30905e-20)
(0.899217 -0.318007 3.29654e-19)
(0.607973 -0.436413 -6.69611e-20)
(2.20415 -0.193788 2.22236e-19)
(1.5263 0.149827 1.08745e-19)
(0.790192 -0.0274241 0)
(1.01236 0.00981692 0)
(-0.443691 -0.665449 0)
(0.677103 0.648585 -1.88247e-19)
(-0.0523915 0.0582955 1.90497e-19)
(1.17736 0.355437 -4.66929e-19)
(-0.367226 0.101742 0)
(0.837387 0.651323 1.68467e-19)
(1.00165 -0.329095 0)
(1.00544 0.000370454 1.21006e-19)
(0.502641 -0.0656073 7.7671e-20)
(1.04301 0.412923 2.58788e-19)
(1.21537 0.131931 0)
(2.09605 0.114885 -6.67247e-20)
(0.825898 -0.10434 -3.80647e-19)
(-0.852422 -0.54113 -4.96937e-19)
(1.13495 0.229612 0)
(0.885415 0.249912 1.78398e-19)
(1.9548 -0.290313 0)
(0.783757 0.530162 3.64575e-19)
(-0.898471 -0.464452 1.87945e-19)
(-0.0562134 0.0871289 0)
(0.602054 0.573245 -7.08654e-20)
(1.01977 -0.637486 -1.72235e-19)
(0.471563 -0.233666 -1.26903e-19)
(1.0199 -0.0130727 0)
(-0.295163 -0.144398 -1.48134e-19)
(0.631139 -0.56167 8.73498e-20)
(0.914565 0.297376 0)
(1.66433 -0.368401 1.65006e-19)
(0.994343 0.846638 2.40983e-20)
(0.861387 -0.467897 3.71422e-21)
(0.165354 -0.226415 -1.4305e-19)
(0.22423 -0.00850256 -5.67317e-19)
(-0.0909769 -0.183367 6.11731e-21)
(0.82451 0.365067 2.49393e-19)
(-0.172684 0.397972 -5.31235e-21)
(1.40018 -0.649565 3.29605e-21)
(1.02179 0.0105784 -3.6087e-19)
(-0.4149 -0.492925 0)
(1.03474 0.0359917 -4.20998e-19)
(2.27369 0.0356827 2.17515e-19)
(0.895442 0.697858 2.8189e-19)
(1.12943 -0.0691312 1.70728e-19)
(1.00315 -0.0260102 1.66983e-19)
(1.31038 0.0461781 3.38427e-20)
(-0.202758 -0.213223 3.2713e-22)
(1.69641 -0.869392 1.42584e-20)
(1.13715 -0.133471 -8.83605e-20)
(0.786011 0.0508111 1.01983e-19)
(0.906549 -0.288986 9.54721e-20)
(1.17637 0.243456 0)
(0.97044 0.742239 0)
(0.791218 0.0625409 -9.257e-20)
(2.06479 0.166543 -2.23943e-20)
(-0.686951 -0.629043 1.51768e-19)
(1.02292 -0.535229 -5.71647e-19)
(0.61005 -0.526591 4.1569e-19)
(1.30796 0.12735 -1.10152e-19)
(0.200593 -0.369115 1.08563e-20)
(1.50862 -0.536996 0)
(0.756585 0.123307 -6.92497e-21)
(1.6017 -0.505942 -9.05145e-20)
(1.04881 0.768573 0)
(1.21865 -0.528598 0)
(-0.139602 0.0213582 0)
(-0.150638 -0.240281 -4.03483e-20)
(-0.0586624 0.153238 0)
(1.88405 0.615074 4.29778e-19)
(1.23269 0.185345 6.51523e-21)
(-0.992233 0.2027 2.27083e-19)
(2.04477 0.718085 1.67922e-20)
(1.85797 0.43348 -7.38661e-20)
(2.13924 -0.363712 -2.25499e-20)
(-0.187568 0.0297104 -2.275e-19)
(-0.198446 -0.429758 3.02096e-21)
(1.18276 0.135111 0)
(0.679631 -0.0337311 0)
(1.00138 0.0015525 2.13334e-22)
(-0.379978 -0.445277 0)
(1.55434 -0.0063675 -4.36251e-20)
(0.680648 -0.0304052 0)
(1.05535 0.0114919 1.3694e-19)
(0.98972 0.0160894 -4.71197e-20)
(0.927896 0.226983 8.95816e-20)
(1.06832 -0.0170028 -9.62951e-22)
(0.945182 -0.186006 -5.74385e-20)
(1.02079 -0.0289997 3.89149e-19)
(0.664428 -0.602276 1.98608e-19)
(-1.01249 0.420895 -2.88343e-19)
(1.19198 0.460683 1.70397e-20)
(-0.0251966 0.0271201 0)
(1.13649 0.801828 0)
(1.02689 -0.00218948 0)
(0.995187 -0.769218 -1.21931e-19)
(1.02145 -0.877618 7.22797e-20)
(0.993083 0.278619 -1.9052e-20)
(0.161856 0.130682 -1.07327e-18)
(1.13131 -0.442199 1.69623e-20)
(0.577872 -0.372626 -6.64086e-19)
(1.42661 0.443722 -4.72179e-20)
(0.556081 -0.213278 -1.10255e-19)
(2.03956 -0.365967 5.08431e-20)
(0.516155 0.0816765 -1.80338e-20)
(-0.235275 -0.314343 -8.66819e-20)
(1.12306 0.560058 1.97388e-19)
(-0.0910208 -0.297679 0)
(0.0875179 -0.452843 2.46957e-19)
(-0.0754923 -0.0943036 1.14038e-22)
(1.02674 -0.0428395 3.45776e-19)
(1.02182 0.00477033 -8.95012e-21)
(1.113 -0.010469 -9.56713e-20)
(1.46463 0.0617137 2.36507e-20)
(1.64234 0.319511 5.74003e-20)
(0.391099 -0.365992 -3.32398e-19)
(0.741503 0.221012 3.40486e-20)
(1.03206 0.00406999 -2.56526e-19)
(1.24062 0.350718 -1.75432e-20)
(1.48487 0.164296 0)
(1.11984 0.59859 -3.69745e-19)
(1.00315 -0.00255321 9.87979e-20)
(0.685751 0.614337 2.59853e-19)
(1.38721 -0.511103 -1.88553e-21)
(1.07344 -0.00821625 -3.12874e-20)
(1.13271 0.014159 8.89506e-22)
(2.3104 0.0659471 1.31962e-20)
(0.507889 0.139849 0)
(1.0441 -0.0392707 0)
(1.04962 -0.0340086 6.06337e-19)
(1.00219 -0.0023718 0)
(-0.0364397 -0.0554044 0)
(0.919856 -0.56147 0)
(1.00033 0.000103745 -5.74605e-19)
(1.14723 -0.679259 1.00816e-19)
(1.02257 -0.00358118 1.21016e-20)
(1.36065 0.962385 -2.45323e-20)
(1.54972 1.01103 -1.94376e-20)
(1.05315 -0.350227 -2.88298e-20)
(1.59508 0.048546 2.67494e-19)
(1.61822 0.261782 0)
(0.0118576 0.348797 0)
(2.08537 -0.211493 4.52686e-19)
(1.06318 -0.554755 0)
(1.00004 -0.00500062 -1.77552e-19)
(1.01047 -0.000700501 3.45142e-19)
(1.45845 0.14305 -7.03901e-20)
(-0.00256618 -0.124599 1.6791e-19)
(0.973589 -0.00096484 1.87422e-19)
(0.110655 0.0342368 1.79986e-20)
(0.40162 -0.115335 2.22935e-20)
(1.5937 0.0996762 1.03596e-22)
(0.925802 0.0179012 -1.90153e-19)
(1.00357 0.0040668 2.23439e-19)
(1.00021 -0.000653627 1.31873e-20)
(0.79106 -0.0124741 0)
(0.730064 -0.0260773 0)
(0.725776 -0.0262751 7.99192e-22)
(0.702042 -0.0285461 0)
(1.40923 -0.16713 0)
(0.76395 -0.172964 0)
(0.110114 -0.111984 -2.15181e-21)
(0.166607 -0.102807 6.01414e-21)
(1.28475 -0.213706 0)
(1.38448 -0.192822 1.7133e-20)
(1.56148 0.0537997 0)
(-0.00582947 0.107582 0)
(0.0311341 0.00348401 0)
(0.246665 0.0655471 -3.00672e-21)
(0.849113 0.168593 4.03505e-20)
(0.781634 0.023153 0)
(0.789381 0.0206241 0)
(0.963564 0.0201042 -2.34207e-19)
(0.817093 0.00842356 4.35896e-19)
(1.00733 -0.00122178 0)
(0.999792 -0.000245218 4.12628e-19)
(1.00001 -0.000502613 -2.86088e-22)
(0.788896 0.0222578 3.71964e-19)
(0.993314 -0.00730937 -2.15224e-19)
(0.0163041 0.103709 0)
(0.373228 -0.0871021 -2.23076e-20)
(1.00105 -0.00131939 -2.08355e-19)
(1.00075 0.000935849 -3.57906e-19)
(1.3432 0.0638894 0)
(0.998657 0.00215295 0)
(0.999584 0.000638553 0)
(1.67943 -0.602178 -1.05782e-20)
(0.476191 -0.126375 3.74386e-20)
(0.892321 0.331618 0)
(-0.316857 0.343586 2.00168e-19)
(-0.516445 0.350155 -5.0342e-19)
(1.02003 -0.0140819 -2.77879e-19)
(-0.310765 -0.411799 -7.96319e-20)
(1.017 0.00481143 -2.24116e-19)
(1.16343 -0.216571 -1.22202e-19)
(0.79371 -0.466666 3.25396e-19)
(-0.0350377 -0.0569823 -5.68132e-20)
(1.0293 0.0125646 0)
(1.05794 -0.011984 -6.00849e-20)
(0.851573 0.0264291 0)
(-0.0756653 0.0707172 2.80789e-19)
(0.827837 -0.456758 0)
(-0.414624 -0.373356 -2.1074e-19)
(0.249944 0.0800815 -1.34174e-20)
(1.68155 0.678596 6.4631e-21)
(-0.069941 -0.0031807 0)
(1.05347 -0.0372328 1.87484e-19)
(0.993738 -0.356007 4.25612e-21)
(0.92887 -0.00452158 2.93524e-19)
(1.01298 -0.0060484 -1.89087e-19)
(1.70233 0.861178 4.53675e-20)
(0.53352 0.50175 0)
(0.457335 0.41505 2.05024e-19)
(1.97977 -0.519616 -5.66958e-22)
(1.16093 0.129392 1.98028e-19)
(1.07828 -0.707535 0)
(1.02236 0.00446015 0)
(0.999281 -0.0174087 -4.35313e-19)
(1.01729 0.0170669 -4.25685e-19)
(-0.137053 -0.290393 0)
(1.23475 0.828476 -1.26792e-19)
(1.55602 -0.56083 2.00774e-21)
(1.01535 0.00716355 1.63594e-19)
(1.01132 0.0141969 -2.05394e-19)
(-0.471904 -0.347025 -2.14529e-20)
(1.02506 -0.254667 -1.16732e-19)
(1.01904 -0.0135287 6.97175e-19)
(1.36006 -0.445967 0)
(1.8938 0.636414 -5.3915e-20)
(1.01599 -0.010395 -2.17341e-19)
(2.1328 0.0634974 -1.25175e-19)
(1.06461 0.00785743 -4.99283e-22)
(1.00959 -0.00940146 4.34173e-20)
(2.05126 -0.329331 -1.97862e-19)
(1.01516 0.00751757 2.11215e-19)
(0.905636 0.411558 1.70923e-21)
(1.01715 0.00501888 0)
(0.940493 0.156624 5.08464e-20)
(-1.00384 -0.117136 6.03502e-21)
(0.996608 0.0222809 2.09896e-19)
(1.03854 0.0210136 -5.65688e-22)
(1.33181 -0.46641 -1.31277e-20)
(1.26779 0.322454 4.15355e-19)
(0.99742 0.0176023 1.44523e-19)
(1.01731 -0.0122838 5.03553e-22)
(1.74643 0.243245 -2.17067e-20)
(1.83124 0.957165 -1.13025e-19)
(0.764275 -0.686308 6.68044e-20)
(0.440891 -0.310178 -3.19601e-19)
(1.00816 -0.00969209 0)
(1.01909 0.0041096 5.24467e-20)
(1.01187 -0.00798375 1.10396e-19)
(0.821432 0.0915093 6.34039e-21)
(1.0141 0.00771473 -2.19893e-19)
(1.02449 -0.0225061 2.52791e-19)
(1.00878 -0.00638212 -2.06392e-19)
(1.01418 0.00652633 -5.2311e-22)
(1.01326 0.00497489 -3.85528e-22)
(1.02372 0.0163869 2.10663e-19)
(0.906306 0.094952 5.25773e-19)
(1.80885 0.702193 0)
(0.693869 -0.604601 2.92446e-19)
(1.01162 -0.00287577 0)
(1.02256 -0.0185322 -6.09325e-20)
(1.55695 0.441148 -7.93849e-20)
(2.08984 -0.0769437 0)
(2.33363 -0.188251 -1.34624e-19)
(1.27398 0.476052 -7.0912e-20)
(0.759909 -0.0153749 0)
(1.83319 -0.278143 0)
(0.267986 0.395596 -2.80581e-19)
(1.23063 -0.110227 -3.31242e-20)
(1.01709 -0.00161241 -2.21372e-19)
(1.10964 -0.561533 -6.8161e-20)
(1.26802 -0.363938 -4.18103e-20)
(1.2527 0.52218 0)
(1.52166 -0.542074 0)
(2.01955 0.484787 0)
(0.0433381 0.196651 8.89209e-20)
(0.879699 0.235409 1.26921e-19)
(-0.502839 0.107653 0)
(-0.0224248 0.0708629 -2.17675e-19)
(1.7281 0.971913 -6.66492e-20)
(1.00754 -0.00145716 -4.32867e-19)
(0.867802 0.0142792 3.74427e-20)
(1.02142 0.010382 2.86773e-19)
(0.688276 -0.0411635 0)
(-0.121716 -0.267745 -1.70822e-20)
(0.623082 0.444481 -3.4487e-19)
(1.80834 0.590055 1.37637e-19)
(0.122806 0.203893 0)
(0.776304 0.0773365 8.74089e-20)
(0.531042 0.508449 5.19823e-20)
(1.19967 0.892877 -3.40396e-20)
(-0.0307993 -0.0141084 8.24354e-20)
(1.02076 0.0158075 0)
(1.07362 0.374866 5.53597e-20)
(1.0118 -0.00133121 1.62402e-19)
(2.27243 0.107145 0)
(1.01108 0.00879673 2.72534e-19)
(0.109053 -0.448928 -1.1623e-19)
(1.01912 0.0141481 -1.6864e-19)
(1.32818 0.39432 0)
(2.27921 -0.159108 5.83697e-22)
(1.00899 0.00554285 -1.13136e-19)
(0.99478 -0.0246089 2.9841e-19)
(1.10059 0.099149 -3.34957e-21)
(1.09386 0.581629 -2.47495e-20)
(-0.149649 -0.0597038 2.15141e-19)
(2.04061 0.215108 1.66728e-19)
(0.297362 0.206639 2.68459e-20)
(0.802771 0.0150643 -4.0908e-19)
(0.810109 0.0267138 0)
(0.221538 0.0542121 5.88878e-20)
(1.0227 -0.0141204 -3.2727e-20)
(0.973663 0.0303267 0)
(1.0531 0.00164959 -2.07205e-19)
(-0.245749 -0.114723 -2.06914e-21)
(-0.890892 -0.298125 2.35871e-19)
(2.11686 -0.609196 0)
(-1.00185 0.17159 -5.85294e-19)
(1.50154 -0.347408 0)
(1.04184 -0.0171699 6.087e-20)
(1.14729 0.0681001 1.15914e-21)
(1.01286 0.000375031 1.75856e-19)
(-0.827759 -0.33966 3.22795e-19)
(1.01901 0.00478331 0)
(0.993548 0.00389783 -4.21571e-19)
(1.00771 0.00963258 2.23492e-19)
(0.749592 -0.0802915 0)
(0.743355 -0.00382392 -8.90396e-21)
(0.957438 -0.000932843 -1.9105e-19)
(-0.252679 -0.429026 2.65267e-19)
(1.00469 -0.00109788 -2.17909e-19)
(1.00035 0.0288472 -5.12645e-19)
(1.62584 -0.610716 -2.29147e-20)
(-0.135793 -0.163355 -6.88235e-20)
(0.819298 0.705922 -1.75148e-19)
(0.80594 0.363414 0)
(1.0225 -0.00686974 4.59311e-19)
(1.03838 -0.0109862 2.40671e-19)
(0.216332 0.830817 7.82599e-21)
(-0.973531 0.290503 -6.29026e-20)
(1.07117 0.00851468 -1.22927e-19)
(1.09719 -0.887077 7.41521e-20)
(1.00686 0.000666433 2.27544e-19)
(0.923512 -0.668866 2.27624e-19)
(-0.365407 0.132752 3.49498e-19)
(-0.11534 -0.16165 -5.17131e-20)
(0.787159 0.0111349 -6.61141e-20)
(0.709375 -0.152906 -7.13189e-19)
(1.02125 -0.00407558 0)
(1.31282 -0.805155 1.33492e-19)
(1.58929 0.776365 2.35144e-19)
(0.111739 0.261629 0)
(-0.682937 0.218307 0)
(-0.368198 0.526592 0)
(1.02269 0.0123498 9.82099e-20)
(2.22469 0.116199 0)
(1.05985 -0.0235645 3.83002e-21)
(-0.673948 -0.454676 -1.55598e-19)
(-0.0189043 -0.0457559 1.40732e-19)
(-0.222216 0.335706 -9.50101e-22)
(1.46288 0.376924 9.83577e-20)
(-0.0230428 -0.378135 3.08776e-19)
(1.05954 0.470864 0)
(-1.30876 -0.168055 -1.58022e-20)
(1.02054 0.0186573 5.95725e-20)
(-0.104593 -0.0641247 -8.44797e-20)
(0.888301 0.721429 -5.58188e-20)
(-0.0407838 -0.0589528 3.37083e-20)
(1.31109 -0.9601 6.66021e-20)
(0.542729 0.620692 -1.10965e-20)
(1.02314 -0.134375 3.35989e-20)
(-0.509359 0.112013 -1.3943e-19)
(0.899987 0.0120171 0)
(0.196536 0.12753 6.52739e-20)
(0.657942 -0.290468 -5.60921e-20)
(-0.136671 -0.202339 5.96699e-20)
(2.02987 0.158214 0)
(1.04435 0.0279325 2.38114e-19)
(-1.612 0.0646589 0)
(1.31287 -0.294382 5.47638e-20)
(-0.936312 0.0442648 0)
(0.88448 0.34021 -2.23858e-19)
(1.50789 0.790224 -1.39955e-19)
(-0.0880254 -0.155506 -1.03603e-20)
(0.945005 0.0398931 -4.69459e-19)
(1.02748 0.000744955 0)
(1.11566 0.0101869 1.22984e-19)
(1.43523 -0.269692 0)
(1.81159 -0.436361 0)
(1.01768 0.00679262 -4.15939e-20)
(0.990281 0.0427591 -1.99737e-19)
(2.06287 0.422975 -4.25576e-19)
(-0.116482 0.207475 0)
(1.02393 -0.014713 9.51734e-23)
(0.924221 -0.746215 -1.47641e-19)
(0.654266 0.36018 0)
(1.07378 -0.0261499 -2.98489e-19)
(2.03003 -0.116323 1.55455e-19)
(-0.760815 0.153945 -2.61033e-19)
(-0.116223 0.396484 1.87621e-19)
(-0.508774 -0.515686 1.44251e-20)
(-0.436847 -0.0988049 -1.56054e-19)
(-0.0499565 -0.048471 1.86124e-19)
(1.16918 -0.542565 1.41906e-20)
(0.153233 -0.342964 1.72175e-19)
(0.943628 -0.703877 2.55423e-19)
(1.05741 -0.874489 0)
(1.01135 0.0105514 -4.94494e-19)
(0.763442 0.221254 -7.58262e-20)
(1.02007 -0.00187086 -1.84581e-19)
(-0.147425 -0.0774243 -5.96633e-20)
(-0.161543 -0.402039 1.9983e-19)
(1.01982 0.0210607 -2.36865e-19)
(-0.136941 -0.243663 3.93752e-19)
(0.132138 -0.607394 6.28472e-21)
(1.03632 -0.0108362 -4.00599e-19)
(1.70155 -0.0294811 0)
(-0.316745 0.211934 -1.19146e-19)
(-1.01149 -0.209231 -2.86471e-19)
(1.20316 0.675607 0)
(1.11578 0.0854418 0)
(1.0603 0.0240296 2.68883e-19)
(1.67423 0.450933 -3.7791e-19)
(1.21716 -0.0267714 -2.51389e-20)
(1.16707 0.634867 1.67663e-19)
(-1.01678 0.219001 -2.22728e-19)
(1.0463 0.0146121 1.39491e-19)
(0.0465258 -0.605025 -1.7376e-20)
(1.23001 0.15602 -3.92737e-19)
(-0.197063 0.0984037 0)
(0.996246 -0.25668 -2.0261e-19)
(-1.32333 0.332519 2.30697e-19)
(1.35838 -0.559887 -2.20713e-19)
(1.02192 -0.0167175 -2.76935e-19)
(0.472808 0.45691 -1.42444e-19)
(0.796809 0.131044 -1.80179e-19)
(-0.833799 -0.584908 2.77561e-19)
(0.892475 0.0323253 -3.21087e-19)
(0.531088 0.0534496 -2.06699e-19)
(1.00952 -0.00556874 -2.30476e-19)
(0.816772 0.611391 -2.39094e-19)
(-1.43709 0.132311 -3.52176e-19)
(0.440656 -0.422021 -1.45408e-20)
(0.0547078 -0.0685463 5.49386e-20)
(-0.282959 -0.14677 1.02357e-19)
(1.789 -0.549819 0)
(1.08256 -0.844564 0)
(-0.271233 0.472446 2.17971e-20)
(0.898768 0.0581337 0)
(0.725208 -0.392812 2.034e-19)
(-0.0577582 -0.0781027 0)
(2.02296 0.257345 4.3049e-19)
(1.02264 0.0100724 0)
(2.25369 0.112809 -5.71787e-20)
(1.0799 -0.388282 3.69975e-19)
(0.976504 -0.00811794 2.02288e-19)
(1.06473 0.0830571 -2.03119e-19)
(0.719921 0.182545 8.82172e-20)
(1.01813 0.0253969 2.89245e-19)
(1.19758 -0.301884 0)
(0.979598 0.00897626 2.35677e-19)
(1.15362 0.069097 -1.06221e-21)
(0.269106 0.3395 6.02825e-20)
(1.44353 1.06397 1.90313e-20)
(1.01827 -0.0153931 3.14814e-19)
(1.43399 -0.404664 -3.33045e-20)
(1.94451 0.610734 0)
(1.24932 0.929616 0)
(0.999435 -0.129042 -4.58978e-19)
(-0.90815 0.420872 0)
(0.700987 0.438157 7.18537e-20)
(1.19301 -0.918649 0)
(0.517727 0.371988 0)
(0.640474 0.582467 -5.33241e-19)
(2.05237 0.174055 2.68972e-20)
(1.03223 -0.0272036 -1.33921e-19)
(-0.0998257 0.193177 1.02385e-19)
(1.05657 0.0556364 0)
(1.03651 -0.0396411 0)
(0.512623 -0.28438 -7.43915e-20)
(0.292246 0.442914 0)
(0.761866 0.485485 3.62232e-20)
(1.04446 -0.00897428 5.66954e-22)
(0.625497 0.469704 1.40482e-19)
(1.14601 0.0253972 3.10758e-20)
(1.55009 -0.607565 -7.75173e-20)
(1.09017 0.0369455 1.79709e-19)
(1.0435 -0.000560548 -2.00691e-19)
(1.14606 0.217395 2.07383e-19)
(1.01011 0.0292232 -4.66573e-19)
(0.163972 -0.252506 0)
(-0.327955 0.199299 -4.056e-20)
(-1.10323 0.106406 -3.77694e-19)
(0.898656 -0.138569 -2.62618e-19)
(2.33485 0.0697734 0)
(-0.491047 -0.38902 1.66333e-19)
(-0.092948 0.132188 1.13249e-19)
(2.16936 0.23268 -2.46514e-19)
(0.881056 0.418386 7.21674e-20)
(1.48717 0.353544 -2.30901e-22)
(0.862312 0.721662 4.23884e-19)
(0.767615 0.992645 5.01164e-21)
(1.1058 -0.0277304 0)
(1.01218 -0.0860663 -1.34977e-19)
(-0.14018 0.263082 1.05965e-19)
(1.62555 -0.320189 -7.6206e-20)
(2.20048 0.118515 0)
(2.33632 -0.22324 0)
(1.63828 0.118746 1.29601e-19)
(-0.0527674 0.0911167 0)
(1.01651 0.0241509 -1.81019e-19)
(-1.27407 0.541623 0)
(1.00549 -0.0112108 1.33982e-19)
(0.661403 -0.314702 -2.3172e-19)
(0.961602 -0.0210747 4.40937e-19)
(1.85586 0.288934 2.88229e-20)
(1.06129 -0.0239048 -4.87244e-19)
(0.836504 0.0222236 5.76898e-20)
(2.44266 -0.0542305 -1.9483e-19)
(1.07025 -0.0358932 0)
(1.05305 -0.00565681 1.45056e-19)
(-0.388768 -0.0124178 -1.78434e-19)
(1.12155 0.0027445 -2.2878e-19)
(0.882983 0.644283 -4.68922e-19)
(1.50623 -0.517704 5.55686e-21)
(2.15645 0.121635 0)
(0.304749 -0.0490537 5.45066e-19)
(1.16842 0.220323 0)
(-0.61574 -0.481816 9.21464e-20)
(-0.329364 -0.395668 1.51759e-19)
(1.07239 -0.892574 0)
(0.740007 0.0257284 1.19689e-19)
(-0.614602 -0.388021 0)
(2.04826 0.549192 0)
(-0.0560859 0.00600845 1.38124e-19)
(0.872786 0.105923 -2.57841e-19)
(-0.928669 -0.360312 4.42548e-19)
(0.942394 0.697425 -3.77716e-19)
(1.00573 0.041847 -6.56081e-21)
(1.02804 -0.037935 1.52995e-19)
(2.53578 -0.115521 0)
(1.05671 -0.0969093 -5.86618e-20)
(0.0290821 0.106069 3.45479e-19)
(1.02054 -0.0155284 3.05133e-19)
(1.08096 -0.0125227 1.17201e-19)
(1.91003 0.306883 0)
(1.00463 -0.00895363 0)
(1.00367 0.873047 -3.32748e-20)
(1.03818 -0.0177027 -1.86855e-19)
(1.1681 -0.458383 -1.12848e-19)
(-0.784913 -0.0139256 1.57461e-20)
(1.16397 -0.133364 0)
(1.4017 0.030906 0)
(1.04303 -0.404083 6.83014e-21)
(0.700431 0.289052 -2.54408e-19)
(0.421995 0.131957 -1.1524e-20)
(0.990638 0.0681603 2.64165e-19)
(0.446137 0.236525 -1.55991e-19)
(2.56376 0.428667 0)
(0.040633 0.0864148 4.36102e-21)
(1.10057 0.0104713 -1.22616e-19)
(-0.120323 0.0172462 0)
(0.8014 -0.00267622 0)
(0.029194 -0.113827 -2.66366e-20)
(-0.178442 -0.0417384 1.5725e-20)
(0.775182 0.000660505 1.22599e-19)
(1.13083 -0.0102532 0)
(0.805316 -0.743396 0)
(0.0528555 -0.55657 -1.49245e-20)
(1.02152 0.719592 -2.33081e-19)
(0.439926 0.115757 -1.10428e-19)
(-0.0740086 0.431448 3.66371e-21)
(1.9624 0.798318 2.13752e-19)
(0.993891 0.0337993 1.91061e-19)
(1.02885 -0.0568577 1.08738e-19)
(0.312894 -0.197346 -7.29592e-19)
(-0.0581856 -0.0274043 0)
(-0.711288 -0.000323777 -1.58121e-19)
(0.577274 -0.55223 -4.00682e-19)
(-0.435227 -0.376751 2.3523e-19)
(0.93812 0.12127 -1.92574e-19)
(0.980123 0.351202 3.75435e-19)
(1.01714 -0.0854272 1.55919e-21)
(1.0253 0.00562358 -3.49667e-20)
(0.991911 -0.00771465 1.46788e-19)
(-0.548913 -0.492598 -2.44192e-19)
(-0.086396 -0.127478 -9.97469e-20)
(-0.335284 -0.539312 0)
(1.18891 0.267993 1.44003e-19)
(1.11751 0.0213777 0)
(-0.981022 -0.0144476 -1.76771e-19)
(-0.0741881 0.124816 -1.43673e-19)
(-0.163656 -0.360221 0)
(1.0099 0.00863417 2.03395e-19)
(0.987178 -0.0370367 0)
(2.51669 0.178115 -3.5584e-19)
(-0.86319 -0.408472 1.51835e-20)
(0.985092 0.00225871 -4.20448e-19)
(-0.492781 0.0656411 6.28785e-21)
(1.61512 0.391878 -3.72503e-21)
(0.537076 0.523823 0)
(0.77423 0.67811 1.75889e-19)
(1.73966 0.478028 9.7549e-20)
(-0.364131 -0.395467 1.48082e-19)
(1.95437 0.21116 -6.97027e-21)
(-0.282918 -0.267868 -1.17657e-19)
(1.44427 0.377745 -3.17024e-19)
(1.136 -0.240076 3.65292e-19)
(0.613538 -0.261451 -6.60305e-21)
(0.125128 -0.12158 1.96248e-19)
(0.137012 0.132881 0)
(-0.0951161 0.108038 0)
(-0.0654982 -0.0616016 6.93349e-20)
(1.00194 0.00315675 -2.25426e-19)
(1.02475 0.00261936 -1.91253e-19)
(-0.399944 -0.0132122 -1.58953e-19)
(1.67371 -0.514758 6.25799e-20)
(1.32624 -1.01025 3.92554e-21)
(1.10866 0.75022 0)
(0.921405 0.06093 -5.78426e-19)
(1.41262 -0.330691 -7.57908e-20)
(1.01311 -0.020915 -5.65297e-20)
(1.1839 -0.223233 1.30636e-19)
(-0.340522 -0.40046 0)
(2.23936 0.169786 -2.52694e-20)
(-0.588502 -0.401619 5.04586e-20)
(-0.171941 0.0527189 -3.0916e-19)
(1.0279 -0.0533939 2.06634e-19)
(-0.0537897 -0.0554147 0)
(1.35782 -0.287294 -8.63431e-20)
(0.487408 0.287335 1.23517e-19)
(-0.05457 -0.0592006 7.32458e-20)
(1.01799 -0.0138047 2.50249e-19)
(0.697057 0.334354 0)
(-0.0859931 0.147196 1.34817e-19)
(0.442579 -0.431739 0)
(0.13031 -0.130402 -3.73384e-19)
(-0.0537503 0.0631245 1.01977e-19)
(0.141983 0.140472 1.79131e-19)
(-0.043801 -0.0486514 -7.75946e-20)
(-0.280587 -0.405759 0)
(0.959222 0.302023 2.29989e-21)
(0.703012 0.373589 -4.8208e-21)
(0.676437 -0.608595 2.56804e-19)
(1.01337 -0.00984791 0)
(-0.0404929 -0.0455455 0)
(0.953505 -0.0739384 2.39903e-19)
(1.4728 -0.711951 -4.61621e-21)
(-0.923996 -0.469074 -4.65826e-19)
(0.973064 0.0464093 -2.62759e-19)
(0.620112 -0.566139 4.56245e-19)
(1.31788 -0.67651 -6.08013e-20)
(-0.414276 -0.616752 -3.2219e-19)
(1.0964 0.0738129 0)
(1.01666 -0.00759917 -2.8961e-19)
(-0.0190844 -0.0261733 0)
(-0.834248 0.0600557 -2.56254e-19)
(0.153627 0.152934 1.71042e-19)
(-0.0353632 -0.0431607 0)
(1.14844 0.107828 -1.74554e-19)
(1.75742 0.595876 0)
(1.08468 -0.0757554 0)
(-0.158491 -0.118192 8.86548e-20)
(-0.101572 0.162381 -1.78132e-19)
(-0.00568098 -0.00902371 -6.9628e-20)
(-0.0682842 0.0786735 9.87184e-20)
(0.126841 0.115904 0)
(0.972761 -0.0970568 -2.95237e-19)
(0.131272 -0.131705 -1.83784e-19)
(0.147561 0.143084 -3.41713e-19)
(0.205458 0.198873 1.27897e-19)
(0.959258 0.0248453 7.02896e-19)
(0.189711 0.181244 -1.39883e-19)
(-0.00264161 -0.00577424 6.54535e-20)
(0.152081 0.152968 -3.25902e-19)
(0.180434 -0.179677 -2.90186e-19)
(-0.0261351 0.0329053 0)
(-0.0236139 -0.0285497 1.51092e-19)
(-0.414494 -0.0617263 4.21342e-19)
(0.157513 0.153985 0)
(0.229492 0.251543 0)
(-0.25569 -0.405083 0)
(0.541481 -0.160409 2.17421e-21)
(0.223979 0.220753 2.49537e-21)
(-0.0285802 0.0327931 -5.96824e-20)
(-0.110579 0.122017 9.15011e-20)
(0.197917 0.192863 -1.34635e-19)
(0.151379 -0.146446 0)
(-0.00927221 -0.0121454 7.44045e-20)
(-0.0116165 0.015089 4.34821e-23)
(-0.268808 -0.418489 -1.35792e-19)
(1.05502 -0.12422 -5.10529e-20)
(-0.710493 -0.11207 2.36764e-19)
(-0.0457844 0.054582 -9.99718e-20)
(0.00110187 -0.00275714 0)
(0.221324 0.220858 0)
(0.167888 -0.166839 -7.26815e-20)
(-0.00516837 0.00636869 -1.01043e-19)
(2.2553 0.521239 1.79732e-19)
(1.41617 -0.586183 -2.42515e-19)
(0.203764 0.207103 2.44801e-19)
(-0.177797 -0.219233 5.81689e-20)
(-0.0788465 0.0895484 9.94389e-20)
(0.00365527 0.000492737 -1.88326e-19)
(0.199611 -0.198476 2.61957e-19)
(-0.019898 -0.66786 1.63966e-20)
(-0.0157877 0.0200846 0)
(0.130777 -0.128697 -3.78743e-19)
(0.952233 -0.0704497 0)
(1.53082 -0.361289 0)
(0.554181 -0.489616 -4.07724e-19)
(-0.430914 0.260932 9.94971e-21)
(0.174014 -0.167246 1.44023e-19)
(1.00728 0.0193956 1.95733e-19)
(0.878113 -0.0959921 2.77743e-19)
(0.39881 -0.385601 5.67087e-19)
(1.7412 0.627444 3.96132e-20)
(0.228965 0.217319 1.00688e-19)
(0.843747 0.577757 0)
(0.606228 -0.528384 3.77612e-20)
(0.00485185 0.0031038 6.12323e-20)
(0.416452 0.077392 2.2978e-20)
(1.05206 -0.120212 8.62214e-20)
(1.07662 -0.247131 0)
(0.936321 -0.128504 6.99499e-19)
(-0.0207186 0.0258581 0)
(0.52003 -0.651352 0)
(1.16283 -0.216597 2.00521e-19)
(1.15686 0.365103 2.18071e-19)
(1.10809 0.00782625 0)
(-0.632645 -0.649281 2.68731e-19)
(-0.991098 -0.313573 4.49117e-20)
(1.03655 0.00848178 -2.79224e-19)
(-0.13188 -0.315912 0)
(1.17392 -0.207854 0)
(1.3405 0.632037 0)
(0.117204 0.115943 4.54931e-19)
(0.00401621 0.00434807 0)
(0.198631 0.189175 1.17748e-19)
(0.166593 -0.153135 0)
(-0.00406343 0.00412834 -1.00325e-19)
(0.0026814 0.00338948 0)
(0.501997 0.0205754 1.6633e-19)
(0.836704 -0.413478 -5.87334e-19)
(-0.00426121 0.00451052 -9.46521e-24)
(-0.115066 -0.0928949 -1.6583e-19)
(0.248726 -0.239914 0)
(0.249054 0.236945 0)
(-0.582885 -0.525048 2.37149e-19)
(0.945608 0.0635404 3.49522e-21)
(1.09011 -0.358485 -2.1843e-19)
(-0.00451935 0.00523177 2.98444e-19)
(-0.120036 0.119973 1.74604e-19)
(1.0622 0.143886 2.57647e-19)
(0.0210847 -0.723528 0)
(0.000999049 0.00268526 -2.11486e-22)
(-0.205556 -0.437448 3.99006e-21)
(-0.0796626 0.0375329 0)
(2.33055 -0.15731 -1.35827e-19)
(1.03112 0.150756 0)
(0.998438 -0.0677743 3.40624e-19)
(-0.959217 0.0842543 0)
(0.225262 -0.209463 -3.53088e-21)
(1.00933 -0.0175385 1.73872e-19)
(0.565539 0.173735 4.11878e-19)
(1.34112 -0.774224 2.69764e-19)
(0.315637 0.295251 1.86853e-22)
(1.65506 0.517447 0)
(0.946262 -0.573512 8.0281e-20)
(1.78673 -0.920431 2.91488e-20)
(-0.00480447 0.00413862 1.95192e-19)
(1.27903 0.0367662 5.72406e-20)
(2.38596 0.424175 9.59132e-20)
(-0.00372506 0.00377518 -5.77236e-20)
(1.02331 0.03253 2.50687e-19)
(-0.113283 0.190273 -2.00708e-19)
(0.341583 0.318137 0)
(-0.00164346 0.000659824 0)
(0.263087 0.249359 8.6785e-20)
(0.289704 -0.270021 -2.74634e-19)
(-0.00372451 0.00393593 2.0631e-19)
(1.06245 -0.760915 -9.17312e-20)
(1.12431 -0.211377 1.90146e-19)
(0.326725 -0.311669 0)
(-0.00639531 0.0041449 0)
(0.282586 0.268018 0)
(-0.0446061 0.0442379 -1.18839e-19)
(0.267195 -0.26469 0)
(-0.0137744 -0.00656725 -1.04995e-19)
(0.302471 0.284971 -6.171e-20)
(-0.0131631 0.00630543 0)
(0.251673 -0.24691 0)
(-0.0595222 -0.719123 0)
(-0.0279418 0.0155872 0)
(-0.0437541 0.0296623 -6.01204e-20)
(-0.114733 -0.214549 0)
(1.00222 -0.00183992 2.66299e-19)
(0.456934 -0.429238 9.48627e-20)
(-0.0875466 0.0613532 -1.04467e-19)
(-0.0374145 -0.0266514 1.95549e-19)
(0.380989 0.350195 -4.43402e-20)
(1.68376 0.386903 0)
(-0.187081 0.121182 0)
(-0.121405 -0.279181 1.66188e-20)
(-0.131189 0.10479 0)
(0.352579 -0.330765 0)
(-0.0560723 -0.0414479 0)
(0.431636 0.391839 0)
(-0.0880457 -0.0710515 1.23257e-19)
(0.510503 0.473838 3.51331e-20)
(-0.166832 0.157005 -4.69253e-19)
(0.522462 -0.481969 2.07853e-20)
(1.16617 0.140944 0)
(1.01787 -0.410077 2.19757e-20)
(-0.191878 -0.704836 -2.44026e-19)
(1.04265 0.0620592 -2.42391e-19)
(1.43133 0.0266095 0)
(1.63286 -0.462344 -1.26913e-20)
(1.34507 -0.502568 2.02498e-19)
(0.953501 0.0148 0)
(-0.18841 -0.106185 3.28217e-19)
(-0.932714 -0.0856006 3.36222e-20)
(-0.0250936 -0.0181774 -2.2887e-22)
(-0.691804 -0.590957 0)
(1.10753 -0.169812 -2.47097e-19)
(0.378912 0.238925 4.42174e-19)
(2.69158 0.2447 -1.75946e-19)
(1.49984 0.618625 -3.84683e-20)
(1.5384 -0.744646 2.73289e-20)
(-0.223897 -0.228911 -6.48939e-20)
(1.94465 0.200652 1.63882e-20)
(1.85261 -0.73584 1.9833e-20)
(1.04908 0.0923113 -3.25758e-20)
(-0.327628 0.158829 1.75698e-19)
(1.10303 -0.00180466 0)
(2.01865 0.152445 -1.84699e-20)
(0.145127 0.110274 -3.17158e-21)
(1.2801 -0.227857 0)
(0.117426 -0.107646 -6.20504e-19)
(-0.00873182 0.0110384 0)
(0.506695 -0.46849 0)
(1.97682 0.611723 -8.49059e-20)
(0.891221 -0.418459 0)
(2.33271 -0.22263 1.635e-19)
(-0.0142303 -0.00976109 1.07672e-19)
(0.253704 -0.257536 9.52755e-20)
(1.01506 -0.0450486 0)
(-0.533918 -0.272186 0)
(-0.0704996 -0.03888 8.97028e-20)
(-0.100598 -0.0761 1.93513e-19)
(1.01802 0.266367 -2.26925e-19)
(0.420731 0.100828 -3.71207e-19)
(1.03008 0.0174466 -9.23356e-21)
(2.15587 0.13433 0)
(-0.187649 -0.435539 1.44447e-19)
(-0.0672553 -0.094041 0)
(0.64028 0.10152 3.51182e-19)
(0.966151 0.172613 -5.0438e-20)
(0.670636 -0.571232 -2.09276e-19)
(0.994651 0.137402 3.54882e-19)
(0.9969 0.0124742 0)
(1.29647 0.753069 -6.82552e-20)
(2.07382 -0.240491 0)
(0.552356 0.505389 0)
(0.663315 -0.681599 0)
(-0.21498 -0.167458 -2.93167e-20)
(0.337548 0.279437 2.52436e-19)
(-0.104116 0.334248 0)
(1.13445 0.0758728 1.53919e-19)
(1.02337 -0.22609 0)
(0.518981 0.0113383 1.69735e-19)
(0.360829 -0.134696 2.24276e-19)
(-0.0755254 0.36215 2.73636e-19)
(0.343539 -0.450564 -2.26225e-19)
(0.978084 -0.0204907 2.14848e-21)
(1.47333 -0.595817 2.8912e-19)
(1.51387 -1.03961 2.44033e-21)
(0.143021 0.0817 1.47732e-19)
(2.058 0.541153 0)
(-0.373625 -0.249688 0)
(-0.103282 0.195951 0)
(1.37317 -0.115385 2.04838e-19)
(-0.68966 -0.5294 -9.2911e-20)
(0.271487 -0.250767 -1.8584e-19)
(2.48878 0.0112082 9.20112e-20)
(0.825421 0.534683 -7.20028e-20)
(0.83529 0.272826 5.24386e-21)
(0.955552 0.239409 6.84943e-20)
(1.24647 0.0797802 -3.86582e-20)
(-0.101865 -0.358404 6.32758e-20)
(-0.496373 -0.354268 0)
(0.91956 -0.000517324 0)
(-0.420301 -0.226834 1.2121e-19)
(0.164966 0.163281 0)
(2.02176 0.466641 0)
(-0.515575 -0.320224 1.06819e-19)
(0.570592 0.487246 -2.34675e-19)
(0.465952 -0.372966 3.19285e-19)
(-0.218023 -0.0288745 0)
(1.42445 0.941915 -2.34106e-20)
(1.06933 0.0119579 0)
(-0.576173 -0.499086 -4.73118e-19)
(-0.473697 -0.210207 -1.65689e-19)
(1.26554 -0.391702 9.51867e-20)
(0.47293 0.441113 5.29624e-19)
(0.721426 -0.21818 2.35653e-19)
(-0.234158 0.200506 0)
(1.14497 0.0644047 1.62771e-19)
(1.0207 0.584061 -9.59878e-20)
(-0.158567 -0.0551046 0)
(0.693395 -0.238565 0)
(1.33744 0.860182 6.34571e-20)
(-0.00682086 0.00875853 -2.00605e-19)
(1.94486 -0.25393 -3.35552e-19)
(1.21014 0.269511 0)
(1.46934 -0.533567 1.42847e-20)
(0.785196 0.454686 0)
(-0.287512 -0.075447 -1.83106e-19)
(1.30336 0.930695 -8.03001e-20)
(1.70974 0.450814 2.73235e-20)
(0.990031 -0.51139 -1.75934e-20)
(-0.154922 0.0926051 5.34781e-22)
(-0.132693 -0.282805 -6.66517e-20)
(1.02679 0.0729293 2.47806e-19)
(-0.543953 -0.173784 0)
(0.980953 0.198026 3.45175e-21)
(1.76508 0.419653 -1.41049e-20)
(1.48178 -0.848198 1.94439e-19)
(1.26219 -0.303143 -1.4577e-19)
(1.67604 -0.339026 9.4453e-20)
(-0.198192 -0.0862222 3.58807e-20)
(0.63333 0.567829 1.39875e-19)
(0.133147 -0.0799212 1.62716e-19)
(1.46067 0.454066 -1.65392e-20)
(1.45872 0.193662 -1.27164e-20)
(1.9561 0.136034 4.13387e-20)
(0.902719 0.618156 1.35506e-19)
(-0.263942 -0.713204 5.4139e-19)
(1.15178 -0.366032 -1.73682e-19)
(0.977865 0.272799 -1.49478e-19)
(-0.453144 -0.416255 -8.70459e-20)
(-0.18132 0.278975 0)
(1.00204 0.00530286 5.56869e-19)
(0.627304 -0.192211 0)
(0.885568 0.578856 -1.39955e-19)
(1.3278 0.12969 4.51914e-21)
(-0.1493 -0.395977 -9.66219e-21)
(1.88249 -0.452508 0)
(1.15041 -0.363804 0)
(1.41631 -0.312454 5.89041e-20)
(0.694921 -0.486796 2.26965e-19)
(1.07256 -0.315136 0)
(-0.205356 -0.44937 -1.43711e-19)
(0.932098 -0.0788515 -2.68366e-19)
(0.721372 -0.609629 -1.23325e-20)
(-0.510899 -0.313041 2.30108e-19)
(-0.105382 -0.109129 -7.6212e-20)
(-0.0889512 -0.039404 -1.43118e-19)
(0.110696 -0.0562944 -1.98642e-19)
(-0.928581 -0.204286 -2.08287e-20)
(0.818096 -0.287316 -1.57887e-19)
(1.2773 0.211108 -4.55075e-20)
(0.686299 0.00915275 0)
(0.804198 0.126158 3.2492e-19)
(1.18994 -0.365728 3.86495e-21)
(0.985479 -0.125969 -5.01339e-21)
(0.610684 0.543783 1.8163e-19)
(1.87084 0.192695 5.58154e-22)
(1.31486 -0.0530258 1.19603e-19)
(1.06184 -0.0193682 4.53605e-20)
(0.819412 -0.369637 1.62659e-19)
(0.491645 -0.191992 0)
(-0.102676 -0.108076 7.53925e-20)
(0.967313 0.104601 1.64985e-19)
(1.11185 0.713324 9.42513e-20)
(-0.0913447 -0.101714 1.57236e-19)
(1.03017 -0.604614 3.37862e-19)
(0.119081 -0.107502 0)
(1.84517 0.898057 0)
(0.24615 0.240921 3.55539e-19)
(1.6213 0.584314 0)
(-0.166532 0.193204 0)
(0.966029 -0.620016 -2.94682e-19)
(-0.0828507 -0.0918973 2.32726e-19)
(-0.111688 0.00521834 1.52384e-19)
(1.09558 -0.0217548 5.38591e-20)
(1.6122 1.07552 -2.04406e-23)
(0.9536 -0.0345074 -1.88308e-19)
(0.12101 -0.118031 9.77417e-20)
(1.05382 0.149349 -1.78597e-19)
(-0.147198 0.171276 2.96047e-19)
(1.05473 0.373032 0)
(0.249765 0.249657 -1.80594e-19)
(-0.41446 -0.0548147 1.44779e-19)
(1.97179 0.361171 0)
(-0.894252 0.00763702 -1.67511e-19)
(0.0213608 0.0640813 1.38483e-19)
(-0.494838 -0.299869 0)
(-0.0418678 -0.0282746 -3.03533e-20)
(0.216476 -0.213754 0)
(0.985459 -0.716301 0)
(-0.11006 0.128333 2.04653e-19)
(0.547551 -0.518677 5.23777e-19)
(-0.0744784 -0.0859401 -1.39905e-19)
(-0.368766 -0.14059 -1.59295e-19)
(0.226699 -0.227866 -1.88056e-19)
(0.257155 0.252523 5.28669e-19)
(-0.307644 -0.277815 -1.3959e-19)
(-0.527238 -0.635971 -1.02831e-19)
(-0.00416535 -0.00135136 0)
(-0.185015 -0.426649 1.18182e-19)
(1.03812 -0.131683 -3.5707e-19)
(-0.0925849 0.10844 9.76067e-20)
(1.59816 -0.529427 5.19738e-20)
(1.45482 0.141279 0)
(2.1712 0.293551 -1.71219e-20)
(0.948999 -0.0341293 0)
(-0.0512999 -0.0567516 0)
(0.222541 0.224029 0)
(0.968592 0.0769396 0)
(1.09221 -0.252957 0)
(0.98848 0.112751 -3.28259e-19)
(0.25086 0.250753 -1.71632e-19)
(-0.566204 -0.408341 -1.42742e-19)
(-0.0587229 -0.0695107 1.53043e-19)
(0.969819 -0.187767 1.81752e-19)
(0.761641 -0.356855 0)
(-0.198839 0.189522 -2.30725e-19)
(1.01449 -0.0167962 -2.24e-19)
(-1.09567 0.0432374 6.3388e-19)
(-0.0137563 -0.0192917 0)
(-0.0767847 -0.0948501 -8.14233e-20)
(0.299206 0.279557 -1.42521e-21)
(0.26923 0.257559 0)
(-0.0205667 -0.0266107 7.26643e-20)
(-0.291633 0.408408 2.07086e-19)
(1.28292 -0.492816 2.25543e-19)
(1.75042 -0.424376 -4.53204e-20)
(0.727068 0.0107608 -2.25906e-19)
(1.04034 0.0462968 0)
(0.349185 0.340641 -2.43767e-19)
(-0.646755 -0.58177 2.24944e-19)
(0.331001 0.321754 -4.05285e-19)
(0.325521 0.316768 1.29705e-19)
(0.3746 -0.354895 0)
(-0.0586239 0.0711288 5.5861e-20)
(-0.130046 0.149319 0)
(-0.00798125 -0.0124007 1.78306e-19)
(-0.0638929 -0.0813071 1.63946e-19)
(0.478956 -0.363524 6.79286e-19)
(0.879139 -0.417616 -8.3546e-20)
(0.356626 0.356511 0)
(-0.0735586 0.0808177 2.39947e-19)
(0.221814 -0.225059 3.7994e-19)
(1.23545 0.141825 -5.29941e-21)
(0.351487 0.352493 0)
(1.01916 0.346492 -1.1291e-20)
(-0.316321 -0.229677 2.26683e-21)
(2.58187 0.217127 8.7682e-20)
(-0.000979362 -0.00579825 0)
(1.2086 0.775219 0)
(-0.0287273 0.0338183 -3.04145e-19)
(0.316231 -0.317698 -3.01397e-19)
(0.252626 -0.224997 4.19541e-20)
(1.96436 0.240163 -3.7843e-20)
(1.10158 0.351949 -1.34774e-19)
(0.292472 -0.284149 -2.99201e-19)
(1.03469 -0.0200262 3.72456e-19)
(1.00764 0.0762212 0)
(0.623785 -0.0727348 -2.1694e-21)
(1.07934 0.0203807 1.32909e-19)
(0.494526 -0.0399115 1.18642e-20)
(1.37803 -0.501547 0)
(1.20967 0.189131 -1.17517e-19)
(1.98824 0.444062 -1.75617e-19)
(-0.0469823 0.0570067 0)
(-0.173596 0.112065 3.65416e-19)
(1.78659 0.530442 0)
(1.00343 0.000115578 5.953e-20)
(0.315974 -0.304766 -1.39673e-19)
(1.00471 0.0064885 6.12354e-19)
(0.640588 -0.484108 0)
(1.12012 -0.86528 0)
(0.00193127 -0.000115993 6.31539e-20)
(0.124338 0.0532849 0)
(1.08557 -0.0236443 7.8783e-20)
(0.55016 0.431837 6.4666e-20)
(0.722058 -0.0187081 -5.02397e-19)
(-0.0375386 0.0440968 0)
(-0.307337 0.0206765 1.90695e-19)
(-0.619236 -0.466447 0)
(1.8893 0.810533 0)
(-0.0220946 -0.0114472 0)
(-0.0328123 -0.0176178 6.08506e-20)
(1.73787 0.771218 -1.62139e-20)
(1.01904 0.0573475 0)
(-0.180997 0.207846 9.20514e-20)
(-0.0105129 0.0114526 0)
(1.42481 0.155242 0)
(1.56962 -0.801576 4.27817e-20)
(0.402312 0.378375 2.03551e-19)
(-1.02236 0.233112 -5.07022e-19)
(0.00354156 0.00422334 -6.63013e-20)
(0.453928 -0.301218 -1.68853e-19)
(1.05094 0.285408 0)
(0.393485 0.0166224 1.70275e-19)
(1.19948 0.0822968 0)
(0.903337 -0.0565587 3.67305e-19)
(0.241124 0.124875 -1.74488e-19)
(0.422909 0.400102 -9.99547e-20)
(0.752041 0.260659 1.98834e-19)
(-0.220825 0.369701 2.03259e-19)
(1.48111 0.594609 5.99215e-21)
(0.202735 -0.199762 2.0411e-19)
(0.00271654 0.00517917 1.47409e-19)
(1.46213 -0.469067 -1.64658e-19)
(-0.0212246 0.0258636 1.01648e-19)
(-0.00853763 -0.0110189 0)
(-0.102134 -0.0481316 -8.76137e-20)
(-0.0084979 0.00861995 1.01388e-19)
(1.02075 -0.18745 0)
(0.380746 -0.349427 1.50793e-19)
(0.274009 0.269181 1.57055e-19)
(0.266148 0.26716 -3.47412e-19)
(1.36971 -0.0463563 0)
(0.349029 -0.348089 -2.6057e-19)
(1.73724 0.486034 0)
(1.56613 0.114574 -3.32164e-20)
(0.0018435 0.00264115 7.23859e-20)
(0.899981 -0.0355192 0)
(0.615682 0.580436 -2.02135e-19)
(1.02206 -0.013996 -2.74879e-19)
(1.0938 -0.0169451 -1.33921e-19)
(-0.119995 -0.00314444 1.16484e-20)
(-0.0353931 -0.0572111 -5.17644e-21)
(1.04884 0.020096 -3.6461e-19)
(2.69597 -0.0559063 -7.62281e-20)
(-0.143242 -0.0564634 9.93103e-20)
(-0.00898994 0.00968125 -2.01729e-19)
(-0.11411 0.0406699 -2.02499e-19)
(1.30219 -0.372208 1.00192e-19)
(-0.00864898 0.00811628 -3.31334e-23)
(1.11007 -0.000292574 -1.62119e-19)
(0.410614 -0.398201 9.91053e-20)
(-0.0256178 -0.0313595 1.81626e-19)
(0.231308 -0.221025 0)
(-0.149072 0.252138 -2.34475e-23)
(1.64676 1.00603 0)
(0.867285 0.0168735 -1.51284e-19)
(-0.251953 0.0159966 -1.71285e-19)
(-0.401687 -0.218397 -1.411e-19)
(0.739329 -0.606017 0)
(0.449045 0.422678 -2.68102e-19)
(-0.0124285 0.01516 1.03784e-19)
(0.289416 0.195544 -1.95152e-19)
(0.565076 0.550845 -1.24734e-19)
(1.03655 -0.0276124 0)
(1.48251 -0.588198 6.11067e-20)
(1.74373 -0.396783 -6.29431e-20)
(0.0771346 -0.672752 0)
(-0.00279252 0.000798769 -6.28465e-20)
(0.102278 -0.246526 9.05614e-20)
(0.124524 0.0342314 2.19055e-19)
(1.80898 -0.44564 -1.03487e-20)
(0.45762 -0.420118 -2.05106e-19)
(-0.575175 -0.405884 9.94119e-20)
(-0.00953116 0.00748671 -1.16471e-19)
(0.542903 0.453292 -3.6238e-19)
(0.593092 0.54191 -1.47062e-19)
(0.544459 0.504253 6.48591e-21)
(-0.00724341 0.00928245 5.50711e-20)
(-0.033285 -0.0369233 -9.44248e-20)
(1.01296 0.0218146 1.82344e-19)
(0.261792 -0.252528 0)
(0.477034 0.448369 0)
(0.487855 -0.457625 1.75912e-19)
(-0.0091051 0.00740759 -2.06319e-19)
(-0.196354 -0.185887 -3.89045e-20)
(1.82248 -0.353944 1.0785e-20)
(0.511611 0.474535 0)
(0.465533 -0.463558 0)
(-0.0157127 0.00939059 0)
(1.13288 0.049327 9.08036e-20)
(0.660445 0.590456 0)
(-0.0354065 0.0162467 2.07644e-19)
(0.219142 0.218402 -6.71164e-19)
(-0.0633984 0.0377702 5.90757e-20)
(1.06263 -0.326701 2.05862e-19)
(-0.0237883 -0.030411 -9.78731e-20)
(1.2427 0.493741 -1.74516e-19)
(0.143871 -0.125841 -3.34463e-19)
(-0.11519 0.0659996 3.49656e-19)
(-0.202284 0.247302 -2.83596e-19)
(-0.0807874 -0.0519936 -1.35882e-19)
(0.669133 -0.633061 0)
(-0.170253 0.116534 -2.06278e-19)
(0.750707 0.651791 0)
(-0.263145 0.288266 8.54604e-20)
(0.833942 0.172616 -1.01474e-20)
(0.735076 0.404395 -3.86757e-20)
(-0.217234 0.150024 1.07117e-19)
(0.822305 -0.682863 0)
(-0.115975 -0.0720962 1.30295e-19)
(0.875734 0.732064 -1.84791e-20)
(0.386983 0.366663 -2.6426e-19)
(0.355717 -0.258712 5.30022e-19)
(0.548132 0.48133 1.75836e-19)
(1.00928 0.000478872 0)
(0.487777 0.457389 0)
(1.82968 0.468536 0)
(1.02599 -0.00241319 0)
(-0.0979133 0.1312 -8.86498e-20)
(0.737481 -0.597533 4.70153e-19)
(-0.0549929 -0.0379482 -3.17906e-22)
(1.02494 -0.221112 1.29462e-19)
(0.402866 -0.373739 2.7555e-19)
(2.43313 -0.258915 0)
(1.39154 -0.37855 0)
(-0.0467631 0.0163273 -2.81116e-19)
(0.431339 -0.130611 0)
(1.82166 0.299804 3.30428e-21)
(0.546758 -0.177093 -2.43176e-20)
(0.718745 0.665808 2.55638e-19)
(1.19255 0.262952 1.09841e-19)
(-0.0170431 0.0192693 0)
(-0.0607753 0.0823196 9.10635e-20)
(-0.0287099 -0.0147712 0)
(0.249439 0.0794746 3.50855e-19)
(0.630784 -0.00831918 2.08153e-21)
(0.729988 0.36113 0)
(1.02862 0.0144596 1.71657e-19)
(1.33486 -0.266307 1.67528e-19)
(1.01909 -0.00901222 -4.78472e-22)
(0.294838 -0.275914 1.84726e-19)
(0.314369 0.310378 0)
(-0.069846 -0.00574883 0)
(-0.162264 -0.442969 4.08347e-20)
(1.52397 0.19441 1.6704e-19)
(0.935953 -0.226032 6.77106e-20)
(0.140423 0.131354 0)
(1.03395 -0.0126938 5.80552e-19)
(1.39859 -0.991558 -4.31001e-20)
(-0.111971 0.263701 3.34531e-19)
(-0.10016 -0.0195879 -3.03062e-19)
(0.343033 -0.502154 1.06896e-19)
(-0.0352839 -0.0269173 1.11658e-19)
(1.92288 0.134471 0)
(0.347464 -0.311469 -3.45743e-19)
(1.06526 -0.0253186 -6.67164e-20)
(1.01045 -0.00222863 -2.48098e-19)
(0.6436 0.0126926 2.55914e-20)
(0.702785 -0.158006 -3.06312e-21)
(1.02501 0.0251971 -1.96929e-19)
(2.30599 0.413355 0)
(-0.0146776 -0.00584922 -1.0159e-19)
(0.669625 -0.228959 -9.89518e-19)
(-0.219216 -0.237126 5.15208e-20)
(0.345298 0.324979 -1.47226e-19)
(-0.0238443 0.0297565 0)
(-0.0359537 0.0442209 0)
(1.68233 -0.811551 6.42576e-21)
(1.0102 0.0905654 1.84347e-20)
(0.236947 -0.646728 2.00331e-19)
(-0.0806883 -0.11088 -1.30244e-19)
(1.01925 0.0204747 -5.2912e-22)
(0.715509 -0.676195 -8.51418e-20)
(1.14896 -0.0597593 1.2118e-20)
(1.02088 -0.00646737 -9.30472e-20)
(-0.00726313 -0.00271272 0)
(0.961537 0.657636 4.14925e-19)
(0.767937 -0.212071 0)
(0.368622 -0.341633 0)
(-0.0160929 -0.00881327 1.19446e-19)
(1.02565 -0.0182353 3.18852e-19)
(0.4906 -0.459547 0)
(0.805836 0.736033 5.07797e-21)
(-0.458836 -0.229956 -1.31086e-19)
(-0.0195376 0.0208382 9.44988e-20)
(0.329136 0.159739 2.36839e-19)
(1.43335 -0.225519 -2.66652e-20)
(1.69324 0.124287 -2.23905e-19)
(1.64351 -0.28911 -6.52421e-20)
(0.9659 0.582205 1.40566e-19)
(1.03699 0.227534 2.07611e-19)
(-0.236101 -0.20746 -4.13755e-20)
(-0.479989 -0.590792 1.81628e-19)
(1.28704 0.226035 0)
(0.396647 0.0738042 1.09535e-19)
(1.23315 -0.461768 6.44964e-20)
(-0.276223 0.364288 0)
(1.37605 0.244196 -2.75874e-20)
(1.02409 -0.00207611 4.09252e-20)
(-0.315647 0.146191 0)
(1.02895 0.113364 -1.69064e-20)
(0.643441 -0.212598 0)
(0.542153 -0.519666 -5.29749e-20)
(1.01733 0.201628 2.24547e-19)
(0.827755 0.457613 2.8156e-19)
(0.772823 0.415014 4.03729e-20)
(1.02234 -0.00777116 0)
(-0.633919 -0.563456 -1.36847e-19)
(1.53458 -0.986077 4.43531e-20)
(1.05241 0.814856 3.3208e-20)
(-0.136192 -0.120552 1.06328e-19)
(1.69426 -0.324238 7.61547e-20)
(-0.0190878 0.0162345 8.77063e-20)
(0.824274 0.270797 0)
(0.848048 0.500263 0)
(-0.154237 -0.184374 1.30017e-19)
(1.03751 -0.16239 0)
(-0.252834 0.18765 -6.1648e-21)
(-0.610231 -0.167517 -1.11642e-19)
(-0.0633198 0.0177734 8.58703e-22)
(1.94428 0.59996 7.1983e-20)
(1.38589 -0.386345 -4.54803e-21)
(0.340371 -0.32844 0)
(1.02762 0.00613142 -4.757e-19)
(0.772768 0.698104 1.83709e-19)
(0.256499 0.210444 -4.44666e-19)
(1.05566 -0.82168 7.49961e-21)
(0.582637 0.0718911 4.0434e-21)
(0.283467 -0.590823 -1.66917e-19)
(0.672511 -0.580444 -1.88073e-19)
(0.397046 -0.208281 8.48722e-20)
(-0.307025 0.393443 0)
(0.605499 0.179989 0)
(0.968458 -0.0698807 -3.48825e-19)
(1.08451 0.627307 0)
(0.842309 -0.333677 3.47546e-19)
(-0.487809 -0.434826 0)
(2.30484 0.36778 1.40344e-19)
(-0.0113418 -0.13409 -7.51449e-20)
(1.84634 0.753058 0)
(-0.185139 -0.225478 0)
(2.24689 -0.140556 1.24333e-19)
(-0.549969 -0.320899 0)
(0.164546 -0.772235 -3.03046e-19)
(0.938886 0.621189 -1.38137e-19)
(2.04614 -0.400931 -1.03547e-20)
(0.194982 -0.172838 1.83127e-19)
(-0.212113 0.152113 1.21768e-19)
(1.87895 -0.467668 0)
(0.113628 -0.133406 -1.29872e-19)
(-0.0366855 0.0194984 0)
(1.08977 -0.170744 -1.50495e-19)
(-0.0342062 -0.140754 -1.92857e-19)
(-0.533128 -0.414161 1.98919e-19)
(0.622623 -0.201936 3.81842e-20)
(1.94728 -0.271943 2.81066e-21)
(0.445222 0.428599 0)
(0.696671 -0.290642 -1.07085e-19)
(-0.129267 -0.427373 7.43472e-19)
(2.21164 0.375781 0)
(1.05156 0.59308 0)
(-0.117442 -0.0739775 -1.0862e-19)
(1.34911 -0.323144 -8.32866e-20)
(0.867482 -0.235451 -1.1976e-19)
(1.42583 0.0777715 3.5488e-19)
(1.15703 0.238059 -7.60955e-20)
(1.0132 0.0812651 -1.60921e-19)
(1.08079 0.665784 -2.08928e-19)
(1.94074 -0.462697 1.15077e-20)
(-0.158767 -0.177604 -8.63272e-20)
(1.02879 0.00496758 3.37596e-19)
(1.6454 0.169171 1.01972e-20)
(1.39871 0.134139 -2.49434e-19)
(1.01642 0.0534883 9.32457e-21)
(-0.311767 0.0881193 1.24186e-19)
(-0.683786 -0.50935 0)
(-0.357149 0.0247494 0)
(0.70867 0.230524 0)
(1.84837 -0.299388 -1.40582e-19)
(-0.254167 -0.290301 -1.49149e-19)
(0.50222 0.406647 0)
(-0.00409208 -0.00641918 6.99162e-20)
(1.60614 -0.380927 -1.14436e-19)
(-0.0953851 -0.0608599 -1.08641e-19)
(1.02488 0.691154 2.53191e-19)
(1.21673 0.192723 1.06046e-19)
(-0.395935 -0.146313 7.33588e-20)
(0.904659 0.804553 -2.27247e-19)
(1.22188 -0.281274 9.01835e-20)
(0.958581 0.00813782 -3.15564e-19)
(1.0775 -0.0442783 -1.17947e-19)
(0.783105 0.295163 0)
(0.152544 -0.0403861 0)
(1.18459 -0.163467 7.05331e-20)
(1.39226 -0.302085 -2.0058e-19)
(-0.496557 -0.226918 -3.46332e-21)
(1.0588 0.261069 2.38656e-19)
(1.32214 1.05397 0)
(0.785784 0.0717817 -1.1655e-19)
(0.239715 -0.65255 -3.88792e-20)
(0.748156 -0.297481 4.49132e-19)
(0.774304 -0.270838 -1.48692e-19)
(1.63257 0.13563 2.52215e-19)
(-0.365771 -0.0769788 8.68112e-20)
(-0.559917 -0.433032 -8.62235e-20)
(0.506245 0.493459 4.92307e-19)
(-0.341657 0.0666712 -3.0124e-19)
(1.55891 0.0479986 -6.00047e-20)
(0.871729 -0.296671 1.73314e-19)
(-0.0560188 0.0787447 -3.42709e-19)
(0.579224 0.409834 -3.63145e-19)
(0.893606 0.502997 0)
(-0.0440246 0.0578029 -1.09229e-19)
(-0.236032 0.272371 -2.23882e-19)
(-0.121121 0.270212 -1.91247e-19)
(-0.0261352 0.0342902 -1.14284e-19)
(1.08871 0.0378804 -9.47485e-20)
(-0.207667 0.402373 -1.15572e-19)
(0.91265 0.538518 1.25855e-19)
(1.43229 0.83503 4.17889e-20)
(0.732246 0.677599 0)
(1.00195 0.653429 0)
(-0.0761241 0.0143032 -1.61687e-19)
(-0.393137 -0.08773 0)
(0.954068 0.545625 -1.26562e-19)
(-0.0385073 0.0406326 0)
(1.59573 0.258256 -4.99621e-21)
(0.678392 0.000324062 7.11136e-19)
(-0.0167496 -0.0303782 3.97397e-22)
(-0.047608 0.0771479 0)
(0.562989 0.533272 0)
(-0.460276 -0.157399 1.63622e-19)
(-0.230738 0.273253 9.03546e-20)
(1.85584 -0.333837 3.12215e-20)
(-0.318075 -0.241847 1.58592e-19)
(0.557772 -0.0430892 -5.95741e-19)
(2.14088 -0.496649 1.40391e-20)
(1.71647 -0.233427 -2.20084e-20)
(-0.0629788 0.0884997 -9.6772e-20)
(0.349567 -0.334596 -4.09936e-19)
(-0.0827061 0.110849 1.63856e-19)
(-0.281938 0.324268 0)
(0.786875 0.71884 2.52356e-20)
(0.855262 -0.234481 -2.05684e-19)
(-0.102428 -0.0599273 1.24556e-22)
(0.567636 -0.127036 0)
(0.639639 0.601521 -2.94743e-20)
(0.4554 -0.442029 3.24495e-19)
(-0.241821 0.307818 5.69348e-22)
(0.405899 0.392199 -3.92953e-19)
(2.07101 0.709876 0)
(2.11615 -0.371779 2.08681e-19)
(-0.209944 0.268399 0)
(-0.270093 0.386687 -1.24609e-19)
(-0.105971 0.152825 7.32563e-20)
(0.426736 0.403645 3.07994e-19)
(0.818221 0.749305 -2.73256e-19)
(-0.126854 -0.200377 1.54948e-19)
(-0.0820669 0.120823 -1.68006e-19)
(-0.170893 -0.186681 -1.55918e-19)
(0.8334 0.32772 0)
(-0.250181 0.260012 -9.81476e-20)
(0.432298 -0.390101 3.34783e-19)
(-0.0689368 -0.0445154 -1.2947e-19)
(1.28689 0.242566 -1.93279e-19)
(-0.0189977 0.0217713 5.75767e-20)
(0.803393 0.740829 0)
(0.722964 0.676095 0)
(0.873075 0.785586 -2.28523e-19)
(0.91038 0.816797 7.36467e-20)
(1.3986 -0.811305 -1.85889e-19)
(-0.284956 0.297146 -2.00215e-21)
(0.917979 0.463111 0)
(-0.164681 0.202203 -5.435e-20)
(1.52931 1.00442 -2.75402e-19)
(1.04183 -0.268377 9.57784e-20)
(1.49324 -0.469226 0)
(0.396013 -0.357864 3.85361e-21)
(1.91733 -0.363541 1.81665e-21)
(-0.3108 0.363742 -1.5646e-19)
(-0.189224 0.370215 0)
(-0.0271378 0.0335168 -2.55122e-19)
(0.887833 0.792415 9.66215e-20)
(0.826523 0.457507 1.34735e-19)
(-0.0247844 0.0283393 -3.18462e-19)
(0.528343 -0.51394 0)
(1.55907 -0.445421 0)
(-0.0365212 0.0483423 9.44559e-20)
(0.307648 -0.267674 -6.03454e-19)
(-0.193969 -0.21603 -1.0011e-19)
(-0.773992 -0.515633 -3.5911e-19)
(0.533348 -0.0985967 3.33038e-19)
(-0.0304421 0.0425027 1.0372e-19)
(0.957896 0.842413 0)
(-0.281043 0.243049 1.55231e-19)
(-0.0311453 0.0154392 -1.07304e-19)
(-0.024224 0.0254714 4.86584e-20)
(0.373471 -0.313445 1.97363e-19)
(0.0244418 -0.0578497 -2.02965e-19)
(0.661361 -0.159375 3.27196e-19)
(-0.0171977 0.0170395 -5.38196e-20)
(-0.370631 0.000771329 -1.95448e-19)
(0.77489 0.330756 0)
(1.91317 -0.215498 -4.20978e-21)
(-0.324101 0.273255 1.44041e-19)
(0.996882 0.835977 2.93584e-19)
(-0.286678 -0.244534 2.26608e-19)
(1.01431 0.892308 -5.3891e-21)
(2.01291 -0.372139 -5.87081e-21)
(-0.0399097 0.0493513 1.57511e-19)
(1.15886 -0.285805 -3.53178e-21)
(-0.118719 -0.420096 1.28406e-19)
(-0.0411751 0.0572408 1.55171e-19)
(-0.0281085 0.0165779 1.90352e-19)
(-0.0543757 0.0120728 -1.89747e-19)
(-0.115088 -0.0704847 1.39942e-19)
(1.13755 -0.280351 1.06092e-19)
(1.12434 0.967811 3.84283e-21)
(2.01854 -0.296262 6.94028e-21)
(-0.0483758 0.0697991 2.06642e-19)
(0.621132 -0.120286 0)
(1.19317 -0.441783 0)
(-0.260679 0.315123 0)
(1.13371 0.847161 2.22546e-19)
(1.66459 -0.784728 -5.2298e-20)
(0.0055019 0.0946956 -1.20696e-19)
(-0.032352 -0.0520252 1.80295e-19)
(-0.038001 0.0535803 0)
(1.67033 -0.207617 1.00434e-19)
(0.465603 0.442327 -5.57904e-19)
(-0.168991 0.297694 -1.38296e-19)
(-0.144069 -0.0826938 -1.27155e-19)
(-0.327535 -0.00582843 1.94212e-19)
(1.96301 -0.344651 0)
(1.3886 1.04089 -2.97955e-21)
(-0.12896 -0.0780277 -6.28319e-20)
(0.471011 -0.0771567 0)
(0.604661 -0.0380369 -3.42765e-19)
(1.09 0.890391 0)
(-0.431579 -0.159665 1.68156e-19)
(-0.12178 -0.0686637 1.21672e-19)
(0.968853 0.841735 -1.1819e-19)
(-0.121317 -0.0754485 6.00431e-20)
(0.455697 -0.0319291 -2.06754e-19)
(1.03919 0.893472 0)
(0.469156 -0.443489 -7.95214e-20)
(0.898712 0.765251 1.53999e-19)
(0.481382 -0.411858 -3.05363e-19)
(1.10801 0.948554 0)
(0.303044 0.0815133 -5.24413e-20)
(-0.472065 -0.236704 1.46095e-19)
(1.18993 0.98236 6.42677e-21)
(-0.251369 0.351133 -2.17924e-19)
(1.37723 1.02754 1.95531e-20)
(1.66116 -0.650177 3.40783e-20)
(-0.0399372 0.042121 2.06369e-19)
(0.642176 -0.0761495 -1.43102e-19)
(1.76061 -0.140471 0)
(1.19844 0.9799 5.67291e-20)
(2.02848 -0.196053 0)
(0.800239 -0.232772 1.89724e-19)
(-0.460334 -0.172818 -3.00192e-19)
)
;

boundaryField
{
    frontback
    {
        type            empty;
    }
    Top
    {
        type            noSlip;
    }
    outlet
    {
        type            zeroGradient;
    }
    bottom
    {
        type            noSlip;
    }
    Inlet
    {
        type            fixedValue;
        value           uniform (1 0 0);
    }
    rectangle
    {
        type            noSlip;
    }
}


// ************************************************************************* //
