/*--------------------------------*- C++ -*----------------------------------*\
| =========                 |                                                 |
| \\      /  F ield         | OpenFOAM: The Open Source CFD Toolbox           |
|  \\    /   O peration     | Version:  2306                                  |
|   \\  /    A nd           | Website:  www.openfoam.com                      |
|    \\/     M anipulation  |                                                 |
\*---------------------------------------------------------------------------*/
FoamFile
{
    version     2.0;
    format      ascii;
    arch        "LSB;label=32;scalar=64";
    class       volVectorField;
    location    "19.2";
    object      U;
}
// * * * * * * * * * * * * * * * * * * * * * * * * * * * * * * * * * * * * * //

dimensions      [0 1 -1 0 0 0 0];

internalField   nonuniform List<vector> 
2186
(
(1.33729 -0.0740871 2.23555e-19)
(1.62907 -0.960231 -5.7276e-20)
(1.47633 -0.935726 4.12149e-21)
(0.761173 -0.604507 -1.45774e-19)
(-0.331927 0.388769 -1.57977e-19)
(1.42225 -0.248372 0)
(0.739018 -0.683413 0)
(-0.293629 -0.45809 1.01911e-19)
(1.45114 -0.288875 1.68426e-19)
(0.569874 -0.339653 -2.32288e-21)
(0.662046 0.595642 0)
(0.77541 -0.283393 -1.14069e-19)
(-0.356714 -0.53968 -4.14024e-20)
(1.20063 0.0219844 -3.70945e-19)
(1.81526 -0.710331 -6.62992e-20)
(1.01211 -0.00519449 1.74607e-19)
(0.984733 0.0126614 0)
(-0.536481 0.315133 0)
(1.36312 -0.0509301 0)
(-0.0763718 0.20201 -5.86023e-20)
(0.48081 0.0564113 -1.13932e-19)
(-0.186189 0.153334 7.99576e-20)
(1.18758 0.0265241 3.06108e-19)
(-0.214329 -0.0101412 6.04994e-21)
(1.03134 0.00387912 -2.41002e-19)
(0.812211 -0.580502 0)
(0.763442 -0.0500072 1.44259e-19)
(0.627258 -0.606901 -1.69251e-19)
(1.19158 0.698184 0)
(0.96547 0.0228658 -3.28715e-19)
(-0.0353343 0.0510565 0)
(1.02475 -0.0157551 1.1389e-20)
(-0.0636003 0.174382 0)
(2.68859 0.140635 2.48908e-19)
(-0.125497 -0.192009 3.31088e-21)
(1.51266 0.762098 8.1962e-20)
(1.9401 0.122263 1.53063e-19)
(0.503808 0.105094 -3.39855e-19)
(1.86414 0.289126 -2.65986e-19)
(1.11881 -0.116767 1.50033e-20)
(-0.409493 -0.58658 0)
(-0.140092 0.111263 0)
(1.89084 -0.907275 7.64277e-20)
(-0.376442 0.12054 0)
(1.09778 0.265959 1.54027e-19)
(0.612219 -0.320756 2.79456e-19)
(0.938132 -0.801369 0)
(1.20906 -0.809663 1.11835e-19)
(2.32564 -0.105348 0)
(-0.275874 0.497812 1.64358e-19)
(-0.0250465 0.0984595 8.66044e-20)
(0.616945 0.568906 8.12485e-20)
(2.09049 -0.797823 8.59099e-20)
(0.582197 0.243217 -2.73953e-19)
(-0.243598 -0.00115281 3.03478e-20)
(0.78424 -0.670628 0)
(1.67172 -0.987471 1.80724e-20)
(0.597275 -0.557378 0)
(2.25284 0.267934 8.4855e-20)
(1.14918 -0.175064 -3.61716e-19)
(2.03923 -0.121086 1.71569e-19)
(1.3353 0.299889 -1.80468e-19)
(1.32356 0.52387 0)
(0.775481 -0.0939205 -1.64331e-20)
(1.34118 0.3824 -1.10625e-19)
(1.27126 -0.7527 -1.5679e-19)
(1.1508 0.648625 5.36304e-20)
(0.675206 0.0481386 -5.52935e-19)
(0.81785 0.038604 0)
(2.11691 -0.263689 -6.14767e-20)
(-0.289576 -0.518183 -1.1859e-19)
(2.1591 -0.107719 -1.73108e-19)
(0.727541 -0.0618223 -2.43347e-19)
(0.895526 -0.539667 0)
(0.817233 0.162553 -9.01279e-20)
(0.566036 -0.528109 -2.94379e-19)
(2.6074 -0.119857 0)
(1.00658 0.00747361 3.59857e-19)
(-0.119645 -0.261257 0)
(1.94797 0.388084 0)
(0.683425 0.315958 1.00925e-19)
(0.923416 -0.174335 -2.43628e-20)
(1.02669 0.00412473 4.0015e-20)
(1.30344 0.414989 2.78386e-20)
(0.970604 0.0217419 4.19632e-19)
(1.04332 0.026876 -9.94985e-21)
(0.659654 0.150436 -3.30331e-19)
(1.35129 -0.119077 2.10551e-22)
(0.961669 -0.191741 0)
(-0.0643273 -0.0406797 8.33528e-20)
(0.882988 -0.64465 -1.63315e-19)
(-0.0724669 0.318017 -1.23128e-21)
(1.12497 -0.0829998 2.46798e-19)
(0.829092 -0.202855 0)
(0.975539 0.0221524 4.00519e-20)
(1.34497 0.635987 0)
(1.64542 -0.97682 0)
(1.28507 0.217395 0)
(-0.345551 0.48083 0)
(0.814192 -0.688224 2.88939e-19)
(0.169152 0.279557 -2.85115e-19)
(0.603356 0.167707 1.8715e-19)
(1.54244 0.193487 0)
(1.15628 -0.110278 -2.25613e-19)
(1.11805 0.0235395 1.78065e-19)
(-0.030056 0.414766 1.06747e-19)
(0.61795 0.48119 0)
(2.23646 -0.198068 -1.23858e-19)
(0.983169 -0.498401 8.11396e-20)
(-1.30963 0.459603 2.77865e-19)
(1.7057 0.305129 1.03166e-19)
(-0.203522 0.510438 -2.38657e-19)
(0.833387 -0.75846 0)
(0.547806 0.318267 1.66257e-19)
(1.66721 -0.287069 -4.8219e-19)
(-0.463227 -0.40384 -3.96544e-19)
(1.31222 0.292747 9.54889e-21)
(1.88912 -0.136475 0)
(-0.0863361 -0.0500859 -2.49689e-19)
(0.713134 -0.0967579 7.69173e-20)
(1.53347 0.865941 0)
(-0.226405 0.545862 -2.50495e-19)
(0.867451 0.744117 -2.73311e-19)
(-0.703207 0.152262 3.76088e-19)
(1.02862 -0.0244616 0)
(1.52973 0.355562 -1.20326e-20)
(-0.281995 0.467626 0)
(0.719126 -0.519368 -1.05669e-19)
(-0.65019 0.246461 -2.02529e-19)
(0.806892 -0.737054 0)
(0.453774 -0.31189 4.05925e-19)
(0.562048 -0.480632 2.74881e-19)
(0.419269 -0.379784 0)
(1.00531 -0.802209 -1.27508e-19)
(0.570959 0.268885 0)
(-0.111683 0.567978 -1.28878e-19)
(0.832959 -0.718907 1.3867e-19)
(2.47141 -0.289869 2.75726e-19)
(2.26697 0.189157 0)
(-0.0941375 -0.169322 0)
(0.670902 0.623359 -3.41323e-19)
(1.80328 -0.650355 -2.5374e-22)
(-0.18003 -0.240175 0)
(1.00695 -0.82819 -1.37952e-20)
(1.15974 -0.106822 0)
(1.0953 -0.130991 3.91156e-19)
(2.17086 -0.208701 -1.11341e-19)
(-0.364081 0.392126 0)
(1.24511 -0.572716 -5.50105e-20)
(-0.254704 0.26974 -3.7877e-20)
(-0.181021 0.392426 0)
(1.11588 -0.834994 1.22404e-20)
(1.00642 0.004539 -6.01111e-19)
(0.672204 -0.504837 -1.037e-20)
(0.838674 -0.539286 0)
(1.22263 -0.750908 -9.40004e-20)
(0.64406 0.210596 2.56746e-19)
(1.21115 0.115747 0)
(1.47356 0.0910431 -2.52682e-19)
(1.21917 -0.876766 -2.05127e-19)
(-0.085157 -0.150543 -9.35625e-20)
(-0.163772 -0.400939 -1.76285e-19)
(1.06424 0.00409288 2.254e-19)
(0.938053 -0.485343 -1.02032e-19)
(1.44293 -0.117607 -1.94935e-22)
(1.30027 -0.107347 -1.54459e-20)
(0.689393 -0.106047 1.0059e-19)
(-0.189121 -0.0728485 -2.2248e-19)
(1.74163 -0.458983 0)
(1.85397 -0.484037 6.62254e-20)
(1.42501 0.640782 1.39959e-19)
(0.831391 -0.637185 -2.10773e-19)
(0.994221 0.00832507 1.23164e-20)
(0.743182 -0.555024 2.90483e-19)
(1.27967 0.785573 1.27942e-19)
(1.81965 0.106974 1.48918e-20)
(-0.402307 0.310311 0)
(1.07898 0.0486115 -2.33562e-19)
(-0.733588 -0.35865 -2.5208e-19)
(1.05757 0.479116 7.92083e-20)
(0.0229957 -0.1148 1.34472e-19)
(1.15581 0.0277869 -4.26852e-20)
(-0.145657 0.143565 -1.41929e-19)
(1.27622 0.575611 -7.78388e-20)
(1.11501 0.868712 0)
(-0.452102 0.309649 -8.33894e-20)
(-0.201339 -0.183103 0)
(0.635518 0.542449 -2.74626e-19)
(2.00641 0.222916 -1.88777e-20)
(-0.448568 -0.552638 1.40165e-19)
(-0.740627 0.0877159 -5.58941e-19)
(0.722004 0.0511119 2.42901e-19)
(2.01174 0.145003 -4.82324e-20)
(0.999518 -0.365174 -2.98807e-20)
(-0.0338905 -0.0482041 0)
(-0.875338 0.435061 4.20406e-19)
(1.30315 0.953742 -2.34978e-20)
(0.835106 0.0563206 -1.33229e-19)
(0.542062 0.507747 1.91239e-19)
(0.443302 0.189143 0)
(-0.116283 -0.541609 -2.03312e-19)
(-0.617903 0.605748 2.55074e-19)
(1.31689 -0.976908 4.47941e-22)
(0.991213 -0.0435625 -1.87015e-19)
(-0.18992 -0.140576 7.29607e-21)
(-0.132179 0.170297 1.31656e-19)
(-0.286965 -0.15479 -1.61562e-19)
(1.93082 -0.226499 0)
(1.13036 0.0393838 -3.13709e-19)
(2.23223 0.146327 2.2884e-19)
(1.29697 -0.639869 1.00864e-19)
(0.491641 -0.133696 1.50865e-21)
(0.577242 0.298446 0)
(0.922711 0.731739 -1.61904e-20)
(0.668876 0.614489 1.82688e-19)
(0.919266 -0.586121 1.47626e-19)
(0.664972 0.476407 0)
(1.0222 -0.00224364 8.02674e-21)
(0.905084 -0.686092 2.1025e-19)
(0.821273 0.401785 -4.50366e-19)
(1.26077 -0.117527 0)
(-0.196493 -0.216622 -2.6899e-19)
(0.0142267 0.278866 -8.64712e-20)
(1.56196 0.710682 0)
(1.37275 -0.960388 -3.83389e-22)
(-0.529613 0.347295 0)
(-0.304916 0.434773 1.00063e-19)
(0.717103 0.633303 -9.69078e-20)
(0.862132 -0.237696 0)
(-0.211306 -0.186513 0)
(1.58445 -0.483071 0)
(-1.27157 0.00719887 5.36192e-19)
(1.23574 -0.90516 1.34248e-19)
(1.19855 -0.624685 6.10842e-20)
(1.06891 -0.174383 -1.64541e-19)
(0.902287 -0.715954 -1.6606e-19)
(0.191318 -0.195748 0)
(-0.937891 -0.0784629 0)
(1.02325 -0.532087 1.74504e-19)
(-0.13964 -0.241865 0)
(-0.268314 0.505472 0)
(-0.445183 -0.373116 3.38541e-19)
(0.772355 0.650652 8.40708e-20)
(0.990997 0.775791 0)
(0.676337 0.529806 -8.37489e-20)
(0.833777 -0.0619805 -2.19528e-19)
(0.725424 0.5392 -2.24057e-19)
(0.576208 0.534512 -1.64712e-19)
(-0.249495 -0.517322 2.03756e-21)
(0.737038 -0.662246 0)
(0.892898 0.157234 -3.16867e-19)
(-0.347972 -0.599362 5.43058e-20)
(0.589525 0.545867 3.71663e-19)
(0.935792 0.778677 0)
(-1.21035 0.108717 3.80981e-19)
(-0.102475 -0.40919 2.81325e-19)
(-0.0148653 -0.303929 -1.45591e-19)
(0.644553 0.547775 -1.45535e-20)
(0.968766 -0.00854397 5.8188e-20)
(-0.423817 -0.579253 0)
(2.43842 -0.0797774 -3.14861e-19)
(1.87584 -0.492843 -2.78802e-19)
(0.669844 -0.621149 -7.44666e-20)
(-0.458011 0.147329 1.24887e-20)
(1.17678 0.453134 1.78997e-19)
(0.872628 0.393694 0)
(1.06406 -0.185874 1.90846e-19)
(0.0875584 -0.473759 -6.55032e-21)
(-0.0697018 0.0889943 3.29283e-19)
(0.927618 0.0170408 -5.19383e-20)
(1.11025 0.141929 0)
(2.00357 -0.0703416 -2.764e-19)
(1.88048 0.12197 0)
(0.533229 0.222877 -4.49892e-19)
(-0.142662 0.200886 0)
(-0.267362 -0.467681 2.32592e-19)
(0.701923 0.105278 0)
(0.642246 -0.538416 -1.78394e-19)
(1.13673 0.0182432 2.06043e-19)
(-0.384808 0.424506 3.7033e-20)
(2.17792 -0.0850775 4.3078e-21)
(2.13587 -0.299164 -1.20186e-19)
(1.10236 0.216963 -2.14997e-19)
(-0.364235 -0.615435 -1.07332e-19)
(1.0976 -0.872049 0)
(0.811955 0.0172752 -1.49927e-19)
(0.944744 -0.396392 -2.84756e-19)
(1.75148 -0.599053 -3.79189e-21)
(1.78312 0.030681 2.33891e-19)
(1.0776 -0.00754335 3.75705e-19)
(0.105569 -0.457822 -1.44059e-19)
(1.01446 -0.45766 -1.24735e-19)
(0.20184 -0.194422 2.51491e-19)
(1.00718 -0.00738509 0)
(1.00481 -0.0056843 0)
(0.978623 -0.36543 1.3576e-19)
(-0.0425975 0.536477 -8.72491e-20)
(0.165365 -0.122158 -1.22309e-19)
(2.05734 -0.0274741 2.73396e-21)
(1.09669 -0.0467544 0)
(1.85236 0.13613 -1.44079e-19)
(0.961035 -0.838322 -8.14954e-20)
(1.8112 -0.588319 -6.48924e-20)
(1.08202 0.818488 0)
(0.487568 -0.470385 0)
(0.585769 0.495206 -1.74223e-19)
(1.08345 0.268831 -3.96378e-19)
(2.32128 -0.288925 3.73915e-22)
(0.851802 0.143831 1.36039e-19)
(0.0436393 -0.480912 -4.33769e-19)
(1.12958 -0.452239 -6.091e-21)
(-0.252151 -0.426862 0)
(-0.106412 -0.182292 0)
(-0.499825 -0.491486 0)
(1.36231 -0.744499 -8.81875e-20)
(-0.180164 0.398559 -1.91737e-19)
(-0.0640806 0.142314 0)
(1.26391 0.955753 -3.50733e-20)
(1.10326 0.138379 -4.12601e-19)
(2.06232 0.544108 -4.52416e-20)
(1.05738 0.903229 8.43228e-20)
(-0.172999 0.509582 1.22513e-19)
(0.753651 -0.183909 0)
(-0.501313 -0.427238 -2.9223e-19)
(-0.237776 0.493468 2.31047e-19)
(0.774173 0.0129771 1.79622e-19)
(1.50547 0.928626 -8.90922e-21)
(1.78603 0.54823 9.59278e-21)
(-0.0992645 0.293659 -2.09116e-21)
(0.763059 -0.697253 -3.6611e-20)
(1.10229 -0.0152705 0)
(1.69779 -0.0842685 0)
(1.05005 0.0510685 0)
(-1.19395 0.606953 -2.52022e-19)
(-0.454874 -0.489876 1.07009e-19)
(1.0239 0.824712 0)
(1.00104 -0.00964346 5.02326e-19)
(0.747103 0.581761 -2.24681e-19)
(-1.61222 0.485202 -2.51633e-19)
(0.859202 0.00161389 -4.03407e-20)
(0.733004 -0.669791 -2.15442e-19)
(1.36047 0.693972 -3.24983e-20)
(0.583812 -0.477428 -2.85232e-19)
(1.13033 -0.00138475 -4.51776e-19)
(0.815935 0.0425306 4.42693e-20)
(1.56409 -0.195064 6.81687e-20)
(1.51491 -0.147081 -6.07665e-20)
(-0.0543457 -0.0751518 1.85314e-24)
(1.06642 0.454865 -2.6354e-19)
(1.30415 0.59975 6.69956e-20)
(-0.0922748 -0.354741 0)
(-0.0122984 -0.427993 1.60943e-19)
(-0.279015 -0.302448 1.12982e-19)
(-0.187129 -0.0932511 -1.15536e-19)
(0.457739 0.282056 0)
(1.32604 -0.507216 0)
(-0.000332739 0.00297758 -1.20015e-19)
(-0.29225 -0.630194 -6.11951e-20)
(1.04659 -0.0315062 1.79019e-19)
(-0.349001 0.298076 -3.82277e-20)
(1.37525 0.107699 -4.83767e-19)
(-0.0556947 0.551361 0)
(0.852714 -0.757167 -2.96935e-19)
(1.14705 -0.171427 7.1388e-20)
(-0.422038 -0.357144 1.5447e-19)
(0.710837 0.137149 3.21863e-19)
(0.61568 0.10779 1.04105e-19)
(0.51682 -0.49049 1.98159e-19)
(-0.202527 -0.301239 -1.23924e-19)
(1.44492 0.489671 0)
(0.37488 0.315059 -1.91063e-19)
(1.02607 -0.0164619 -2.84968e-19)
(-0.798779 0.0728495 2.17906e-19)
(1.39705 0.478401 -1.19739e-19)
(-0.163841 -0.307542 -4.65621e-20)
(0.697652 -0.637793 -5.44194e-20)
(0.803462 0.168047 -2.02311e-19)
(0.965793 0.410369 2.24867e-20)
(1.16106 -0.147222 3.431e-20)
(0.619423 -0.258165 -2.93261e-19)
(2.04347 -0.391836 -1.35829e-19)
(1.77766 -0.112228 0)
(1.60317 0.429554 -3.07411e-20)
(1.9798 0.0776222 -1.72698e-20)
(0.826936 -0.282531 1.23537e-19)
(0.935683 0.337831 -1.64096e-19)
(0.969062 -0.246812 3.7296e-20)
(0.402584 0.367356 -2.47824e-19)
(-0.181403 0.221364 2.24494e-19)
(1.94839 -0.237389 0)
(0.930449 0.0030413 0)
(0.891337 -0.789719 5.80175e-20)
(-0.0971597 -0.485341 -3.07733e-19)
(-0.803568 -0.0647995 -2.40954e-19)
(-0.0756743 -0.114362 -1.99868e-19)
(-0.360203 0.504088 -1.51646e-19)
(-0.31519 -0.372193 0)
(-0.0885845 -0.140242 3.51982e-20)
(0.176641 0.418224 -8.16341e-20)
(-0.149218 0.189388 -3.00356e-19)
(0.810789 -0.131516 0)
(1.66281 -0.562199 1.16558e-19)
(-0.253364 -0.302687 0)
(0.995777 0.023724 3.62151e-19)
(-0.10267 -0.45173 1.93884e-20)
(0.559339 -0.449371 3.8231e-19)
(-0.794196 -0.323165 4.17522e-19)
(-1.50723 0.0868128 0)
(0.207963 0.493641 9.56306e-20)
(1.00819 0.0219986 -1.08968e-20)
(-0.15148 -0.151759 0)
(1.0051 -0.00912791 -5.63135e-20)
(0.882047 -0.746571 -2.82639e-19)
(1.43732 -0.368586 0)
(0.948695 -0.288154 2.03831e-19)
(0.074578 0.513654 2.09128e-19)
(-0.02223 -0.0193359 0)
(-0.16631 -0.491399 -5.88384e-21)
(0.746495 -0.653706 -4.15308e-19)
(0.964969 -0.0298848 -2.62559e-19)
(-0.0837233 -0.533127 3.85153e-19)
(-0.213215 -0.432596 1.42228e-19)
(-0.294244 -0.417946 0)
(0.944758 0.458453 0)
(-0.353781 -0.471395 1.95558e-19)
(1.86387 -0.0535403 -2.46937e-19)
(1.05238 0.87746 1.8641e-20)
(1.06093 0.202011 -1.21175e-19)
(1.15718 0.00593724 -2.19066e-19)
(1.07128 -0.0670771 -7.82768e-20)
(-0.0774541 -0.560673 -3.5544e-19)
(1.99208 0.113755 4.44167e-19)
(0.66832 0.0283263 2.03527e-19)
(2.08213 -0.107211 1.59959e-19)
(1.07174 -0.162721 0)
(-0.0360766 0.52478 5.67119e-19)
(1.13737 0.0247222 -4.90699e-19)
(1.71937 0.609632 1.28843e-20)
(0.761118 -0.478292 -1.57436e-19)
(-0.0732535 -0.0458494 1.86685e-19)
(0.816794 -0.7182 3.70992e-19)
(1.22536 0.1908 7.29293e-20)
(1.00683 -0.00832712 2.49408e-19)
(0.0917428 -0.503435 -1.59323e-19)
(1.02031 0.0124309 0)
(1.7168 0.148419 -2.36347e-19)
(-0.0372504 -0.0290766 0)
(1.0179 0.0127837 -1.47302e-19)
(-1.53171 0.217302 -6.13181e-19)
(1.66475 0.305725 3.57187e-20)
(-0.404164 -0.329193 1.4246e-19)
(1.59506 -0.0059517 -4.08812e-21)
(1.01242 -0.019288 5.16627e-20)
(1.36197 -0.0925717 0)
(1.46684 -0.627981 -1.39556e-19)
(1.01952 0.0289488 -1.5267e-19)
(1.41619 0.774028 -5.99705e-20)
(1.42153 -0.0627728 0)
(0.746682 0.0529403 -1.33595e-20)
(-0.00276434 0.00332209 0)
(1.38527 0.0479383 0)
(-0.439537 -0.540781 0)
(1.22366 0.432967 0)
(1.82615 0.293165 4.28628e-20)
(0.721339 0.595281 3.93838e-19)
(0.299331 -0.301164 -2.34544e-19)
(-0.266674 -0.59211 -3.4237e-19)
(-0.0376468 -0.0509025 0)
(1.98957 -0.361735 1.16858e-19)
(1.32334 0.50646 0)
(1.43172 0.294978 0)
(-0.528342 -0.387788 1.29159e-19)
(0.7906 0.697677 1.27239e-19)
(1.73036 -0.0304412 0)
(-0.36055 -0.482376 7.91412e-20)
(0.901423 0.204688 1.85978e-19)
(2.08225 -0.376527 -5.50355e-20)
(1.21733 0.909167 4.55646e-20)
(0.937414 -0.84457 -3.53181e-20)
(1.52445 -0.164138 -1.4511e-20)
(0.777371 0.702021 1.30797e-19)
(1.15562 0.908146 0)
(2.51272 -0.20079 1.92206e-19)
(0.951756 0.695037 0)
(1.49127 -0.630384 3.91945e-20)
(0.964394 0.0933005 1.68911e-19)
(1.00596 -0.00511693 0)
(0.234734 0.547255 5.07806e-19)
(0.898477 -0.18905 4.6997e-20)
(0.649283 -0.433675 0)
(0.686927 -0.406292 2.06993e-19)
(1.22155 0.547497 -3.3263e-20)
(0.462135 0.434677 2.72777e-19)
(-0.175704 0.248291 3.55349e-20)
(0.0425913 -0.0462875 8.41844e-20)
(0.760757 0.0669416 0)
(1.34375 -0.920371 -7.75061e-20)
(1.02971 -0.0437138 3.97471e-19)
(1.47865 0.327222 1.30039e-19)
(-0.394471 -0.517074 6.85445e-20)
(-0.880641 -0.414859 0)
(1.24585 -0.252656 -1.11869e-19)
(-0.0206791 -0.0208541 -1.61808e-19)
(0.0741109 -0.161082 -6.34977e-20)
(-0.128554 0.0462064 -7.23174e-22)
(-0.19804 0.0918555 2.7151e-19)
(1.4336 -0.254507 -8.59648e-21)
(2.44746 -0.0847243 4.21567e-19)
(1.17723 0.454255 -2.88645e-19)
(0.847047 -0.0512557 0)
(1.89237 -0.136946 2.25187e-19)
(1.90855 0.105764 1.18096e-19)
(0.932146 -0.784721 1.38758e-19)
(1.17283 -0.991588 -4.04682e-20)
(0.466964 0.432559 1.83097e-19)
(1.44531 0.398565 0)
(1.73053 0.565649 2.39824e-20)
(-0.0285982 -0.0351485 -3.30007e-19)
(0.866177 0.755103 0)
(1.3644 0.420017 0)
(0.30077 -0.30075 -3.75511e-21)
(0.308608 0.277084 0)
(-1.06363 -0.329615 -3.97352e-19)
(-0.241394 0.371679 -1.04911e-19)
(1.74171 -0.449555 0)
(1.23263 0.104076 1.82212e-19)
(-0.545899 0.00941272 2.01039e-19)
(0.548456 -0.521217 -4.53803e-19)
(2.05384 -0.0970953 -5.3917e-20)
(0.627275 -0.570488 0)
(1.02355 0.121474 0)
(1.34491 -0.267546 0)
(1.106 0.21581 -2.2963e-19)
(1.33457 0.104338 3.25561e-19)
(-1.22347 -0.0625558 0)
(0.894137 -0.0630871 0)
(2.14723 -0.126376 -5.82836e-21)
(-0.0678883 0.143729 9.10647e-20)
(2.57323 0.0145753 -2.99742e-19)
(1.06108 -0.521058 1.66085e-19)
(2.02203 0.0379816 -3.21982e-19)
(-0.892156 0.037666 -1.64262e-19)
(1.95467 0.125532 -1.91159e-19)
(1.01687 -0.0283501 4.08406e-19)
(1.49555 0.594194 0)
(-0.269385 0.460078 2.81603e-20)
(1.02439 -0.847938 1.7171e-19)
(0.860006 -0.0319217 4.71536e-20)
(0.653871 -0.456172 0)
(1.92393 -0.562014 4.05038e-21)
(1.22474 -0.194769 1.46703e-19)
(1.77622 -0.559443 0)
(0.621615 -0.577751 4.3668e-19)
(0.696058 0.0893863 -2.0392e-20)
(2.36975 0.0168209 4.93863e-19)
(-0.0952183 0.227324 -1.88142e-19)
(1.31421 0.609122 1.49329e-19)
(1.13421 0.395894 3.62586e-21)
(0.89657 0.35722 2.21151e-19)
(1.96677 0.00190796 -2.76698e-19)
(-0.094019 -0.578059 -5.28333e-21)
(0.766826 -0.226356 0)
(-0.155422 -0.0988415 3.0694e-19)
(1.10478 -0.963523 0)
(1.08429 -0.672272 2.13048e-20)
(1.20733 -0.160978 -7.22205e-19)
(1.4179 0.066789 -2.01691e-20)
(-0.602553 -0.257573 -3.65864e-19)
(0.975785 0.468853 1.72761e-19)
(-0.216495 0.777256 2.78708e-19)
(0.690271 -0.0382086 0)
(1.96561 -0.0707417 0)
(1.6277 0.164601 2.53529e-20)
(0.782399 -0.0124215 0)
(1.38775 -0.220372 -1.50954e-19)
(-1.33691 -0.14064 5.03758e-19)
(1.89751 0.490847 4.97676e-21)
(1.04019 -0.0324519 0)
(0.56975 -0.376338 1.02202e-19)
(1.01037 0.0263275 1.94262e-19)
(0.185472 0.625636 -2.38664e-19)
(-0.365071 0.444221 0)
(1.1295 -0.495469 4.79692e-19)
(1.82209 -0.133966 -5.17947e-22)
(1.11877 -0.515181 -2.08806e-19)
(2.29388 0.262547 1.50696e-19)
(1.26638 0.775926 0)
(0.860985 0.0180459 0)
(-0.453995 -0.522433 -1.72962e-19)
(-0.00157742 0.00266035 1.35027e-19)
(0.94019 0.353616 -2.04447e-19)
(0.255215 -0.415479 -1.42174e-19)
(0.630436 0.383705 2.38236e-19)
(0.970393 0.0664831 0)
(0.551007 -0.512574 0)
(0.743179 -0.288678 5.6577e-21)
(1.25172 -0.52657 -9.74013e-20)
(0.629396 -0.0536823 1.16826e-20)
(0.738657 -0.176455 1.15807e-19)
(-0.0524572 0.0807528 -2.41353e-19)
(1.09905 0.133048 2.34192e-19)
(0.646936 0.602502 0)
(1.25034 0.682585 0)
(1.59302 0.260751 0)
(-0.406432 -0.383469 -1.59793e-19)
(1.24123 0.546567 1.84932e-19)
(2.07767 0.0564729 5.25826e-20)
(0.919494 -0.00902117 0)
(1.80337 -0.517068 0)
(2.17844 -0.0869173 -3.37931e-19)
(0.517197 0.528095 2.74734e-19)
(1.00608 0.00251208 -1.94205e-19)
(1.46881 0.463474 0)
(-0.273931 0.474444 0)
(1.23051 0.313053 2.8431e-19)
(1.00989 0.514251 -1.28401e-19)
(1.06827 0.0212797 0)
(1.72963 0.126203 0)
(1.95451 0.658313 -2.69006e-19)
(-0.0813127 0.392011 -1.78041e-21)
(0.996928 0.0132214 0)
(0.690327 0.449546 -3.28261e-20)
(0.952779 -0.841236 0)
(1.00482 0.0150226 4.51339e-20)
(0.682364 -0.539639 6.77043e-21)
(0.918032 -0.339129 2.99996e-19)
(0.851308 -0.459695 -7.17213e-20)
(2.24813 -0.162371 3.40852e-19)
(1.37145 0.140223 9.78005e-20)
(0.795235 -0.0277268 0)
(1.01811 0.0093289 0)
(-0.628954 -0.420285 0)
(0.652303 0.6243 -1.86914e-19)
(-0.0297843 0.0458994 1.62819e-19)
(1.15399 0.336565 -4.55695e-19)
(-0.499707 0.321349 0)
(0.809374 0.622374 1.65725e-19)
(1.02302 -0.350354 0)
(1.0057 -0.000778338 1.13646e-19)
(0.502369 0.0570263 7.89547e-20)
(1.02246 0.393316 2.53573e-19)
(1.27882 0.184203 0)
(2.12376 0.18124 -7.68696e-20)
(0.831125 -0.12858 -3.56389e-19)
(-1.10799 -0.359392 -5.74925e-19)
(1.17651 0.266446 0)
(0.871063 0.225374 1.72136e-19)
(2.05305 -0.206699 0)
(0.757475 0.499496 3.5702e-19)
(-1.35005 -0.249368 2.24896e-19)
(-0.0395494 0.0840752 0)
(0.577656 0.548651 -6.97296e-20)
(1.04675 -0.660405 -1.4935e-19)
(0.494257 -0.278314 -1.18877e-19)
(1.02038 -0.0177145 0)
(-0.33999 0.162628 -2.00106e-19)
(0.65584 -0.586764 7.94501e-20)
(0.900343 0.274284 0)
(1.69844 -0.470291 1.47246e-19)
(0.963578 0.820457 2.41812e-20)
(0.958618 -0.586622 -8.97227e-21)
(0.19678 -0.217916 -2.27429e-19)
(0.240418 -0.0861887 -5.38607e-19)
(-0.123249 -0.234481 8.64054e-21)
(0.802346 0.337839 2.42748e-19)
(-0.199246 0.423753 -4.75034e-21)
(1.43311 -0.667987 3.53936e-21)
(1.02435 0.00554082 -3.37382e-19)
(-0.480912 -0.336358 0)
(1.0292 0.0286236 -3.97949e-19)
(2.22179 0.181651 2.30051e-19)
(0.867258 0.670074 2.78505e-19)
(1.13811 -0.0735347 1.57177e-19)
(1.00545 -0.0335884 1.5616e-19)
(1.46626 0.0861931 1.81672e-20)
(-0.345233 -0.40476 -4.28562e-22)
(1.7427 -0.892612 1.50638e-20)
(1.16023 -0.139959 -7.54809e-20)
(0.804926 0.0520465 8.66886e-20)
(0.922239 -0.308821 8.79025e-20)
(1.0023 0.228216 0)
(0.941229 0.715125 0)
(0.849856 0.118092 -9.41082e-20)
(2.07071 0.184552 -2.26331e-20)
(-1.00798 -0.262508 1.8449e-19)
(1.04714 -0.557309 -5.05102e-19)
(0.635009 -0.553502 3.80628e-19)
(1.16344 0.215067 -1.24676e-19)
(0.275897 -0.441103 1.63363e-20)
(1.45808 -0.599203 0)
(0.747793 0.0954197 -6.60806e-21)
(1.55687 -0.592902 -6.77839e-20)
(1.01857 0.742825 0)
(1.2657 -0.676869 0)
(0.280926 0.0827511 0)
(-0.2 -0.336988 -5.63704e-20)
(-0.0961148 0.157311 0)
(1.68833 0.613927 3.46767e-19)
(1.21287 0.177077 6.28432e-21)
(-1.13138 0.181693 2.45519e-19)
(1.88425 0.617562 1.15139e-20)
(1.79663 0.453156 -5.65696e-20)
(2.1808 -0.352566 -3.52279e-20)
(-0.169939 0.0143213 -1.90385e-19)
(-0.176564 -0.468876 4.38575e-21)
(1.03929 0.109731 0)
(0.673878 -0.0338977 0)
(1.00186 0.000257365 2.00369e-22)
(-0.441324 -0.364992 0)
(1.57613 -0.00327849 -1.01207e-19)
(0.677114 -0.0310935 0)
(1.06406 0.00464717 1.2603e-19)
(0.992689 0.0156489 -4.41751e-20)
(1.00235 0.225371 1.42661e-19)
(1.06232 -0.0182815 -9.09438e-22)
(0.960557 -0.204835 -5.30943e-20)
(1.02472 -0.0363453 3.62637e-19)
(0.689627 -0.6284 1.79675e-19)
(-1.01886 0.273418 -2.73034e-19)
(1.14722 0.401311 1.45971e-20)
(-0.00280699 0.009136 0)
(1.10413 0.776876 0)
(1.02973 -0.00980928 0)
(1.02273 -0.793535 -1.03605e-19)
(1.0543 -0.90522 4.35823e-20)
(0.961534 0.239973 -1.96008e-20)
(0.134961 0.245088 -1.11235e-18)
(1.26246 -0.532815 2.13092e-20)
(0.602932 -0.408383 -6.15667e-19)
(1.29885 0.40607 -3.79626e-20)
(0.836557 -0.228234 -1.08273e-19)
(2.10276 -0.357001 9.96652e-20)
(0.447927 0.0818017 -1.54038e-20)
(-0.327905 -0.486753 -1.18526e-19)
(1.09991 0.540261 1.95392e-19)
(-0.0987891 -0.344202 0)
(0.180977 -0.433353 3.59881e-19)
(-0.0988871 -0.13073 4.0458e-23)
(1.02739 -0.0430765 3.25699e-19)
(1.025 -0.0013526 -8.37402e-21)
(1.10942 -0.0121882 -9.00561e-20)
(1.4744 0.0964869 1.22993e-20)
(1.60334 0.31733 5.92298e-20)
(0.412315 -0.387824 -3.06085e-19)
(0.819304 0.177252 3.51812e-20)
(1.03657 -0.0032803 -2.39114e-19)
(1.13651 0.285525 -1.5027e-20)
(1.44789 0.159653 0)
(1.09328 0.578711 -3.66547e-19)
(1.00267 -0.00479554 9.27749e-20)
(0.658144 0.585871 2.55046e-19)
(1.31534 -0.444193 -8.42919e-22)
(1.06538 -0.0110489 -2.96084e-20)
(1.12943 0.0112918 8.40075e-22)
(2.47225 0.0919724 1.80071e-20)
(0.41334 0.121949 0)
(1.046 -0.0403739 0)
(1.05266 -0.0350579 5.70556e-19)
(1.0029 -0.00407382 0)
(-0.0623365 -0.0860697 0)
(0.950525 -0.585207 0)
(1.001 -0.00115508 -5.39476e-19)
(1.17609 -0.701156 8.3047e-20)
(1.02227 -0.00370746 1.13239e-20)
(1.31898 0.938395 -2.8021e-20)
(1.50044 0.986543 1.5e-20)
(1.13869 -0.336486 -3.23322e-20)
(1.59286 0.137202 2.57649e-19)
(1.44043 0.263973 0)
(0.0221179 0.456355 0)
(2.19487 -0.116274 5.32724e-19)
(1.22637 -0.694792 0)
(0.999822 -0.00517594 -1.67075e-19)
(1.01024 -0.000464113 3.24625e-19)
(1.43105 0.139834 -6.8389e-20)
(-0.0074306 -0.12276 2.38243e-19)
(0.969717 -0.00191499 1.76522e-19)
(0.144269 0.0127931 2.04567e-20)
(0.237401 -0.0871825 -1.30618e-20)
(1.57272 0.128283 3.90316e-23)
(0.92689 0.0159426 -1.77675e-19)
(1.00226 0.00389879 2.09667e-19)
(1.00001 0.000144548 1.23823e-20)
(0.790437 -0.0130963 0)
(0.728927 -0.026479 0)
(0.724151 -0.0266168 7.08257e-22)
(0.699866 -0.0282101 0)
(1.19952 -0.170765 0)
(0.476345 -0.109349 0)
(-0.0626858 -0.093211 4.55976e-20)
(0.172432 0.017816 -2.38318e-20)
(1.2339 0.00928825 0)
(1.30017 -0.0404566 8.36277e-21)
(1.56942 0.0865167 0)
(0.00298435 0.0785836 0)
(-0.0391942 -0.00414084 0)
(0.150934 0.0445798 -3.28513e-21)
(0.714124 0.1412 3.495e-20)
(0.788535 0.0233498 0)
(0.792846 0.020477 0)
(0.964444 0.0200361 -2.19014e-19)
(0.817212 0.00877097 4.08835e-19)
(1.00709 -0.00143516 0)
(0.999922 -0.00043078 3.87367e-19)
(1.0001 -0.000625492 -3.54622e-22)
(0.794037 0.0224057 3.47678e-19)
(0.990728 -0.00762387 -2.02659e-19)
(0.110656 0.057114 0)
(0.0621675 -0.0115905 1.30707e-20)
(1.00113 -0.00096703 -1.95791e-19)
(1.00032 0.00124102 -3.35995e-19)
(1.28397 0.0484159 0)
(0.999304 0.00176487 0)
(0.999441 0.0003899 0)
(1.53137 -0.568158 5.24331e-21)
(0.736956 -0.178211 3.16783e-20)
(0.949126 0.295501 0)
(-0.314487 0.300519 1.78602e-19)
(-0.488096 0.554088 -4.95056e-19)
(1.01939 -0.0178091 -2.60925e-19)
(-0.361707 -0.583237 -1.10896e-19)
(1.01918 -0.000464248 -2.10039e-19)
(1.18814 -0.222563 -9.98069e-20)
(0.816718 -0.493092 2.96347e-19)
(-0.0603316 -0.0867711 -8.06923e-20)
(1.02899 0.0111446 0)
(1.05107 -0.0117624 -5.69837e-20)
(0.859584 0.0236447 0)
(-0.0446331 0.0491927 2.38295e-19)
(1.11739 -0.570887 0)
(-0.483799 -0.427751 -2.79912e-19)
(0.232697 0.0591943 -1.54047e-20)
(1.63038 0.671417 -1.59154e-20)
(-0.0595868 -0.0193036 0)
(1.05582 -0.0370223 1.76414e-19)
(1.17941 -0.331859 4.12357e-21)
(0.925365 -0.0226073 2.76699e-19)
(1.01256 -0.00866083 -1.77744e-19)
(1.64786 0.846444 3.04249e-20)
(0.508281 0.475236 0)
(0.429168 0.37701 1.9977e-19)
(1.71797 -0.512194 -1.46186e-21)
(1.14566 0.121975 1.90765e-19)
(1.1067 -0.730731 0)
(1.02038 0.00229903 0)
(0.999166 -0.0185165 -4.09544e-19)
(1.01883 0.0142473 -3.98928e-19)
(-0.168202 -0.363791 0)
(1.19969 0.804677 -1.30613e-19)
(1.48325 -0.42972 8.975e-22)
(1.01559 0.00277928 1.53596e-19)
(1.01102 0.0142976 -1.92641e-19)
(-0.563346 -0.358711 -2.74947e-20)
(1.16202 -0.185604 -9.44599e-20)
(1.01788 -0.0167795 6.55312e-19)
(1.26226 -0.292519 0)
(1.82844 0.638368 -3.80368e-20)
(1.01584 -0.0144281 -2.04125e-19)
(2.06269 0.0868654 -1.45461e-19)
(1.06056 0.0061962 -4.70849e-22)
(1.00983 -0.0103841 4.08337e-20)
(2.12199 -0.284135 -2.89676e-19)
(1.01576 0.00564223 1.97965e-19)
(0.983846 0.21333 1.8144e-21)
(1.01848 0.00138961 0)
(0.92724 0.137759 4.86775e-20)
(-1.12259 -0.0974355 6.70234e-21)
(0.998039 0.0210924 1.96685e-19)
(1.03963 0.0198993 -6.04128e-22)
(1.30203 -0.294723 -7.48188e-21)
(1.23857 0.308587 4.07779e-19)
(0.999804 0.014199 1.35178e-19)
(1.01688 -0.0156918 4.7404e-22)
(1.70865 0.257834 -2.36294e-20)
(1.74684 0.922914 -9.61779e-20)
(0.790303 -0.710236 5.74119e-20)
(0.466459 -0.351965 -2.97664e-19)
(1.00792 -0.0118842 0)
(1.01967 0.00135608 4.91878e-20)
(1.01056 -0.00973455 1.03716e-19)
(1.00514 0.0104825 6.21271e-21)
(1.01332 0.00490474 -2.06155e-19)
(1.02929 -0.0278866 2.3594e-19)
(1.00929 -0.00792752 -1.93944e-19)
(1.01503 0.00409476 -4.97892e-22)
(1.01304 0.0021172 -3.49069e-22)
(1.02443 0.0134645 1.9732e-19)
(0.894716 0.0732062 5.00063e-19)
(1.74356 0.673286 0)
(0.608035 -0.273584 2.96666e-19)
(1.01037 -0.00406321 0)
(1.02077 -0.0193885 -5.72135e-20)
(1.51855 0.445146 -8.22652e-20)
(1.96693 -0.0242181 0)
(2.32732 -0.283949 -1.22063e-19)
(1.21262 0.540969 -5.61525e-20)
(0.749937 -0.0139393 0)
(1.93337 -0.159112 0)
(0.0400536 0.346897 -1.917e-19)
(1.3083 -0.0229419 -2.01463e-20)
(1.01917 -0.00712571 -2.07721e-19)
(1.13609 -0.581557 -5.92023e-20)
(1.25974 -0.168341 -2.89966e-20)
(1.33712 0.436685 0)
(1.39776 -0.560673 0)
(1.89393 0.496293 0)
(0.11423 0.406509 8.04516e-20)
(1.07228 0.12434 9.89585e-20)
(-0.316696 0.401751 0)
(-0.0540425 0.404423 -2.63065e-19)
(1.67217 0.951203 -4.47059e-20)
(1.00861 -0.00334769 -4.05961e-19)
(1.0542 -0.00533494 2.49363e-20)
(1.02049 0.00476935 2.6876e-19)
(0.684049 -0.039801 0)
(-0.148859 -0.318819 -2.4539e-20)
(0.59679 0.408927 -3.35866e-19)
(1.78404 0.611439 9.18854e-20)
(0.082118 0.496909 0)
(0.797779 0.0830313 7.67512e-20)
(0.507366 0.483806 5.09987e-20)
(1.16454 0.868223 -3.55065e-20)
(-0.042185 -0.0317482 1.18955e-19)
(1.01828 0.00859648 0)
(1.20428 0.253918 5.46504e-20)
(1.01161 -0.00183407 1.52414e-19)
(2.36642 0.17087 0)
(1.00987 0.00782943 2.55577e-19)
(0.276525 -0.458854 -1.70486e-19)
(1.0211 0.00955138 -1.58229e-19)
(1.2956 0.257972 0)
(2.11417 -0.260827 5.60188e-22)
(1.00926 0.00525587 -1.06149e-19)
(0.995124 -0.035408 2.80167e-19)
(1.08861 0.0896751 -2.69712e-21)
(1.06451 0.363804 -4.49422e-20)
(-0.144534 -0.0785315 3.10732e-19)
(1.9507 0.297339 1.57885e-19)
(0.502501 0.125297 5.17579e-20)
(0.803636 0.01497 -3.83389e-19)
(0.796672 0.0240733 0)
(0.544216 -0.0523151 5.74334e-20)
(1.02153 -0.0184756 -3.07422e-20)
(0.973484 0.0180114 0)
(1.04964 -0.00188943 -1.95156e-19)
(0.131713 -0.467715 -3.33469e-20)
(-1.35579 -0.259067 2.65497e-19)
(2.17661 -0.618782 0)
(-1.20592 -0.0333974 -6.94907e-19)
(1.53682 -0.36105 0)
(1.03899 -0.0183545 5.72679e-20)
(1.12288 0.073611 1.19097e-21)
(1.01475 -0.00253438 1.64869e-19)
(-0.940335 -0.1389 4.18698e-19)
(1.01733 0.00408949 0)
(0.992407 0.00403983 -3.96824e-19)
(1.00828 0.00691489 2.09625e-19)
(0.804155 0.0709116 0)
(0.7139 -0.0293029 -7.49596e-21)
(0.957403 -0.00157954 -1.79269e-19)
(-0.274161 -0.59651 3.76117e-19)
(1.00531 -0.00249288 -2.04468e-19)
(1.00076 0.0204006 -4.80992e-19)
(1.66471 -0.623932 -1.13039e-20)
(-0.202843 -0.253178 -9.33117e-20)
(0.791252 0.678123 -1.7298e-19)
(0.787292 0.335657 0)
(1.02378 -0.00957906 4.30994e-19)
(1.03752 -0.0148441 2.26567e-19)
(0.343659 0.643718 -5.34746e-20)
(-0.860284 0.0630868 -7.02208e-21)
(1.0749 0.00544497 -1.14177e-19)
(1.12938 -0.913367 5.69706e-20)
(1.00632 -0.00163455 2.13553e-19)
(0.949942 -0.693001 2.00091e-19)
(-0.486225 0.237947 3.29484e-19)
(-0.167898 -0.23613 -7.17038e-20)
(0.775251 0.0120338 -6.31197e-20)
(0.719386 -0.182728 -6.68012e-19)
(1.01908 -0.0119484 0)
(1.34662 -0.826723 1.02603e-19)
(1.44508 0.707191 1.59651e-19)
(0.404137 0.0640505 0)
(-0.494731 -0.101178 0)
(-0.649401 0.516086 0)
(1.02736 0.0108662 9.1379e-20)
(2.22304 0.0779344 0)
(1.05505 -0.0248626 3.61178e-21)
(-0.96155 0.0263696 -1.98795e-19)
(-0.0436673 -0.073114 2.00399e-19)
(-0.229392 0.327876 -9.89848e-22)
(1.42821 0.372732 9.82457e-20)
(0.0735264 -0.475551 4.53439e-19)
(0.992987 0.425199 0)
(-1.11962 -0.0909566 -2.32181e-20)
(1.02136 0.0166857 5.59124e-20)
(-0.114414 -0.0957117 -1.21841e-19)
(0.859367 0.694067 -5.51558e-20)
(-0.0656169 -0.0892233 4.7513e-20)
(1.35068 -0.988523 1.28461e-20)
(0.295021 0.0340531 4.88367e-20)
(1.1313 -0.0505329 2.02794e-20)
(-0.244407 0.109983 -1.25537e-19)
(0.893001 0.00892822 0)
(0.309492 -0.207131 6.95622e-20)
(0.720824 -0.31195 -9.32737e-20)
(0.194627 -0.338784 4.3139e-20)
(2.01099 0.259424 0)
(1.05195 0.0264583 2.21985e-19)
(-1.30704 0.236211 0)
(1.28275 -0.105361 3.27373e-20)
(-0.565253 0.32384 0)
(0.869285 0.31519 -2.17432e-19)
(1.4129 0.741355 -9.34333e-20)
(-0.122255 -0.2077 -1.46256e-20)
(0.943235 0.0237477 -4.42214e-19)
(1.03038 -0.000711063 0)
(1.11728 0.00892343 1.14268e-19)
(1.46764 -0.281422 0)
(1.88148 -0.448174 0)
(1.01629 -0.00282798 -3.9145e-20)
(0.987511 0.0341631 -1.89274e-19)
(1.88697 0.531283 -3.71543e-19)
(-0.120506 0.223632 0)
(1.02257 -0.0177584 1.63337e-22)
(0.952253 -0.771399 -1.2804e-19)
(0.631511 0.324882 0)
(1.07213 -0.0265565 -2.80872e-19)
(2.0073 -0.272292 1.47189e-19)
(-0.352755 0.325425 -2.18476e-19)
(-0.127247 0.452228 1.66077e-19)
(-0.638244 -0.273592 2.17667e-20)
(-0.649061 0.230823 -1.57342e-19)
(-0.0725567 -0.0797819 2.67724e-19)
(1.3207 -0.635386 1.24036e-20)
(0.263913 -0.381195 2.58471e-19)
(0.97091 -0.727886 2.22578e-19)
(1.09217 -0.902355 0)
(1.01378 0.00181189 -4.6236e-19)
(0.74914 0.190761 -7.28349e-20)
(1.01764 -0.00520318 -1.73826e-19)
(-0.142144 -0.0854637 -8.62482e-20)
(-0.12165 -0.523176 2.93667e-19)
(1.01938 0.0168051 -2.22268e-19)
(-0.0156401 -0.415666 3.28909e-19)
(0.697229 -0.803362 6.69921e-21)
(1.03983 -0.0150563 -3.73264e-19)
(1.74634 -0.0219103 0)
(-0.365747 0.171987 -1.06945e-19)
(-1.16644 -0.181103 -3.6935e-19)
(1.15486 0.482279 0)
(1.10621 0.0788622 0)
(1.05222 0.0198213 2.55447e-19)
(1.57255 0.528749 -3.06126e-19)
(1.23576 -0.0351163 -2.26932e-20)
(1.13886 0.615872 1.66868e-19)
(-1.16276 0.0544133 -2.19041e-19)
(1.05443 0.0105503 1.29768e-19)
(0.020785 -0.473042 -2.31313e-20)
(1.21162 0.150812 -3.77895e-19)
(-0.111189 0.201903 0)
(1.01566 -0.276021 -1.85168e-19)
(-1.20849 0.123352 2.2686e-19)
(1.39104 -0.576841 -1.74418e-19)
(1.02004 -0.0229978 -2.60046e-19)
(0.451714 0.435942 -1.39757e-19)
(0.821273 0.318764 -2.654e-19)
(-1.11495 -0.265916 3.13235e-19)
(0.876368 0.0347651 -3.08159e-19)
(0.526965 0.00737582 -1.97206e-19)
(1.00871 -0.00782558 -2.16637e-19)
(0.789005 0.582342 -2.35079e-19)
(-1.38874 0.243453 -2.90428e-19)
(0.464141 -0.448494 -1.3403e-20)
(0.102563 -0.103247 8.7052e-20)
(0.404825 -0.371388 9.47127e-20)
(1.83911 -0.563539 0)
(1.11428 -0.869698 0)
(0.365207 0.289942 -2.4786e-21)
(0.894784 0.0378311 0)
(0.746808 -0.421285 1.86637e-19)
(-0.0865448 -0.11609 0)
(1.94766 0.318404 3.75809e-19)
(1.02113 0.0050298 0)
(2.3182 0.162658 -6.75048e-20)
(1.10538 -0.406774 3.28912e-19)
(0.977425 -0.00870872 1.90362e-19)
(1.0563 0.0777648 -1.93167e-19)
(0.870571 0.0957288 1.35662e-19)
(1.01783 0.0187822 2.71603e-19)
(1.15981 -0.0508277 0)
(0.981275 0.00847562 2.21144e-19)
(1.10376 0.0681834 -1.09139e-21)
(-0.105305 0.0583158 6.72979e-21)
(1.39473 1.03325 -5.15381e-22)
(1.01671 -0.0240845 2.95885e-19)
(1.21898 -0.361602 2.54563e-20)
(1.88429 0.61406 0)
(1.1549 0.880147 0)
(1.00916 -0.142012 -4.23579e-19)
(-1.09673 0.194219 0)
(0.6765 0.404707 6.99544e-20)
(1.22668 -0.944838 0)
(0.490674 0.327735 0)
(0.615865 0.558537 -5.26058e-19)
(2.03201 0.26526 3.04095e-20)
(1.0364 -0.0340714 -1.24586e-19)
(-0.0881745 0.21439 8.85487e-20)
(1.04941 0.0488205 0)
(1.03327 -0.0411169 0)
(0.76561 -0.588557 -6.93684e-20)
(-0.077515 0.142144 0)
(0.736497 0.454807 3.53725e-20)
(1.04181 -0.0113873 5.34666e-22)
(0.597034 0.435352 1.37159e-19)
(1.14168 0.0240081 2.94081e-20)
(1.58659 -0.622803 -4.54158e-20)
(1.07932 0.0323468 1.70902e-19)
(1.05135 -0.0101854 -1.86556e-19)
(1.1284 0.203567 1.99855e-19)
(1.01047 0.0223827 -4.3858e-19)
(0.183889 -0.270935 0)
(-0.445873 0.415757 -3.81643e-20)
(-0.882172 0.0368158 -3.15503e-19)
(0.908548 -0.160091 -2.43737e-19)
(2.29617 0.151655 0)
(-0.0597607 -0.261605 1.58994e-19)
(-0.0715638 0.135293 9.6594e-20)
(2.06758 0.376266 -2.3745e-19)
(0.814192 0.323239 2.89881e-20)
(1.4514 0.292743 -1.19676e-21)
(0.834223 0.695565 4.20602e-19)
(0.75525 0.956731 -1.73059e-21)
(1.11102 -0.0324283 0)
(1.01987 -0.0987161 -1.24957e-19)
(-0.148062 0.282623 9.3452e-20)
(1.75308 -0.279525 -1.12787e-19)
(2.24703 0.17576 0)
(2.42403 -0.149714 0)
(1.53835 0.290419 1.33447e-19)
(-0.0411652 0.0923068 0)
(1.01445 0.0172682 -1.70806e-19)
(-0.660203 0.20614 0)
(1.0029 -0.0200717 1.26057e-19)
(0.680309 -0.346815 -2.14449e-19)
(0.960088 -0.0348746 4.14716e-19)
(1.81185 0.329689 1.88432e-20)
(1.05922 -0.0246998 -4.58484e-19)
(0.825428 0.0203546 5.47121e-20)
(2.43202 0.0309039 -2.16229e-19)
(1.08236 -0.0443645 0)
(1.04787 -0.00982836 1.37e-19)
(-0.540954 0.18888 -1.71814e-19)
(1.11751 -0.000337604 -2.1577e-19)
(0.854962 0.616431 -4.62315e-19)
(1.34039 -0.344539 -8.59735e-21)
(2.21981 0.182466 0)
(0.312664 -0.117062 5.17994e-19)
(1.30414 0.000413048 0)
(-1.00232 -0.0601034 1.08152e-19)
(-0.381076 -0.544757 2.11306e-19)
(1.10578 -0.920574 0)
(0.749696 0.0265826 1.11556e-19)
(-0.900472 0.110402 0)
(1.99308 0.576998 0)
(-0.0398435 -0.0133269 1.16293e-19)
(0.860035 0.0849415 -2.45608e-19)
(-0.740891 -0.255187 3.6751e-19)
(0.913918 0.670591 -3.73631e-19)
(1.00204 0.0355099 -6.20904e-21)
(1.03385 -0.0443718 1.42122e-19)
(2.51972 -0.0387754 0)
(1.06451 -0.1066 -5.39214e-20)
(0.473581 0.126865 5.56107e-19)
(1.01896 -0.0158987 2.87192e-19)
(1.08007 -0.0129107 1.10353e-19)
(1.84698 0.348036 0)
(1.00372 -0.00859707 0)
(0.971363 0.845793 -3.35836e-20)
(1.04571 -0.027467 -1.7329e-19)
(1.19724 -0.477859 -9.8874e-20)
(-0.627363 0.016151 2.22168e-20)
(1.22538 -0.031588 0)
(1.53923 0.0857553 0)
(1.17774 -0.516876 5.43244e-21)
(0.681628 0.255297 -2.45787e-19)
(0.494897 0.0496656 -1.10548e-20)
(0.984786 0.0595565 2.50257e-19)
(0.428759 0.186567 -1.50634e-19)
(2.29621 0.416292 0)
(0.187445 0.0839646 6.15981e-21)
(1.09999 0.0105858 -1.15157e-19)
(-0.0933915 -0.0036705 0)
(0.802622 -0.00278772 0)
(0.135041 -0.0711246 -1.84273e-20)
(-0.0787077 -0.0106304 1.02728e-20)
(0.774494 0.000787333 1.15493e-19)
(1.13079 -0.0104139 0)
(0.832688 -0.769201 0)
(0.0974599 -0.486555 -2.14083e-20)
(0.991882 0.694372 -2.3162e-19)
(0.261698 0.0772168 -9.02518e-20)
(-0.112872 0.530871 6.32253e-21)
(1.88949 0.790449 1.78839e-19)
(0.993325 0.0261129 1.80069e-19)
(1.03469 -0.0662148 1.00297e-19)
(0.337906 -0.250182 -6.84576e-19)
(-0.0697049 -0.0498839 0)
(-0.387853 0.0381374 -1.29483e-19)
(0.598701 -0.573358 -3.45725e-19)
(-0.509987 -0.384594 3.09402e-19)
(0.929169 0.102334 -1.83454e-19)
(0.96312 0.328582 3.64541e-19)
(1.02275 -0.0945184 1.23759e-21)
(1.02303 0.00170287 -3.29283e-20)
(0.999581 -0.00927361 1.36131e-19)
(-0.905697 -0.282459 -2.78533e-19)
(-0.110289 -0.163164 -1.43273e-19)
(-0.41871 -0.339053 0)
(1.16434 0.252126 1.40224e-19)
(1.10661 0.0167541 0)
(-1.19511 0.170183 -2.76798e-19)
(-0.0706278 0.133139 -1.24914e-19)
(-0.193367 -0.459527 0)
(1.00972 0.00821375 1.90766e-19)
(0.993103 -0.0492266 0)
(2.35961 0.22348 -3.44827e-19)
(-1.19113 -0.219046 4.29373e-21)
(0.981325 -0.00814076 -3.96524e-19)
(-0.144131 -0.069914 5.87784e-21)
(1.58611 0.39164 -3.5528e-21)
(0.516441 0.503564 0)
(0.746875 0.651974 1.73605e-19)
(1.55127 0.390714 7.89493e-20)
(-0.406628 -0.442501 2.04161e-19)
(1.92734 0.209368 -4.91235e-21)
(-0.439959 -0.507336 -1.48376e-19)
(1.28737 0.404757 -2.58323e-19)
(1.20917 -0.0486246 4.28356e-19)
(0.819378 -0.27618 -6.17268e-21)
(0.135279 -0.134717 1.83003e-19)
(0.125604 0.119361 0)
(-0.0889522 0.093119 0)
(-0.150913 -0.175937 8.68663e-20)
(1.00191 0.00105227 -2.11503e-19)
(1.02389 -0.00243958 -1.79227e-19)
(-0.559186 0.307247 -1.6301e-19)
(1.71383 -0.52388 1.93127e-20)
(1.367 -1.04083 3.34142e-20)
(1.07731 0.726409 0)
(0.910083 0.0421713 -5.4915e-19)
(1.54214 -0.270191 -1.03028e-19)
(1.01174 -0.0214879 -5.31964e-20)
(1.36092 -0.406634 1.15637e-19)
(-0.380872 -0.483824 0)
(2.28705 0.267151 -2.85938e-20)
(-0.877871 0.0733694 5.63897e-20)
(-0.158164 0.0362606 -2.60358e-19)
(1.03313 -0.0622629 1.91633e-19)
(-0.111271 -0.128656 0)
(1.55319 -0.194989 -1.10007e-19)
(0.466248 0.239236 1.19429e-19)
(-0.102573 -0.118283 9.5542e-20)
(1.01737 -0.0150228 2.35313e-19)
(0.675219 0.300701 0)
(-0.0850509 0.159073 1.17699e-19)
(0.461934 -0.450859 0)
(0.137259 -0.137839 -3.44529e-19)
(-0.0551274 0.0637106 9.07184e-20)
(0.134188 0.132425 1.75098e-19)
(-0.0783473 -0.0902584 -1.0358e-19)
(-0.289789 -0.489147 0)
(0.942615 0.278445 1.74522e-21)
(0.533954 0.260734 1.66471e-21)
(0.701785 -0.63332 2.3123e-19)
(1.01235 -0.0103346 0)
(-0.0694666 -0.0798884 0)
(0.962415 -0.0916514 2.23266e-19)
(1.5076 -0.729803 -4.88376e-21)
(-1.09485 -0.269502 -5.10835e-19)
(0.968935 0.0366613 -2.48652e-19)
(0.643802 -0.590212 4.11825e-19)
(1.363 -0.702802 -9.44466e-20)
(-0.487037 -0.342084 -4.12035e-19)
(1.08556 0.068167 0)
(1.01372 -0.0103445 -2.72316e-19)
(-0.0331989 -0.0428664 0)
(-0.406801 0.125202 -3.41378e-19)
(0.1444 0.142945 1.67034e-19)
(-0.0593849 -0.0731958 0)
(1.13738 0.101156 -1.66652e-19)
(1.69023 0.447828 0)
(1.0956 -0.0862245 0)
(-0.155491 -0.144021 1.29563e-19)
(-0.23635 0.175283 -1.82821e-19)
(-0.0138788 -0.018395 -9.7652e-20)
(-0.0687167 0.077276 8.75562e-20)
(0.121024 0.11064 0)
(0.979871 -0.111192 -2.7444e-19)
(0.139018 -0.140251 -1.6997e-19)
(0.139879 0.135421 -3.34347e-19)
(0.196365 0.189961 1.26044e-19)
(0.951596 0.0107276 6.64796e-19)
(0.180985 0.172811 -1.37408e-19)
(-0.0104139 -0.0140623 9.23418e-20)
(0.144648 0.145127 -3.19537e-19)
(0.18937 -0.188769 -2.65496e-19)
(-0.0262284 0.0336093 0)
(-0.0397606 -0.0482303 2.06883e-19)
(-0.598889 0.182757 4.22004e-19)
(0.146581 0.141612 0)
(0.55083 -0.0362699 0)
(-0.261394 -0.520967 0)
(0.832221 -0.44178 6.94589e-21)
(0.214223 0.211041 2.35852e-21)
(-0.029292 0.0337988 -5.29945e-20)
(-0.0947656 0.0853234 7.91863e-20)
(0.18891 0.183954 -1.32446e-19)
(0.158328 -0.153205 0)
(-0.0185932 -0.022839 1.03701e-19)
(-0.00898106 0.01338 2.35256e-22)
(-0.296024 -0.582236 -1.93108e-19)
(1.19804 -0.0744331 -3.46753e-20)
(-0.842912 -0.0857875 3.13805e-19)
(-0.0473229 0.0559062 -8.89092e-20)
(-0.00632731 -0.00999024 0)
(0.211732 0.211168 0)
(0.175229 -0.174305 -6.39294e-20)
(-0.000467033 0.00251201 -8.73466e-20)
(2.18974 0.540768 1.41489e-19)
(1.46519 -0.605809 -3.69102e-19)
(0.19494 0.19797 2.42969e-19)
(-0.260297 -0.342618 7.92173e-20)
(-0.0770533 0.0841824 8.77846e-20)
(-0.00366058 -0.00608501 -2.68229e-19)
(0.208385 -0.20742 2.33786e-19)
(-0.166944 -0.53972 2.18205e-20)
(-0.014064 0.019251 0)
(0.1394 -0.138703 -3.51653e-19)
(0.965614 -0.0735371 0)
(1.563 -0.371689 0)
(0.579371 -0.51864 -3.7509e-19)
(0.163939 -0.182666 3.92847e-20)
(0.181815 -0.174922 1.29022e-19)
(1.00524 0.0112177 1.8469e-19)
(0.885845 -0.117797 2.60376e-19)
(0.419149 -0.406749 5.21778e-19)
(1.64759 0.536642 2.13288e-20)
(0.219274 0.208114 1.01086e-19)
(0.816756 0.548474 0)
(0.629324 -0.548796 2.70332e-20)
(-0.00206846 -0.00383214 8.75748e-20)
(0.407157 0.0164878 2.19402e-20)
(1.06031 -0.130218 7.99049e-20)
(1.09373 -0.262523 0)
(0.946663 -0.1481 6.49416e-19)
(-0.0199894 0.0258814 0)
(0.679401 -0.485054 0)
(1.18082 -0.225543 1.80744e-19)
(1.13475 0.349949 2.12584e-19)
(1.11434 0.000337611 0)
(-0.929006 -0.429043 3.06492e-19)
(-1.29994 -0.264218 3.56417e-20)
(1.04008 0.00591901 -2.6061e-19)
(-0.155776 -0.377285 0)
(1.19417 -0.213911 0)
(1.39878 0.624513 0)
(0.10436 0.0990314 4.42584e-19)
(-0.00127475 -0.00158983 0)
(0.190377 0.181272 1.17503e-19)
(0.173654 -0.159653 0)
(0.00209183 -0.00142862 -8.5643e-20)
(-0.00151332 -0.00116879 0)
(0.71915 0.284833 2.02116e-19)
(0.858288 -0.439019 -5.3568e-19)
(0.00165296 -0.000586473 1.44758e-22)
(-0.128067 -0.127295 -2.39942e-19)
(0.259057 -0.249859 0)
(0.238575 0.226955 0)
(-0.798103 -0.195254 2.86733e-19)
(0.936727 0.0477026 3.77912e-21)
(1.11521 -0.37711 -1.93836e-19)
(0.000865885 0.000832746 2.56603e-19)
(-0.0668322 0.0210401 1.46029e-19)
(1.05293 0.136058 2.46462e-19)
(-0.0356389 -0.380656 0)
(-0.00309396 -0.00228132 -1.82329e-22)
(-0.199771 -0.606762 7.63348e-21)
(-0.0816968 0.0245409 0)
(2.34193 -0.108549 -1.89541e-19)
(1.02013 0.136892 0)
(1.00198 -0.0771018 3.16779e-19)
(-1.1467 0.0791982 0)
(0.234679 -0.218277 -3.7843e-21)
(1.01086 -0.0267851 1.6307e-19)
(0.553213 0.132569 3.96391e-19)
(1.37352 -0.795758 1.98552e-19)
(0.301909 0.282616 1.78662e-22)
(1.60688 0.522751 0)
(0.971476 -0.596698 7.1026e-20)
(1.83454 -0.943597 1.24207e-19)
(0.00197346 -0.00211758 1.66213e-19)
(1.56227 -0.213017 5.50609e-20)
(2.31612 0.462582 8.03148e-20)
(0.00203269 -0.00184763 -4.89613e-20)
(1.01603 0.0256294 2.37099e-19)
(-0.0942846 0.209698 -1.71594e-19)
(0.326522 0.304236 0)
(-0.00505208 -0.0037033 0)
(0.251977 0.238871 8.79413e-20)
(0.301505 -0.281289 -2.25866e-19)
(0.00289837 -0.00266468 1.74518e-19)
(1.09101 -0.784352 -7.52242e-20)
(1.05662 -0.00941998 2.04735e-19)
(0.340209 -0.324176 0)
(0.000409736 -0.00287148 0)
(0.270634 0.256693 0)
(-0.0193552 0.0252838 -1.01328e-19)
(0.278235 -0.275651 0)
(-0.0148593 -0.00985049 -1.52116e-19)
(0.289468 0.272913 -6.44468e-20)
(-0.00633616 -0.000871044 0)
(0.262563 -0.257624 0)
(-0.211915 -0.517951 0)
(-0.0209526 0.00852926 0)
(-0.0370652 0.023172 -5.0306e-20)
(-0.139651 -0.253082 0)
(1.00288 -0.00326459 2.50309e-19)
(0.474308 -0.445058 5.88424e-20)
(-0.0795019 0.0530827 -8.74893e-20)
(-0.0358281 -0.0248064 2.81241e-19)
(0.363831 0.334462 -5.55457e-20)
(1.64953 0.392047 0)
(-0.15447 0.14809 0)
(-0.145952 -0.319779 2.3872e-20)
(-0.123927 0.0958159 0)
(0.365071 -0.343649 0)
(-0.0561126 -0.0404004 0)
(0.412065 0.373591 0)
(-0.0905269 -0.0711007 1.73039e-19)
(0.486931 0.450605 1.86105e-20)
(-0.158056 0.147201 -4.00165e-19)
(0.541401 -0.500745 -4.28162e-20)
(1.15245 0.132626 0)
(0.881328 -0.35722 -1.82059e-20)
(-0.539218 -0.42365 -2.97099e-19)
(1.03451 0.056559 -2.30301e-19)
(1.41982 0.0392783 0)
(1.46825 -0.522441 -9.64567e-21)
(1.37872 -0.519722 1.60025e-19)
(0.962009 0.0123636 0)
(0.0824162 0.26672 4.43489e-19)
(-1.27913 -0.154059 1.96527e-20)
(-0.0234006 -0.0171776 -1.52533e-22)
(-0.982939 -0.199494 0)
(1.12378 -0.179461 -2.22717e-19)
(0.357669 0.179923 4.27287e-19)
(2.44367 0.266591 -1.62208e-19)
(1.51046 0.613122 -2.07098e-20)
(1.57474 -0.76352 1.34774e-20)
(-0.375265 -0.4436 -8.44701e-20)
(1.91509 0.259732 1.44469e-20)
(1.89939 -0.751882 1.16338e-19)
(1.03783 0.0833537 -3.11169e-20)
(-0.404358 0.16976 1.63921e-19)
(1.11288 -0.006483 0)
(2.1091 0.163902 -2.52052e-20)
(0.121047 0.0733134 -2.18391e-21)
(1.31141 -0.24034 0)
(0.131076 -0.126877 -5.80952e-19)
(-0.00534366 0.00848317 0)
(0.53086 -0.494142 0)
(1.90248 0.620874 -6.8129e-20)
(0.912462 -0.44183 0)
(2.37027 -0.163006 2.28129e-19)
(-0.0135803 -0.0102221 1.56076e-19)
(0.264891 -0.269348 8.65129e-20)
(1.01778 -0.0524326 0)
(-0.600786 -0.108721 0)
(-0.0845099 -0.066721 1.29406e-19)
(-0.0933874 -0.0836813 1.61941e-19)
(1.00189 0.24579 -2.19056e-19)
(0.423685 0.346535 -3.35162e-19)
(1.02582 0.0124143 -8.70691e-21)
(2.20777 0.214229 0)
(-0.176025 -0.589748 2.06965e-19)
(-0.0969983 -0.135218 0)
(0.632962 0.0628582 3.35268e-19)
(0.952788 0.153368 -4.82859e-20)
(0.696477 -0.599308 -1.90361e-19)
(0.980924 0.122631 3.38905e-19)
(0.996202 0.0101515 0)
(1.21091 0.644599 -2.74171e-20)
(2.11013 -0.225754 0)
(0.524778 0.474378 0)
(0.778926 -0.330513 0)
(-0.364838 -0.388363 -3.57895e-20)
(0.30847 0.229007 2.45192e-19)
(-0.108782 0.377862 0)
(1.12477 0.0705787 1.46763e-19)
(1.04138 -0.242425 0)
(0.522229 -0.0361409 1.61019e-19)
(0.379094 -0.196522 2.10861e-19)
(-0.09135 0.445603 2.42247e-19)
(0.460334 -0.407857 -3.2341e-19)
(0.982601 -0.0312761 1.85639e-21)
(1.50865 -0.613802 2.0559e-19)
(1.55929 -1.07066 -1.36684e-20)
(0.0996754 0.0799137 1.2264e-19)
(1.9926 0.517039 0)
(-0.420961 -0.0678124 0)
(-0.10445 0.213129 0)
(1.40384 -0.115755 1.72895e-19)
(-1.02222 -0.0819896 -1.08908e-19)
(0.285586 -0.26405 -1.70847e-19)
(2.41125 0.0917858 1.00452e-19)
(0.799605 0.505632 -7.04995e-20)
(0.818728 0.245942 4.7186e-21)
(0.941047 0.216627 6.59266e-20)
(1.28593 0.237074 -5.36863e-20)
(-0.108287 -0.405388 9.3017e-20)
(-0.605932 -0.284039 0)
(0.92272 -0.0198194 0)
(-0.556731 -0.263118 1.41115e-19)
(0.156537 0.154704 0)
(1.92884 0.498072 0)
(-0.755287 -0.0410613 1.16033e-19)
(0.541871 0.451896 -2.29131e-19)
(0.492863 -0.408918 2.96494e-19)
(-0.223751 -0.0497196 0)
(1.3816 0.917903 -2.59864e-20)
(1.07731 0.00970174 0)
(-0.756515 -0.199407 -5.74514e-19)
(-0.714373 0.199845 -1.82095e-19)
(1.29301 -0.408862 8.33348e-20)
(0.445529 0.408275 5.16678e-19)
(0.733199 -0.246752 2.2032e-19)
(-0.332847 0.493935 0)
(1.13368 0.0596525 1.55408e-19)
(0.9956 0.561201 -9.4577e-20)
(-0.161973 -0.085499 0)
(0.707115 -0.269309 0)
(1.29873 0.837435 6.75476e-20)
(-0.00268715 0.00553775 -1.73874e-19)
(1.96776 -0.402179 -3.10533e-19)
(1.24031 0.218835 0)
(1.32794 -0.459341 -7.08076e-21)
(0.761715 0.424586 0)
(-0.437716 -0.241128 -2.01669e-19)
(1.26518 0.90581 -8.54876e-20)
(1.7011 0.347471 2.47979e-20)
(1.16423 -0.620175 -1.5379e-20)
(-0.284258 -0.203856 -2.78464e-21)
(-0.13269 -0.336208 -9.79611e-20)
(1.01978 0.0668365 2.35446e-19)
(-0.264893 0.0219845 0)
(0.965777 0.177172 3.31683e-21)
(1.71279 0.440133 -7.1791e-21)
(1.51998 -0.870229 1.25083e-19)
(1.28964 -0.315231 -1.25028e-19)
(1.71031 -0.345787 6.36057e-20)
(-0.19647 -0.116069 5.23068e-20)
(0.600318 0.539746 1.14226e-19)
(0.136118 -0.0813704 2.16086e-19)
(1.30845 0.351061 -1.13403e-20)
(1.53664 0.170464 -8.69553e-21)
(1.97098 0.212891 5.74064e-20)
(0.875771 0.590257 1.33732e-19)
(-0.589072 -0.538694 6.7081e-19)
(1.26729 -0.18647 -2.21331e-19)
(0.961908 0.249522 -1.4456e-19)
(-0.519996 -0.332099 -1.13755e-19)
(-0.190486 0.283934 0)
(1.00174 0.00336578 5.22728e-19)
(0.711792 -0.210807 0)
(0.859458 0.551041 -1.37227e-19)
(1.33888 0.1498 2.66268e-21)
(-0.163169 -0.487234 -1.38804e-20)
(1.91948 -0.457948 0)
(1.17568 -0.38113 0)
(1.48305 -0.32244 9.7965e-20)
(0.826031 -0.355479 3.03193e-19)
(1.0952 -0.333051 0)
(-0.224011 -0.610307 -2.03677e-19)
(0.939655 -0.0972824 -2.50806e-19)
(0.748329 -0.632352 -3.43074e-20)
(-0.683437 -0.164735 2.61559e-19)
(-0.206275 -0.25057 -9.53919e-20)
(-0.0956029 -0.0610548 -2.06704e-19)
(0.133252 -0.0933819 -1.86152e-19)
(-1.25218 -0.202067 -1.61214e-20)
(0.833502 -0.312173 -1.45946e-19)
(1.30288 0.139711 -3.63616e-20)
(0.687164 0.0106962 0)
(0.79345 0.100807 3.10243e-19)
(1.21937 -0.381268 3.87971e-21)
(0.997454 -0.143249 -4.97268e-21)
(0.582976 0.513502 1.77777e-19)
(1.84497 0.226471 4.43217e-21)
(1.4706 0.00385609 1.51031e-19)
(1.07179 -0.0285259 4.19487e-20)
(0.83949 -0.394958 1.48037e-19)
(0.509256 -0.237583 0)
(-0.186517 -0.214966 9.72941e-20)
(0.956977 0.0906165 1.57174e-19)
(1.08215 0.689161 9.361e-20)
(-0.158246 -0.184642 2.0776e-19)
(1.05596 -0.627408 2.94331e-19)
(0.124949 -0.112748 0)
(1.7765 0.880494 0)
(0.227913 0.219907 3.46627e-19)
(1.57923 0.574426 0)
(-0.150514 0.156344 0)
(0.992495 -0.643328 -2.57788e-19)
(-0.137721 -0.157908 3.11097e-19)
(-0.0914909 -0.0108255 1.27733e-19)
(1.10571 -0.0259833 4.96859e-20)
(1.54729 1.04229 -1.67065e-23)
(0.960149 -0.0501437 -1.7598e-19)
(0.126653 -0.123441 8.85599e-20)
(1.03924 0.134525 -1.71514e-19)
(-0.138823 0.156165 2.60398e-19)
(1.03535 0.351914 0)
(0.235483 0.234765 -1.76524e-19)
(-0.54778 0.331673 1.48614e-19)
(1.94218 0.375736 0)
(-0.977822 -0.0273132 -2.10792e-19)
(0.0221926 0.0651111 1.20104e-19)
(-0.640031 -0.231929 0)
(-0.0610534 -0.0558396 -4.36098e-20)
(0.231883 -0.2324 0)
(1.01274 -0.740164 0)
(-0.10992 0.127551 1.82064e-19)
(0.569028 -0.539486 4.65006e-19)
(-0.120177 -0.140899 -1.8901e-19)
(-0.523691 -0.196604 -1.70898e-19)
(0.23955 -0.241399 -1.73633e-19)
(0.243221 0.238555 5.17037e-19)
(-0.294624 0.147074 -2.19468e-19)
(-0.688693 -0.307871 -1.24576e-19)
(-0.00629323 -0.00426061 0)
(-0.200513 -0.558465 1.67308e-19)
(1.04816 -0.144524 -3.27916e-19)
(-0.0943514 0.110253 8.68043e-20)
(1.6339 -0.544972 2.95535e-20)
(1.33638 0.172508 0)
(2.16071 0.323605 -1.50936e-20)
(0.952385 -0.051671 0)
(-0.0800758 -0.088841 0)
(0.202199 0.198436 0)
(0.962839 0.064348 0)
(1.11313 -0.267086 0)
(0.977143 0.0992067 -3.13478e-19)
(0.234993 0.233404 -1.67618e-19)
(-0.824682 -0.0739616 -1.6344e-19)
(-0.0921312 -0.111577 2.08816e-19)
(0.98441 -0.206327 1.6748e-19)
(0.782053 -0.383843 0)
(-0.18486 -0.0628275 -2.13646e-19)
(1.0174 -0.0251423 -2.08508e-19)
(-1.4611 -0.131131 7.53021e-19)
(-0.0278133 -0.0349916 0)
(-0.116913 -0.143167 -1.13293e-19)
(0.285008 0.266505 -1.34648e-21)
(0.256932 0.245228 0)
(-0.03659 -0.0450229 1.01911e-19)
(-0.319566 0.398991 1.85299e-19)
(1.31536 -0.512524 1.87566e-19)
(1.78824 -0.433468 -1.65924e-20)
(0.771028 0.267356 -2.81695e-19)
(1.03438 0.0412631 0)
(0.334274 0.325927 -2.40655e-19)
(-0.950344 -0.189389 2.68861e-19)
(0.316453 0.307519 -3.99253e-19)
(0.31098 0.302365 1.276e-19)
(0.506127 -0.354483 0)
(-0.0597846 0.0738834 4.9601e-20)
(-0.12709 0.143121 0)
(-0.0213444 -0.0263212 2.52157e-19)
(-0.09731 -0.122588 2.27409e-19)
(0.504521 -0.40262 6.31573e-19)
(1.10142 -0.59569 -8.06987e-20)
(0.341846 0.341585 0)
(-0.0755721 0.0836088 2.1335e-19)
(0.235643 -0.24054 3.52194e-19)
(1.22225 0.135062 -5.0663e-21)
(0.337409 0.337959 0)
(1.00101 0.322587 -1.09701e-20)
(-0.291994 -0.0619385 -5.31676e-21)
(2.48788 0.289698 8.18701e-20)
(-0.0134828 -0.0182548 0)
(1.17438 0.753252 0)
(-0.0264431 0.0327927 -2.66431e-19)
(0.329264 -0.331115 -2.67681e-19)
(0.261912 -0.233849 3.03046e-20)
(1.90329 0.301141 -3.37105e-20)
(1.08142 0.330933 -1.31748e-19)
(0.305596 -0.297034 -2.69117e-19)
(1.0357 -0.0204111 3.50673e-19)
(0.999146 0.0673446 0)
(0.594558 0.0780264 -1.90317e-21)
(1.07879 0.0197893 1.24823e-19)
(0.489797 -0.0602981 9.98602e-21)
(1.41237 -0.521228 0)
(1.18769 0.17894 -1.14038e-19)
(1.91601 0.467889 -1.47059e-19)
(-0.0474176 0.0589692 0)
(-0.160566 0.0979409 3.08897e-19)
(1.71258 0.531585 0)
(1.00366 -0.000670525 5.58482e-20)
(0.329517 -0.318202 -1.25126e-19)
(1.00383 0.00620606 5.74563e-19)
(0.799278 -0.410178 0)
(1.15888 -0.896814 0)
(-0.00993282 -0.0115742 8.99718e-20)
(0.0873271 0.0586245 0)
(1.08377 -0.0240812 7.41351e-20)
(0.522072 0.393138 6.30303e-20)
(0.719888 -0.0187654 -4.72894e-19)
(-0.0367728 0.0447203 0)
(-0.434039 -0.0662771 1.90941e-19)
(-0.880961 -0.0845881 0)
(1.81748 0.798589 0)
(-0.0311198 -0.0240609 0)
(-0.0388835 -0.0289185 8.80158e-20)
(1.68055 0.760373 -1.31508e-22)
(1.0111 0.051847 0)
(-0.146863 0.128211 7.91497e-20)
(-0.00284038 0.00456859 0)
(1.46761 0.156571 0)
(1.60865 -0.821958 4.29661e-21)
(0.38569 0.362858 2.03592e-19)
(-0.970883 0.277564 -5.36208e-19)
(-0.00691933 -0.00728074 -9.48266e-20)
(0.547307 -0.315535 -2.58977e-19)
(1.03148 0.263463 0)
(0.399731 -0.0450816 1.61961e-19)
(1.29513 0.0726713 0)
(0.910112 -0.0768171 3.43483e-19)
(0.219047 0.0489991 -1.67167e-19)
(0.405523 0.383772 -1.00354e-19)
(0.733104 0.229635 1.92085e-19)
(-0.234372 0.367714 1.81539e-19)
(1.38764 0.410964 -1.22839e-20)
(0.220983 -0.225093 1.90744e-19)
(-0.00687035 -0.00458154 2.11717e-19)
(1.49833 -0.482555 -1.17981e-19)
(-0.0173087 0.0232136 8.881e-20)
(-0.0167373 -0.0198235 0)
(-0.0956758 -0.0564948 -7.31765e-20)
(0.00118079 -0.00040066 8.68347e-20)
(1.03488 -0.204343 0)
(0.396753 -0.363997 1.29751e-19)
(0.259831 0.255029 1.53696e-19)
(0.253212 0.253781 -3.40414e-19)
(1.43872 0.0388965 0)
(0.362943 -0.362781 -2.26055e-19)
(1.69374 0.481515 0)
(1.61163 0.158696 -1.72501e-20)
(-0.00649732 -0.00659509 1.04315e-19)
(0.902932 -0.0557241 0)
(0.592774 0.55879 -2.02119e-19)
(1.02119 -0.0144256 -2.58511e-19)
(1.09359 -0.0168744 -1.26159e-19)
(0.0339335 -0.0454993 8.71985e-21)
(0.0821654 0.0437581 -3.17508e-20)
(1.04898 0.0191842 -3.42052e-19)
(2.67472 -0.00762373 -8.71805e-20)
(-0.14636 -0.0819509 1.43415e-19)
(-6.70156e-05 0.00189523 -1.73234e-19)
(-0.0942788 0.0240535 -1.69629e-19)
(1.33414 -0.386622 8.48435e-20)
(0.00220352 -0.00190212 1.01763e-22)
(1.11268 -0.00632885 -1.50349e-19)
(0.427367 -0.414287 8.35237e-20)
(-0.0483862 -0.0596538 2.60569e-19)
(0.243336 -0.23295 0)
(-0.1586 0.26559 2.8494e-22)
(1.58973 0.981261 0)
(0.870695 0.0156715 -1.41006e-19)
(-0.369651 -0.171789 -1.71477e-19)
(-0.551397 -0.310451 -1.64153e-19)
(0.793898 -0.407457 0)
(0.430602 0.405505 -2.71322e-19)
(-0.00582233 0.00962464 8.97166e-20)
(0.441263 0.449796 -2.01323e-19)
(0.543465 0.528836 -1.2341e-19)
(1.03796 -0.0281498 0)
(1.43216 -0.626494 4.63555e-20)
(1.78136 -0.403586 -3.09004e-20)
(0.00465721 -0.335246 0)
(-0.0102193 -0.00785156 -9.06841e-20)
(0.674027 -0.394134 8.74473e-20)
(0.221467 0.325634 2.65552e-19)
(1.85128 -0.450541 -6.56603e-22)
(0.476122 -0.437351 -1.70805e-19)
(-0.769673 -0.14998 1.18189e-19)
(0.00144464 -0.0030694 -9.9101e-20)
(0.514238 0.417801 -3.53552e-19)
(0.566841 0.518932 -1.58658e-19)
(0.521055 0.483392 6.07451e-21)
(0.00390701 -0.00182694 4.67111e-20)
(-0.0542666 -0.0595713 -1.30762e-19)
(1.01373 0.0139039 1.70872e-19)
(0.274094 -0.264052 0)
(0.457245 0.430123 0)
(0.506736 -0.475352 1.44603e-19)
(0.00221182 -0.00415229 -1.74219e-19)
(-0.340129 -0.386699 -5.02556e-20)
(1.88432 -0.360844 1.85882e-20)
(0.490183 0.455189 0)
(0.483985 -0.481559 0)
(-0.00433457 -0.00214099 0)
(1.1176 0.0465949 8.71854e-20)
(0.630175 0.56468 0)
(-0.0234098 0.00453215 1.74261e-19)
(0.194435 0.180257 -6.51479e-19)
(-0.0507049 0.0257802 4.94295e-20)
(1.18581 -0.211354 2.57956e-19)
(-0.0417466 -0.0500479 -1.36413e-19)
(1.16212 0.467526 -1.45653e-19)
(0.149869 -0.130999 -2.9356e-19)
(-0.101541 0.0529518 2.92675e-19)
(-0.19741 0.234134 -2.52197e-19)
(-0.0797543 -0.0490226 -1.94643e-19)
(0.694686 -0.657307 0)
(-0.158521 0.101635 -1.73144e-19)
(0.715044 0.62254 0)
(-0.243217 0.221218 7.50918e-20)
(0.837945 0.139814 -1.16678e-20)
(0.711997 0.372379 -3.76275e-20)
(-0.205552 0.138552 9.10405e-20)
(0.853911 -0.708636 0)
(-0.118244 -0.0704585 1.8481e-19)
(0.832448 0.698993 -9.93452e-21)
(0.36028 0.33001 -2.57806e-19)
(0.381449 -0.308999 4.96826e-19)
(0.519685 0.449242 1.71788e-19)
(1.00699 -0.000721775 0)
(0.462685 0.430884 0)
(1.7207 0.467607 0)
(1.02425 -0.00608123 0)
(-0.102302 0.137407 -7.82982e-20)
(0.764327 -0.62372 4.24632e-19)
(-0.0522646 -0.0357949 -2.42106e-22)
(1.09344 -0.244134 2.06172e-19)
(0.426205 -0.399199 2.54549e-19)
(2.4764 -0.203877 0)
(1.42383 -0.392977 0)
(0.0324353 0.30625 -3.80587e-19)
(0.446052 -0.181477 0)
(1.78688 0.302616 6.69373e-21)
(0.56149 -0.217538 -2.27856e-20)
(0.692769 0.641908 2.58695e-19)
(1.16755 0.247029 1.06591e-19)
(-0.0118946 0.0149276 0)
(-0.0602663 0.0856599 7.99256e-20)
(-0.028701 -0.0182348 0)
(0.365251 0.327556 3.57287e-19)
(0.630558 -0.0454772 1.17829e-21)
(0.709161 0.328856 0)
(1.0256 0.00523796 1.61816e-19)
(1.36363 -0.275509 1.42657e-19)
(1.01927 -0.0158633 -4.47789e-22)
(0.307015 -0.287677 1.63177e-19)
(0.301868 0.297631 0)
(-0.0704018 -0.0142725 0)
(-0.172242 -0.565337 5.81251e-20)
(1.47763 0.188759 1.73218e-19)
(1.08353 -0.176028 4.59956e-20)
(0.134508 0.125973 0)
(1.03244 -0.0136047 5.46207e-19)
(1.43802 -1.01895 -8.31108e-21)
(-0.110967 0.293719 2.9111e-19)
(-0.085381 -0.0354927 -2.54094e-19)
(0.500957 -0.455621 1.52397e-19)
(-0.0334536 -0.0267057 1.61521e-19)
(2.02645 0.0360935 0)
(0.372037 -0.343659 -3.21323e-19)
(1.06438 -0.0253453 -6.28039e-20)
(1.00986 -0.00466479 -2.33291e-19)
(0.595466 -0.0389615 1.63626e-20)
(0.642903 0.0126461 -5.50706e-21)
(1.02562 0.0259814 -1.8465e-19)
(2.22712 0.459496 0)
(-0.027535 -0.021902 -1.46609e-19)
(0.66088 -0.00055723 -1.04426e-18)
(-0.360208 -0.43624 6.79616e-20)
(0.330572 0.311599 -1.46913e-19)
(-0.0122607 0.0208872 0)
(-0.0130721 0.0194202 0)
(1.72488 -0.831828 -5.37959e-20)
(0.999628 0.082461 1.75543e-20)
(0.225082 -0.5705 2.70371e-19)
(-0.116079 -0.161361 -1.81591e-19)
(1.01818 0.0145213 -4.87506e-22)
(0.74053 -0.700645 -7.08055e-20)
(1.17296 -0.0591123 1.3953e-20)
(1.02036 -0.00770406 -8.75358e-20)
(-0.0127468 -0.0093721 0)
(0.934012 0.631141 4.10166e-19)
(0.781023 -0.238261 0)
(0.384359 -0.356066 0)
(-0.0192888 -0.0147757 1.73045e-19)
(1.02831 -0.0218689 2.98065e-19)
(0.509222 -0.47827 0)
(0.776892 0.710045 4.76271e-21)
(-0.642762 -0.102585 -1.40565e-19)
(-0.00380229 0.00726931 8.08825e-20)
(0.315137 0.0938642 2.27826e-19)
(1.46881 -0.240159 -2.61923e-20)
(1.61644 0.226735 -2.69809e-19)
(1.68368 -0.300341 -3.59804e-20)
(0.9413 0.557014 1.3851e-19)
(1.02013 0.207101 2.00413e-19)
(-0.397043 -0.440557 -5.21549e-20)
(-0.631255 -0.277533 2.28153e-19)
(1.26311 0.203976 0)
(0.320594 0.166774 9.84945e-20)
(1.27288 -0.477518 9.59127e-20)
(-0.272641 0.33343 0)
(1.39198 0.210374 -2.41229e-20)
(1.02391 -0.00589901 3.85394e-20)
(-0.455661 0.429389 0)
(1.02057 0.105129 -1.6099e-20)
(0.65594 -0.24575 0)
(0.565075 -0.543009 -4.80777e-20)
(1.00365 0.18115 2.15637e-19)
(0.805316 0.429725 2.74582e-19)
(0.750835 0.384579 3.92797e-20)
(1.01884 -0.00985319 0)
(-0.867536 -0.175047 -1.61712e-19)
(1.57981 -1.016 7.34797e-20)
(0.99945 0.778141 2.38303e-20)
(-0.141955 -0.123527 1.48193e-19)
(1.78646 -0.316431 1.18958e-19)
(-0.000746548 -0.00209972 7.40617e-20)
(0.806007 0.245021 0)
(0.823588 0.471944 0)
(-0.239861 -0.299028 1.75511e-19)
(1.04941 -0.174853 0)
(-0.297617 0.0245774 -4.01001e-21)
(0.107802 -0.747349 -8.85805e-20)
(-0.0449372 0.000611418 7.3393e-22)
(1.84097 0.570642 5.24164e-20)
(1.41571 -0.40096 -4.76037e-21)
(0.452066 -0.308277 0)
(1.02464 0.00154995 -4.48202e-19)
(0.74598 0.672353 1.81705e-19)
(0.375779 0.466092 -5.39664e-19)
(1.09305 -0.851383 4.34521e-20)
(0.581375 0.0309281 3.13927e-21)
(0.37711 -0.512502 -2.26233e-19)
(1.03729 -0.619324 -1.64291e-19)
(0.470484 -0.201883 1.30058e-19)
(-0.309924 0.358811 0)
(0.553516 0.162613 0)
(0.973465 -0.0834988 -3.25937e-19)
(1.05692 0.60518 0)
(0.859349 -0.35787 3.18563e-19)
(-0.57442 -0.288299 0)
(2.18255 0.392874 1.28367e-19)
(-0.0192992 -0.133684 -1.07065e-19)
(1.78756 0.746039 0)
(-0.284965 -0.367688 0)
(2.24746 -0.00272088 1.40203e-19)
(-0.819142 0.155224 0)
(0.0390322 -0.582549 -3.81876e-19)
(0.912528 0.594673 -1.36366e-19)
(2.12442 -0.403835 -1.78492e-20)
(0.21842 -0.212661 1.7161e-19)
(-0.199773 0.145952 1.04264e-19)
(1.93087 -0.479456 0)
(0.10447 -0.134152 -1.84254e-19)
(-0.0196403 -0.00141124 0)
(1.103 -0.181129 -1.37255e-19)
(-0.0537909 -0.150428 -2.72632e-19)
(-0.643162 -0.259093 2.41866e-19)
(0.722342 -0.211361 6.12272e-20)
(1.98725 -0.267995 3.56826e-20)
(0.422463 0.405031 0)
(0.713994 -0.321324 -9.92426e-20)
(-0.227232 -0.061709 7.81577e-19)
(2.13411 0.386395 0)
(1.02494 0.570222 0)
(-0.119237 -0.0686867 -1.5407e-19)
(1.43379 -0.334751 -1.34266e-19)
(0.882334 -0.258382 -1.10278e-19)
(1.3706 0.235023 4.35205e-19)
(1.45556 0.15733 -1.30682e-19)
(0.913218 0.292026 -1.60339e-19)
(1.05232 0.643048 -2.08142e-19)
(1.99003 -0.464665 4.6285e-20)
(-0.254283 -0.300787 -1.15784e-19)
(1.02741 -0.000134108 3.18007e-19)
(1.61464 0.158192 9.37595e-21)
(1.25907 0.255559 -2.34686e-19)
(1.00921 0.0448338 8.82458e-21)
(-0.391197 -0.00382093 1.17141e-19)
(-1.1785 -0.0882638 0)
(-0.499037 0.396017 0)
(0.651107 0.211962 0)
(1.88475 -0.300568 -1.47905e-20)
(-0.377721 -0.490553 -1.98627e-19)
(0.474034 0.36626 0)
(-0.0227159 -0.0266518 1.0023e-19)
(1.64335 -0.393666 -7.65518e-20)
(-0.0918915 -0.0592841 -1.56639e-19)
(0.996963 0.665751 2.5162e-19)
(1.02336 0.263978 8.24245e-20)
(-0.561749 -0.123777 8.18025e-20)
(0.874962 0.778358 -2.2868e-19)
(1.24548 -0.291864 7.9264e-20)
(0.961023 -0.00764958 -2.96408e-19)
(1.08618 -0.0511136 -1.08943e-19)
(0.765092 0.264515 0)
(0.135982 -0.0485809 0)
(1.2002 -0.168803 6.32785e-20)
(1.42176 -0.313409 -1.66517e-19)
(-0.768114 0.225693 -6.4558e-21)
(1.04463 0.238906 2.30284e-19)
(1.27168 1.01601 0)
(0.610481 0.10158 -9.06048e-20)
(0.192593 -0.478274 -5.17267e-20)
(0.765649 -0.324179 4.1581e-19)
(0.79043 -0.296802 -1.37793e-19)
(1.45095 0.207571 2.24581e-19)
(-0.511663 -0.0624391 8.96788e-20)
(-0.719 -0.22555 -1.02366e-19)
(0.485567 0.472384 4.8484e-19)
(-0.453384 0.09008 -2.81897e-19)
(1.53905 0.0588164 -6.17865e-20)
(0.979974 -0.266835 2.59279e-19)
(-0.0292979 0.0527542 -2.90791e-19)
(0.552922 0.372034 -3.53489e-19)
(0.870964 0.476528 0)
(-0.0403328 0.0574754 -9.51121e-20)
(-0.217496 0.233881 -1.96966e-19)
(-0.126231 0.295656 -1.66831e-19)
(-0.0170103 0.0279661 -9.86911e-20)
(1.07761 0.034691 -9.02366e-20)
(-0.234601 0.413405 -1.03433e-19)
(0.888653 0.511825 1.23631e-19)
(1.38901 0.816777 4.70099e-20)
(0.706569 0.653441 0)
(0.974838 0.628294 0)
(-0.0908461 0.0139776 -1.35586e-19)
(-0.566972 0.0242238 0)
(0.930571 0.520789 -1.2426e-19)
(-0.0211507 0.0173768 0)
(1.59783 0.232771 -2.97759e-21)
(0.677922 -0.0324572 6.74322e-19)
(-0.0384687 -0.0541784 3.59929e-22)
(-0.0345391 0.0745175 0)
(0.541013 0.512131 0)
(-0.626182 0.297145 1.82059e-19)
(-0.220484 0.247944 8.03091e-20)
(1.89596 -0.337643 1.75164e-22)
(-0.468492 -0.464097 1.97726e-19)
(0.561403 -0.0849216 -5.64485e-19)
(2.20263 -0.497424 3.00244e-20)
(1.75035 -0.239045 -2.38609e-20)
(-0.0614707 0.0919374 -8.4328e-20)
(0.371699 -0.360849 -3.79958e-19)
(-0.0853437 0.117149 1.44005e-19)
(-0.263743 0.265391 0)
(0.759581 0.693878 2.53964e-20)
(0.97821 -0.205632 -3.07774e-19)
(-0.0987795 -0.0624472 1.18451e-22)
(0.577928 -0.168798 0)
(0.616275 0.57927 -2.96597e-20)
(0.473878 -0.460821 2.91896e-19)
(-0.234828 0.28465 6.34451e-22)
(0.383723 0.368832 -3.84259e-19)
(1.9042 0.657503 0)
(2.19711 -0.3598 3.37395e-19)
(-0.209558 0.257696 0)
(-0.276414 0.361935 -1.11583e-19)
(-0.110625 0.161786 6.46981e-20)
(0.401849 0.37635 3.00813e-19)
(0.789792 0.723299 -2.772e-19)
(-0.171646 -0.279709 2.16171e-19)
(-0.0837451 0.128015 -1.47646e-19)
(-0.285657 -0.336591 -2.06506e-19)
(0.815854 0.302862 0)
(-0.224387 0.144898 -8.57454e-20)
(0.457155 -0.419366 3.09853e-19)
(-0.0667188 -0.0470255 -1.87186e-19)
(1.25854 0.232458 -1.89254e-19)
(-0.00557024 0.0107436 4.94567e-20)
(0.773696 0.713715 0)
(0.696706 0.651495 0)
(0.843023 0.758919 -2.34124e-19)
(0.878525 0.78902 7.61401e-20)
(1.43335 -0.833945 -1.18472e-19)
(-0.273196 0.21031 -2.21651e-21)
(0.898992 0.438226 0)
(-0.165802 0.199197 -4.83927e-20)
(1.46823 0.9677 -2.31688e-19)
(1.13339 -0.264297 1.47081e-19)
(1.52892 -0.486415 0)
(0.421667 -0.390477 3.93733e-21)
(1.9612 -0.362909 -1.08198e-19)
(-0.306494 0.322012 -1.39255e-19)
(-0.212123 0.38449 0)
(-0.0128786 0.023257 -2.19163e-19)
(0.854329 0.763695 1.04566e-19)
(0.78289 0.430011 1.15024e-19)
(-0.00783922 0.0154835 -2.72736e-19)
(0.549316 -0.534501 0)
(1.59606 -0.456559 0)
(-0.0300576 0.0453749 8.20381e-20)
(0.332782 -0.307163 -5.63442e-19)
(-0.30768 -0.374619 -1.33381e-19)
(-1.14069 -0.122412 -4.42371e-19)
(0.53986 -0.142014 3.14933e-19)
(-0.018522 0.0354172 8.95703e-20)
(0.921002 0.811694 0)
(-0.294144 0.099565 1.40277e-19)
(-0.0138407 -0.00149679 -9.0446e-20)
(-0.00571767 0.0098803 4.15138e-20)
(0.39969 -0.352045 1.8408e-19)
(0.0131312 -0.0621123 -1.68509e-19)
(0.671083 -0.193328 3.06685e-19)
(-0.000295183 0.00202066 -4.59263e-20)
(-0.513932 0.0916409 -1.88876e-19)
(0.755247 0.300448 0)
(1.95049 -0.206839 2.21081e-20)
(-0.351464 0.219197 1.29238e-19)
(0.964966 0.809967 2.98371e-19)
(-0.448889 -0.474912 2.85739e-19)
(0.974477 0.858081 -9.38269e-21)
(2.05019 -0.367867 -5.93311e-21)
(-0.0203288 0.0374418 1.3494e-19)
(1.1829 -0.298174 -3.90905e-21)
(-0.0617573 -0.542944 1.85455e-19)
(-0.0224513 0.0482983 1.33284e-19)
(-0.00943594 -0.00245112 1.60546e-19)
(-0.0349153 -0.00558591 -1.59743e-19)
(-0.11396 -0.0666891 2.00461e-19)
(1.15749 -0.293424 9.43082e-20)
(1.07973 0.930627 1.45799e-21)
(2.06331 -0.2878 1.63617e-20)
(-0.0427302 0.0702127 1.79911e-19)
(0.630646 -0.155988 0)
(1.24043 -0.458055 0)
(-0.248334 0.278106 0)
(1.07699 0.805248 1.88208e-19)
(1.70608 -0.803714 -5.25137e-21)
(0.0111628 0.0836599 -1.02043e-19)
(-0.0496418 -0.0465658 1.5081e-19)
(-0.0293824 0.0497513 0)
(1.7112 -0.212251 1.63499e-20)
(0.439848 0.413925 -5.44962e-19)
(-0.18053 0.310157 -1.22317e-19)
(-0.143449 -0.0823447 -1.82786e-19)
(-0.441343 0.387223 2.07083e-19)
(2.03426 -0.343435 0)
(1.33634 1.00748 -1.12998e-21)
(-0.13055 -0.0728321 -8.9828e-20)
(0.481137 -0.127625 0)
(0.608018 -0.0776248 -3.2486e-19)
(1.0552 0.863781 0)
(-0.626376 0.02329 1.72895e-19)
(-0.11959 -0.0655158 1.74915e-19)
(0.934612 0.813547 -1.24839e-19)
(-0.123119 -0.0692553 8.58443e-20)
(0.458858 -0.084431 -1.96747e-19)
(1.00203 0.863484 0)
(0.489811 -0.463769 -7.21014e-20)
(0.869247 0.740373 1.54713e-19)
(0.508184 -0.44603 -2.82624e-19)
(1.06793 0.916325 0)
(0.281141 0.0757708 -4.4646e-20)
(-0.682445 -0.0427177 1.56765e-19)
(1.14564 0.948543 1.11938e-20)
(-0.256567 0.332374 -1.94558e-19)
(1.33003 0.997741 3.17887e-20)
(1.70005 -0.66455 4.00335e-22)
(-0.0168384 0.0259966 1.75965e-19)
(0.647813 -0.111592 -1.34965e-19)
(1.8041 -0.140241 0)
(1.15968 0.95056 6.35472e-20)
(2.06223 -0.177795 0)
(0.826004 -0.246887 2.72861e-19)
(-0.678825 0.0901413 -3.06625e-19)
)
;

boundaryField
{
    frontback
    {
        type            empty;
    }
    Top
    {
        type            noSlip;
    }
    outlet
    {
        type            zeroGradient;
    }
    bottom
    {
        type            noSlip;
    }
    Inlet
    {
        type            fixedValue;
        value           uniform (1 0 0);
    }
    rectangle
    {
        type            noSlip;
    }
}


// ************************************************************************* //
