/*--------------------------------*- C++ -*----------------------------------*\
| =========                 |                                                 |
| \\      /  F ield         | OpenFOAM: The Open Source CFD Toolbox           |
|  \\    /   O peration     | Version:  2306                                  |
|   \\  /    A nd           | Website:  www.openfoam.com                      |
|    \\/     M anipulation  |                                                 |
\*---------------------------------------------------------------------------*/
FoamFile
{
    version     2.0;
    format      ascii;
    arch        "LSB;label=32;scalar=64";
    class       volVectorField;
    location    "43.4";
    object      U;
}
// * * * * * * * * * * * * * * * * * * * * * * * * * * * * * * * * * * * * * //

dimensions      [0 1 -1 0 0 0 0];

internalField   nonuniform List<vector> 
2186
(
(1.33514 -0.0651004 1.76663e-19)
(1.76739 -0.989886 -1.94004e-19)
(1.57945 -0.965505 -5.56896e-21)
(0.792769 -0.632701 -1.21113e-19)
(0.125447 0.0184866 -1.28502e-19)
(0.185028 0.537653 0)
(0.791771 -0.730173 0)
(-0.216341 -0.292609 1.77666e-19)
(2.03802 0.179499 2.79908e-19)
(0.596523 -0.373466 -3.04555e-21)
(0.633541 0.569515 0)
(1.22265 -0.255412 -2.29499e-19)
(-0.232434 -0.29363 -6.88997e-20)
(1.21385 0.0219915 -3.45741e-19)
(1.97174 -0.669553 -1.91014e-19)
(1.00833 -0.00492377 1.68517e-19)
(0.979563 0.010398 0)
(-0.218114 0.84186 0)
(0.846029 1.22973 0)
(-0.171355 0.0605944 -2.86184e-20)
(0.477634 0.00909289 -1.11537e-19)
(-0.212533 0.16269 4.02319e-20)
(1.19972 0.0249995 2.87022e-19)
(-0.230244 -0.149281 5.93414e-21)
(1.03717 0.00388015 -2.257e-19)
(0.844642 -0.603922 0)
(0.76849 -0.0776441 1.35095e-19)
(0.671253 -0.64956 -1.30596e-19)
(1.16113 0.679172 0)
(0.97096 0.0237398 -3.08274e-19)
(-0.086068 0.0237623 0)
(1.02982 -0.0151337 1.06826e-20)
(-0.282543 -0.0654971 0)
(1.31166 0.134465 -2.52216e-20)
(-0.106032 -0.187355 2.08429e-21)
(1.47433 0.746292 1.48656e-19)
(1.19934 0.01337 -1.77878e-20)
(0.496037 0.0594455 -3.35359e-19)
(1.77724 0.27998 -2.72286e-20)
(0.398992 0.37786 -3.65099e-20)
(-0.24486 -0.299056 0)
(-0.16144 0.0743538 0)
(2.10488 -0.883679 1.51102e-19)
(-0.410742 -0.0109039 0)
(1.07553 0.260924 1.67862e-19)
(0.634696 -0.353345 2.55818e-19)
(1.01489 -0.85741 0)
(1.26699 -0.828247 5.95866e-20)
(2.47582 -0.395729 0)
(-0.10295 0.473089 1.00841e-19)
(-0.0906405 0.0201355 4.22649e-20)
(0.584793 0.539658 9.23885e-20)
(2.26772 -0.69303 1.92324e-19)
(0.569447 0.209993 -2.74551e-19)
(-0.387069 -0.243875 1.62179e-20)
(0.823751 -0.702265 0)
(1.89707 -1.03299 2.5173e-20)
(0.638872 -0.596227 0)
(2.21602 0.222442 1.54184e-20)
(1.16504 -0.179792 -2.86653e-19)
(1.56754 -0.236849 3.27857e-20)
(1.30805 0.284342 -2.17037e-19)
(1.30018 0.51231 0)
(0.630231 0.486143 4.00164e-20)
(1.32322 0.372446 -1.43418e-19)
(1.331 -0.772924 -7.11576e-20)
(1.12334 0.631005 6.41054e-20)
(0.680384 0.0192924 -5.36384e-19)
(0.814178 0.017021 0)
(2.38845 0.255528 -7.99787e-20)
(-0.202759 -0.292118 -2.12766e-19)
(2.0041 -0.378515 -5.22989e-20)
(0.734889 -0.0899626 -2.32478e-19)
(0.927616 -0.561174 0)
(0.81195 0.137903 -8.94641e-20)
(0.601952 -0.562345 -2.53342e-19)
(2.45455 -0.426508 0)
(1.00702 0.0066617 3.41571e-19)
(-0.08746 -0.237039 0)
(1.91183 0.366943 0)
(0.591486 0.649625 3.73878e-20)
(0.522352 0.144498 4.3829e-20)
(1.02555 0.00402942 3.74403e-20)
(1.26918 0.395611 3.48584e-20)
(0.978564 0.0213119 3.90929e-19)
(1.04546 0.0249398 -9.33262e-21)
(0.652704 0.121244 -3.27518e-19)
(0.59605 0.552926 -3.33884e-21)
(0.152891 0.0118415 0)
(-0.0741881 -0.0831695 1.69753e-19)
(0.918544 -0.669299 -1.2697e-19)
(-0.0850701 -0.08962 -3.85711e-21)
(1.13762 -0.0879699 2.14473e-19)
(0.844541 -0.22679 0)
(0.978154 0.0225521 3.76819e-20)
(1.31347 0.619106 0)
(1.7578 -0.986224 0)
(1.25864 0.214713 0)
(0.00628003 0.304693 0)
(0.850261 -0.719201 2.32834e-19)
(0.795595 0.604683 -2.10016e-19)
(0.743006 0.773984 1.09474e-19)
(1.5274 0.18583 0)
(1.16704 -0.109352 -1.96059e-19)
(1.12663 0.0224885 1.68693e-19)
(-0.294976 0.163504 5.09847e-20)
(0.593727 0.455315 0)
(1.99964 0.0701685 -1.1427e-19)
(1.01814 -0.520119 6.54013e-20)
(-0.662351 0.298966 1.60385e-19)
(1.67719 0.301828 4.84941e-20)
(-0.0512328 0.26936 -1.72002e-19)
(0.893438 -0.809865 0)
(0.527401 0.288747 1.68872e-19)
(2.04735 0.0663148 -8.38856e-19)
(-0.276559 -0.20665 -5.76861e-19)
(1.96826 0.740136 1.86631e-19)
(2.22327 -0.553137 0)
(-0.100473 -0.121645 -5.07207e-19)
(0.724993 -0.128133 7.24249e-20)
(1.49382 0.846283 0)
(-0.19396 0.69607 -1.14636e-19)
(0.838885 0.718 -3.06871e-19)
(-0.351244 0.979816 2.51513e-19)
(1.02634 -0.027414 0)
(1.84304 0.324382 -2.35144e-19)
(0.0911176 0.110499 0)
(0.747024 -0.544294 -9.01687e-20)
(-0.248424 0.887096 -1.29209e-19)
(0.860673 -0.784827 0)
(0.480795 -0.35273 3.74772e-19)
(0.595624 -0.512309 2.41963e-19)
(0.466717 -0.422459 0)
(1.0609 -0.836598 -7.48182e-20)
(0.642673 0.53574 0)
(-0.174927 0.598637 -7.91177e-20)
(0.874567 -0.753687 1.06759e-19)
(2.16267 0.10837 3.11186e-19)
(2.1863 0.140428 0)
(-0.156233 -0.199059 0)
(0.639927 0.592913 -3.93114e-19)
(1.90608 -0.588502 5.181e-20)
(-0.191264 -0.215127 0)
(1.0556 -0.862292 -8.73299e-21)
(1.17036 -0.103252 0)
(1.1023 -0.133171 3.38436e-19)
(2.03833 0.00255541 -1.3903e-19)
(0.0761721 0.147398 0)
(1.29064 -0.578921 -3.41802e-20)
(-0.424636 0.095438 -2.02349e-20)
(0.137742 -0.111996 0)
(1.17123 -0.867763 1.51093e-20)
(1.00768 0.00282238 -5.70606e-19)
(0.703415 -0.533994 -8.99101e-21)
(0.871361 -0.564808 0)
(1.28018 -0.771262 -5.23254e-20)
(0.62921 0.180576 2.57362e-19)
(1.18402 0.100695 0)
(1.43747 0.101901 -4.05266e-19)
(1.28411 -0.910919 -6.66566e-20)
(-0.150794 -0.194924 -1.82675e-19)
(-0.194359 0.0287378 -2.85577e-19)
(1.06204 -0.00369372 2.2281e-19)
(0.971846 -0.504672 -8.22359e-20)
(0.540192 1.1358 3.09179e-21)
(0.785066 1.29786 6.52998e-20)
(1.05814 -0.14313 2.10198e-19)
(0.0604682 -0.00506898 -4.65938e-19)
(1.10935 -0.120767 0)
(1.56711 -0.471688 6.56206e-20)
(1.39273 0.623201 1.97907e-19)
(0.86482 -0.663365 -1.69866e-19)
(0.99563 0.00718362 1.16848e-20)
(0.776211 -0.579997 2.47713e-19)
(1.24963 0.767227 1.7179e-19)
(1.82257 0.092876 -8.61911e-21)
(0.0156434 0.196624 0)
(1.07521 0.0492269 -2.33935e-19)
(-0.689893 0.782846 -2.77657e-19)
(1.0309 0.460469 8.85212e-20)
(0.529254 -0.101494 2.81072e-19)
(1.16717 0.0258272 -4.0273e-20)
(-0.216063 -0.111245 -7.33084e-20)
(1.2432 0.5535 -1.01364e-19)
(1.08441 0.844019 0)
(-0.0427721 0.287781 -7.6243e-20)
(-0.13633 -0.173762 0)
(0.607701 0.518512 -2.91078e-19)
(2.00451 0.254819 -1.5855e-22)
(-0.265608 -0.283474 2.19015e-19)
(-0.351346 0.462688 -5.30581e-19)
(0.721123 0.0179685 2.35859e-19)
(2.02546 0.193376 -3.01602e-20)
(1.02727 -0.377915 -2.48644e-20)
(-0.1134 -0.128811 0)
(-0.267468 0.245857 3.3499e-19)
(1.26015 0.926181 -6.73673e-20)
(0.830567 0.0304435 -1.31116e-19)
(0.511835 0.479442 2.04282e-19)
(0.382184 0.191542 0)
(-0.143077 -0.261391 -3.50899e-19)
(0.130758 -0.808655 2.99992e-19)
(1.41158 -1.0247 -2.2985e-22)
(0.997733 -0.0527083 -1.75052e-19)
(-0.112848 -0.187319 4.96248e-21)
(0.191879 -0.179419 1.04223e-19)
(-0.220333 -0.264183 -3.30769e-19)
(2.25988 -0.64631 0)
(1.11909 0.0408618 -3.18457e-19)
(2.30268 0.13934 1.07278e-19)
(1.3521 -0.64213 4.80093e-20)
(0.719919 0.135273 -1.11198e-20)
(0.557521 0.265549 0)
(0.896453 0.709423 -1.84199e-20)
(0.637212 0.584955 2.03094e-19)
(0.954752 -0.608917 1.15754e-19)
(0.642694 0.453699 0)
(1.02573 -0.00342166 7.55953e-21)
(0.943725 -0.713076 1.6349e-19)
(0.804719 0.380871 -4.72286e-19)
(1.24491 -0.113483 0)
(-0.153505 -0.159311 -4.04397e-19)
(-0.239106 0.00362049 -5.23832e-20)
(1.52443 0.696589 0)
(1.46263 -0.989235 1.96792e-22)
(-0.181223 0.792887 0)
(0.167297 -0.0325922 8.02103e-20)
(0.691449 0.608746 -1.04963e-19)
(0.873883 -0.254362 0)
(-0.134753 -0.269139 0)
(1.99136 -0.391271 0)
(0.49114 0.060966 6.36747e-19)
(1.30931 -0.936114 4.42654e-20)
(1.24942 -0.637112 3.79475e-20)
(1.08065 -0.176932 -1.2563e-19)
(0.942111 -0.742696 -1.26663e-19)
(0.212031 -0.21649 0)
(-0.55151 1.08827 0)
(1.06074 -0.544873 1.29822e-19)
(-0.175336 -0.219009 0)
(-0.0539895 0.524679 0)
(-0.247068 -0.185703 4.94246e-19)
(0.74864 0.627822 9.10446e-20)
(0.964628 0.752587 0)
(0.654371 0.507516 -8.82893e-20)
(0.84042 -0.0845273 -2.07976e-19)
(0.70324 0.516992 -2.37309e-19)
(0.546545 0.505834 -1.76051e-19)
(-0.186527 -0.283746 -2.12311e-22)
(0.782516 -0.699727 0)
(0.884233 0.138884 -3.20557e-19)
(-0.215311 -0.307592 9.48155e-20)
(0.55709 0.516144 4.04655e-19)
(0.90907 0.754665 0)
(0.426174 0.539663 4.10504e-19)
(-0.178065 -0.236934 5.7218e-19)
(-0.122085 -0.0975481 -3.04616e-19)
(0.619675 0.523543 -1.53349e-20)
(0.969185 -0.0101628 5.58467e-20)
(-0.250116 -0.287252 0)
(1.74791 0.303248 -1.72855e-19)
(1.90527 -1.02521 -1.23142e-19)
(0.714299 -0.661719 -5.83002e-20)
(-0.0600796 0.999464 8.12632e-21)
(1.14971 0.432975 2.09378e-19)
(0.852355 0.374534 0)
(1.08007 -0.185968 1.60977e-19)
(-0.0936868 -0.233278 4.02227e-21)
(-0.117945 -0.113581 1.71531e-19)
(0.92998 0.0192296 -4.78254e-20)
(1.07777 0.126222 0)
(1.60263 0.104162 -2.38674e-19)
(1.89926 0.134275 0)
(0.523187 0.18472 -4.47681e-19)
(0.223555 -0.195904 0)
(-0.202494 -0.280983 4.18746e-19)
(0.722409 0.0974223 0)
(0.673526 -0.567659 -1.53928e-19)
(1.14919 0.0167229 1.90627e-19)
(-0.00427848 0.364433 2.80639e-20)
(1.99901 -0.168942 5.61365e-21)
(2.18172 0.0447588 -1.88737e-19)
(1.08221 0.20664 -2.29939e-19)
(-0.215184 -0.312974 -1.77566e-19)
(1.15605 -0.907816 0)
(0.817852 0.0160885 -1.38928e-19)
(0.972447 -0.415127 -2.42101e-19)
(1.82711 -0.551211 -1.77898e-20)
(1.60451 -0.0100531 2.62659e-19)
(1.06546 -0.0146747 3.77172e-19)
(-0.0602186 -0.140938 -2.70603e-19)
(1.0438 -0.472817 -9.81022e-20)
(0.22261 -0.214687 2.18702e-19)
(1.00745 -0.0111257 0)
(1.0049 -0.00961384 0)
(1.58335 -1.09528 1.02925e-19)
(-0.138532 0.487119 -5.40597e-20)
(0.282673 -0.107642 -2.42412e-19)
(1.91594 -0.112471 1.17216e-20)
(1.72344 -0.240322 0)
(2.05615 0.0890492 -7.33823e-20)
(1.03581 -0.895261 -2.69042e-20)
(1.96227 -0.507377 -1.45183e-19)
(1.05357 0.795032 0)
(0.522234 -0.504746 0)
(0.559952 0.469259 -1.81444e-19)
(1.06603 0.258342 -4.32356e-19)
(2.12126 0.0127428 5.52559e-22)
(0.851514 0.123385 1.36461e-19)
(-0.0510298 -0.176915 -7.50627e-19)
(0.882269 0.248252 3.04648e-20)
(-0.208536 -0.149236 0)
(-0.154975 -0.20584 0)
(-0.280438 -0.224721 0)
(1.43239 -0.751624 -1.17323e-20)
(0.106132 -0.106139 -1.40059e-19)
(0.157139 -0.229217 0)
(1.22455 0.927187 -5.86634e-20)
(1.07967 0.133913 -4.39051e-19)
(1.35404 -0.43195 6.99893e-20)
(1.02171 0.871076 1.20409e-19)
(-0.0633871 0.200034 8.61936e-20)
(0.616319 0.319017 0)
(-0.297207 -0.169951 -4.28555e-19)
(0.0795944 0.0847053 1.70978e-19)
(0.777897 -0.012751 1.72087e-19)
(1.46143 0.907809 -7.15914e-20)
(1.53011 -0.317508 -1.34154e-19)
(-0.149752 -0.119834 -4.84362e-21)
(0.814213 -0.740386 -2.57204e-20)
(1.09058 0.00491209 0)
(1.59534 -0.056196 0)
(1.04761 0.0506341 0)
(-0.079074 -0.527665 -1.75778e-19)
(-0.270362 -0.196885 1.59482e-19)
(0.995183 0.800484 0)
(1.0042 -0.019072 4.7004e-19)
(0.723691 0.560014 -2.3992e-19)
(0.197884 -0.128596 -1.37188e-19)
(0.862063 -0.0179318 -3.85098e-20)
(0.774268 -0.707519 -1.63617e-19)
(1.32933 0.679538 -4.96406e-20)
(0.615714 -0.510514 -2.54299e-19)
(1.12 0.00032901 -4.38431e-19)
(0.826798 0.0316785 3.95429e-20)
(1.55281 -0.143352 2.01787e-20)
(0.546342 -0.228764 -1.86575e-20)
(-0.125619 -0.143046 -7.4991e-22)
(1.03712 0.43433 -2.91213e-19)
(1.23044 0.58136 2.44092e-20)
(-0.110017 -0.19006 0)
(-0.0347631 -0.13047 2.75163e-19)
(-0.189571 -0.198334 1.6939e-19)
(-0.143226 -0.228122 -2.356e-19)
(0.432196 0.243977 0)
(1.6845 -1.12147 0)
(0.0126518 -0.0362325 -5.96599e-20)
(-0.184495 -0.309558 -9.55051e-20)
(1.04247 -0.0327493 1.73667e-19)
(0.0752676 0.0385026 -3.58219e-20)
(1.90025 -0.168424 -4.38324e-19)
(-0.293789 0.467301 0)
(0.902493 -0.79768 -2.04544e-19)
(0.439429 0.154453 9.14597e-20)
(-0.410663 0.391507 2.03107e-19)
(0.701632 0.106437 3.1949e-19)
(0.60984 0.0692578 1.0271e-19)
(0.553016 -0.524715 1.69252e-19)
(-0.205145 -0.242516 -2.16767e-19)
(1.38238 -0.652175 0)
(0.34876 0.274547 -1.92571e-19)
(1.02709 -0.0182864 -2.75036e-19)
(-0.37499 0.599274 2.09083e-19)
(1.3627 0.463687 -1.69301e-19)
(-0.180259 -0.241954 -8.66729e-20)
(0.77766 -0.705606 2.71162e-20)
(0.792022 0.14783 -2.04854e-19)
(0.941455 0.390876 2.43946e-20)
(1.18 -0.157424 2.84661e-20)
(0.638836 -0.290546 -2.68221e-19)
(2.10194 -0.18068 -2.7771e-19)
(0.938964 -0.298311 0)
(1.63868 -0.453477 5.17247e-20)
(0.895321 0.119872 -2.5146e-20)
(1.58586 0.524159 1.81773e-19)
(0.834231 0.35415 -8.67479e-20)
(0.517728 0.159588 -6.84419e-20)
(0.373739 0.335579 -2.528e-19)
(-0.0396999 0.810479 9.82703e-20)
(2.25263 0.450321 0)
(0.934586 0.00619927 0)
(0.952022 -0.839272 3.36195e-20)
(-0.162818 -0.253973 -6.27181e-19)
(-0.220529 1.09823 -1.83476e-19)
(-0.143017 -0.169937 -3.81888e-19)
(-0.190025 0.701679 -9.33092e-20)
(-0.23376 -0.0744003 0)
(-0.154975 -0.190118 7.00298e-20)
(-0.274871 0.24476 -4.03139e-20)
(0.186514 -0.168287 -2.38267e-19)
(0.827459 -0.153067 0)
(1.48182 -0.698802 4.15103e-20)
(-0.191871 -0.21642 0)
(0.997583 0.0229023 3.42053e-19)
(-0.0602672 -0.082975 2.49946e-20)
(0.591487 -0.48336 3.40703e-19)
(-0.604352 0.700833 4.6152e-19)
(-0.295812 0.965774 0)
(-0.108784 0.422436 3.1882e-20)
(1.00755 0.0205628 -1.02652e-20)
(0.113667 -0.080676 0)
(1.00385 -0.0108854 -5.40182e-20)
(0.92311 -0.780227 -2.07614e-19)
(1.93554 -1.20157 0)
(0.969459 -0.306602 1.74389e-19)
(-0.0507524 0.637005 9.57485e-20)
(-0.0881555 -0.0934925 0)
(-0.134603 -0.259804 -9.77452e-21)
(0.782298 -0.685824 -3.40589e-19)
(0.965784 -0.0224086 -2.33621e-19)
(-0.153653 -0.251923 7.59716e-19)
(-0.18311 -0.265252 2.64235e-19)
(-0.221092 -0.133691 0)
(0.923446 0.439698 0)
(-0.160549 0.145427 2.8793e-19)
(1.65421 0.487172 -8.82159e-20)
(1.02124 0.849237 2.3958e-20)
(1.05335 0.191787 -1.2566e-19)
(1.15239 0.0014349 -1.8478e-19)
(1.07807 -0.070101 -5.92675e-20)
(-0.150908 -0.259739 -6.81322e-19)
(1.99147 0.102951 1.20729e-19)
(0.648655 0.0377587 2.19352e-19)
(1.26465 0.151882 4.313e-20)
(1.06894 -0.158467 0)
(-0.257234 0.847742 1.68192e-19)
(1.14733 0.0241549 -4.63629e-19)
(1.68468 0.601553 6.05015e-20)
(0.791003 -0.503653 -1.36754e-19)
(-0.110774 -0.123184 3.7921e-19)
(0.862052 -0.755248 2.77612e-19)
(1.1956 0.18622 8.44446e-20)
(1.00631 -0.00927394 2.39379e-19)
(0.00566209 -0.198115 -2.86464e-19)
(1.01793 0.00832918 0)
(1.13858 -0.120556 9.82456e-20)
(-0.109484 -0.11275 0)
(1.01615 0.0108309 -1.3885e-19)
(0.310885 0.327704 -7.08458e-19)
(1.68268 0.317241 7.41936e-20)
(-0.22726 -0.194794 1.99196e-19)
(1.5277 0.0128365 4.39263e-20)
(1.01214 -0.0201906 4.996e-20)
(1.30198 -0.105109 0)
(1.53625 -0.614131 -3.02103e-20)
(1.01765 0.0235731 -1.50401e-19)
(1.38054 0.757031 -1.18333e-19)
(1.26425 -0.0439809 0)
(1.87429 0.837986 -4.68956e-20)
(-0.000834828 -0.0353526 0)
(1.34803 0.0796604 0)
(-0.268378 -0.261203 0)
(1.20291 0.421798 0)
(1.75634 0.248697 4.13045e-21)
(0.696866 0.573081 4.21019e-19)
(0.327472 -0.33008 -2.00266e-19)
(-0.186762 -0.297722 -6.16827e-19)
(-0.119007 -0.137736 0)
(1.63723 -0.817474 6.17517e-20)
(1.24041 0.508765 0)
(1.40864 0.286234 0)
(-0.287349 -0.116032 1.8725e-19)
(0.760482 0.670638 1.45591e-19)
(1.65629 0.0456633 0)
(-0.247632 -0.299426 1.32205e-19)
(0.885144 0.184241 1.88283e-19)
(1.52148 -0.758429 -6.14564e-20)
(1.18405 0.884372 6.28531e-20)
(1.01681 -0.910518 -3.20183e-21)
(0.189277 -0.112397 -7.57867e-20)
(0.745536 0.672532 1.5164e-19)
(1.12089 0.880474 0)
(2.24157 -0.597392 5.80922e-20)
(-0.122606 0.83469 0)
(1.21395 -0.489643 -5.69251e-21)
(0.958564 0.0763266 8.0763e-20)
(1.0055 -0.00894555 0)
(-0.501348 0.658587 1.10937e-19)
(0.918317 -0.209156 4.17376e-20)
(0.676377 -0.461526 0)
(0.714078 -0.435478 1.84809e-19)
(1.19066 0.529569 -3.98864e-20)
(0.432458 0.406163 2.85562e-19)
(0.203073 -0.166891 2.90812e-20)
(-0.248626 -0.111195 3.44519e-20)
(0.77534 0.0522768 0)
(1.42457 -0.951762 2.62834e-20)
(1.02979 -0.0461069 3.87218e-19)
(1.44665 0.32943 6.87714e-20)
(-0.254713 -0.277695 1.12822e-19)
(-0.679678 1.0087 0)
(1.26845 -0.242311 -8.45746e-20)
(-0.0916355 -0.0969891 -3.22415e-19)
(-0.163288 0.816391 -2.2765e-20)
(-0.121874 0.0440887 -6.06707e-22)
(-0.188844 0.0848384 1.41773e-19)
(0.398751 0.676429 3.23256e-20)
(1.8971 0.194616 2.31642e-19)
(1.1485 0.438805 -3.37624e-19)
(0.85138 -0.044883 0)
(1.76224 -0.116305 3.44271e-20)
(1.49735 0.090649 8.8792e-20)
(0.979118 -0.820938 9.60451e-20)
(1.27411 -1.06005 2.46226e-20)
(0.437199 0.40467 1.93942e-19)
(0.959148 0.701325 0)
(1.68938 0.563695 -2.24082e-20)
(-0.105718 -0.120548 -6.55781e-19)
(0.837112 0.728169 0)
(1.78272 0.0130213 0)
(0.329738 -0.32895 -4.66578e-21)
(0.279783 0.234748 0)
(-0.792784 1.04029 -3.57018e-19)
(0.22778 -0.151149 -8.18155e-20)
(1.95583 -0.341629 0)
(1.23648 0.0539723 3.06975e-19)
(-0.200871 1.00238 1.51028e-19)
(0.586932 -0.558627 -3.74303e-19)
(1.44827 0.0814811 -2.50954e-20)
(0.669027 -0.607775 0)
(0.989448 0.118686 0)
(1.59121 -0.202295 0)
(1.09116 0.206728 -2.48228e-19)
(1.32682 0.102652 3.54215e-19)
(-0.316859 0.776319 0)
(0.889458 -0.0531354 0)
(1.8738 -0.202006 5.09649e-21)
(0.0404538 -0.202439 5.3228e-20)
(2.5003 -0.147413 -1.46897e-19)
(1.29418 -0.576875 3.37974e-19)
(2.01491 0.00398379 -9.67299e-20)
(-0.337894 1.01985 -1.02167e-19)
(1.98346 0.15862 -2.15971e-20)
(1.02088 -0.0310512 3.84175e-19)
(1.45766 0.579984 0)
(0.0991023 0.0665973 2.17201e-20)
(1.08153 -0.887355 1.01751e-19)
(0.863685 -0.052679 4.5014e-20)
(0.683967 -0.483535 0)
(2.02601 -0.451817 1.90034e-20)
(1.24579 -0.204939 1.06871e-19)
(1.60369 -0.639592 0)
(0.666921 -0.619861 3.06626e-19)
(1.90354 -0.0193877 5.98453e-20)
(2.45099 -0.0697482 3.09449e-19)
(0.0921624 -0.213408 -1.26506e-19)
(1.28015 0.591972 1.94429e-19)
(1.10853 0.381792 4.07921e-21)
(0.87258 0.335491 2.31603e-19)
(1.40355 0.535895 -2.48851e-20)
(-0.136976 -0.274272 -2.2325e-21)
(1.48483 0.48201 0)
(-0.115333 -0.100037 6.18798e-19)
(1.21951 -1.04946 0)
(1.13378 -0.691598 1.48415e-20)
(1.23438 0.865674 -2.55051e-19)
(1.37339 1.37966 6.30796e-20)
(-0.43237 0.18683 -4.73534e-19)
(0.947537 0.452029 1.8912e-19)
(-0.118738 -0.792693 1.94005e-19)
(0.690803 -0.0425514 0)
(1.59489 -0.175121 0)
(0.87831 -0.0613926 1.46425e-20)
(0.785359 -0.00646615 0)
(1.39202 -0.204123 -1.09969e-19)
(-0.577814 1.05423 4.16983e-19)
(1.86877 0.487097 -7.13794e-20)
(1.03693 -0.0358479 0)
(0.59933 -0.408404 8.93592e-20)
(1.01031 0.0252729 1.83712e-19)
(0.171374 -0.248142 1.97608e-20)
(-0.221124 0.832683 0)
(1.16231 -0.493613 3.49874e-19)
(1.12143 -0.327073 -4.87804e-23)
(1.15553 -0.529299 -1.52889e-19)
(2.28142 0.219954 1.03498e-20)
(1.23727 0.754551 0)
(0.861173 0.0195532 0)
(-0.272296 -0.261199 -2.70656e-19)
(0.0162211 -0.0522593 6.71046e-20)
(0.918728 0.334818 -2.17186e-19)
(0.18489 -0.12728 -2.65737e-19)
(0.610881 0.356582 2.44022e-19)
(1.60978 0.940004 0)
(0.5945 -0.5523 0)
(0.327453 -0.233024 -1.33177e-20)
(1.29675 -0.526978 -6.45165e-20)
(1.09758 -0.0767882 2.69275e-20)
(0.745589 -0.206265 1.07132e-19)
(-0.0274864 -0.159056 -1.28314e-19)
(1.23913 0.296137 1.58569e-19)
(0.614293 0.570877 0)
(1.22005 0.664529 0)
(1.57366 0.246843 0)
(-0.325911 -0.106895 -2.40637e-19)
(1.1708 0.527617 8.77701e-20)
(1.49081 0.191086 2.45102e-20)
(0.918691 -0.0107898 0)
(1.15169 0.0279472 0)
(2.04247 -0.112877 -9.00952e-20)
(-0.195977 -0.537818 -1.82162e-20)
(1.00554 -0.000345277 -1.8503e-19)
(1.45089 0.459251 0)
(-0.126066 0.71954 0)
(1.20198 0.298754 3.25404e-19)
(0.983937 0.494789 -1.43521e-19)
(1.06194 0.0220884 0)
(1.38592 0.620398 0)
(1.89362 0.65999 -1.1587e-19)
(-0.0867272 -0.0296663 -2.71683e-21)
(0.997493 0.0104191 0)
(0.669192 0.425223 -3.42855e-20)
(1.02134 -0.895072 0)
(1.00295 0.0138746 4.25835e-20)
(0.744169 -0.992602 -3.64484e-20)
(0.943939 -0.356541 2.52858e-19)
(0.351029 -0.920324 2.16287e-19)
(1.95529 0.105143 3.56387e-19)
(1.36029 -0.185351 -7.73265e-20)
(0.793593 -0.0159708 0)
(1.02546 0.00696727 0)
(-0.430404 0.571274 0)
(0.618925 0.591151 -2.10472e-19)
(0.0125679 -0.159835 8.77383e-20)
(1.13558 0.32822 -5.18093e-19)
(-0.103448 0.43123 0)
(0.786461 0.601712 1.79183e-19)
(1.04953 -0.364809 0)
(1.00513 -0.00431635 1.08533e-19)
(0.0826029 1.29369 1.57127e-20)
(0.999173 0.374816 2.80501e-19)
(1.27339 0.445113 0)
(2.11139 0.208102 -1.86167e-20)
(0.836147 -0.152702 -3.29899e-19)
(-0.851745 1.2882 -4.55144e-19)
(-0.0919201 0.714841 0)
(0.856502 0.207393 1.75768e-19)
(1.97757 0.386005 0)
(0.736303 0.478096 3.77895e-19)
(-0.708353 1.15688 1.8119e-19)
(0.0859071 -0.207052 0)
(0.546219 0.517233 -7.51441e-20)
(1.09106 -0.68158 -1.05475e-19)
(0.522952 -0.319956 -1.10346e-19)
(1.02061 -0.0210998 0)
(-0.142512 0.900274 -1.00315e-19)
(0.691415 -0.619139 6.72322e-20)
(0.878758 0.255171 0)
(1.82957 -0.807585 7.47267e-20)
(0.933486 0.792836 2.86809e-20)
(0.470005 -1.01607 3.82644e-20)
(0.709503 0.0258329 -5.00502e-19)
(0.258052 -0.169307 -5.13519e-19)
(-0.163419 -0.2232 1.65274e-20)
(0.781561 0.318227 2.53716e-19)
(0.147765 -0.082014 -3.59464e-21)
(1.49959 -0.666074 3.22486e-21)
(1.02632 0.00244672 -3.17486e-19)
(-0.348962 0.0507975 0)
(1.02308 0.0250642 -3.92718e-19)
(1.33833 0.357329 2.06942e-20)
(0.844621 0.6492 3.08502e-19)
(1.14527 -0.0729988 1.39397e-19)
(1.01023 -0.038423 1.46817e-19)
(1.33415 1.22223 -5.74205e-20)
(-0.253311 -0.257447 -1.0401e-21)
(1.92125 -0.900239 2.00856e-20)
(1.16513 -0.129483 -5.22013e-20)
(0.821525 0.0425424 5.89481e-20)
(0.940911 -0.322158 7.69496e-20)
(1.70713 -0.153744 0)
(0.916733 0.693818 0)
(0.37323 0.88094 -1.8748e-20)
(1.98444 0.164475 1.30997e-20)
(-0.795763 0.939045 1.62167e-19)
(1.08637 -0.577982 -3.83861e-19)
(0.668249 -0.584212 3.29406e-19)
(1.09229 0.191948 -2.00052e-20)
(0.354481 -0.00167473 3.05434e-20)
(0.548488 -0.429569 0)
(0.743977 0.0660025 -6.4621e-21)
(1.23577 -0.299557 1.73774e-20)
(0.992871 0.722337 0)
(0.845911 -0.535324 0)
(0.765252 0.732332 0)
(-0.191167 -0.252066 -1.02864e-19)
(-0.147496 0.184741 0)
(0.0742085 0.0524171 -1.75791e-19)
(1.19273 0.169303 6.91892e-21)
(-0.185221 0.407366 2.66495e-19)
(1.43279 -0.509329 7.09208e-22)
(1.7537 0.456251 2.23215e-20)
(2.08092 -0.142481 -4.61126e-20)
(-0.161729 0.0159139 -9.56198e-20)
(-0.116721 -0.223028 7.28629e-21)
(1.58848 -0.120903 0)
(0.671894 -0.0365018 0)
(1.00088 -0.00250544 2.6547e-22)
(-0.369747 -0.0119351 0)
(1.28875 0.0744883 -1.28809e-19)
(0.672366 -0.0326926 0)
(1.06875 -0.00403038 1.12293e-19)
(0.989766 0.0130594 -4.17729e-20)
(1.34592 0.44445 1.25136e-19)
(1.05451 -0.0217901 -8.95505e-22)
(0.976252 -0.218287 -4.71519e-20)
(1.03037 -0.0406263 3.36458e-19)
(0.725916 -0.663171 1.49273e-19)
(0.375293 -0.261336 -3.1412e-19)
(1.9033 -0.158089 3.6958e-21)
(0.0159003 -0.0790531 0)
(1.07562 0.755365 0)
(1.03587 -0.0162351 0)
(1.06859 -0.822939 -6.70429e-20)
(1.14446 -0.969486 -2.6524e-20)
(2.48272 0.386419 -4.32138e-21)
(-0.918315 0.933889 -3.18873e-19)
(0.186664 -0.28208 -5.41518e-20)
(0.635167 -0.442256 -5.5397e-19)
(1.84369 -0.406986 7.22476e-20)
(0.551792 -0.274343 3.53953e-19)
(2.15747 -0.0821247 1.77918e-19)
(2.07768 0.0599747 4.0516e-20)
(-0.239644 -0.285638 -2.0591e-19)
(1.07083 0.519709 2.25994e-19)
(-0.112624 -0.317412 0)
(0.0935134 -0.0256906 6.04895e-19)
(-0.162681 -0.191433 -1.89581e-22)
(1.02411 -0.0470095 3.1576e-19)
(1.02746 -0.00472388 -7.88658e-21)
(1.10172 -0.0117751 -8.68978e-20)
(1.43948 0.873997 -8.2915e-20)
(1.58372 0.302993 9.46189e-20)
(0.446477 -0.420622 -2.69918e-19)
(1.81489 0.766622 1.42524e-20)
(1.04107 -0.00521458 -2.22152e-19)
(2.45466 0.0750775 -3.80709e-21)
(1.79308 1.06982 0)
(1.06552 0.558614 -4.26155e-19)
(1.00274 -0.00718638 8.84483e-20)
(0.630218 0.559314 2.70262e-19)
(0.168178 -0.304954 2.63552e-21)
(1.0565 -0.0161513 -2.94592e-20)
(1.11772 0.0132328 8.27204e-22)
(2.42445 0.0300854 8.70777e-21)
(2.03756 0.0055002 0)
(1.04051 -0.0419099 0)
(1.04785 -0.0362078 5.48573e-19)
(1.00251 -0.00479635 0)
(-0.138142 -0.162982 0)
(1.14632 -0.682877 0)
(1.00063 -0.00305891 -5.14325e-19)
(1.22986 -0.720526 4.6232e-20)
(1.02676 -0.00582412 1.06676e-20)
(1.28312 0.914862 -4.97162e-20)
(1.45813 0.961543 1.70557e-19)
(0.205067 -0.311785 7.99385e-20)
(1.00817 0.520727 -3.4184e-20)
(1.29125 -0.177863 0)
(-0.256952 0.238336 0)
(1.62585 0.635098 1.86818e-19)
(1.2627 -0.992183 0)
(0.999326 -0.00639261 -1.60216e-19)
(1.0108 -0.00163517 3.11016e-19)
(1.42255 0.136815 -7.91861e-20)
(0.0478233 -0.108398 4.78625e-19)
(0.974785 0.00103776 1.70951e-19)
(1.52377 0.364291 -6.99743e-20)
(0.770226 0.12318 4.81166e-20)
(1.58005 1.02499 -5.08541e-22)
(0.933965 0.016384 -1.66508e-19)
(1.0037 0.0026678 1.99062e-19)
(1.00044 -0.00178077 1.18076e-20)
(0.788405 -0.0138801 0)
(0.723912 -0.0272791 0)
(0.718167 -0.0278296 3.44695e-22)
(0.693235 -0.0305405 0)
(-0.148787 -0.0858512 0)
(0.42957 0.0200916 0)
(0.879877 -0.0130793 -1.24272e-19)
(0.954014 0.192207 6.2389e-20)
(0.705439 1.01836 0)
(0.897251 1.0198 -3.77125e-20)
(1.09235 0.614578 0)
(0.514443 0.303944 0)
(1.1296 0.405148 0)
(1.80224 0.109053 2.01131e-20)
(1.96618 -0.110748 -9.71835e-20)
(0.780352 0.0241703 0)
(0.789134 0.0202024 0)
(0.970302 0.0194085 -2.05796e-19)
(0.815048 0.00760449 3.86982e-19)
(1.00836 -0.0013686 0)
(1.00006 -0.00103713 3.68766e-19)
(1.0004 -0.00112231 -5.1413e-22)
(0.788765 0.0226547 3.2621e-19)
(0.994364 -0.00576275 -1.95901e-19)
(0.791822 0.250406 0)
(0.67088 0.0522125 -4.81644e-20)
(1.00075 -0.00259158 -1.87233e-19)
(0.999684 -0.000660092 -3.19861e-19)
(1.32506 0.297813 0)
(0.999039 0.000933658 0)
(0.999606 -0.00036102 0)
(0.249433 -0.203013 -2.04265e-20)
(0.603532 0.487432 -1.2614e-19)
(2.06888 0.259901 0)
(0.118819 -0.0466529 1.63768e-19)
(-0.348782 0.842439 -1.11904e-19)
(1.01789 -0.0182929 -2.49667e-19)
(-0.229457 -0.298194 -1.74005e-19)
(1.02077 -0.000809853 -1.99134e-19)
(1.20596 -0.222736 -6.0106e-20)
(0.846387 -0.517465 2.5104e-19)
(-0.132941 -0.158545 -1.56299e-19)
(1.03315 0.00873554 0)
(1.04617 -0.015358 -5.74018e-20)
(0.864162 0.0173673 0)
(-0.0758962 -0.0671753 1.19743e-19)
(1.11886 -0.809675 0)
(-0.310623 -0.148418 -4.0832e-19)
(1.9511 0.19418 4.44758e-20)
(1.59086 0.661696 -1.34888e-19)
(-0.0728864 -0.00938656 0)
(1.05063 -0.0392744 1.69799e-19)
(0.354606 0.260683 -1.18828e-20)
(0.927456 -0.034699 2.64985e-19)
(1.01072 -0.0117643 -1.70784e-19)
(1.60307 0.832245 -3.01792e-20)
(0.4788 0.446031 0)
(0.401198 0.342147 2.02156e-19)
(0.723874 0.0528259 3.93535e-21)
(1.11962 0.113477 2.06209e-19)
(1.15645 -0.755326 0)
(1.02164 -0.000777279 0)
(0.999385 -0.020423 -3.93535e-19)
(1.01997 0.0126119 -3.77762e-19)
(-0.173989 -0.246383 0)
(1.16914 0.783789 -1.75389e-19)
(0.161932 0.17938 -2.80618e-21)
(1.01499 0.000310815 1.46955e-19)
(1.0126 0.0108073 -1.82674e-19)
(-0.311879 -0.0750992 -3.84713e-20)
(0.600174 0.353512 3.30755e-19)
(1.01649 -0.0164569 6.29169e-19)
(0.260959 0.0668504 0)
(1.78594 0.632465 3.5539e-20)
(1.0148 -0.0145864 -1.9514e-19)
(1.32219 0.0789731 -4.28406e-20)
(1.05401 0.00567871 -4.59936e-22)
(1.00724 -0.0127322 3.92021e-20)
(1.97417 0.232518 -2.98012e-19)
(1.01826 0.00389999 1.87543e-19)
(1.05077 0.0181179 4.34218e-21)
(1.019 -6.21987e-05 0)
(0.916412 0.123529 4.93006e-20)
(-0.850447 1.08586 4.46581e-21)
(1.00133 0.0212225 1.85694e-19)
(1.04121 0.0204115 -7.47532e-22)
(0.286865 0.134132 2.33362e-20)
(1.21978 0.301484 4.8382e-19)
(0.999193 0.0134291 1.27283e-19)
(1.01545 -0.0169218 2.97271e-22)
(1.70252 0.253095 -4.90825e-20)
(1.66884 0.894451 -5.42589e-20)
(0.842293 -0.753896 3.91228e-20)
(0.497914 -0.391171 -2.71912e-19)
(1.00596 -0.0128272 0)
(1.02333 0.00017042 4.6609e-20)
(1.01088 -0.0123459 9.93051e-20)
(1.0366 0.654441 -3.83316e-21)
(1.01617 0.00256527 -1.95451e-19)
(1.03458 -0.0291341 2.20196e-19)
(1.00717 -0.011556 -1.85823e-19)
(1.01391 0.00236919 -4.48256e-22)
(1.01199 -0.00109266 -2.422e-22)
(1.02713 0.010639 1.86619e-19)
(0.892459 0.0523735 4.92036e-19)
(0.379911 -0.705654 0)
(0.510834 0.937823 1.07518e-19)
(1.01238 -0.00643213 0)
(1.01879 -0.0209109 -5.47329e-20)
(1.48133 0.429807 -1.34351e-19)
(0.95236 0.117309 0)
(1.92078 -0.794297 -6.4497e-20)
(0.394915 -0.55159 2.38046e-20)
(0.752592 -0.0207666 0)
(1.79317 0.488094 0)
(-0.0361904 -0.620615 2.77232e-21)
(1.02949 1.19008 6.40223e-20)
(1.01784 -0.00786409 -1.97853e-19)
(1.1791 -0.595543 -4.21248e-20)
(0.640804 0.882696 1.07181e-19)
(0.775183 -0.732852 0)
(0.527729 -0.112062 0)
(1.07179 -0.450714 0)
(-0.289726 0.275683 6.63454e-21)
(1.10487 0.540374 -4.05286e-19)
(-0.0559284 -1.04516 0)
(-0.0497256 0.785892 -1.15379e-19)
(1.62798 0.930073 4.43531e-20)
(1.00869 -0.00638933 -3.85488e-19)
(1.01355 1.04964 -8.87157e-20)
(1.0223 0.00329163 2.54807e-19)
(0.687937 -0.0453984 0)
(-0.171331 -0.233841 -4.89353e-20)
(0.576723 0.382696 -3.4491e-19)
(0.679186 -0.596774 -8.1765e-20)
(-0.123201 0.57159 0)
(0.817784 0.0784229 5.81166e-20)
(0.477437 0.454209 5.37778e-20)
(1.13458 0.843743 -4.89849e-20)
(-0.102241 -0.110128 2.39821e-19)
(1.01948 0.00494979 0)
(1.00945 -0.062942 -2.2246e-19)
(1.01205 -0.00558322 1.45238e-19)
(2.34608 0.162192 0)
(1.01382 0.0039705 2.42722e-19)
(0.264566 0.0549162 -2.91164e-19)
(1.01863 0.00730114 -1.50697e-19)
(1.82825 0.542897 0)
(1.75107 -0.679393 5.27613e-23)
(1.00965 -7.75955e-05 -1.00937e-19)
(0.996333 -0.0448801 2.66405e-19)
(1.0682 0.0840564 -7.38882e-22)
(0.948794 -0.662637 1.88663e-19)
(-0.0962348 -0.16356 6.32713e-19)
(1.88778 0.24835 1.9037e-20)
(0.590505 -0.923995 -2.053e-19)
(0.801312 0.0145223 -3.622e-19)
(0.787503 0.028114 0)
(0.611631 -0.209207 -1.57253e-19)
(1.01822 -0.0197224 -2.94714e-20)
(0.971743 0.0101913 0)
(1.04509 0.00020388 -1.89322e-19)
(0.546811 -1.56921 9.22053e-20)
(-0.73313 1.12506 2.03361e-19)
(2.31015 -0.45358 0)
(-0.047412 0.759328 -7.57782e-19)
(1.56849 -0.336193 0)
(1.03735 -0.0198977 5.5138e-20)
(1.53146 0.597145 2.08759e-21)
(1.01539 -0.00496945 1.56309e-19)
(-0.386163 1.03597 3.62826e-19)
(1.01791 -0.00144776 0)
(0.994169 0.00348801 -3.81016e-19)
(1.01001 0.00393935 1.99079e-19)
(0.964806 0.690869 0)
(1.05702 -0.00987553 -2.06867e-20)
(0.955741 -0.00169654 -1.70077e-19)
(-0.183691 -0.30125 6.42942e-19)
(1.00462 -0.00503257 -1.94292e-19)
(1.00063 0.0151258 -4.5657e-19)
(1.74651 -0.577519 1.5978e-20)
(-0.198522 -0.223874 -1.56223e-19)
(0.764323 0.653396 -1.90068e-19)
(0.773483 0.313641 0)
(1.02235 -0.0122747 4.1095e-19)
(1.03591 -0.0172543 2.19234e-19)
(0.573031 -1.47393 1.50782e-19)
(0.588917 -1.45832 -1.22273e-19)
(1.08078 0.00275465 -1.05259e-19)
(1.19809 -0.956763 1.88036e-20)
(1.00709 -0.00436915 2.03359e-19)
(0.98865 -0.718198 1.49406e-19)
(-0.0738468 0.249873 3.0785e-19)
(-0.190993 -0.22819 -1.3e-19)
(0.766183 0.0197683 -6.62251e-20)
(0.735339 -0.208832 -6.16404e-19)
(1.01545 -0.0141115 0)
(1.41699 -0.838683 3.40948e-20)
(0.233348 -0.954894 -4.73743e-21)
(0.567818 -0.922184 0)
(1.07288 -0.106584 0)
(0.110832 -0.860671 0)
(1.0335 0.0102735 8.45466e-20)
(2.23449 -0.0482765 0)
(1.04885 -0.0274989 3.52781e-21)
(-0.580005 0.923019 -1.48938e-19)
(-0.125453 -0.149319 3.90988e-19)
(0.212819 -0.158589 1.12993e-21)
(1.39585 0.356049 1.28592e-19)
(-0.0697384 -0.212316 8.4063e-19)
(0.156106 -1.01909 0)
(0.950645 -1.43414 -6.95696e-21)
(1.01911 0.0129381 5.36027e-20)
(-0.162346 -0.168104 -2.45684e-19)
(0.835898 0.673891 -6.08352e-20)
(-0.129901 -0.148445 9.02413e-20)
(1.47872 -1.04451 -1.26046e-19)
(0.254628 -1.42722 -1.39492e-19)
(0.936298 1.28991 -6.36976e-20)
(0.271708 -1.39008 -1.54458e-19)
(0.896357 0.0128537 0)
(0.213833 -1.00563 -2.13466e-19)
(1.38243 -0.120995 -2.0166e-19)
(0.490917 -1.38724 1.1098e-19)
(1.89639 0.309651 0)
(1.05453 0.0207889 2.0587e-19)
(0.624956 -1.28973 0)
(0.983121 1.20147 -1.22151e-19)
(0.77047 0.464492 0)
(0.851262 0.29438 -2.27726e-19)
(0.458865 -1.12531 8.30889e-20)
(-0.167732 -0.214294 -2.79611e-20)
(0.942315 0.0133719 -4.22601e-19)
(1.02886 -0.00147802 0)
(1.12667 0.00842214 1.05114e-19)
(1.48967 -0.26506 0)
(2.23283 -0.265344 0)
(1.01093 -0.00635198 -3.77681e-20)
(0.981476 0.0204555 -1.86516e-19)
(0.678549 0.108677 1.30258e-19)
(0.235831 -0.232527 0)
(1.02208 -0.0181812 3.46162e-22)
(0.99551 -0.802622 -9.06318e-20)
(0.613446 0.29642 0)
(1.07016 -0.0281283 -2.70388e-19)
(2.11668 -0.634215 8.3643e-20)
(0.471346 -1.21403 -2.60205e-19)
(0.0125393 -0.0161273 1.21173e-19)
(-0.471478 0.26582 3.30039e-20)
(-0.233292 0.488649 -1.40598e-19)
(-0.146713 -0.165242 5.36051e-19)
(0.346208 -0.652998 -1.46909e-20)
(0.243389 0.0210433 4.66013e-19)
(1.01312 -0.753599 1.60603e-19)
(1.19895 -0.969929 0)
(1.01645 -0.00412755 -4.34171e-19)
(0.740655 0.161291 -7.2658e-20)
(1.01446 -0.00598337 -1.68445e-19)
(-0.101715 -0.125725 -1.75338e-19)
(-0.123298 -0.277212 5.0835e-19)
(1.01713 0.0126523 -2.12196e-19)
(1.5815 -1.19597 4.26683e-19)
(1.33628 -1.3605 5.71344e-21)
(1.03979 -0.0139453 -3.45653e-19)
(1.6086 0.0207645 0)
(0.0184 0.0601087 -1.09391e-19)
(-0.44306 1.04517 -3.21894e-19)
(0.846103 -1.11947 0)
(1.09882 0.075479 0)
(1.04801 0.0131306 2.60163e-19)
(0.114731 -0.00398135 1.60513e-19)
(1.22753 -0.0211199 -1.88271e-20)
(1.11346 0.597126 1.97355e-19)
(0.92124 -0.472903 -2.52491e-19)
(1.05966 0.0093148 1.1963e-19)
(-0.0474005 0.279408 -3.31487e-20)
(1.1877 0.143301 -4.10514e-19)
(-0.456203 0.0548453 0)
(1.03747 -0.290163 -1.58423e-19)
(0.912635 -0.499049 2.61557e-19)
(1.44846 -0.572783 -7.66148e-20)
(1.01905 -0.0239597 -2.48746e-19)
(0.421789 0.406568 -1.47481e-19)
(1.36573 0.298876 -2.30692e-19)
(-0.798886 1.05143 2.85951e-19)
(0.869415 0.030201 -3.32121e-19)
(0.527628 -0.035807 -1.90884e-19)
(1.00916 -0.0081116 -2.07409e-19)
(0.766418 0.56174 -2.5345e-19)
(0.775101 -0.905311 -3.4174e-19)
(0.499324 -0.484343 -1.18725e-20)
(0.762797 -0.0175689 2.05988e-19)
(0.902462 -1.13402 1.08263e-19)
(2.05427 -0.492266 0)
(1.17951 -0.906513 0)
(1.22109 0.130465 -2.30721e-20)
(0.893383 0.0215252 0)
(0.774717 -0.447059 1.62111e-19)
(-0.141163 -0.163672 0)
(0.953076 0.221004 -1.31729e-19)
(1.02186 0.00230044 0)
(2.26537 0.132076 -1.81664e-20)
(1.13834 -0.414025 2.55522e-19)
(0.976674 -0.00898331 1.82722e-19)
(1.04798 0.0696966 -1.95692e-19)
(1.30874 0.268275 1.28696e-19)
(1.01501 0.0156941 2.598e-19)
(0.370113 0.948191 0)
(0.976974 0.00739112 2.09806e-19)
(1.64222 0.561664 -1.91221e-21)
(0.181848 -1.43964 1.17206e-19)
(1.34871 1.00098 -8.63489e-20)
(1.01573 -0.0281401 2.83749e-19)
(0.611612 0.0852587 -8.13819e-20)
(1.84227 0.617016 0)
(0.369719 -1.2003 0)
(1.02089 -0.149861 -3.76515e-19)
(0.425429 -1.36285 0)
(0.656999 0.378403 7.19733e-20)
(1.30548 -0.989455 0)
(0.46703 0.289904 0)
(0.584031 0.529798 -5.72891e-19)
(1.94997 0.269946 7.00061e-21)
(1.0373 -0.0334547 -1.14853e-19)
(0.0129789 -0.192724 5.80729e-20)
(1.04332 0.0442553 0)
(1.03186 -0.0436469 0)
(1.12169 -1.03493 -6.67667e-20)
(0.129093 -1.22724 0)
(0.716377 0.433022 3.69448e-20)
(1.03936 -0.0154028 5.22273e-22)
(0.572224 0.410018 1.41124e-19)
(1.12978 0.0236371 2.92598e-20)
(1.66763 -0.592708 2.65334e-20)
(1.07029 0.0245087 1.73135e-19)
(1.05678 -0.0108394 -1.71156e-19)
(1.11651 0.196932 2.13867e-19)
(1.00721 0.0167389 -4.20602e-19)
(0.433514 0.0147393 0)
(-0.0903362 0.47845 -2.89191e-20)
(0.68945 -0.969875 -4.09075e-19)
(0.916653 -0.177018 -2.19908e-19)
(1.22724 0.374348 0)
(0.684924 -1.45185 1.73425e-19)
(-0.0543976 -0.176098 5.41067e-20)
(0.867465 0.330244 3.15054e-20)
(0.177175 -1.33069 4.81146e-20)
(2.04601 0.659276 1.13579e-19)
(0.807319 0.672178 4.72783e-19)
(0.491205 -1.38019 1.24558e-20)
(1.11925 -0.0341105 0)
(1.03357 -0.11011 -1.1258e-19)
(0.229686 -0.206654 7.00509e-20)
(2.09082 0.315989 -1.45142e-19)
(2.24417 0.180164 0)
(1.90328 0.358386 0)
(1.38577 0.351849 2.53272e-20)
(0.167857 -0.229371 0)
(1.01324 0.011372 -1.66275e-19)
(1.0498 -0.154001 0)
(1.00155 -0.0280079 1.21284e-19)
(0.704099 -0.376135 -1.91408e-19)
(0.96171 -0.0431163 3.94334e-19)
(1.79927 0.331326 -7.55495e-20)
(1.05955 -0.0258014 -4.40759e-19)
(0.820418 0.0213213 5.51134e-20)
(1.5101 0.286581 -3.39546e-20)
(1.08912 -0.0470261 0)
(1.04438 -0.0139658 1.34748e-19)
(-0.155136 0.318598 -1.53066e-19)
(1.10731 0.00194505 -2.10593e-19)
(0.831627 0.596709 -5.07345e-19)
(0.0834474 0.0801137 1.67649e-20)
(2.28095 0.20306 0)
(0.325521 -0.183687 4.95302e-19)
(1.90117 -0.43611 0)
(-0.507324 0.680454 1.01601e-19)
(-0.236139 -0.271269 3.40353e-19)
(1.19344 -0.977751 0)
(0.73948 0.0292583 1.0349e-19)
(-0.389808 0.815404 0)
(0.628059 -0.337585 0)
(-0.0516402 -0.0109153 5.71305e-20)
(0.859032 0.068195 -2.4245e-19)
(1.21711 -1.44794 4.2002e-19)
(0.889992 0.649478 -4.17678e-19)
(0.999876 0.0260888 -6.10797e-21)
(1.03564 -0.0477725 1.3001e-19)
(1.8071 0.240947 0)
(1.07025 -0.115193 -4.74121e-20)
(1.2518 0.136389 5.69933e-19)
(1.02088 -0.0145712 2.76576e-19)
(1.08131 -0.0123554 1.06256e-19)
(1.80884 0.34851 0)
(1.0032 -0.0122781 0)
(0.937635 0.814485 -4.07618e-20)
(1.05124 -0.0307576 -1.57469e-19)
(1.23399 -0.486346 -7.30462e-20)
(0.061699 0.973594 2.29449e-20)
(1.06522 1.2957 0)
(1.35018 1.36607 0)
(0.2296 -0.555437 -9.67711e-21)
(0.66786 0.224361 -2.48226e-19)
(1.92199 0.825796 -1.10106e-20)
(0.980501 0.0473284 2.46285e-19)
(0.414318 0.140998 -1.48412e-19)
(1.65116 -0.255655 0)
(1.60637 0.255794 -2.24683e-20)
(1.10056 0.0108369 -1.09255e-19)
(1.26416 0.00726327 0)
(0.799261 -0.00366633 0)
(0.403015 -0.223713 -6.78776e-20)
(0.0380672 0.0592258 5.36084e-20)
(0.773733 0.000317676 1.11059e-19)
(1.13198 -0.0102969 0)
(0.898628 -0.827205 0)
(0.219127 0.208193 -3.5108e-20)
(0.966777 0.674987 -2.66038e-19)
(0.0861262 0.0185241 -3.69115e-20)
(-0.152459 0.235594 -7.71653e-22)
(1.83252 0.785471 7.70136e-20)
(0.990181 0.0176453 1.73626e-19)
(1.04416 -0.0740745 8.91957e-20)
(0.370341 -0.302376 -6.38492e-19)
(-0.133607 -0.140083 0)
(0.96932 -1.24732 -1.36602e-19)
(0.644649 -0.617645 -2.39322e-19)
(-0.327779 -0.075611 4.42008e-19)
(0.923634 0.0865032 -1.82783e-19)
(0.94156 0.310182 3.85958e-19)
(1.03261 -0.0995815 2.88641e-22)
(1.01815 0.00148989 -3.1926e-20)
(1.00072 -0.00411303 1.24227e-19)
(-0.715903 1.04139 -1.89193e-19)
(-0.160812 -0.200156 -2.86287e-19)
(-0.411368 0.155943 0)
(1.13904 0.240522 1.57396e-19)
(1.08778 0.011427 0)
(0.666019 0.195345 -2.88281e-19)
(0.191938 -0.243816 -8.39171e-20)
(-0.175541 -0.268251 0)
(1.01278 0.00477169 1.80897e-19)
(1.00155 -0.060059 0)
(1.5755 0.0596845 4.81994e-20)
(-0.692224 1.1175 1.45207e-20)
(0.980609 -0.0199857 -3.82907e-19)
(1.26922 -0.895501 6.39415e-21)
(1.576 0.392936 -3.26547e-21)
(0.487149 0.473166 0)
(0.718583 0.626365 1.90143e-19)
(1.7846 -0.443307 -1.41439e-19)
(-0.268747 -0.176217 3.06923e-19)
(1.84971 0.20313 -5.22609e-21)
(-0.267953 -0.272285 -2.27972e-19)
(1.21375 0.435055 -1.22507e-19)
(1.13847 0.608765 1.71663e-19)
(1.79235 -0.796403 -6.714e-21)
(0.153178 -0.154685 1.68435e-19)
(0.108184 0.100587 0)
(0.0552746 -0.0556873 0)
(-0.129858 -0.136092 1.33027e-19)
(1.0025 0.000721763 -2.01125e-19)
(1.0257 -0.00458637 -1.70178e-19)
(-0.188116 0.506694 -1.22463e-19)
(1.7991 -0.440783 -7.48126e-20)
(1.5107 -1.11483 1.16076e-19)
(1.05079 0.706593 0)
(0.910911 0.0258066 -5.38089e-19)
(1.95085 0.506873 -1.01631e-19)
(1.0116 -0.0235896 -5.1259e-20)
(1.91436 -0.89256 7.08781e-20)
(-0.256728 -0.227747 0)
(2.28016 0.236791 -6.66025e-21)
(-0.466695 0.67079 5.00756e-20)
(-0.155225 0.0341778 -1.38455e-19)
(1.0372 -0.0678401 1.74137e-19)
(-0.107728 -0.114476 0)
(2.093 0.705932 -7.8701e-20)
(0.448239 0.197096 1.19578e-19)
(-0.108554 -0.114758 1.50614e-19)
(1.01467 -0.0165802 2.26204e-19)
(0.658982 0.272237 0)
(0.220266 -0.242159 8.15849e-20)
(0.49922 -0.487287 0)
(0.153041 -0.154553 -3.06623e-19)
(0.0548767 -0.0522252 7.55967e-20)
(0.120167 0.118034 1.79762e-19)
(-0.0929972 -0.0987501 -1.68876e-19)
(-0.181231 -0.242696 0)
(0.922818 0.260162 4.75047e-22)
(0.296408 -1.24926 -1.19833e-20)
(0.740228 -0.667341 1.88977e-19)
(1.01173 -0.0135943 0)
(-0.0903706 -0.0951579 0)
(0.970561 -0.1043 2.04388e-19)
(1.58784 -0.721762 -6.13793e-21)
(-0.898131 1.31474 -3.16745e-19)
(0.96707 0.0264855 -2.41866e-19)
(0.680978 -0.625763 3.39684e-19)
(1.60009 -0.768804 -1.99774e-19)
(-0.375449 0.279152 -5.76251e-19)
(1.07065 0.0593485 0)
(1.01256 -0.0123444 -2.61695e-19)
(-0.0670773 -0.0724455 0)
(0.614404 0.543265 -3.72933e-19)
(0.128734 0.126732 1.70322e-19)
(-0.0870302 -0.0935195 0)
(1.12709 0.0936764 -1.73681e-19)
(1.59908 0.0935116 0)
(1.10434 -0.0923198 0)
(-0.146552 -0.0701133 2.65744e-19)
(-0.673068 1.18575 -8.36385e-20)
(-0.0472705 -0.0518665 -1.8285e-19)
(0.053859 -0.0529846 7.60176e-20)
(0.110058 0.100178 0)
(0.990147 -0.120212 -2.49985e-19)
(0.155761 -0.157595 -1.52482e-19)
(0.125822 0.121378 -3.4614e-19)
(0.180089 0.17393 1.36558e-19)
(0.951964 -0.00385449 6.46011e-19)
(0.165298 0.157466 -1.46188e-19)
(-0.0451886 -0.0492126 1.75652e-19)
(0.130871 0.130551 -3.35547e-19)
(0.210008 -0.209028 -2.29333e-19)
(0.0676983 -0.0623142 0)
(-0.0693941 -0.0761526 3.59924e-19)
(-0.206074 0.36754 3.88067e-19)
(0.129216 0.123502 0)
(1.47298 -0.513392 0)
(-0.175808 -0.27639 0)
(0.548221 -0.94666 -2.56848e-20)
(0.19711 0.193799 1.90548e-21)
(0.0500647 -0.0489308 -4.14163e-20)
(0.0585366 -0.0603489 8.5938e-20)
(0.172947 0.168045 -1.42149e-19)
(0.175595 -0.170166 0)
(-0.0503102 -0.0544926 1.91076e-19)
(0.0762645 -0.0765159 1.44946e-21)
(-0.181744 -0.303629 -3.25359e-19)
(1.05573 1.08233 1.22404e-19)
(0.180657 0.743586 3.45754e-19)
(0.0613679 -0.0578225 -7.26193e-20)
(-0.041236 -0.0448521 0)
(0.194654 0.194144 0)
(0.194209 -0.193157 -4.79661e-20)
(0.0608803 -0.0667816 -5.25478e-20)
(2.17415 0.532855 -2.00686e-20)
(1.77407 -0.615547 -7.68328e-19)
(0.179236 0.181963 2.73039e-19)
(-0.221248 -0.259488 1.36488e-19)
(0.0523113 -0.0528476 8.03164e-20)
(-0.0373688 -0.0404114 -5.23321e-19)
(0.229967 -0.229337 1.84879e-19)
(0.0622218 0.454803 3.12023e-20)
(0.0777967 -0.0755721 0)
(0.156726 -0.156739 -3.19522e-19)
(0.973962 -0.0667488 0)
(1.57234 -0.332024 0)
(0.612733 -0.551343 -3.29885e-19)
(0.37989 -1.35481 -9.71421e-20)
(0.201512 -0.194291 1.03559e-19)
(0.999389 0.00135496 1.7979e-19)
(0.89615 -0.136705 2.41921e-19)
(0.453655 -0.44121 4.59261e-19)
(1.11675 -0.975139 -5.33077e-21)
(0.203376 0.192603 1.19899e-19)
(0.794862 0.527757 0)
(0.698282 -0.607159 1.89125e-21)
(-0.0346197 -0.0377391 1.72725e-19)
(0.399914 -0.0422325 2.11928e-20)
(1.07098 -0.135536 7.19458e-20)
(1.11484 -0.276568 0)
(0.959434 -0.159842 5.86949e-19)
(0.0744074 -0.0703128 0)
(0.825971 0.781547 0)
(1.19516 -0.223261 1.48849e-19)
(1.11303 0.332934 2.35429e-19)
(1.12523 -0.00621532 0)
(-0.552195 1.27808 2.08139e-19)
(-0.73062 1.21329 -2.38304e-20)
(1.04393 0.00148815 -2.43219e-19)
(-0.16763 -0.250644 0)
(1.21401 -0.216601 0)
(0.665359 -1.09463 0)
(0.0866478 0.0779968 4.41595e-19)
(-0.0272266 -0.0293168 0)
(0.176307 0.167184 1.35497e-19)
(0.192066 -0.177416 0)
(0.0305997 -0.0398094 -4.38325e-20)
(-0.0226327 -0.0232508 0)
(0.466032 0.411964 4.90601e-20)
(0.88846 -0.462496 -4.55903e-19)
(0.0422861 -0.0510001 1.07567e-21)
(-0.172912 -0.174759 -4.85203e-19)
(0.285844 -0.275324 0)
(0.221906 0.210629 0)
(-0.588243 0.543056 3.29828e-19)
(0.935582 0.0363379 4.67266e-21)
(1.14746 -0.382885 -1.4962e-19)
(0.0527604 -0.0601523 1.44239e-19)
(0.0721557 -0.0762203 1.93827e-19)
(1.04468 0.126324 2.55337e-19)
(-0.209653 0.99109 0)
(-0.0250069 -0.0257804 1.61922e-22)
(-0.148534 -0.303965 3.47479e-21)
(-0.115816 0.0292227 0)
(1.96926 0.0972687 -1.5025e-19)
(1.01097 0.125145 0)
(1.0118 -0.0851296 2.90049e-19)
(-0.795881 1.1602 0)
(0.260599 -0.242393 -4.88673e-21)
(1.01269 -0.0314007 1.54833e-19)
(0.545873 0.0959185 3.915e-19)
(1.44354 -0.811794 3.91532e-20)
(0.283329 0.264788 1.71662e-22)
(1.57051 0.512596 0)
(1.00901 -0.616673 5.41515e-20)
(1.98658 -0.929811 3.86304e-19)
(0.0186953 -0.0292485 8.33835e-20)
(2.08187 -0.875559 4.25652e-20)
(2.31115 0.441737 1.47676e-20)
(0.00968496 -0.0140962 -2.40217e-20)
(1.01045 0.0200131 2.33575e-19)
(-0.14301 -0.158255 -9.83039e-20)
(0.307004 0.2854 0)
(-0.0250704 -0.0256871 0)
(0.234942 0.222232 1.08361e-19)
(0.334076 -0.311621 -1.22811e-19)
(0.00593452 -0.00928589 8.54409e-20)
(1.13964 -0.809458 -4.05956e-20)
(1.04126 0.782792 6.09769e-20)
(0.377901 -0.357149 0)
(0.00117352 -0.0057103 0)
(0.252999 0.239405 0)
(-0.0171026 -0.094217 -5.24138e-20)
(0.311009 -0.307001 0)
(-0.028907 -0.0321834 -3.09235e-19)
(0.271192 0.255267 -8.84005e-20)
(-0.00628699 -0.00151741 0)
(0.28973 -0.282988 0)
(-0.304421 0.653356 0)
(-0.0194646 0.00780131 0)
(-0.0344573 0.0213445 -2.47721e-20)
(-0.179307 -0.217842 0)
(1.00181 -0.00593914 2.39646e-19)
(0.530161 -0.492455 -2.93371e-20)
(-0.0745956 0.0491452 -4.4139e-20)
(-0.0368428 -0.0236554 5.71335e-19)
(0.342762 0.314124 -1.15196e-19)
(1.6111 0.379674 0)
(-0.278429 -0.181377 0)
(-0.169021 -0.235915 4.7621e-20)
(-0.118293 0.0900326 0)
(0.410285 -0.392192 0)
(-0.0644931 -0.0446639 0)
(0.389299 0.351529 0)
(-0.10494 -0.0821398 3.44703e-19)
(0.460884 0.424242 -4.7701e-20)
(-0.150632 0.139887 -2.27253e-19)
(0.615678 -0.575365 -2.19164e-19)
(1.14281 0.125061 0)
(0.766139 0.186071 5.3237e-20)
(-0.600459 0.958878 -2.94146e-19)
(1.02656 0.0459239 -2.31189e-19)
(1.43348 -0.00875723 0)
(1.07278 0.331618 5.51224e-21)
(1.43667 -0.505116 7.02908e-20)
(0.968974 0.012922 0)
(0.241232 0.902373 2.06483e-19)
(-0.701775 1.1102 -2.49016e-20)
(-0.0225115 -0.0197364 -8.39848e-23)
(-0.6857 0.786007 0)
(1.14283 -0.181771 -1.83413e-19)
(0.33825 0.126078 4.22899e-19)
(1.81228 -0.0621411 8.03362e-20)
(0.671081 -1.00527 5.17501e-21)
(1.66363 -0.764287 -1.9032e-20)
(-0.264885 -0.263084 -1.34753e-19)
(1.90289 0.274854 -7.97288e-21)
(2.0196 -0.686686 3.65754e-19)
(1.02485 0.0729282 -3.19541e-20)
(-0.0161375 0.137539 1.73818e-19)
(1.12384 -0.00859906 0)
(2.21577 0.143965 -1.21882e-20)
(0.0905619 0.0358805 -4.93001e-22)
(1.33862 -0.242339 0)
(0.151192 -0.151397 -5.39859e-19)
(0.0735234 -0.0754438 0)
(0.566228 -0.527721 0)
(1.85552 0.618318 -2.76077e-21)
(0.944207 -0.462667 0)
(1.91546 0.225984 1.80897e-19)
(-0.0169898 -0.0186761 3.18482e-19)
(0.290839 -0.296927 7.28578e-20)
(1.02563 -0.0618501 0)
(0.244479 0.820278 0)
(-0.151138 -0.156236 2.61183e-19)
(-0.094798 -0.0706545 8.13405e-20)
(0.988635 0.235183 -2.30741e-19)
(0.0552968 0.149418 -6.3827e-20)
(1.01995 0.0116931 -8.48829e-21)
(2.25453 0.206526 0)
(-0.159845 -0.295688 3.68608e-19)
(-0.149839 -0.181216 0)
(0.63152 0.0243776 3.25771e-19)
(0.943763 0.137016 -4.89037e-20)
(0.728129 -0.629756 -1.61007e-19)
(0.972578 0.110583 3.42555e-19)
(0.997181 0.00921925 0)
(0.597162 -1.22559 -4.5528e-20)
(1.99734 -0.0705408 0)
(0.496677 0.445092 0)
(0.716023 0.954303 0)
(-0.231203 -0.226917 -5.34415e-20)
(0.278604 0.180739 2.43641e-19)
(0.00235281 -0.0959548 0)
(1.11053 0.0692734 1.52514e-19)
(1.06407 -0.248141 0)
(0.530763 -0.0823377 1.53589e-19)
(0.401497 -0.257557 1.97606e-19)
(-0.188231 0.113267 1.60722e-19)
(0.634359 0.395016 -5.04488e-19)
(0.986494 -0.0386234 8.39015e-22)
(1.57056 -0.607244 2.33802e-20)
(1.72804 -1.12678 -5.81041e-20)
(0.0576235 0.0944218 5.93027e-20)
(0.505275 -0.317038 0)
(-1.04718 1.29292 0)
(0.212309 -0.229316 0)
(1.38224 -0.0935536 1.17126e-19)
(-0.615994 0.734666 -1.02103e-19)
(0.314011 -0.290405 -1.49909e-19)
(1.57834 0.242547 9.0214e-21)
(0.777916 0.484977 -7.47995e-20)
(0.808808 0.219068 3.05888e-21)
(0.927417 0.200134 6.77078e-20)
(1.24602 0.270844 -2.18547e-20)
(-0.172326 -0.258297 1.93228e-19)
(-0.323097 0.031196 0)
(0.927278 -0.0340226 0)
(-0.271201 -0.0426284 1.94153e-19)
(0.141232 0.139532 0)
(1.89786 0.506088 0)
(-0.377113 0.404892 1.16361e-19)
(0.515476 0.422535 -2.35755e-19)
(0.52579 -0.443807 2.68873e-19)
(-0.210042 -0.0834984 0)
(1.34603 0.893938 -4.40567e-20)
(1.08133 0.00376583 0)
(-0.492562 0.310847 -6.71162e-19)
(-0.323103 0.611256 -1.43693e-19)
(1.31365 -0.418584 6.12386e-20)
(0.415559 0.376234 5.27693e-19)
(0.747974 -0.272759 2.02189e-19)
(-0.132835 0.640866 0)
(1.10966 0.0533419 1.62011e-19)
(0.971507 0.542118 -1.0499e-19)
(-0.18614 -0.166939 0)
(0.725839 -0.298412 0)
(1.26584 0.816984 1.00286e-19)
(0.0689176 -0.0731321 -1.08936e-19)
(2.09907 -0.989234 -1.90877e-19)
(1.83116 0.971442 0)
(0.369058 -0.0654585 2.75865e-20)
(0.743942 0.402396 0)
(-0.202201 -0.137091 -2.8376e-19)
(1.23265 0.881224 -1.26933e-19)
(1.43486 0.468948 -2.75002e-19)
(0.582305 -0.766491 1.82097e-20)
(-0.10607 -0.231004 -3.73652e-21)
(-0.102026 -0.313606 -2.03572e-19)
(1.01568 0.0572769 2.36354e-19)
(0.210819 1.0179 0)
(0.954119 0.164719 3.4288e-21)
(1.67982 0.429517 2.71358e-20)
(1.60954 -0.876735 -3.74682e-20)
(1.32215 -0.30015 -8.63886e-20)
(1.72044 -0.26924 2.96089e-21)
(-0.198586 -0.153204 1.07816e-19)
(0.564863 0.509316 3.32166e-20)
(0.203201 -0.0789568 4.06429e-19)
(2.21122 -0.30996 -6.97754e-22)
(1.42445 0.967426 5.31447e-20)
(1.89481 0.303021 2.33668e-20)
(0.853176 0.570024 1.47273e-19)
(-0.257387 0.943839 6.593e-19)
(1.54154 0.715559 -1.58358e-19)
(0.944049 0.233671 -1.51367e-19)
(-0.34697 -0.0125107 -1.59662e-19)
(0.243474 -0.196439 0)
(1.00287 -2.02964e-05 4.98086e-19)
(1.26404 0.00232818 0)
(0.836558 0.530685 -1.47947e-19)
(1.67363 1.09939 -8.3745e-20)
(-0.168421 -0.268242 -2.76672e-20)
(1.95666 -0.365993 0)
(1.2003 -0.391114 0)
(1.86043 -0.083318 2.12061e-19)
(1.17094 0.599344 2.92637e-19)
(1.12056 -0.345226 0)
(-0.167541 -0.29604 -3.80707e-19)
(0.945752 -0.110419 -2.3165e-19)
(0.875849 -0.726524 -9.95556e-20)
(-0.320566 0.132696 3.12623e-19)
(-0.176368 -0.196051 -1.46137e-19)
(-0.140334 -0.15638 -4.19323e-19)
(0.161347 -0.136911 -1.73568e-19)
(-0.400065 0.966997 7.40911e-21)
(0.854113 -0.335701 -1.29387e-19)
(1.70422 1.01227 1.6966e-19)
(0.686669 0.0114145 0)
(0.787401 0.0758556 3.06203e-19)
(1.25822 -0.371444 4.14822e-21)
(1.0122 -0.154845 -4.96473e-21)
(0.555525 0.486032 1.85164e-19)
(1.82534 0.223547 3.47081e-20)
(1.88277 -0.0747584 1.4362e-19)
(1.07892 -0.0322686 3.76867e-20)
(0.867757 -0.418465 1.25165e-19)
(0.532129 -0.281105 0)
(-0.168368 -0.183694 1.52649e-19)
(0.951641 0.077413 1.566e-19)
(1.0553 0.668405 1.07776e-19)
(-0.157728 -0.173072 3.33139e-19)
(1.10027 -0.649074 2.11983e-19)
(0.138445 -0.125754 0)
(1.71591 0.86786 0)
(0.20255 0.192332 3.5037e-19)
(1.5444 0.562699 0)
(0.0787159 -0.0895978 0)
(1.03308 -0.665404 -1.88939e-19)
(-0.148755 -0.159518 5.09874e-19)
(-0.088333 -0.00590154 6.27895e-20)
(1.11181 -0.0262572 4.42431e-20)
(1.48796 1.00934 -4.78088e-24)
(0.965225 -0.0614912 -1.63104e-19)
(0.140833 -0.137562 7.41391e-20)
(1.02251 0.124307 -1.78084e-19)
(0.0826729 -0.0875612 2.48795e-19)
(1.01284 0.336678 0)
(0.213336 0.211471 -1.81219e-19)
(-0.21474 0.647908 1.11718e-19)
(1.9127 0.363829 0)
(0.0282879 0.753676 -2.04401e-19)
(0.0170224 0.0683365 7.4235e-20)
(-0.30078 0.0310529 0)
(-0.137867 -0.146275 -8.70765e-20)
(0.258376 -0.261091 0)
(1.05553 -0.766096 0)
(0.0899876 -0.0898366 1.53988e-19)
(0.610551 -0.57901 3.61212e-19)
(-0.141452 -0.153292 -3.18739e-19)
(-0.236067 -0.0451861 -2.18819e-19)
(0.264514 -0.267841 -1.5475e-19)
(0.221045 0.216145 5.33754e-19)
(0.297735 0.823686 -1.28504e-19)
(-0.670243 0.606853 -1.40939e-19)
(-0.0210681 -0.0209075 0)
(-0.173666 -0.280046 3.10551e-19)
(1.06246 -0.155014 -2.8709e-19)
(0.100432 -0.0943076 7.0984e-20)
(1.68446 -0.528225 -2.06902e-20)
(1.41284 0.143866 0)
(2.13686 0.280513 8.32955e-21)
(0.955837 -0.0647963 0)
(-0.114552 -0.127258 0)
(0.175166 0.167342 0)
(0.95714 0.04938 0)
(1.14127 -0.266109 0)
(0.969538 0.083676 -3.16852e-19)
(0.211655 0.208503 -1.70926e-19)
(-0.436342 0.448366 -1.84742e-19)
(-0.124407 -0.139488 3.59963e-19)
(0.999666 -0.218154 1.47779e-19)
(0.807003 -0.408013 0)
(0.0395495 -0.174255 -2.85039e-19)
(1.02573 -0.0332425 -1.91495e-19)
(-0.459929 1.03318 6.22565e-19)
(-0.0795142 -0.0862649 0)
(-0.156137 -0.173057 -2.09355e-19)
(0.261527 0.24495 -1.0348e-21)
(0.236651 0.223708 0)
(-0.0850827 -0.0928879 1.90837e-19)
(0.157629 -0.0328523 1.54098e-19)
(1.36146 -0.519084 1.1187e-19)
(1.82226 -0.39556 4.67212e-20)
(0.493261 0.329278 -7.02734e-20)
(1.03243 0.0333424 0)
(0.310122 0.301592 -2.63269e-19)
(-0.651004 0.711763 2.81657e-19)
(0.292393 0.28417 -4.31748e-19)
(0.287605 0.278736 1.36955e-19)
(0.845625 0.151872 0)
(0.108636 -0.102607 3.87629e-20)
(0.0846386 -0.0882891 0)
(-0.0743443 -0.080762 4.83193e-19)
(-0.143118 -0.164007 4.15522e-19)
(0.534557 -0.439861 5.74231e-19)
(1.5648 -1.14149 -5.77527e-20)
(0.317441 0.317129 0)
(0.101596 -0.0987207 1.69659e-19)
(0.261632 -0.267683 3.18296e-19)
(1.20188 0.128961 -5.33439e-21)
(0.314314 0.313549 0)
(0.980411 0.304895 -1.16964e-20)
(-0.724037 1.01294 -1.66006e-20)
(1.06568 0.0122835 -2.40362e-20)
(-0.066131 -0.0726402 0)
(1.14666 0.733631 0)
(0.131532 -0.128465 -1.87168e-19)
(0.359847 -0.362266 -2.0823e-19)
(0.2915 -0.263182 3.35725e-21)
(1.85065 0.293898 -3.24865e-21)
(1.06074 0.317655 -1.47993e-19)
(0.336038 -0.326088 -2.19351e-19)
(1.0336 -0.020526 3.36826e-19)
(0.991345 0.0539428 0)
(0.979851 0.626101 9.0478e-21)
(1.08412 0.0197402 1.18426e-19)
(1.05907 0.0539824 2.76141e-20)
(1.46047 -0.525461 0)
(1.16514 0.170795 -1.27584e-19)
(1.88259 0.470706 -2.70396e-20)
(0.12293 -0.113598 0)
(-0.158406 0.0948522 1.67321e-19)
(1.66588 0.546575 0)
(1.00365 -0.00383018 5.33223e-20)
(0.360217 -0.349027 -1.00434e-19)
(1.00573 0.00249883 5.4614e-19)
(1.19721 0.687417 0)
(1.34348 -1.02065 0)
(-0.0610394 -0.0657314 1.75775e-19)
(0.0576306 0.0890852 0)
(1.07883 -0.0247969 7.14043e-20)
(0.49895 0.362971 6.43413e-20)
(0.717781 -0.0194795 -4.55263e-19)
(0.130022 -0.122902 0)
(-0.1335 -0.02733 2.49271e-19)
(-0.535512 0.554272 0)
(1.76409 0.790643 0)
(-0.0827339 -0.0854818 0)
(-0.0794995 -0.0872091 1.78395e-19)
(1.63821 0.74895 8.1181e-20)
(1.00721 0.0409506 0)
(0.0763716 -0.091636 9.21609e-20)
(0.095317 -0.106281 0)
(1.78588 1.25172 0)
(1.71888 -0.814949 -9.15107e-20)
(0.36048 0.338697 2.37562e-19)
(-0.418685 0.423288 -3.0932e-19)
(-0.0538121 -0.0588792 -1.87046e-19)
(1.01671 0.0590972 -4.80049e-19)
(1.0074 0.252764 0)
(0.407706 -0.105457 1.55309e-19)
(1.41224 1.29461 0)
(0.915496 -0.0924425 3.18245e-19)
(0.191693 -0.0273035 -1.62409e-19)
(0.379682 0.358874 -1.19037e-19)
(0.719563 0.201852 1.94078e-19)
(0.223613 -0.159389 1.41797e-19)
(1.61473 -0.251971 1.71838e-19)
(0.248735 -0.258328 1.76395e-19)
(-0.0494829 -0.0498507 4.21735e-19)
(1.56366 -0.437751 -1.68508e-20)
(0.128178 -0.129068 6.04958e-20)
(-0.0421708 -0.0446194 0)
(-0.0967334 -0.0352488 -3.62412e-20)
(0.0598368 -0.0753691 4.62147e-20)
(1.05394 -0.215112 0)
(0.435803 -0.399021 8.87212e-20)
(0.237103 0.232357 1.59379e-19)
(0.231649 0.231321 -3.56323e-19)
(1.13861 1.00601 0)
(0.397205 -0.39865 -1.60118e-19)
(1.65916 0.477656 0)
(1.79118 1.30962 1.16693e-19)
(-0.0464533 -0.0492699 2.09316e-19)
(0.906353 -0.0721717 0)
(0.561497 0.528606 -2.35754e-19)
(1.01986 -0.0161472 -2.48149e-19)
(1.09462 -0.0170145 -1.21316e-19)
(0.367611 0.202865 1.54134e-20)
(1.179 0.251512 8.99486e-20)
(1.04956 0.0196465 -3.23908e-19)
(1.47949 0.235169 -1.76398e-20)
(-0.18123 -0.180372 2.90842e-19)
(0.0779126 -0.0930744 -9.53539e-20)
(-0.0890478 0.0239419 -8.43331e-20)
(1.37932 -0.363487 5.60513e-20)
(0.0390367 -0.0585888 6.32395e-22)
(1.12058 -0.00165459 -1.37203e-19)
(0.470251 -0.453442 5.20239e-20)
(-0.12724 -0.147816 5.1775e-19)
(0.267398 -0.258067 0)
(0.240368 -0.212041 1.35592e-21)
(1.53827 0.958021 0)
(0.875749 0.0167952 -1.3081e-19)
(-0.146851 -0.137586 -2.19278e-19)
(-0.281191 -0.106449 -2.26141e-19)
(0.966624 1.10455 0)
(0.404181 0.380017 -3.32671e-19)
(0.108973 -0.118305 5.39671e-20)
(0.150015 0.506803 -4.69858e-20)
(0.513531 0.498044 -1.36599e-19)
(1.0351 -0.0284926 0)
(1.09033 -0.400096 -2.60806e-20)
(1.81355 -0.308267 3.0973e-20)
(0.139804 1.2418 0)
(-0.0479006 -0.0489306 -1.8247e-19)
(1.18237 -1.32572 6.25402e-20)
(0.154636 0.649755 8.02324e-20)
(1.91651 -0.325987 1.96434e-20)
(0.523843 -0.48035 -9.98385e-20)
(-0.388995 0.225744 1.25803e-19)
(0.0198214 -0.0363692 -4.94464e-20)
(0.486774 0.38773 -3.6149e-19)
(0.53515 0.48975 -2.39866e-19)
(0.491366 0.455752 5.26047e-21)
(0.0137907 -0.0189754 2.29202e-20)
(-0.0954404 -0.103743 -2.36554e-19)
(1.01481 0.00937834 1.62131e-19)
(0.302004 -0.290586 0)
(0.429926 0.403997 0)
(0.557356 -0.520306 7.84276e-20)
(0.00610038 -0.0116832 -8.53289e-20)
(-0.240076 -0.248285 -7.86634e-20)
(2.10953 -0.181529 3.76956e-20)
(0.46193 0.42847 0)
(0.536581 -0.530214 0)
(-0.00378884 -0.00495283 0)
(1.10689 0.0392901 9.40509e-20)
(0.595662 0.533449 0)
(-0.0218083 0.00422075 8.52478e-20)
(0.164235 0.13717 -6.46389e-19)
(-0.0472495 0.0239859 2.43397e-20)
(1.6386 0.767468 1.53697e-19)
(-0.0867192 -0.0932973 -2.5137e-19)
(1.07878 0.452314 -6.91459e-20)
(0.165365 -0.145187 -2.18535e-19)
(-0.0947033 0.0493408 1.46693e-19)
(0.149083 -0.13671 -2.15673e-19)
(-0.087465 -0.0452124 -3.94065e-19)
(0.785707 -0.736464 0)
(-0.150972 0.0945539 -8.97077e-20)
(0.676568 0.589107 0)
(0.0977455 -0.0911486 7.86712e-20)
(2.12626 0.727703 4.90171e-22)
(0.694873 0.347297 -3.89416e-20)
(-0.197104 0.132503 5.06522e-20)
(0.975316 -0.794852 0)
(-0.134029 -0.0731592 3.7161e-19)
(0.787504 0.663018 2.42481e-20)
(0.331503 0.29311 -2.61629e-19)
(0.413895 -0.35998 4.62298e-19)
(0.491035 0.420899 1.76857e-19)
(1.00853 -0.00362585 0)
(0.43286 0.401585 0)
(1.66878 0.469649 0)
(1.02023 -0.00643072 0)
(0.206235 -0.190481 -5.88213e-20)
(0.799783 -0.651362 3.50473e-19)
(-0.0503268 -0.0348298 -2.44343e-22)
(1.4793 -0.0781518 4.17202e-19)
(0.461347 -0.433329 2.27518e-19)
(2.02824 0.221234 0)
(1.46108 -0.362067 0)
(0.210002 0.703644 -1.55975e-19)
(0.465928 -0.230763 0)
(1.74379 0.310204 3.24194e-20)
(0.580158 -0.255693 -2.10765e-20)
(0.659594 0.610076 3.17171e-19)
(1.1462 0.24319 1.19253e-19)
(0.121254 -0.125692 0)
(0.206652 -0.206904 5.67227e-20)
(-0.0401949 -0.0443253 0)
(-0.0652456 0.308568 6.98084e-20)
(0.635001 -0.082351 -9.9081e-22)
(0.69366 0.301391 0)
(1.02236 0.00376544 1.57506e-19)
(1.37962 -0.263949 9.59278e-20)
(1.02046 -0.0187301 -3.17553e-22)
(0.336117 -0.316532 1.2442e-19)
(0.280977 0.275444 0)
(-0.0969385 0.00737257 0)
(-0.164686 -0.278807 1.10792e-19)
(1.44007 0.189027 2.73475e-19)
(0.662034 0.81254 -1.68319e-19)
(0.123942 0.115746 0)
(1.0301 -0.0152591 5.249e-19)
(1.54792 -1.05484 8.15284e-20)
(0.0966515 -0.185988 2.03241e-19)
(-0.0891594 -0.021467 -1.24949e-19)
(0.763066 0.453576 2.51418e-19)
(-0.0350327 -0.0364789 3.28963e-19)
(2.22637 -0.17383 0)
(0.406431 -0.380869 -2.92416e-19)
(1.06526 -0.0264797 -6.03384e-20)
(1.00706 -0.00573302 -2.24261e-19)
(1.18641 0.344453 5.74576e-20)
(0.819954 0.371785 1.82479e-20)
(1.02586 0.0243888 -1.74934e-19)
(0.851388 -0.0409319 0)
(-0.089899 -0.0933444 -2.95651e-19)
(0.279984 0.70401 -4.05065e-19)
(-0.255691 -0.284318 1.0861e-19)
(0.307195 0.289633 -1.69399e-19)
(0.132074 -0.166531 0)
(-0.0151825 -0.0274805 0)
(1.85545 -0.809509 -2.09353e-19)
(0.992862 0.070429 1.77055e-20)
(0.286029 0.612754 3.54996e-19)
(-0.158146 -0.190406 -3.35468e-19)
(1.02 0.0101501 -4.30464e-22)
(0.796274 -0.753056 -4.10543e-20)
(1.1576 -0.0580716 1.69294e-20)
(1.01715 -0.0112529 -8.44931e-20)
(-0.0445484 -0.0436831 0)
(0.91052 0.611389 4.58148e-19)
(0.799859 -0.263025 0)
(0.421257 -0.389201 0)
(-0.0448928 -0.0492929 3.51682e-19)
(1.03192 -0.0238721 2.79137e-19)
(0.563854 -0.532365 0)
(0.742307 0.677234 4.06257e-21)
(-0.288214 0.132009 -1.6085e-19)
(0.0749461 -0.115883 4.34666e-20)
(0.304252 0.029537 2.22392e-19)
(1.49453 -0.239934 -2.45627e-20)
(1.56158 0.208369 -6.93848e-20)
(1.71694 -0.269431 1.69248e-20)
(0.916922 0.537361 1.5377e-19)
(1.00369 0.19693 2.11108e-19)
(-0.256697 -0.253324 -7.96309e-20)
(-0.517314 0.337373 2.90157e-19)
(1.87949 0.917127 0)
(-0.0268971 0.130974 1.06719e-20)
(1.52159 -0.482756 1.97489e-19)
(0.170977 -0.11927 0)
(1.91158 1.046 1.72985e-19)
(1.02055 -0.00969719 3.73664e-20)
(-0.130523 0.561615 0)
(1.01287 0.0918662 -1.62377e-20)
(0.671938 -0.275937 0)
(0.603747 -0.579624 -4.04121e-20)
(0.991538 0.168452 2.23911e-19)
(0.786723 0.409151 2.88851e-19)
(0.733607 0.360264 4.06522e-20)
(1.01673 -0.0113629 0)
(-0.64318 0.620383 -1.57148e-19)
(1.76369 -1.07424 1.63157e-19)
(0.945112 0.740014 -1.05293e-20)
(-0.155036 -0.138466 2.93584e-19)
(2.22922 0.0629213 2.19817e-19)
(0.00128714 -0.0200083 3.61404e-20)
(0.791519 0.225 0)
(0.80319 0.451199 0)
(-0.212865 -0.238609 2.96127e-19)
(1.06433 -0.179352 0)
(-0.0134652 -0.0816618 8.34343e-21)
(0.942835 -1.25933 -1.91759e-19)
(-0.0438814 0.00139004 7.9202e-22)
(0.818434 -0.790556 -8.11954e-20)
(1.43185 -0.395059 -4.65869e-21)
(0.939247 0.263481 0)
(1.02191 -0.00265113 -4.35513e-19)
(0.717904 0.645493 2.00808e-19)
(0.141775 0.644236 -1.4725e-19)
(1.25724 -0.954065 1.47372e-19)
(0.585681 -0.00902068 1.03704e-21)
(0.613091 0.600901 -3.05232e-19)
(1.68837 -1.38209 -1.24473e-19)
(1.18788 0.189487 2.57173e-19)
(0.14261 -0.0736764 0)
(0.502813 0.159736 0)
(0.975494 -0.0930669 -3.0291e-19)
(1.03171 0.585907 0)
(0.88344 -0.380325 2.75109e-19)
(-0.356666 0.0942387 0)
(1.11133 -0.202536 -6.79463e-20)
(0.050999 -0.0997678 -2.1331e-19)
(1.74239 0.73805 0)
(-0.230509 -0.263772 0)
(1.65342 0.438388 3.08837e-20)
(-0.381912 0.801944 0)
(-0.00392638 0.883058 -3.727e-19)
(0.889222 0.574046 -1.51582e-19)
(2.32573 -0.168732 -3.62229e-20)
(0.250151 -0.258095 1.59779e-19)
(-0.191467 0.141463 6.07883e-20)
(2.07297 -0.349036 0)
(0.215377 -0.115402 -3.70386e-19)
(-0.0379392 -0.0118793 0)
(1.11669 -0.186854 -1.17488e-19)
(-0.0120911 -0.159848 -5.34724e-19)
(-0.349604 0.0954079 2.98124e-19)
(1.46849 0.115376 1.07925e-19)
(1.94829 -0.16632 9.18211e-20)
(0.392976 0.375868 0)
(0.7353 -0.349508 -8.88063e-20)
(-0.310299 1.0999 3.52204e-19)
(0.753761 0.0148053 0)
(0.99647 0.551865 0)
(-0.112795 -0.0500786 -3.09885e-19)
(1.89876 -0.0497442 -2.48892e-19)
(0.905376 -0.278442 -9.6547e-20)
(1.2131 0.404258 1.1021e-19)
(1.7454 0.152925 -8.22789e-20)
(0.712537 0.221709 -2.45878e-20)
(1.02697 0.624016 -2.43919e-19)
(2.06908 -0.316475 1.1917e-19)
(-0.214763 -0.234948 -1.91205e-19)
(1.02322 -0.00241286 3.08768e-19)
(1.55853 0.154422 7.34593e-21)
(1.17563 0.22806 -4.90208e-20)
(1.00206 0.0337074 8.68089e-21)
(-0.0690046 -0.0201041 1.34029e-19)
(-0.586394 0.888062 0)
(-0.209671 0.663066 0)
(0.592386 0.204045 0)
(1.876 -0.187549 2.10488e-19)
(-0.262975 -0.283309 -3.22555e-19)
(0.449314 0.332154 0)
(-0.0953501 -0.105415 1.98649e-19)
(1.67795 -0.365801 -1.93087e-21)
(-0.0810017 -0.0589606 -3.18438e-19)
(0.973242 0.645859 2.89026e-19)
(0.960017 0.271545 1.58893e-20)
(-0.23743 0.0422793 1.09374e-19)
(0.841809 0.747381 -2.7395e-19)
(1.25981 -0.294578 5.97525e-20)
(0.967796 -0.0194212 -2.80373e-19)
(1.09329 -0.0548771 -9.74449e-20)
(0.751454 0.237168 0)
(0.111142 -0.0435453 0)
(1.22006 -0.17392 5.12349e-20)
(1.45016 -0.293434 -1.00728e-19)
(-0.310938 0.705389 6.14895e-21)
(1.03053 0.227572 2.46274e-19)
(1.22123 0.97676 0)
(0.518755 -0.0917223 -1.74586e-20)
(0.484323 0.857524 -6.16782e-20)
(0.788362 -0.34779 3.70605e-19)
(0.810446 -0.32069 -1.23192e-19)
(1.44388 0.176031 3.7702e-20)
(-0.188335 0.0478061 1.09367e-19)
(-0.407693 0.220876 -1.31037e-19)
(0.456817 0.442912 5.2362e-19)
(-0.0885402 0.119963 -3.07228e-19)
(1.49545 0.0604033 -1.41145e-19)
(1.66894 0.337397 3.97525e-19)
(-0.0541735 -0.0319732 -1.46065e-19)
(0.530867 0.342813 -3.60098e-19)
(0.849087 0.456361 0)
(0.189892 -0.195936 -6.37243e-20)
(0.116725 -0.110746 -1.88664e-19)
(0.148602 -0.194435 -1.17262e-19)
(0.153643 -0.177675 -5.98736e-20)
(1.06887 0.0267116 -9.29223e-20)
(0.171214 -0.100014 -7.84312e-20)
(0.865036 0.491928 1.33405e-19)
(1.35506 0.7998 8.14523e-20)
(0.674428 0.621418 0)
(0.95071 0.607683 0)
(-0.0965659 0.0548315 -6.82238e-20)
(-0.206627 0.177731 0)
(0.906769 0.500556 -1.3682e-19)
(-0.0447433 -0.00582848 0)
(1.87686 1.10237 9.20866e-20)
(0.681199 -0.0646347 6.45412e-19)
(-0.113189 -0.129538 -3.4258e-22)
(0.131881 -0.225035 0)
(0.510181 0.481511 0)
(-0.298446 0.717174 1.31983e-19)
(0.133299 -0.124118 7.1075e-20)
(1.90029 -0.27985 -5.73577e-20)
(-0.268519 -0.218374 2.90989e-19)
(0.569913 -0.123924 -5.37125e-19)
(2.28669 -0.287944 6.37579e-20)
(1.72984 -0.158065 -2.67941e-20)
(0.215317 -0.223074 -5.80579e-20)
(0.404654 -0.39602 -3.4334e-19)
(0.214193 -0.204437 1.04858e-19)
(0.111541 -0.0965909 0)
(0.726457 0.661814 3.04361e-20)
(1.73641 0.34924 -4.72719e-19)
(-0.0843836 -0.0826999 3.07996e-22)
(0.593011 -0.209188 0)
(0.585083 0.548391 -3.55409e-20)
(0.510608 -0.497807 2.37965e-19)
(0.15653 -0.134591 -1.10466e-21)
(0.355517 0.340053 -3.96453e-19)
(1.20396 -0.588188 0)
(2.2977 -0.0071472 5.63119e-19)
(0.171069 -0.150006 0)
(0.186771 -0.117897 -9.18249e-20)
(0.233273 -0.212656 4.87618e-20)
(0.372482 0.346753 3.08932e-19)
(0.755802 0.68976 -3.43383e-19)
(-0.186792 -0.236042 4.0046e-19)
(0.229477 -0.222748 -1.07625e-19)
(-0.221788 -0.244187 -3.30776e-19)
(0.802411 0.281566 0)
(0.0801587 -0.0814448 -9.46327e-20)
(0.492501 -0.454526 2.78307e-19)
(-0.0674556 -0.072632 -3.81145e-19)
(1.23392 0.221365 -2.21682e-19)
(0.103316 -0.138859 2.77886e-20)
(0.738744 0.679758 0)
(0.663852 0.618941 0)
(0.80849 0.725867 -3.01129e-19)
(0.842288 0.754656 1.01216e-19)
(1.51412 -0.846848 3.9016e-20)
(0.0868148 -0.0674976 2.7596e-21)
(0.876014 0.417701 0)
(0.158036 -0.140404 -3.96755e-20)
(1.40816 0.932951 -1.03523e-19)
(1.72961 0.156977 2.55648e-19)
(1.57383 -0.480108 0)
(0.45655 -0.428306 4.80945e-21)
(1.97228 -0.207734 -2.90822e-19)
(0.134598 -0.0786092 -1.27274e-19)
(0.192697 -0.128614 0)
(0.119185 -0.173138 -1.24736e-19)
(0.816032 0.729041 1.59489e-19)
(0.732248 0.40586 6.39327e-20)
(0.0878124 -0.144248 -1.48274e-19)
(0.593582 -0.577288 0)
(1.65447 -0.390094 0)
(0.17814 -0.196566 5.38286e-20)
(0.366003 -0.350367 -5.19578e-19)
(-0.236009 -0.263072 -2.18324e-19)
(-0.732892 0.995554 -3.78167e-19)
(0.550625 -0.183972 2.9838e-19)
(0.150309 -0.191307 5.44161e-20)
(0.880666 0.775907 0)
(0.0411324 -0.0599678 1.67611e-19)
(-0.0141821 -0.00704797 -4.43296e-20)
(0.0554335 -0.116276 2.1434e-20)
(0.433958 -0.392705 1.69285e-19)
(-0.00379174 -0.0494122 -8.14983e-20)
(0.685962 -0.226102 2.83644e-19)
(0.0470817 -0.0883991 -2.37261e-20)
(-0.146034 0.178488 -1.90861e-19)
(0.7406 0.275268 0)
(1.88892 -0.0677888 6.12368e-20)
(0.0591601 0.0260435 1.33136e-19)
(0.931262 0.781827 3.72661e-19)
(-0.276605 -0.245065 4.34509e-19)
(0.93303 0.820005 -2.86676e-20)
(2.01881 -0.236102 -1.32286e-20)
(0.061508 -0.175788 7.38562e-20)
(1.20997 -0.29137 -4.881e-21)
(-0.102417 -0.253474 3.42818e-19)
(0.0986296 -0.189072 7.60594e-20)
(-0.0136014 -0.0171143 7.88041e-20)
(-0.0365232 -0.00593609 -7.84817e-20)
(-0.115104 -0.0557238 4.05851e-19)
(1.17626 -0.305521 7.33659e-20)
(1.0341 0.890615 -8.57806e-21)
(2.00491 -0.108437 3.00558e-20)
(0.200591 -0.21619 1.21685e-19)
(0.644822 -0.191441 0)
(1.62626 -0.457595 0)
(0.134462 -0.117622 0)
(1.01964 0.76253 8.84721e-20)
(1.81481 -0.786487 1.11836e-19)
(0.00567178 0.0835921 -5.53486e-20)
(-0.0644412 -0.0119056 7.44631e-20)
(0.175575 -0.20918 0)
(1.73082 -0.183311 -1.33417e-19)
(0.409826 0.382996 -5.60129e-19)
(0.241499 -0.197538 -9.28752e-20)
(-0.115371 -0.0642108 -3.70265e-19)
(-0.189359 0.737974 1.27353e-19)
(2.21596 -0.110737 0)
(1.28678 0.971898 6.64558e-21)
(-0.127053 -0.050112 -1.8156e-19)
(0.496216 -0.176022 0)
(0.616648 -0.116622 -3.09896e-19)
(1.0196 0.835068 0)
(-0.255151 0.252039 1.76475e-19)
(-0.109309 -0.0531579 3.54575e-19)
(0.896914 0.780118 -1.78193e-19)
(-0.0914442 -0.0224814 1.73544e-19)
(0.465975 -0.135447 -1.88754e-19)
(0.962292 0.828483 0)
(0.527731 -0.499172 -6.04926e-20)
(0.836173 0.713301 1.84364e-19)
(0.541334 -0.480682 -2.53883e-19)
(1.02709 0.8795 0)
(0.253567 0.0740948 -2.48667e-20)
(-0.328254 0.251694 1.79032e-19)
(1.10126 0.91113 3.4217e-20)
(0.197885 -0.14894 -1.59886e-19)
(1.28368 0.966623 9.12182e-20)
(1.79738 -0.631932 -8.17382e-20)
(0.0263165 -0.127456 9.12448e-20)
(0.658563 -0.145761 -1.27083e-19)
(1.76158 -0.118076 0)
(1.12208 0.918588 1.06287e-19)
(1.91318 0.00979729 0)
(1.07971 -0.283655 5.46058e-19)
(-0.273263 0.368176 -3.02702e-19)
)
;

boundaryField
{
    frontback
    {
        type            empty;
    }
    Top
    {
        type            noSlip;
    }
    outlet
    {
        type            zeroGradient;
    }
    bottom
    {
        type            noSlip;
    }
    Inlet
    {
        type            fixedValue;
        value           uniform (1 0 0);
    }
    rectangle
    {
        type            noSlip;
    }
}


// ************************************************************************* //
