/*--------------------------------*- C++ -*----------------------------------*\
| =========                 |                                                 |
| \\      /  F ield         | OpenFOAM: The Open Source CFD Toolbox           |
|  \\    /   O peration     | Version:  2306                                  |
|   \\  /    A nd           | Website:  www.openfoam.com                      |
|    \\/     M anipulation  |                                                 |
\*---------------------------------------------------------------------------*/
FoamFile
{
    version     2.0;
    format      ascii;
    arch        "LSB;label=32;scalar=64";
    class       volVectorField;
    location    "41";
    object      U;
}
// * * * * * * * * * * * * * * * * * * * * * * * * * * * * * * * * * * * * * //

dimensions      [0 1 -1 0 0 0 0];

internalField   nonuniform List<vector> 
2186
(
(1.26043 -0.0587828 2.7704e-19)
(1.57325 -0.888229 3.73242e-21)
(1.41369 -0.868066 9.66016e-21)
(0.694 -0.529254 -1.7686e-19)
(-0.326495 0.738727 -2.18949e-19)
(0.65793 0.791175 0)
(0.689884 -0.635728 0)
(0.0464768 0.130042 6.2228e-20)
(1.54113 0.0151117 7.47196e-20)
(0.514376 -0.238474 -2.26083e-21)
(0.729007 0.660872 0)
(0.93936 -0.243967 -8.03161e-20)
(0.0658444 0.182984 -2.50324e-20)
(1.20158 0.029218 -4.42957e-19)
(1.75754 -0.622898 -6.12511e-21)
(1.0182 0.0035589 2.08469e-19)
(0.978608 0.0127425 0)
(-0.14984 0.885903 0)
(0.744787 0.338683 0)
(-0.103576 0.299966 -5.83148e-20)
(0.498423 0.191604 -1.28743e-19)
(-0.192824 0.243106 7.84148e-20)
(1.1924 0.0319651 3.65175e-19)
(-0.147519 -0.0875969 5.12625e-21)
(1.02686 0.0173997 -2.8748e-19)
(0.744667 -0.505327 0)
(0.757437 0.0265076 1.68945e-19)
(0.579847 -0.559256 -2.10005e-19)
(1.28197 0.76513 0)
(0.959943 0.0270914 -3.92139e-19)
(-0.0379893 0.106043 0)
(1.02286 -0.00175936 1.35981e-20)
(-0.132587 0.219522 0)
(2.13808 -0.135407 -6.35369e-20)
(-0.19932 -0.104939 -1.53442e-21)
(1.6259 0.825498 1.21491e-19)
(1.79947 -0.0269193 -3.15989e-20)
(0.530737 0.238644 -3.83686e-19)
(2.04888 0.217154 -2.36916e-19)
(1.31324 0.41373 -1.62802e-20)
(0.0341048 0.179981 0)
(-0.142909 0.215599 0)
(1.8463 -0.806497 5.2796e-20)
(-0.489843 0.252348 0)
(1.15697 0.316211 1.85188e-19)
(0.564361 -0.221563 3.27937e-19)
(0.885551 -0.750284 0)
(1.13471 -0.742644 1.51331e-19)
(2.09896 -0.621064 0)
(-0.309891 0.848134 1.66471e-19)
(-0.0304969 0.167881 8.62133e-20)
(0.673303 0.621992 9.55463e-20)
(2.01088 -0.664948 3.64904e-20)
(0.627935 0.355469 -3.09606e-19)
(-0.345722 0.0172478 3.08233e-20)
(0.720671 -0.606755 0)
(1.64818 -0.911602 1.89931e-20)
(0.550021 -0.510139 0)
(2.49947 0.122913 8.05248e-20)
(1.09662 -0.14842 -4.47911e-19)
(1.09083 -0.210205 -9.58349e-23)
(1.41606 0.324542 -2.27628e-19)
(1.42222 0.582799 0)
(2.00856 0.374809 1.78489e-20)
(1.44371 0.416981 -1.43891e-19)
(1.20147 -0.686191 -2.19257e-19)
(1.23906 0.710408 6.52729e-20)
(0.688337 0.137429 -6.35812e-19)
(0.824769 0.109138 0)
(2.00615 -0.00134968 -1.54659e-20)
(0.0167917 0.121705 -7.2144e-20)
(1.98676 -0.579953 -2.55504e-20)
(0.721447 0.0286772 -2.81441e-19)
(0.831442 -0.469569 0)
(0.848332 0.234116 -1.04466e-19)
(0.509713 -0.465694 -3.5381e-19)
(2.00261 -0.529478 0)
(1.00653 0.0106431 4.2832e-19)
(-0.193474 -0.0981673 0)
(2.17503 0.404045 0)
(0.922769 0.310061 9.45677e-20)
(1.54568 0.434339 4.95999e-20)
(1.01932 0.011669 4.77613e-20)
(1.38466 0.445088 3.55427e-20)
(0.964612 0.0275754 5.01123e-19)
(1.03428 0.0354979 -1.18797e-20)
(0.688003 0.250891 -3.77564e-19)
(0.638719 1.00688 -2.20474e-21)
(0.95005 0.212192 0)
(-0.072119 -0.0729423 6.0328e-20)
(0.815592 -0.574871 -2.01675e-19)
(-0.209823 0.279145 -2.7039e-21)
(1.08705 -0.0556097 2.97198e-19)
(0.793475 -0.131545 0)
(0.970022 0.0247598 4.7772e-20)
(1.44417 0.686672 0)
(1.56869 -0.894895 0)
(1.36498 0.242894 0)
(-0.423956 0.944032 0)
(0.743639 -0.616022 3.5373e-19)
(0.974036 -0.0544822 -3.24541e-19)
(1.01062 0.295169 2.0512e-19)
(1.6315 0.19818 0)
(1.1259 -0.0842499 -2.71695e-19)
(1.12637 0.0248211 2.11728e-19)
(-0.133921 0.394101 1.031e-19)
(0.693956 0.57369 0)
(1.91663 -0.0846411 -3.09584e-21)
(0.9253 -0.432748 9.89234e-20)
(-0.886271 -0.750199 1.39922e-19)
(1.89268 0.289754 1.00898e-19)
(-0.313971 0.685349 -2.58846e-19)
(0.78209 -0.708488 0)
(0.61585 0.430776 1.85996e-19)
(1.68248 -0.0320926 -2.36756e-19)
(0.199273 0.513293 -3.23895e-19)
(1.56804 0.690834 -4.6155e-21)
(1.89377 -0.768881 0)
(-0.0942648 -0.0994214 -1.8003e-19)
(0.699752 -0.00828536 8.92617e-20)
(1.652 0.936137 0)
(-0.02089 0.780298 -2.32844e-19)
(0.947355 0.816886 -3.20148e-19)
(-0.181379 0.848217 3.83609e-19)
(1.03117 -0.0200757 0)
(1.64794 0.901344 5.81809e-21)
(-0.350901 0.712315 0)
(0.653296 -0.438282 -1.27113e-19)
(-0.157336 0.890405 -2.04427e-19)
(0.753105 -0.685734 0)
(0.390512 -0.184839 4.75913e-19)
(0.496041 -0.397876 3.28366e-19)
(0.400556 -0.361931 0)
(0.938744 -0.739032 -1.693e-19)
(0.961566 0.108131 0)
(-0.154375 0.827084 -1.30601e-19)
(0.766418 -0.652504 1.71949e-19)
(2.07917 -0.0644581 4.60221e-20)
(2.23579 0.0862619 0)
(-0.0523221 0.0108375 0)
(0.732285 0.679884 -4.04202e-19)
(1.71335 -0.555928 -2.85974e-20)
(0.0565978 0.0836885 0)
(0.936685 -0.761522 -1.8009e-20)
(1.11479 -0.0824674 0)
(1.05828 -0.100209 4.6933e-19)
(1.91989 -0.0756943 -3.42931e-21)
(-0.391376 0.954854 0)
(1.17131 -0.513672 -7.21512e-20)
(-0.219508 0.344635 -3.84556e-20)
(-0.257043 0.296744 0)
(1.04985 -0.769339 1.22578e-20)
(1.007 0.00502591 -7.15418e-19)
(0.606797 -0.422294 -1.24241e-20)
(0.774863 -0.46474 0)
(1.15107 -0.685588 -1.26424e-19)
(0.688179 0.309432 2.905e-19)
(1.26497 0.119884 0)
(1.58871 0.0822134 -3.63196e-19)
(1.1527 -0.810677 -2.99431e-19)
(-0.0674195 -0.00306655 -6.15943e-20)
(-0.28764 0.252592 -8.4739e-20)
(1.08814 0.0167274 2.70222e-19)
(0.877339 -0.417085 -1.24414e-19)
(0.738141 0.663086 2.04161e-21)
(0.717363 0.688478 3.16437e-21)
(0.832025 -0.117023 7.45037e-20)
(-0.0167969 -0.0473958 -1.6992e-19)
(0.857187 0.0914896 0)
(1.38532 0.156809 -8.80141e-20)
(1.52363 0.694683 1.86304e-19)
(0.763496 -0.565267 -2.57956e-19)
(0.995132 0.00958482 1.46543e-20)
(0.675342 -0.47783 3.49495e-19)
(1.3816 0.851895 1.63637e-19)
(1.92878 0.000687192 3.78477e-21)
(-0.34498 0.973237 0)
(1.09858 0.0703621 -2.81118e-19)
(-0.66025 0.650525 -1.53661e-19)
(1.13015 0.531469 9.42345e-20)
(0.286277 -0.116508 1.02636e-19)
(1.16313 0.0314198 -5.08732e-20)
(-0.229731 0.200599 -1.42441e-19)
(1.36698 0.621229 -9.90569e-20)
(1.20838 0.942722 0)
(-0.335829 1.12211 -1.14239e-19)
(0.303458 0.506764 0)
(0.706601 0.616398 -3.12423e-19)
(2.18172 0.176753 -1.2526e-20)
(0.0886572 0.260145 8.81933e-20)
(-0.329602 0.934169 -5.80519e-19)
(0.73338 0.141059 2.79521e-19)
(2.25961 -0.24716 -4.28917e-20)
(0.942951 -0.305401 -3.60701e-20)
(-0.0418244 -0.0198511 0)
(-0.540944 -1.29546 2.93721e-19)
(1.40841 1.03219 -4.35925e-20)
(0.849536 0.129214 -1.54662e-19)
(0.595792 0.560719 2.18723e-19)
(0.453485 0.203891 0)
(-0.170471 0.0846826 -1.13385e-19)
(-0.188282 -1.61701 1.61963e-19)
(1.25319 -0.915134 8.44886e-22)
(0.982388 -0.0037834 -2.23016e-19)
(-0.0981777 -0.151091 4.28379e-21)
(0.0366298 -0.0581425 1.73165e-19)
(-0.184652 -0.208745 -1.2048e-19)
(1.76001 -0.789813 0)
(1.15319 0.0549022 -3.79112e-19)
(2.25191 -0.218325 9.83584e-20)
(1.22364 -0.573391 1.39902e-19)
(1.45156 0.205803 -4.98253e-20)
(0.634548 0.409219 0)
(1.00541 0.803511 -1.90942e-20)
(0.729844 0.673368 2.12664e-19)
(0.854249 -0.516351 1.81656e-19)
(0.740339 0.5653 0)
(1.0196 0.010829 9.57477e-21)
(0.837214 -0.617186 2.59539e-19)
(0.886703 0.47794 -5.18537e-19)
(1.14235 -0.0966289 0)
(0.19949 0.294052 -2.49729e-19)
(-0.108874 0.261902 -8.69911e-20)
(1.6771 0.769432 0)
(1.30075 -0.889603 -7.22945e-22)
(-0.155159 0.832436 0)
(-0.301381 0.518181 1.32083e-19)
(0.791427 0.706235 -1.11605e-19)
(0.827912 -0.166878 0)
(-0.103813 -0.0381651 0)
(1.65526 -0.394041 0)
(0.428909 -1.18536 5.98524e-19)
(1.16351 -0.838165 1.95827e-19)
(1.1296 -0.560308 8.01516e-20)
(1.00704 -0.152883 -2.05784e-19)
(0.82996 -0.646021 -2.06366e-19)
(0.177314 -0.179783 0)
(-0.283432 0.809501 0)
(0.958021 -0.466904 2.1725e-19)
(-0.00459469 0.0499613 0)
(-0.29169 0.895068 0)
(0.137769 0.599874 2.83966e-19)
(0.849802 0.724336 9.6871e-20)
(1.07629 0.846986 0)
(0.753112 0.615517 -9.53165e-20)
(0.825659 0.0101808 -2.56046e-19)
(0.800978 0.620308 -2.56423e-19)
(0.634713 0.593146 -1.88187e-19)
(-0.0364381 0.0795429 -5.18679e-23)
(0.684121 -0.610562 0)
(0.924185 0.221228 -3.69979e-19)
(-0.0187693 0.119849 3.20733e-20)
(0.644094 0.598886 4.28411e-19)
(1.02001 0.851936 0)
(0.43733 -0.466641 4.92551e-19)
(-0.236228 -0.0143084 1.95708e-19)
(-0.17182 0.12542 -1.03538e-19)
(0.719617 0.629386 -1.6503e-20)
(0.969453 -0.00647388 6.93488e-20)
(0.0156227 0.233119 0)
(1.9172 -0.0177831 3.38716e-20)
(0.953565 -0.605361 1.51276e-19)
(0.616563 -0.567854 -9.2036e-20)
(0.155053 0.762092 1.38454e-20)
(1.25471 0.496348 2.18961e-19)
(0.934078 0.466769 0)
(1.01527 -0.14629 2.32733e-19)
(-0.253841 -0.00356947 3.81663e-21)
(-0.137978 0.146721 3.31173e-19)
(0.906128 0.0229963 -6.21888e-20)
(1.15863 0.153366 0)
(1.61563 0.0148899 4.58739e-20)
(1.97564 0.0385548 0)
(0.578398 0.337414 -5.05733e-19)
(-0.0124865 -0.0357677 0)
(0.0113194 0.0966691 1.4114e-19)
(0.66701 0.0898175 0)
(0.573591 -0.456742 -2.14069e-19)
(1.13157 0.0236638 2.46389e-19)
(-0.366305 0.947778 4.58179e-20)
(1.83485 -0.137047 -8.57986e-21)
(1.92851 -0.0981653 -4.02362e-20)
(1.15516 0.256876 -2.58528e-19)
(-0.025817 0.14829 -6.1579e-20)
(1.02823 -0.806502 0)
(0.802274 0.0165607 -1.79208e-19)
(0.890814 -0.331219 -3.41371e-19)
(1.65538 -0.519789 4.12821e-21)
(1.55581 -0.001937 -7.14604e-20)
(1.09807 0.000203046 4.52503e-19)
(-0.191683 0.0681247 -8.7662e-20)
(0.955202 -0.394229 -1.529e-19)
(0.1847 -0.177126 3.01317e-19)
(1.00819 -0.0056216 0)
(1.00485 -0.00402278 0)
(0.570389 -0.936773 -1.98015e-20)
(-0.0917249 0.667076 -8.53928e-20)
(0.239811 -0.101417 -9.30011e-20)
(1.2099 -0.267921 1.88002e-20)
(1.56865 -0.809427 0)
(2.33509 -0.344116 -7.56869e-20)
(0.907601 -0.78413 -1.19003e-19)
(1.73972 -0.495538 -2.75444e-20)
(1.17172 0.890004 0)
(0.437772 -0.41558 0)
(0.659774 0.579842 -1.96123e-19)
(1.14615 0.310757 -4.76422e-19)
(2.05635 -0.134795 5.10747e-23)
(0.885204 0.203757 1.58769e-19)
(-0.214548 0.15677 -2.23732e-19)
(1.09662 0.425727 1.1518e-19)
(-0.201087 0.168205 0)
(-0.106299 -0.0122025 0)
(-0.0027529 0.352496 0)
(1.28906 -0.675705 -1.37798e-19)
(-0.26511 0.304665 -2.11547e-19)
(-0.102416 0.0795414 0)
(1.36509 1.03327 -4.91175e-20)
(1.14915 0.175637 -4.97507e-19)
(2.48191 0.0509362 -3.28604e-20)
(1.14627 0.978467 1.09737e-19)
(-0.31211 0.598582 1.2984e-19)
(1.20441 0.22517 0)
(0.0133379 0.427001 -2.04416e-19)
(-0.373933 0.609913 2.57576e-19)
(0.785834 0.085605 2.0865e-19)
(1.62033 1.00223 -3.45174e-20)
(1.93374 0.869634 -9.14343e-20)
(-0.22435 0.264803 -3.79349e-21)
(0.709631 -0.644999 -4.65305e-20)
(1.22005 -0.0206791 0)
(1.76397 0.0349584 0)
(0.948146 0.0471121 0)
(-0.244629 -1.41811 -1.12763e-19)
(-0.0753893 0.305889 6.33928e-20)
(1.11211 0.898556 0)
(0.991751 0.018884 5.97762e-19)
(0.824266 0.663411 -2.56959e-19)
(-0.119424 -1.25995 -1.47552e-19)
(0.870137 0.0629438 -4.72146e-20)
(0.677106 -0.614359 -2.68347e-19)
(1.46209 0.755052 -4.43961e-20)
(0.515803 -0.385447 -3.39613e-19)
(1.13356 0.00686431 -5.39893e-19)
(0.790681 0.0451478 5.32991e-20)
(1.44335 -0.15397 1.0893e-19)
(0.802496 0.161463 4.24384e-20)
(-0.00981992 0.00991762 -1.03171e-22)
(1.13281 0.515249 -3.1385e-19)
(1.40706 0.66734 6.34218e-20)
(-0.222579 0.0826656 0)
(-0.199701 0.116586 8.33603e-20)
(0.265681 0.642007 1.09015e-19)
(-0.143173 -0.163531 -8.41975e-20)
(0.530571 0.410676 0)
(0.952756 -0.509686 0)
(-0.0207477 0.0201566 -1.20186e-19)
(-0.0716193 0.091335 -3.22657e-20)
(1.05124 -0.0259265 2.14037e-19)
(-0.300283 0.891518 -6.00939e-20)
(2.0997 -0.795362 -4.03784e-19)
(-0.105832 0.624608 0)
(0.792289 -0.699125 -3.79553e-19)
(0.916105 0.228287 -1.25369e-19)
(-0.462524 0.470145 8.77343e-20)
(0.741135 0.225155 3.68258e-19)
(0.642683 0.221097 1.17952e-19)
(0.467374 -0.437796 2.38604e-19)
(0.0621588 0.104891 -7.52079e-20)
(2.24514 0.795785 0)
(0.446569 0.430261 -2.10914e-19)
(1.0319 -0.00927059 -3.40247e-19)
(-0.314169 0.928157 2.31015e-19)
(1.49456 0.51209 -1.59433e-19)
(-0.00609097 0.0630358 -2.90269e-20)
(0.666526 -0.605722 -1.00586e-19)
(0.845647 0.239696 -2.33709e-19)
(1.02586 0.47235 2.6553e-20)
(1.11974 -0.115926 4.19035e-20)
(0.580405 -0.157963 -3.44222e-19)
(1.89996 -0.23459 -1.64389e-20)
(0.24634 -0.0695724 0)
(2.1982 0.050618 -8.78833e-21)
(1.76806 -0.115145 -1.84137e-21)
(0.42209 0.345549 3.65426e-20)
(1.01441 0.398673 -1.58242e-19)
(1.58102 0.513306 -9.15661e-20)
(0.465335 0.447294 -2.75532e-19)
(0.167988 0.73996 2.12163e-19)
(1.7655 0.0961975 0)
(0.950153 0.00994725 0)
(0.834384 -0.735232 7.72117e-20)
(-0.234981 0.0148216 -2.14993e-19)
(0.131154 0.584189 -2.85917e-19)
(-0.00597487 0.0235937 -1.27351e-19)
(-0.219513 0.879869 -1.56706e-19)
(-0.290004 0.280224 0)
(-0.107365 -0.036843 2.39931e-20)
(0.0876599 0.367272 -7.91137e-20)
(0.0576618 -0.0529353 -3.9656e-19)
(0.786407 -0.0552961 0)
(1.15796 -0.201412 -6.9336e-20)
(0.216803 0.387524 0)
(0.992367 0.0246614 4.31266e-19)
(-0.206065 0.189424 1.39621e-20)
(0.493125 -0.357065 4.55358e-19)
(-0.705419 0.728768 2.55384e-19)
(-0.533144 -0.453288 0)
(0.147844 0.510971 8.75438e-20)
(0.99934 0.0295331 -1.30048e-20)
(0.0334135 -0.0741188 0)
(1.00418 -0.00800351 -6.70489e-20)
(0.81409 -0.68222 -3.55249e-19)
(0.94736 -0.786562 0)
(0.905838 -0.227178 2.44163e-19)
(0.202783 0.651913 1.94552e-19)
(-0.0593381 -0.0517109 0)
(-0.164437 0.0957399 -3.1265e-21)
(0.681301 -0.587357 -5.06619e-19)
(0.932732 -0.0193735 -3.1574e-19)
(-0.24828 0.0365991 2.5342e-19)
(-0.0362049 0.0603373 8.83458e-20)
(-0.243077 0.217139 0)
(1.00996 0.523517 0)
(-0.348379 0.350126 9.16526e-20)
(1.31468 0.0164617 3.36768e-20)
(1.1409 0.953048 2.31856e-20)
(1.1059 0.240133 -1.45713e-19)
(1.10479 0.00995655 -2.67163e-19)
(0.989696 -0.0580984 -9.84426e-20)
(-0.204116 0.0332284 -2.26927e-19)
(1.77917 -0.0266715 1.64993e-19)
(0.709326 0.0445584 2.50332e-19)
(1.56709 -0.0303311 -2.2346e-20)
(0.994086 -0.128548 0)
(-0.45293 -0.432067 7.40658e-20)
(1.14561 0.0281714 -5.84286e-19)
(1.8433 0.660273 3.53359e-20)
(0.697455 -0.398383 -1.88063e-19)
(-0.0971413 -0.0977472 1.34653e-19)
(0.75574 -0.658171 4.63976e-19)
(1.28685 0.215508 9.18838e-20)
(1.00692 -0.0080827 2.96831e-19)
(-0.227797 0.111587 -9.26596e-20)
(1.03588 0.0317128 0)
(1.87283 -0.0420411 5.81867e-20)
(-0.0807776 -0.0630185 0)
(1.01201 0.0174498 -1.75734e-19)
(0.0522202 -0.850016 -6.46351e-19)
(1.85234 0.340886 5.81549e-20)
(0.207304 0.69278 1.55186e-19)
(1.68094 0.0619035 1.97746e-20)
(1.0171 -0.0144002 6.16457e-20)
(1.20855 -0.0860279 0)
(1.38769 -0.562849 -2.12574e-19)
(1.03294 0.054642 -1.82437e-19)
(1.5227 0.839874 -9.27636e-20)
(1.20326 -0.0503728 0)
(0.999895 -0.260604 1.62318e-20)
(-0.0309101 0.0259649 0)
(1.23336 0.0547338 0)
(-0.0372149 0.232081 0)
(1.30616 0.487719 0)
(2.02091 0.256589 3.69706e-20)
(0.79798 0.671646 4.50766e-19)
(0.275184 -0.275818 -2.82556e-19)
(-0.072388 0.0733165 -2.06475e-19)
(-0.0554753 -0.025456 0)
(1.76003 -0.0750947 -2.637e-20)
(1.42843 0.563013 0)
(1.55104 0.310178 0)
(-0.0593776 0.478266 8.90183e-20)
(0.862232 0.762703 1.50267e-19)
(1.53921 0.00504938 0)
(0.094278 0.193644 4.84997e-20)
(0.94031 0.268887 2.1697e-19)
(1.12396 -0.115653 7.97314e-20)
(1.31578 0.983699 5.86673e-20)
(0.885872 -0.794074 -5.54708e-20)
(0.305151 -0.0458427 8.76019e-20)
(0.847748 0.766012 1.55398e-19)
(1.25004 0.981982 0)
(1.75935 -0.586589 2.83792e-20)
(-0.00365642 -0.729239 0)
(0.67414 0.0285322 -1.21537e-19)
(1.13966 0.122275 1.65645e-19)
(1.00598 -0.00210706 0)
(-0.686271 -0.838332 6.27365e-20)
(0.868878 -0.123267 5.57031e-20)
(0.585328 -0.343571 0)
(0.629295 -0.316775 2.45138e-19)
(1.30607 0.599398 -4.08044e-20)
(0.513475 0.487575 3.07561e-19)
(0.0404478 -0.000233317 4.87475e-20)
(0.219522 -0.036841 8.24564e-20)
(0.730991 0.0571086 0)
(1.27719 -0.853159 -1.40163e-19)
(1.042 -0.0422324 4.75515e-19)
(1.61905 0.357034 1.25276e-19)
(0.111725 0.252099 4.10181e-20)
(-0.849133 0.680113 0)
(1.18108 -0.211442 -1.39217e-19)
(-0.0565105 -0.0438029 -1.10025e-19)
(-0.753787 -0.00431329 -7.07054e-21)
(-0.150948 0.0608537 -7.4447e-22)
(-0.230406 0.113213 2.70388e-19)
(0.319419 1.1251 -2.03468e-21)
(1.91117 -0.0574735 -4.53829e-20)
(1.25621 0.495616 -3.53131e-19)
(0.95276 -0.0642897 0)
(1.84539 -0.0137585 1.14969e-19)
(1.58881 0.0614066 -1.455e-20)
(0.865142 -0.721974 1.77136e-19)
(1.11862 -0.932668 -7.75903e-20)
(0.516496 0.481784 2.08181e-19)
(0.235493 -0.410519 0)
(1.86159 0.608672 7.79053e-21)
(-0.0636186 -0.0431176 -2.23816e-19)
(0.942191 0.823112 0)
(2.06858 0.821766 0)
(0.274451 -0.272417 -3.76882e-21)
(0.375359 0.384873 0)
(-0.804723 0.567375 -3.25874e-19)
(-0.188836 0.248786 -1.33142e-19)
(1.72306 -0.361389 0)
(1.31507 0.0434002 2.73053e-19)
(0.238528 0.533251 2.37935e-19)
(0.500952 -0.473487 -5.52612e-19)
(1.57592 0.000567674 6.40848e-21)
(0.576619 -0.519076 0)
(1.07234 0.143003 0)
(1.41105 -0.196936 0)
(1.16294 0.257653 -2.79514e-19)
(1.40309 0.117048 4.00036e-19)
(-0.1967 -0.320138 0)
(0.839749 -0.0449447 0)
(1.5698 -0.190173 1.51145e-20)
(-0.157081 0.148788 9.40379e-20)
(2.20029 -0.400935 -1.37365e-19)
(1.0977 -0.482729 1.14094e-19)
(1.62624 -0.125298 -7.73875e-20)
(-0.145192 0.848308 -1.70371e-19)
(1.97679 0.0440952 -8.99218e-20)
(1.01344 -0.00690578 4.87252e-19)
(1.60384 0.638461 0)
(-0.339109 0.619665 3.65653e-20)
(0.9568 -0.785516 2.27704e-19)
(0.85271 0.0326306 5.51857e-20)
(0.588693 -0.368161 0)
(1.81988 -0.447062 -4.4076e-21)
(1.16204 -0.172658 1.86536e-19)
(0.592198 -0.344895 0)
(0.577213 -0.534532 5.55127e-19)
(1.73679 0.135606 3.62062e-20)
(2.26554 -0.349955 3.55683e-19)
(-0.177294 0.1684 -2.01091e-19)
(1.40706 0.663512 1.90122e-19)
(1.20718 0.445872 4.36013e-21)
(0.949815 0.42588 2.5702e-19)
(1.18951 0.00181562 6.24517e-20)
(-0.19757 0.0461841 5.73608e-22)
(0.59066 0.146276 0)
(-0.113891 -0.0972457 2.19863e-19)
(1.06055 -0.914664 0)
(1.01472 -0.606848 2.71153e-20)
(0.217235 0.0954006 8.60154e-20)
(0.601154 0.395347 -8.95379e-20)
(-0.375641 0.500126 -2.2884e-19)
(1.04345 0.534198 2.02699e-19)
(-0.506752 -1.34688 1.24432e-19)
(0.714348 -0.0423524 0)
(0.768964 -0.260175 0)
(1.83559 -0.103854 -1.106e-20)
(0.754757 -0.0103254 0)
(1.30077 -0.185187 -1.91943e-19)
(-0.322601 0.76468 5.21792e-19)
(2.03318 0.524386 -2.83326e-20)
(1.06222 -0.0310498 0)
(0.508998 -0.275156 1.22213e-19)
(1.00779 0.0263525 2.31249e-19)
(-0.0113467 -1.13843 -2.35646e-20)
(-0.0635408 0.864702 0)
(1.05881 -0.433164 6.00997e-19)
(0.767127 -0.0247004 -1.34903e-23)
(1.05334 -0.453294 -2.61317e-19)
(2.47957 0.127593 1.20534e-19)
(1.36297 0.844544 0)
(0.892476 0.0268884 0)
(0.0856183 0.3242 -1.09497e-19)
(-0.0218822 0.0187775 1.35245e-19)
(0.997772 0.412823 -2.39976e-19)
(-0.201777 0.0962582 -7.86628e-20)
(0.695713 0.47975 2.67822e-19)
(1.0162 -0.0681947 0)
(0.509496 -0.472913 0)
(0.221262 1.00658 -6.66091e-21)
(1.17894 -0.463215 -1.26002e-19)
(0.906993 0.0199472 9.37857e-21)
(0.718553 -0.0864263 1.35311e-19)
(-0.125842 0.121776 -2.44687e-19)
(1.71381 -0.104877 2.53205e-19)
(0.707882 0.660764 0)
(1.34462 0.743447 0)
(1.69377 0.26538 0)
(-0.231446 0.271079 -8.82335e-20)
(1.34535 0.618007 1.79806e-19)
(1.69301 0.040965 -6.25506e-21)
(0.990725 -0.017195 0)
(1.11931 0.311706 0)
(2.00372 -0.114127 -1.33113e-19)
(-0.0197976 -0.871136 3.45768e-20)
(1.00508 0.00680513 -2.31423e-19)
(1.58495 0.519161 0)
(-0.0412016 0.80245 0)
(1.30095 0.346134 3.49905e-19)
(1.08181 0.576335 -1.52684e-19)
(1.0819 0.0373989 0)
(0.74762 -0.0264071 0)
(2.13548 0.720507 -2.50793e-19)
(-0.23455 0.331293 -3.20295e-22)
(0.993456 0.0167879 0)
(0.760603 0.539961 -3.73609e-20)
(0.894582 -0.784813 0)
(1.00007 0.0192072 5.37917e-20)
(0.198855 -0.207201 -1.23163e-19)
(0.869487 -0.27598 3.60561e-19)
(0.330093 0.688569 1.82988e-19)
(1.90832 -0.0307176 1.18597e-20)
(1.97943 0.0271968 -2.08594e-20)
(0.7564 -0.0185058 0)
(0.996444 0.0156457 0)
(-0.578984 0.526871 0)
(0.710601 0.680556 -2.18973e-19)
(-0.0853947 0.0718911 1.6577e-19)
(1.22469 0.386259 -5.59342e-19)
(-0.332541 1.021 0)
(0.888258 0.701081 1.91159e-19)
(0.968971 -0.288848 0)
(1.00543 0.000740602 1.35411e-19)
(-0.652122 -0.464117 -5.86077e-21)
(1.08827 0.44613 3.02061e-19)
(1.69672 0.0544659 0)
(2.2469 0.116034 -5.08608e-20)
(0.814439 -0.0580786 -4.18254e-19)
(-0.923937 0.495393 -4.50496e-19)
(0.217152 -0.580084 0)
(0.913597 0.292932 1.99437e-19)
(1.75733 0.0141001 0)
(0.830235 0.582834 4.08389e-19)
(-0.533545 0.472118 2.17461e-19)
(-0.0947722 0.0805481 0)
(0.634217 0.604118 -8.01382e-20)
(0.978887 -0.593847 -1.88952e-19)
(0.435246 -0.155792 -1.393e-19)
(1.01767 -0.00110556 0)
(0.215154 0.587323 -2.02688e-19)
(0.594624 -0.521571 9.59106e-20)
(0.944818 0.339826 0)
(1.4117 -0.338486 -7.07932e-20)
(1.04659 0.892245 2.90589e-20)
(-0.0767805 0.205957 9.64761e-20)
(0.241231 0.151809 -1.67087e-19)
(0.189499 0.116902 -6.15418e-19)
(-0.0531255 0.0297373 5.51452e-21)
(0.864171 0.416993 2.79542e-19)
(-0.271391 0.364233 -5.44413e-21)
(1.35512 -0.60004 2.95381e-21)
(1.01992 0.0257572 -4.02614e-19)
(-0.376216 0.373199 0)
(1.04151 0.052446 -4.77038e-19)
(1.53539 -0.198335 -5.19327e-20)
(0.948418 0.74583 3.2515e-19)
(1.11202 -0.0517592 1.88538e-19)
(0.998955 -0.00672338 1.86224e-19)
(0.682798 0.376096 8.4098e-20)
(0.165508 0.254055 1.31567e-21)
(1.6979 -0.811188 1.55522e-20)
(1.06646 -0.117004 -9.7744e-20)
(0.738981 0.0447528 1.13057e-19)
(0.876391 -0.245609 1.04461e-19)
(1.99764 0.129872 0)
(1.02465 0.789962 0)
(-0.209043 -0.209243 6.9924e-21)
(2.08131 0.202071 -5.75262e-21)
(-0.674294 0.674663 1.63907e-19)
(0.985781 -0.494285 -6.25755e-19)
(0.571133 -0.480968 4.56489e-19)
(1.62774 0.129229 -1.20644e-19)
(-0.176407 0.0708648 9.71174e-21)
(-0.0917432 0.498939 0)
(0.765414 0.181266 -7.61626e-21)
(0.239728 -0.199811 2.61523e-19)
(1.10458 0.815967 0)
(-0.016902 -0.0791633 0)
(0.945299 0.138279 0)
(0.0291069 0.08793 -3.43756e-20)
(-0.163932 0.18652 0)
(0.865631 -0.714177 1.27529e-20)
(1.26849 0.198395 7.74599e-21)
(-0.111751 -0.881821 2.33943e-19)
(2.17317 0.657933 2.48352e-20)
(1.93142 0.481532 -3.01019e-20)
(1.96732 -0.220758 -7.28907e-21)
(-0.196265 0.0226322 -1.88282e-19)
(-0.203102 0.124585 2.33128e-21)
(1.94035 0.132475 0)
(0.690452 -0.0362276 0)
(1.00093 0.00118112 2.10541e-22)
(-0.291252 0.322098 0)
(1.28618 0.0239778 4.21348e-20)
(0.687254 -0.0321007 0)
(1.03429 0.0152509 1.51846e-19)
(0.988072 0.017047 -5.25853e-20)
(1.63982 -0.0400571 1.65163e-19)
(1.07473 -0.0102067 -1.09076e-21)
(0.9213 -0.15245 -6.2932e-20)
(1.0165 -0.0128269 4.32671e-19)
(0.626805 -0.561027 2.18089e-19)
(0.378655 -1.54392 -2.39519e-19)
(1.79368 0.775897 1.67859e-21)
(-0.0284107 0.0305267 0)
(1.19349 0.848517 0)
(1.01897 0.0134782 0)
(0.954602 -0.726925 -1.34343e-19)
(1.00119 -0.853684 8.35192e-20)
(1.81301 0.589542 -5.46192e-20)
(-0.81892 -0.664703 -1.4005e-19)
(0.0952693 0.708627 6.0931e-21)
(0.539709 -0.310723 -7.29053e-19)
(2.0239 0.370747 -3.77669e-21)
(0.782377 0.963304 1.29117e-19)
(1.93308 -0.168173 1.57071e-20)
(1.35455 0.216111 4.47487e-20)
(0.0699822 0.150892 -7.15528e-20)
(1.17364 0.600371 2.36046e-19)
(-0.261777 -0.0994766 0)
(-0.191934 0.169579 1.60491e-19)
(-0.143774 -0.0718653 -9.84451e-24)
(1.03184 -0.0426875 3.89121e-19)
(1.01891 0.016266 -9.9892e-21)
(1.11138 -0.00617058 -1.07442e-19)
(0.782889 -0.196897 8.03236e-20)
(1.723 0.331079 8.50641e-20)
(0.3633 -0.334915 -3.65129e-19)
(1.62844 0.580267 8.01042e-20)
(1.02549 0.0179039 -2.85316e-19)
(2.08126 0.654339 -1.72942e-21)
(0.910039 -0.0688881 0)
(1.17348 0.638275 -4.43382e-19)
(1.00281 -0.00236913 1.10451e-19)
(0.729372 0.658842 2.89954e-19)
(0.22822 0.747991 -4.6161e-21)
(1.08165 -0.00083424 -3.56001e-20)
(1.13881 0.0231145 1.00757e-21)
(2.29136 -0.251161 1.29368e-20)
(1.11404 0.38982 0)
(1.04539 -0.0389322 0)
(1.04857 -0.0340062 6.7912e-19)
(1.00257 -0.00197773 0)
(-0.084647 -0.0336989 0)
(0.97715 -0.567673 0)
(1.00079 0.000242404 -6.42502e-19)
(1.10599 -0.635864 1.11689e-19)
(1.02214 0.00316643 1.35145e-20)
(1.42398 1.01387 -4.06385e-20)
(1.61601 1.06401 7.72885e-20)
(0.247304 0.818754 -1.35061e-20)
(0.60424 -0.166341 -6.41863e-20)
(2.06432 -0.0021272 0)
(-0.130408 0.445605 0)
(1.62067 0.0382771 -6.92601e-20)
(0.244474 -0.369438 0)
(0.999429 -0.00467224 -1.98587e-19)
(1.01059 -0.00120421 3.86078e-19)
(1.50889 0.149577 -8.61652e-20)
(0.0453671 -0.103961 1.74759e-19)
(0.984736 0.00334508 2.1076e-19)
(0.493219 -0.146479 2.44198e-20)
(1.79466 0.130108 1.00384e-19)
(0.645696 -0.407587 1.01183e-21)
(0.921799 0.0192332 -2.12091e-19)
(1.00338 0.00446951 2.49505e-19)
(1.00012 -0.000224881 1.4744e-20)
(0.789788 -0.0133109 0)
(0.730574 -0.0266266 0)
(0.727426 -0.0271417 7.07059e-22)
(0.705534 -0.0298018 0)
(0.601855 0.110499 0)
(1.33484 0.275585 0)
(2.01449 0.11253 -1.059e-19)
(2.09309 0.0680276 6.36618e-20)
(1.18296 0.0883376 0)
(0.370433 0.067725 -1.70659e-20)
(0.233444 -0.0371984 0)
(0.176708 0.0839236 0)
(-0.159503 0.100297 0)
(0.35184 0.171256 -3.46897e-20)
(1.71916 0.202048 -7.80626e-20)
(0.770606 0.0247867 0)
(0.784137 0.0199487 0)
(0.962098 0.0224607 -2.61273e-19)
(0.813776 0.00749643 4.86044e-19)
(1.00844 -0.00135008 0)
(1.00024 -0.000646304 4.61214e-19)
(1.00033 -0.000624479 -3.24539e-22)
(0.781524 0.0227343 4.14902e-19)
(1.00084 -0.0039356 -2.4182e-19)
(0.677773 -0.341198 0)
(1.7275 0.248101 -1.00489e-19)
(1.00079 -0.000946564 -2.33091e-19)
(0.999857 0.00173342 -4.00049e-19)
(0.718072 -0.429729 0)
(0.998997 0.00154094 0)
(0.999668 0.00028664 0)
(0.343861 0.634231 -7.94919e-20)
(0.599495 1.09498 -1.13006e-20)
(1.69382 0.825434 0)
(-0.229705 0.587484 2.79363e-19)
(-0.625472 -0.626114 -6.37629e-20)
(1.02173 -0.00616386 -3.11458e-19)
(-0.0736872 0.144857 -6.17247e-20)
(1.0173 0.0148028 -2.50601e-19)
(1.11152 -0.195612 -1.37895e-19)
(0.755217 -0.417594 3.56589e-19)
(-0.0234466 0.00764561 -5.22135e-20)
(1.02598 0.0202258 0)
(1.0803 -0.00676001 -6.87415e-20)
(0.838426 0.0279534 0)
(-0.101555 0.0974303 2.38012e-19)
(-0.0167129 -0.549646 0)
(-0.121049 0.321398 -1.66736e-19)
(0.716592 0.225048 1.38703e-20)
(1.75326 0.725145 -6.91622e-20)
(-0.0692092 0.00368871 0)
(1.05314 -0.0369895 2.10185e-19)
(0.341969 1.07247 -6.95092e-22)
(0.93111 0.0281621 3.26544e-19)
(1.01431 -0.00252895 -2.12173e-19)
(1.77116 0.915684 1.05109e-20)
(0.567446 0.537712 0)
(0.499931 0.476208 2.20988e-19)
(0.83808 0.309101 1.9345e-20)
(1.18784 0.142646 2.32232e-19)
(1.03734 -0.665184 0)
(1.02513 0.012249 0)
(1.00087 -0.0160382 -4.87741e-19)
(1.0172 0.0207523 -4.75562e-19)
(-0.0843999 0.0263911 0)
(1.29381 0.876201 -1.67014e-19)
(0.203169 0.925015 4.91318e-21)
(1.01597 0.0110932 1.83365e-19)
(1.01108 0.01693 -2.29397e-19)
(-0.143982 0.487062 -1.76224e-20)
(0.629952 1.09225 2.55561e-20)
(1.02054 -0.00713167 7.82007e-19)
(0.596416 0.715721 0)
(1.97781 0.692007 -1.2357e-20)
(1.017 -0.00441852 -2.43489e-19)
(1.71109 -0.0165118 1.87245e-20)
(1.07092 0.0182885 -5.63742e-22)
(1.00897 -0.00740668 4.86352e-20)
(1.81542 -0.0215125 -3.00937e-20)
(1.01623 0.00974992 2.35957e-19)
(1.45368 1.14222 -1.44664e-21)
(1.01774 0.0136368 0)
(0.959787 0.191635 5.73014e-20)
(-0.55531 -0.313609 4.13437e-21)
(0.9966 0.0238237 2.34144e-19)
(1.03911 0.0223778 -5.95435e-22)
(0.411971 0.912592 -8.23699e-21)
(1.32328 0.344029 5.11953e-19)
(0.9929 0.0210788 1.61283e-19)
(1.01813 -0.00811498 4.54491e-22)
(1.85831 0.24571 -3.84701e-20)
(1.89233 1.01483 -9.72072e-20)
(0.736511 -0.658264 7.36515e-20)
(0.400811 -0.236263 -3.51051e-19)
(1.0091 -0.00618505 0)
(1.02007 0.00765646 5.85892e-20)
(1.01181 -0.00409428 1.2373e-19)
(1.14986 1.28621 -1.56847e-22)
(1.01385 0.0135593 -2.4576e-19)
(1.02239 -0.00850563 2.8167e-19)
(1.0093 -0.00383163 -2.31241e-19)
(1.01414 0.0123546 -5.36549e-22)
(1.01281 0.00837012 -3.45929e-22)
(1.02249 0.0207506 2.35336e-19)
(0.916559 0.132758 5.86463e-19)
(1.79219 -0.274926 0)
(-0.290832 0.16289 1.78863e-20)
(1.00964 0.00398293 0)
(1.02418 -0.00595368 -6.83121e-20)
(1.61802 0.469562 -1.20954e-19)
(1.51126 -0.0763607 0)
(1.40665 -0.371201 2.7545e-20)
(1.03212 -0.499318 -1.22315e-20)
(0.806837 -0.0225252 0)
(1.55517 0.0535747 0)
(0.100664 -0.939759 -1.22681e-19)
(0.435924 0.565398 -3.17139e-20)
(1.01813 0.00423201 -2.47716e-19)
(1.069 -0.520537 -7.47395e-20)
(0.563989 1.21084 -5.50699e-21)
(1.44434 0.872961 0)
(0.375524 0.619554 0)
(2.12239 -0.102011 0)
(-0.0239654 0.330101 7.44524e-20)
(1.10729 1.15076 -2.97805e-20)
(-0.266408 -1.49476 0)
(0.296716 0.57277 -2.49353e-19)
(1.79735 1.0262 -1.54379e-20)
(1.00703 0.00187836 -4.83848e-19)
(0.942316 1.1283 1.45235e-20)
(1.01987 0.0217817 3.20663e-19)
(0.721533 -0.0475838 0)
(-0.146664 -0.0113022 -1.66987e-20)
(0.668184 0.508323 -3.78618e-19)
(1.82214 -0.096972 1.48391e-19)
(0.206535 0.526135 0)
(0.74096 0.0749929 9.64849e-20)
(0.56088 0.539594 5.77476e-20)
(1.25865 0.940579 -4.56995e-20)
(-0.0848513 -0.0787539 8.37877e-20)
(1.02703 0.0267042 0)
(1.24035 1.09521 -8.34035e-20)
(1.01157 0.00473884 1.81723e-19)
(2.40759 -0.0999311 0)
(1.01129 0.0134444 3.04665e-19)
(-0.124577 0.180605 -7.53487e-20)
(1.01926 0.0199303 -1.88824e-19)
(1.79726 1.24409 0)
(1.89034 -0.530166 1.45917e-23)
(1.00903 0.00844391 -1.26471e-19)
(0.996793 -0.00112617 3.33035e-19)
(1.12534 0.118069 -3.11977e-21)
(1.655 1.10944 1.61139e-19)
(-0.10626 -0.129592 2.25746e-19)
(2.20022 0.250343 1.47736e-19)
(0.93908 0.905209 -1.81593e-19)
(0.798352 0.0143521 -4.56317e-19)
(0.832164 0.0334831 0)
(0.673233 1.13605 -5.24448e-20)
(1.02566 -0.000405678 -3.67065e-20)
(0.970839 0.0568821 0)
(1.0568 0.0101986 -2.33332e-19)
(0.380049 0.260284 1.30406e-19)
(-0.605935 0.206579 1.66715e-19)
(2.06645 -0.463617 0)
(0.151669 -0.375023 -8.77733e-19)
(1.43982 -0.310285 0)
(1.04204 -0.0141281 6.83142e-20)
(1.11395 -0.309607 -2.86035e-21)
(1.01175 0.00860843 1.96544e-19)
(0.0574809 0.363113 5.17344e-19)
(1.02004 0.00996959 0)
(0.994073 0.0036647 -4.71289e-19)
(1.00817 0.0116797 2.49804e-19)
(1.92572 -0.0120808 0)
(1.11297 -0.573258 1.08711e-20)
(0.9562 -0.00124184 -2.1312e-19)
(-0.108483 0.0891098 2.15363e-19)
(1.00382 0.000984663 -2.43561e-19)
(0.997829 0.0475069 -5.72103e-19)
(1.57354 -0.539317 -2.76233e-20)
(0.0728033 0.103103 -5.51776e-20)
(0.86706 0.751424 -2.00654e-19)
(0.843253 0.414798 0)
(1.02325 0.000848959 5.14459e-19)
(1.04362 -0.00559835 2.70785e-19)
(1.01269 0.510696 2.30984e-19)
(0.381675 -0.400231 -2.3364e-19)
(1.06383 0.0180991 -1.36881e-19)
(1.06207 -0.850763 8.32412e-20)
(1.00675 0.00381878 2.54502e-19)
(0.881575 -0.624889 2.49872e-19)
(-0.285336 1.06796 4.42678e-19)
(0.0471039 0.0822273 -4.37404e-20)
(0.814991 0.020524 -7.71104e-20)
(0.692806 -0.0921519 -7.80405e-19)
(1.02464 0.00995153 0)
(1.27032 -0.756244 1.49308e-19)
(0.959209 -0.757903 1.08566e-19)
(0.921531 0.907894 0)
(1.02171 -1.14868 0)
(0.184379 -1.38834 0)
(1.01793 0.0194763 1.09349e-19)
(2.20217 -0.439175 0)
(1.06331 -0.0195197 4.32441e-21)
(-0.421789 0.910708 -2.01054e-19)
(-0.042891 -0.00969529 1.314e-19)
(-0.0685821 0.113319 2.37496e-21)
(1.51844 0.398359 1.28442e-19)
(-0.221953 0.0539204 2.705e-19)
(1.06195 -0.361366 0)
(-0.0934044 -1.04084 5.21214e-20)
(1.01966 0.0279552 6.68683e-20)
(-0.164919 -0.106931 -8.64027e-20)
(0.942863 0.771308 -6.41086e-20)
(0.00580353 0.0242444 2.99987e-20)
(1.29817 -0.928374 8.30265e-20)
(0.54923 0.264458 -2.21318e-19)
(0.753178 1.08295 3.47093e-20)
(-0.0487977 -0.813887 -1.59561e-19)
(0.919086 0.0181334 0)
(0.382171 0.84253 -1.84667e-19)
(1.02747 -0.203397 -6.75115e-20)
(0.0439051 -0.382155 1.54543e-19)
(2.2101 0.090502 0)
(1.03861 0.0360794 2.6503e-19)
(0.0459737 -1.74307 0)
(0.569767 1.16041 2.6346e-20)
(0.953975 -0.259544 0)
(0.919139 0.384115 -2.52639e-19)
(1.80783 0.0330003 -1.50835e-19)
(-0.0201779 0.0366107 -9.35138e-21)
(0.942321 0.070589 -5.22236e-19)
(1.01805 0.00672619 0)
(1.10644 0.0168959 1.36892e-19)
(1.37659 -0.24434 0)
(1.91521 -0.306566 0)
(1.02105 0.0250601 -4.66954e-20)
(0.99804 0.0683449 -2.24752e-19)
(0.897478 -0.515094 7.5282e-20)
(-0.0973605 0.0639517 0)
(1.0234 -0.00226742 1.76054e-22)
(0.881714 -0.703662 -1.62402e-19)
(0.689956 0.423511 0)
(1.07324 -0.0250612 -3.34647e-19)
(1.84724 -0.582703 6.60218e-21)
(-0.0661297 -1.45521 -9.93371e-20)
(-0.273396 0.398433 1.83306e-19)
(-0.463963 0.570342 1.67644e-20)
(-0.286135 0.988403 -1.87834e-19)
(-0.114403 -0.0681732 1.85565e-19)
(-0.038595 0.551388 -4.28151e-20)
(-0.0726186 0.237742 1.35437e-19)
(0.902097 -0.659979 2.80807e-19)
(1.04363 -0.852263 0)
(1.00776 0.0282309 -5.51157e-19)
(0.784573 0.275786 -8.3625e-20)
(1.02295 0.00641654 -2.07795e-19)
(-0.109235 -0.11019 -6.23337e-20)
(-0.202393 0.0809272 1.60108e-19)
(1.01827 0.0305635 -2.65472e-19)
(0.770009 -1.53217 1.63304e-19)
(-0.0022098 -1.04438 2.76822e-21)
(1.02547 -0.00030249 -4.45876e-19)
(1.52535 0.00281223 0)
(-0.253146 1.09834 -1.76725e-19)
(-0.0809864 0.313822 -4.57434e-19)
(1.7633 0.718717 0)
(1.13376 0.103551 0)
(1.0878 0.029567 3.09029e-19)
(1.14823 -0.510593 3.97805e-22)
(1.1653 -0.0190414 -2.77179e-20)
(1.22444 0.676837 2.03214e-19)
(0.686873 -1.52159 -1.54093e-19)
(1.03947 0.026473 1.54953e-19)
(-0.332424 0.293341 -8.64508e-21)
(1.26446 0.174833 -4.6442e-19)
(-0.26203 0.218912 0)
(0.967439 -0.221306 -2.21787e-19)
(0.656838 -1.56279 1.59592e-19)
(1.31344 -0.517168 -2.45702e-19)
(1.02164 -0.00214061 -3.10378e-19)
(0.496356 0.47977 -1.58342e-19)
(1.56412 -0.243294 -2.83385e-19)
(-0.799114 0.76062 2.11533e-19)
(0.938744 0.0310176 -3.79033e-19)
(0.537341 0.133267 -2.25117e-19)
(1.00942 -0.00560558 -2.57918e-19)
(0.866861 0.660494 -2.70794e-19)
(0.52679 -1.7118 -1.84482e-19)
(0.40723 -0.380971 -1.59899e-20)
(0.345801 0.0102004 6.59859e-20)
(0.0163745 -0.520115 9.39071e-20)
(1.80941 -0.470977 0)
(1.04619 -0.806011 0)
(1.38434 -0.705783 -4.44218e-20)
(0.897811 0.0949088 0)
(0.689722 -0.339525 2.22959e-19)
(0.0197932 0.037179 0)
(1.36534 -0.293133 -7.61855e-20)
(1.02755 0.0191445 0)
(2.32941 -0.0298018 -3.91053e-20)
(1.04252 -0.351516 4.04795e-19)
(0.976638 -0.00737564 2.26199e-19)
(1.08286 0.103279 -2.32029e-19)
(1.56516 -0.325713 1.46591e-19)
(1.01739 0.0357599 3.24181e-19)
(1.4395 0.360036 0)
(0.976706 0.00828898 2.62903e-19)
(0.917475 -0.516448 2.62178e-21)
(0.441508 -0.131328 2.2394e-19)
(1.50477 1.11714 -3.33181e-20)
(1.01965 0.000627431 3.52779e-19)
(1.12713 0.513533 -2.28929e-19)
(2.03148 0.662236 0)
(1.08726 -0.433261 0)
(0.97642 -0.0996655 -5.05106e-19)
(0.321212 -0.882517 0)
(0.741782 0.495438 7.91287e-20)
(1.16064 -0.882536 0)
(0.561445 0.450294 0)
(0.673774 0.615458 -6.06154e-19)
(2.21955 0.147609 2.60687e-20)
(1.01908 -0.0148387 -1.48765e-19)
(-0.190225 0.181465 9.39314e-20)
(1.06899 0.0741763 0)
(1.04987 -0.0394037 0)
(-0.304577 -0.488503 -3.91789e-20)
(0.372964 -0.679842 0)
(0.807056 0.538721 4.02609e-20)
(1.05152 -0.00122387 6.4015e-22)
(0.671415 0.53056 1.53565e-19)
(1.15608 0.0359918 3.53595e-20)
(1.50357 -0.545488 -9.12825e-20)
(1.10787 0.047878 2.05292e-19)
(1.03446 0.0128125 -2.22537e-19)
(1.18655 0.235331 2.41295e-19)
(1.01154 0.0435727 -5.22691e-19)
(0.0103631 0.133385 0)
(-0.351136 1.04722 -4.73724e-20)
(0.35444 -1.52383 -1.56533e-19)
(0.884792 -0.100162 -2.88489e-19)
(1.60706 -0.0827691 0)
(-0.0604822 -0.76686 1.18106e-19)
(-0.16042 0.164086 9.75114e-20)
(1.16493 -0.337982 5.91388e-20)
(1.04468 0.00885672 2.28824e-19)
(1.3836 0.59156 -5.41209e-21)
(0.911104 0.765952 4.92435e-19)
(1.1082 0.0663028 3.0656e-20)
(1.09149 -0.0132452 0)
(0.993651 -0.058354 -1.48928e-19)
(-0.14322 0.108365 1.11403e-19)
(1.66156 0.0672833 -2.84048e-20)
(2.37718 0.0271875 0)
(1.90496 -3.62591e-05 0)
(1.7688 0.235678 1.38029e-19)
(-0.0660916 0.050545 0)
(1.02486 0.0381536 -2.0361e-19)
(1.08985 -1.17734 0)
(1.00746 0.00788282 1.50179e-19)
(0.629549 -0.255174 -2.54025e-19)
(0.964632 0.00662389 4.9019e-19)
(2.00191 0.337179 -2.14406e-20)
(1.0609 -0.0234359 -5.45741e-19)
(0.859786 0.0289381 6.60021e-20)
(1.76691 -0.0511282 4.43853e-20)
(1.05312 -0.0204259 0)
(1.06199 0.00216216 1.64204e-19)
(-0.277384 1.04095 -2.21681e-19)
(1.12435 0.00996414 -2.58279e-19)
(0.934369 0.692002 -5.37884e-19)
(0.636899 0.635233 3.25391e-20)
(2.3357 -0.0337123 0)
(0.295561 0.067791 5.91597e-19)
(1.80805 -1.13128 0)
(-0.392236 0.879766 9.89021e-20)
(-0.0954373 0.185936 1.194e-19)
(1.04861 -0.862626 0)
(0.723272 0.0275823 1.33377e-19)
(-0.249105 0.922254 0)
(1.91592 -0.23549 0)
(-0.0558456 0.0113674 1.14892e-19)
(0.883812 0.144847 -2.87419e-19)
(0.0816985 -1.37271 1.43575e-19)
(0.995385 0.743325 -4.38643e-19)
(1.01811 0.0613906 -7.39789e-21)
(1.0115 -0.0240901 1.69537e-19)
(1.89673 -0.0447565 0)
(1.03616 -0.0727096 -6.44867e-20)
(1.29721 -0.647491 6.14056e-19)
(1.02506 -0.0131215 3.41962e-19)
(1.08345 -0.0110332 1.31202e-19)
(1.99434 0.361388 0)
(1.0045 -0.0075169 0)
(1.05511 0.917254 -4.06695e-20)
(1.02518 4.29586e-05 -2.06801e-19)
(1.12817 -0.422206 -1.23663e-19)
(0.473422 0.252248 3.13399e-20)
(0.40309 0.18696 0)
(0.457249 0.0353091 0)
(0.10652 0.681177 8.68653e-21)
(0.727516 0.349486 -2.80295e-19)
(1.30577 -0.0602251 -6.59197e-21)
(1.0041 0.0936234 2.97137e-19)
(0.473407 0.325169 -1.67243e-19)
(2.60117 -0.0947328 0)
(2.24199 -0.0262546 -5.3166e-21)
(1.10063 0.0108999 -1.36471e-19)
(2.19819 0.0115049 0)
(0.798556 -0.00400056 0)
(1.05388 -0.261642 2.09587e-20)
(0.548241 0.0157801 -1.75731e-20)
(0.774147 0.0001503 1.36959e-19)
(1.13183 -0.0100886 0)
(0.783552 -0.720851 0)
(-0.189438 0.264277 -8.8192e-21)
(1.07666 0.765723 -2.75824e-19)
(0.327151 0.17615 -8.83986e-20)
(-0.262709 0.566679 3.77834e-21)
(2.03655 0.863374 1.66824e-19)
(0.996711 0.0535933 2.13878e-19)
(1.01351 -0.029814 1.19775e-19)
(0.272687 -0.10879 -8.00085e-19)
(-0.11454 -0.0976491 0)
(0.193367 -1.20435 -3.55476e-20)
(0.557734 -0.532746 -4.41341e-19)
(-0.184959 0.393591 1.86813e-19)
(0.950603 0.157014 -2.16313e-19)
(1.01864 0.388938 4.28199e-19)
(0.996898 -0.0608142 1.4837e-21)
(1.02962 0.0159844 -3.93764e-20)
(0.978826 0.000206697 1.63086e-19)
(-0.994531 0.239168 -1.12879e-19)
(-0.147219 -0.0572182 -9.89144e-20)
(-0.381613 0.382099 0)
(1.22732 0.288267 1.71245e-19)
(1.13385 0.0273234 0)
(0.875506 -0.621858 -3.16316e-19)
(-0.0715648 0.0454814 -1.37732e-19)
(-0.0818906 0.0435073 0)
(1.01181 0.00898623 2.27165e-19)
(0.976362 -0.01123 0)
(2.04002 -0.240021 8.98644e-20)
(-0.385652 0.664951 -2.95857e-20)
(0.988008 0.0256905 -4.7061e-19)
(0.502538 -1.32603 2.13232e-21)
(1.7216 0.435892 -2.80676e-21)
(0.56324 0.547649 0)
(0.818964 0.719721 2.01025e-19)
(2.39151 0.297172 1.61702e-20)
(-0.188132 0.251548 1.1231e-19)
(1.98182 0.255963 -6.60781e-21)
(0.121277 0.348479 -1.03448e-19)
(1.44581 0.477989 -2.5285e-19)
(0.133718 0.0647607 -3.33541e-20)
(1.36122 -1.41686 -2.23873e-21)
(0.113004 -0.103615 2.16025e-19)
(0.145527 0.145268 0)
(0.0579531 -0.0389404 0)
(0.120522 0.165718 6.33709e-20)
(1.00228 0.00302887 -2.51898e-19)
(1.02313 0.0138104 -2.13978e-19)
(-0.299027 1.02091 -1.89885e-19)
(1.62152 -0.42726 8.15289e-20)
(1.32266 -0.985069 -1.73862e-21)
(1.16604 0.795606 0)
(0.928113 0.092627 -6.45601e-19)
(1.38395 0.105706 -7.51184e-21)
(1.01528 -0.0191476 -6.34195e-20)
(1.14284 -0.920522 -1.072e-20)
(-0.138382 0.196274 0)
(2.50752 0.0404999 -2.50356e-20)
(-0.41741 0.911418 5.79435e-20)
(-0.190591 0.0508592 -2.60152e-19)
(1.00867 -0.0345393 2.28694e-19)
(0.0791858 0.10306 0)
(1.40887 0.166385 -1.38941e-21)
(0.521554 0.373592 1.34357e-19)
(0.0646732 0.0806077 6.18719e-20)
(1.01787 -0.0109595 2.80706e-19)
(0.731266 0.394683 0)
(-0.0797626 0.0507968 1.32618e-19)
(0.422454 -0.411518 0)
(0.125254 -0.124664 -4.10979e-19)
(0.0483742 -0.0469712 1.26946e-19)
(0.145683 0.144047 1.94747e-19)
(0.0455641 0.0570962 -6.3296e-20)
(-0.165874 0.146759 0)
(0.992318 0.33661 2.27409e-21)
(1.0165 0.40576 -2.94875e-20)
(0.640028 -0.570019 2.82012e-19)
(1.01278 -0.00635496 0)
(0.0376558 0.0461825 0)
(0.941749 -0.0431376 2.64728e-19)
(1.43068 -0.657723 -4.72369e-21)
(-0.651858 0.265067 -2.63136e-19)
(0.977359 0.0704912 -2.93771e-19)
(0.587386 -0.530966 5.01265e-19)
(1.36448 -0.655391 -6.01183e-20)
(-0.466842 0.474362 -2.13539e-19)
(1.11836 0.0891453 0)
(1.01804 -0.00230912 -3.24995e-19)
(0.0164294 0.0211716 0)
(0.7273 -0.146245 -4.81319e-19)
(0.158801 0.159201 1.84934e-19)
(0.0310731 0.0387909 0)
(1.1749 0.125822 -2.02104e-19)
(1.83519 1.15942 0)
(1.06219 -0.0573201 0)
(-0.180192 -0.0835088 9.60509e-20)
(-0.681597 -0.225396 -4.91972e-20)
(0.00339175 0.00710836 -6.05715e-20)
(0.0475049 -0.0477691 1.29008e-19)
(0.130006 0.117884 0)
(0.960979 -0.0681987 -3.25407e-19)
(0.124616 -0.123229 -2.02382e-19)
(0.151194 0.146362 -3.74189e-19)
(0.212388 0.205365 1.44952e-19)
(0.96327 0.0529992 7.86105e-19)
(0.195605 0.18649 -1.56513e-19)
(-0.00155609 0.00308314 5.83791e-20)
(0.155986 0.156803 -3.60907e-19)
(0.174477 -0.172811 -3.18837e-19)
(0.0446237 -0.0468714 0)
(0.0203937 0.0264207 1.23881e-19)
(-0.282756 1.01083 5.02723e-19)
(0.164907 0.164133 0)
(1.08617 -1.10079 0)
(-0.144151 0.118496 0)
(0.149329 0.797034 -2.96478e-20)
(0.232156 0.228408 2.33239e-21)
(0.0421982 -0.0432014 -6.80312e-20)
(0.0385979 0.00181281 1.46927e-19)
(0.204671 0.199119 -1.51625e-19)
(0.148011 -0.143333 0)
(0.00761098 0.0104189 6.36983e-20)
(0.0231508 -0.0271638 1.61722e-21)
(-0.115312 0.111438 -1.09081e-19)
(0.882429 1.30425 -1.70183e-20)
(0.597366 -0.00952201 4.47801e-19)
(0.0498068 -0.050834 -1.21876e-19)
(-0.00605817 -0.00106462 0)
(0.229248 0.229023 0)
(0.16484 -0.16335 -8.00061e-20)
(0.0102923 -0.012717 -9.26258e-20)
(2.37535 0.555755 9.29625e-20)
(1.49227 -0.543711 -2.39543e-19)
(0.211067 0.215053 2.84416e-19)
(0.0846614 0.131949 4.7752e-20)
(0.0492727 -0.0481467 1.36866e-19)
(-0.0109148 -0.00615522 -1.74974e-19)
(0.195017 -0.193766 2.87647e-19)
(-0.346264 0.38723 8.13727e-21)
(0.0295556 -0.0347576 0)
(0.122167 -0.116934 -4.17164e-19)
(0.923623 -0.0547096 0)
(1.45386 -0.314746 0)
(0.515259 -0.440479 -4.48038e-19)
(0.196628 0.103345 -1.16133e-19)
(0.170424 -0.16374 1.58236e-19)
(1.01316 0.0411951 2.20163e-19)
(0.8678 -0.0563007 3.05209e-19)
(0.373309 -0.357603 6.23296e-19)
(2.28411 0.434197 8.3215e-20)
(0.238189 0.225824 1.21345e-19)
(0.893045 0.627367 0)
(0.597203 -0.518834 4.25749e-20)
(-0.0148438 -0.0115993 5.82121e-20)
(0.425607 0.183756 2.48887e-20)
(1.02972 -0.0935272 9.51782e-20)
(1.04701 -0.215069 0)
(0.922524 -0.0933358 7.68833e-19)
(0.0358929 -0.0422925 0)
(-0.149831 0.333213 0)
(1.12371 -0.186191 2.20337e-19)
(1.20313 0.389767 2.56481e-19)
(1.10046 0.0131562 0)
(-0.715389 0.664663 1.24216e-19)
(-0.683163 0.183262 -7.65351e-20)
(1.03185 0.0197976 -3.11124e-19)
(-0.14148 0.012376 0)
(1.13869 -0.181191 0)
(1.55028 0.54047 0)
(0.129184 0.135902 4.84282e-19)
(-0.0160762 -0.0135498 0)
(0.206035 0.195581 1.39145e-19)
(0.163414 -0.150967 0)
(0.00295607 -0.00422432 -8.68429e-20)
(-0.0161468 -0.0148071 0)
(0.811403 0.172703 1.77343e-19)
(0.801637 -0.364409 -6.43613e-19)
(0.00477083 -0.00663489 6.29914e-22)
(-0.17574 -0.0939791 -1.72003e-19)
(0.243604 -0.234936 0)
(0.259214 0.246499 0)
(-0.54007 0.735446 2.07315e-19)
(0.952755 0.0949183 3.56336e-21)
(1.05419 -0.319971 -2.39033e-19)
(0.00753915 -0.00937956 2.6664e-19)
(-0.067429 0.2908 3.53076e-19)
(1.08636 0.167466 2.96203e-19)
(-0.751915 0.300366 0)
(-0.0202815 -0.0187129 3.66403e-22)
(-0.144387 0.0727747 -2.2305e-22)
(-0.0846071 0.0564646 0)
(1.93143 -0.0752273 5.17071e-21)
(1.0541 0.178055 0)
(0.988529 -0.0464099 3.76954e-19)
(-0.960476 -0.318221 0)
(0.221595 -0.206142 -3.80308e-21)
(1.0094 0.00184256 1.94213e-19)
(0.585143 0.251355 4.4676e-19)
(1.30135 -0.7292 3.03606e-19)
(0.328984 0.30763 2.03236e-22)
(1.72669 0.556162 0)
(0.905826 -0.528982 8.77661e-20)
(1.76608 -0.851905 9.51539e-21)
(0.000759967 -0.00158373 1.67544e-19)
(1.37586 -0.95 3.73846e-21)
(2.53018 0.457296 6.64065e-20)
(0.00118608 -0.00132176 -4.89629e-20)
(1.03272 0.0492404 2.83329e-19)
(-0.201771 0.243137 -1.75185e-19)
(0.355814 0.331292 0)
(-0.0221926 -0.0209707 0)
(0.27406 0.25955 1.07298e-19)
(0.284702 -0.264912 -3.04009e-19)
(0.000356182 -0.000512941 1.73896e-19)
(1.02075 -0.718192 -1.01537e-19)
(-0.0810963 0.0129614 -2.70213e-20)
(0.320873 -0.30511 0)
(-0.00270193 0.00046861 0)
(0.294433 0.279207 0)
(-0.0615176 0.0571609 -1.02293e-19)
(0.263662 -0.260714 0)
(-0.02807 -0.029124 -1.09256e-19)
(0.315477 0.297036 -8.23167e-20)
(-0.00923747 0.00238794 0)
(0.245797 -0.240127 0)
(-0.611375 0.391664 0)
(-0.024949 0.0117498 0)
(-0.0429501 0.0273666 -4.96243e-20)
(-0.193854 -0.0572658 0)
(1.00216 -0.00243424 2.98005e-19)
(0.453322 -0.423728 1.08733e-19)
(-0.0902634 0.0613384 -8.64891e-20)
(-0.0355781 -0.0252431 2.05449e-19)
(0.396438 0.364775 -8.6062e-20)
(1.74563 0.413253 0)
(-0.237979 0.199198 0)
(-0.201926 -0.0258411 1.62593e-20)
(-0.136954 0.108184 0)
(0.353519 -0.332277 0)
(-0.0570843 -0.0411743 0)
(0.448436 0.407967 0)
(-0.0889046 -0.0738155 1.30176e-19)
(0.529626 0.492918 -3.96828e-21)
(-0.174595 0.164575 -4.00413e-19)
(0.526638 -0.486463 3.37497e-20)
(1.20012 0.156733 0)
(1.49448 0.440292 1.38887e-19)
(-0.864366 0.437272 -1.09432e-19)
(1.06013 0.0807037 -2.75465e-19)
(1.52018 -0.0721459 0)
(0.816822 0.391891 5.67002e-20)
(1.30141 -0.454392 2.25422e-19)
(0.945593 0.018977 0)
(0.560315 0.539025 4.39862e-19)
(-0.847286 -0.200698 -9.26573e-20)
(-0.0242366 -0.0212687 -2.03992e-22)
(-0.588736 0.772944 0)
(1.07594 -0.143114 -2.71545e-19)
(0.411786 0.345132 4.75493e-19)
(2.48269 -0.162364 3.72343e-20)
(1.73088 0.155286 -8.08385e-20)
(1.49789 -0.692744 3.29502e-20)
(0.170534 0.298468 -5.55796e-20)
(2.09703 0.243708 5.21437e-21)
(1.81178 -0.646723 -5.45834e-21)
(1.07072 0.113842 -3.72924e-20)
(-0.251747 1.1223 2.42233e-19)
(1.09199 0.00626414 0)
(2.49693 -0.223679 -1.80964e-20)
(0.173571 0.174542 -3.91341e-21)
(1.22414 -0.211236 0)
(0.0988442 -0.0793763 -6.81694e-19)
(0.0178819 -0.0214931 0)
(0.471734 -0.427933 0)
(2.0607 0.676206 -5.11203e-20)
(0.856765 -0.372707 0)
(1.9519 -0.0113577 -6.22681e-21)
(-0.0181567 -0.018705 1.13256e-19)
(0.24635 -0.249877 1.04692e-19)
(1.00874 -0.0278945 0)
(0.717847 0.115642 0)
(-0.132087 -0.0977984 9.2097e-20)
(-0.110797 -0.0900608 1.60137e-19)
(1.05374 0.295749 -2.60212e-19)
(0.499934 0.241135 -3.18414e-19)
(1.03452 0.0314556 -1.04173e-20)
(2.5079 -0.0486375 0)
(-0.149264 0.0546577 1.2159e-19)
(0.0121173 0.0392981 0)
(0.648971 0.169486 3.83563e-19)
(0.989109 0.202582 -5.68423e-20)
(0.627433 -0.521816 -2.29681e-19)
(1.0191 0.167157 4.01369e-19)
(0.995154 0.0138177 0)
(1.83113 0.362433 -2.16419e-19)
(1.87273 -0.143384 0)
(0.593705 0.553118 0)
(-0.221957 0.269445 0)
(0.230603 0.440789 -2.80121e-20)
(0.38036 0.364091 2.68622e-19)
(-0.239054 0.306791 0)
(1.1557 0.0875866 1.78554e-19)
(0.99367 -0.191439 0)
(0.51306 0.0931504 1.851e-19)
(0.331518 -0.0322564 2.45718e-19)
(-0.254041 0.452926 2.44306e-19)
(-0.12626 0.186862 -1.09361e-19)
(0.9729 0.00451278 1.65649e-21)
(1.42583 -0.549876 3.28706e-19)
(1.51316 -1.00167 5.95741e-21)
(0.0848289 0.0801623 1.19844e-19)
(1.66053 -0.375074 0)
(-0.867578 -0.165364 0)
(-0.10928 0.0837863 0)
(1.29414 -0.0929839 2.28638e-19)
(-0.558389 0.869538 -9.93773e-20)
(0.258063 -0.23754 -2.04199e-19)
(1.91316 -0.102517 -2.18819e-20)
(0.872717 0.584365 -8.08923e-20)
(0.864448 0.318735 4.78798e-21)
(0.983115 0.271741 7.72866e-20)
(1.80212 -0.00384021 -5.16465e-20)
(-0.221844 -0.030493 6.87444e-20)
(-0.21116 0.560403 0)
(0.91477 0.035186 0)
(-0.0614965 0.653314 1.15342e-19)
(0.169439 0.16806 0)
(2.11455 0.537259 0)
(-0.359633 0.856798 1.17554e-19)
(0.61652 0.546848 -2.56508e-19)
(0.423168 -0.30928 3.51094e-19)
(-0.157896 -0.111194 0)
(1.48798 0.99185 -3.71205e-20)
(1.05266 0.0162495 0)
(-0.46167 0.666798 -4.14225e-19)
(-0.311448 0.954074 -1.98057e-19)
(1.21555 -0.362109 1.04224e-19)
(0.510783 0.490424 5.75183e-19)
(0.698301 -0.161185 2.5787e-19)
(-0.262874 0.95979 0)
(1.16694 0.0734629 1.88502e-19)
(1.07259 0.627845 -1.11383e-19)
(-0.17482 -0.127777 0)
(0.669355 -0.180601 0)
(1.3994 0.908579 9.01866e-20)
(0.0139217 -0.0163748 -1.87087e-19)
(1.47443 -0.677581 6.73246e-22)
(1.25363 0.489068 0)
(0.619717 0.685231 1.07344e-19)
(0.829434 0.507775 0)
(0.152392 0.778603 -2.10985e-19)
(1.36434 0.980034 -1.141e-19)
(1.63868 1.16528 -3.56316e-20)
(-0.0120805 0.194014 5.3059e-20)
(0.315652 0.895657 1.72706e-20)
(-0.22031 -0.116212 -7.2436e-20)
(1.03967 0.0946974 2.81618e-19)
(0.541272 0.451265 0)
(1.00914 0.231804 3.92862e-21)
(1.8438 0.453136 6.84727e-21)
(1.44245 -0.794062 2.23986e-19)
(1.21926 -0.266559 -1.60657e-19)
(1.58805 -0.273757 1.11997e-19)
(-0.184576 -0.127197 3.91296e-20)
(0.654126 0.588686 9.99749e-20)
(0.171735 -0.076384 1.73301e-19)
(2.26785 0.491364 -2.4455e-20)
(1.41047 0.870096 -3.99208e-21)
(2.22022 -0.0120302 5.52317e-20)
(0.953888 0.66593 1.55702e-19)
(-0.552728 0.55294 2.14046e-19)
(0.51208 0.246533 2.71438e-21)
(1.00993 0.308079 -1.70045e-19)
(-0.255561 0.410588 -6.87307e-20)
(-0.0996055 0.0762284 0)
(1.00169 0.00473699 6.22581e-19)
(0.886927 0.0819833 0)
(0.935079 0.626273 -1.59326e-19)
(1.07028 0.215999 3.77858e-20)
(-0.173874 0.0156246 -9.33552e-21)
(1.79609 -0.371213 0)
(1.11105 -0.33043 0)
(1.57166 -0.136111 7.09392e-20)
(0.0945763 0.31142 3.48026e-20)
(1.03868 -0.280857 0)
(-0.11663 0.0537346 -1.26602e-19)
(0.924273 -0.0456925 -2.95554e-19)
(0.740769 -0.617808 -1.00549e-20)
(-0.225002 0.731341 2.19957e-19)
(0.156651 0.227846 -6.98073e-20)
(-0.122664 -0.117842 -1.48908e-19)
(0.0724396 -0.00141866 -2.18397e-19)
(-0.150622 0.0252818 2.4465e-20)
(0.791742 -0.238475 -1.72786e-19)
(1.64501 1.35368 2.01903e-20)
(0.668284 0.00534136 0)
(0.8154 0.174687 3.59948e-19)
(1.15061 -0.325508 4.31028e-21)
(0.965399 -0.0956778 -5.07236e-21)
(0.653608 0.591388 2.00061e-19)
(1.98258 0.189495 1.5966e-20)
(1.99071 -0.57395 1.10551e-19)
(1.05029 -0.00518505 5.01616e-20)
(0.786717 -0.320641 1.78316e-19)
(0.464386 -0.111504 0)
(0.12103 0.158265 6.54279e-20)
(0.98312 0.134813 1.8532e-19)
(1.16675 0.757983 1.11825e-19)
(0.0934071 0.120062 1.29658e-19)
(0.990395 -0.561916 3.70791e-19)
(0.115031 -0.104611 0)
(1.91273 0.958072 0)
(0.263526 0.262532 3.82171e-19)
(1.68695 0.621395 0)
(0.0157858 -0.00246692 0)
(0.924702 -0.576744 -3.2365e-19)
(0.0730746 0.0920151 1.89855e-19)
(-0.111935 0.000693998 1.25593e-19)
(1.07905 -0.00943444 5.94645e-20)
(1.67574 1.12979 -1.46196e-23)
(0.948208 -0.00485671 -2.0794e-19)
(0.118435 -0.116001 1.07519e-19)
(1.0796 0.173126 -2.04242e-19)
(0.0443899 -0.04465 4.26937e-19)
(1.09722 0.408437 0)
(0.260932 0.260449 -1.96339e-19)
(-0.275356 0.95132 1.73391e-19)
(2.06585 0.38427 0)
(0.258101 -0.136404 -2.81485e-19)
(0.00482467 0.0691796 1.2062e-19)
(-0.176896 0.657497 0)
(-0.108052 -0.076002 -2.98856e-20)
(0.197255 -0.187643 0)
(0.943616 -0.673145 0)
(0.0555483 -0.0629052 2.60402e-19)
(0.524975 -0.496534 5.75857e-19)
(0.0601181 0.0739273 -1.14037e-19)
(-0.0630953 0.772435 -1.71982e-19)
(0.213429 -0.213605 -2.06925e-19)
(0.267863 0.262454 5.77656e-19)
(0.718878 0.212047 -2.40491e-19)
(-0.677172 0.686922 -8.72949e-20)
(-0.0198397 -0.0189455 0)
(-0.122181 0.0405105 1.03115e-19)
(1.016 -0.103002 -3.92398e-19)
(0.0672291 -0.0656544 1.1911e-19)
(1.53804 -0.484988 6.15278e-20)
(1.60528 0.188744 0)
(2.29608 0.266925 -5.4481e-21)
(0.945547 -0.00270795 0)
(0.0352226 0.0438339 0)
(0.243536 0.253966 0)
(0.977564 0.106956 0)
(1.05951 -0.218042 0)
(1.00635 0.142308 -3.71265e-19)
(0.264356 0.265878 -1.85563e-19)
(-0.354792 0.810269 -1.37711e-19)
(0.0448432 0.0579042 1.24837e-19)
(0.946801 -0.152064 1.99593e-19)
(0.725924 -0.30428 0)
(0.0955167 0.939694 -3.97411e-19)
(1.00496 0.00508904 -2.4802e-19)
(-0.383992 -0.170617 7.64089e-19)
(0.00359413 0.0107839 0)
(0.0396345 0.0537932 -7.0107e-20)
(0.311295 0.290271 -1.25162e-21)
(0.279298 0.265722 0)
(0.0122416 0.0176688 6.32146e-20)
(-0.268281 0.573648 2.63136e-19)
(1.24225 -0.456835 2.49489e-19)
(1.6742 -0.37771 -5.75648e-20)
(1.02727 0.189815 -2.71929e-19)
(1.05598 0.0602761 0)
(0.363985 0.354282 -2.78168e-19)
(-0.58423 0.808591 2.07849e-19)
(0.344399 0.334716 -4.58787e-19)
(0.339182 0.329307 1.4607e-19)
(-0.104817 0.163558 0)
(0.0685974 -0.0621909 6.36834e-20)
(0.0478172 -0.0596169 0)
(-0.00364654 0.0023756 1.60625e-19)
(0.0317263 0.0463737 1.39801e-19)
(0.437441 -0.29502 7.46529e-19)
(0.288252 -0.587454 2.01541e-20)
(0.371181 0.371073 0)
(0.0636387 -0.0713662 2.82741e-19)
(0.206411 -0.205985 4.18398e-19)
(1.26064 0.159549 -6.17809e-21)
(0.365525 0.366397 0)
(1.05773 0.379994 -1.29431e-20)
(-0.940963 0.0454908 8.45211e-21)
(1.96308 -0.168381 -2.31138e-20)
(-0.0128829 -0.0050744 0)
(1.26944 0.820748 0)
(0.0307059 -0.0408083 -3.0412e-19)
(0.307727 -0.308795 -3.31359e-19)
(0.250924 -0.224265 4.74441e-20)
(2.06163 0.296238 -2.90742e-20)
(1.14354 0.38217 -1.59751e-19)
(0.283785 -0.274845 -3.28873e-19)
(1.03413 -0.0198567 4.16306e-19)
(1.01967 0.104081 0)
(2.19942 0.122349 3.10301e-22)
(1.08409 0.0207854 1.47927e-19)
(1.0027 -0.471013 -1.45149e-20)
(1.33348 -0.466408 0)
(1.24604 0.203754 -1.40171e-19)
(2.08504 0.497717 -1.21546e-19)
(0.052435 -0.0631904 0)
(-0.197526 0.121497 3.09425e-19)
(1.85746 0.582721 0)
(1.00318 0.00157917 6.6609e-20)
(0.306316 -0.295573 -1.53455e-19)
(1.00465 0.00780842 6.84403e-19)
(0.0216669 0.256247 0)
(1.15003 -0.870876 0)
(-0.0202874 -0.0146828 5.88108e-20)
(0.0754331 0.0500969 0)
(1.08467 -0.0205886 8.83694e-20)
(0.598099 0.501638 7.03424e-20)
(0.721749 -0.0191676 -5.62749e-19)
(0.0396693 -0.0512324 0)
(-0.00466105 0.988063 2.53652e-19)
(-0.483815 0.826965 0)
(1.96279 0.865296 0)
(-0.0699649 -0.06574 0)
(-0.0697333 -0.0718768 6.31056e-20)
(1.81326 0.822401 3.43147e-20)
(1.0331 0.0775275 0)
(-0.00351131 0.0792187 1.57963e-19)
(0.00714387 -0.0118598 0)
(1.11911 0.545938 0)
(1.53854 -0.742916 5.5588e-20)
(0.420896 0.395392 2.4264e-19)
(-0.478969 -0.942386 -2.70317e-19)
(-0.0255759 -0.0215887 -6.3034e-20)
(0.278356 0.243895 -1.26391e-19)
(1.0861 0.317386 0)
(0.378804 0.122264 1.85191e-19)
(1.16921 1.12639 0)
(0.896218 -0.0196948 4.04956e-19)
(0.263252 0.257493 -1.88312e-19)
(0.44224 0.418251 -1.20457e-19)
(0.779618 0.317003 2.19207e-19)
(-0.156419 0.192277 2.34891e-19)
(2.06585 1.08018 1.17064e-19)
(0.177168 -0.161068 2.24402e-19)
(-0.0304824 -0.0264025 1.43942e-19)
(1.41532 -0.408431 -1.86961e-19)
(0.0234836 -0.0315107 9.93735e-20)
(0.00835116 0.0105459 0)
(-0.107062 -0.0540911 -7.19571e-20)
(0.000411908 -0.00403611 8.89356e-20)
(0.996884 -0.153946 0)
(0.370508 -0.339964 1.66114e-19)
(0.285256 0.279875 1.72234e-19)
(0.275796 0.276534 -3.83896e-19)
(0.42897 0.0326794 0)
(0.340634 -0.339378 -2.86845e-19)
(1.80844 0.521323 0)
(0.85679 0.167981 -1.1381e-19)
(-0.0331029 -0.0319536 7.22304e-20)
(0.895931 0.00142913 0)
(0.645988 0.608766 -2.41042e-19)
(1.02207 -0.0135101 -3.07739e-19)
(1.0952 -0.0161455 -1.49607e-19)
(0.749355 -0.237849 -3.77339e-21)
(2.24271 0.0152244 6.22435e-20)
(1.04886 0.0208154 -4.06473e-19)
(2.1199 -0.054606 1.47198e-20)
(-0.155621 -0.13659 1.03313e-19)
(0.00371327 -0.00765303 -1.78972e-19)
(-0.11348 0.035652 -1.67405e-19)
(1.25912 -0.329034 1.10968e-19)
(-0.0017736 -0.000956309 4.90478e-22)
(1.09926 0.0108625 -1.80117e-19)
(0.400944 -0.387745 1.09592e-19)
(-0.0850228 -0.0506272 1.76968e-19)
(0.219596 -0.210251 0)
(-0.097518 0.0717977 2.93531e-21)
(1.71181 1.06141 0)
(0.860364 0.0183729 -1.68583e-19)
(0.0654936 0.942169 -2.18696e-19)
(-0.0257471 0.596371 -1.34411e-19)
(-0.0309247 0.444555 0)
(0.469831 0.441962 -3.30382e-19)
(0.011905 -0.0170706 9.51349e-20)
(0.451893 0.422739 -1.84356e-19)
(0.592969 0.577838 -1.43474e-19)
(1.03553 -0.0273458 0)
(0.330934 0.208373 -2.61115e-19)
(1.66061 -0.313034 -8.15397e-20)
(-0.470199 0.460788 0)
(-0.0386035 -0.0365003 -6.32569e-20)
(-0.0350486 -0.818841 -2.18324e-20)
(0.509367 0.53515 2.37934e-19)
(1.73784 -0.337739 -1.49203e-20)
(0.446691 -0.409373 -2.26943e-19)
(-0.359633 0.730017 9.27713e-20)
(-0.00443518 -0.000120175 -9.9772e-20)
(0.587139 0.513231 -3.93959e-19)
(0.621105 0.567253 -2.11505e-19)
(0.570052 0.527793 6.54434e-21)
(-0.00175719 0.00397184 4.67135e-20)
(0.0241048 0.0294978 -7.93981e-20)
(1.01029 0.0362382 2.03899e-19)
(0.253166 -0.244738 0)
(0.499315 0.469119 0)
(0.477573 -0.446635 1.94774e-19)
(-0.00527014 0.0022195 -1.73101e-19)
(0.199706 0.314582 -3.34158e-20)
(1.83518 -0.229361 1.01655e-20)
(0.535702 0.496558 0)
(0.457505 -0.454304 0)
(-0.0107625 0.00504064 0)
(1.16755 0.0535329 1.07244e-19)
(0.691269 0.61835 0)
(-0.0308148 0.0108878 1.72207e-19)
(0.246645 0.270737 -7.14096e-19)
(-0.0610768 0.0327561 4.87626e-20)
(0.742331 0.152118 -2.13747e-20)
(0.0172801 0.0223367 -8.37871e-20)
(1.24718 0.527679 -1.41488e-19)
(0.141298 -0.124503 -3.68332e-19)
(-0.118148 0.0635344 2.89017e-19)
(0.0322719 -0.00953193 -3.66226e-19)
(-0.0796454 -0.0466 -1.42342e-19)
(0.667665 -0.627669 0)
(-0.178417 0.119361 -1.72039e-19)
(0.784467 0.682144 0)
(-0.126004 0.269576 1.32473e-19)
(1.40569 0.232129 -3.47325e-20)
(0.775018 0.461118 -4.29485e-20)
(-0.228195 0.160227 9.08916e-20)
(0.826071 -0.678369 0)
(-0.116603 -0.0682168 1.36976e-19)
(0.912377 0.764633 1.6219e-21)
(0.424646 0.422191 -2.84834e-19)
(0.313954 -0.175079 5.81495e-19)
(0.590796 0.533076 1.92025e-19)
(1.00885 0.00374011 0)
(0.520321 0.492973 0)
(1.89894 0.511364 0)
(1.02881 0.00962505 0)
(0.0278325 -0.0545707 -9.54417e-20)
(0.694764 -0.550439 5.15957e-19)
(-0.0510821 -0.0381898 -3.10896e-22)
(1.23216 -0.0456972 1.43374e-19)
(0.370458 -0.334796 3.03462e-19)
(1.99798 -0.026342 0)
(1.33904 -0.332928 0)
(0.567326 0.306075 -3.65054e-19)
(0.410863 -0.0421936 0)
(1.88828 0.341856 1.91725e-20)
(0.522668 -0.105272 -2.6619e-20)
(0.754122 0.698317 3.15024e-19)
(1.23623 0.286724 1.31012e-19)
(0.0162805 -0.0234432 0)
(0.00911188 -0.025922 9.17952e-20)
(-0.0398695 -0.0413495 0)
(0.202622 0.29849 3.36538e-19)
(0.630161 0.0604367 2.26129e-21)
(0.765282 0.418056 0)
(1.03511 0.029347 1.9343e-19)
(1.28228 -0.240697 1.84991e-19)
(1.01722 0.0061925 -4.69878e-22)
(0.287244 -0.269484 2.03222e-19)
(0.326327 0.32161 0)
(-0.0736541 0.00963972 0)
(-0.160466 0.0293534 3.69414e-20)
(1.60248 0.220703 2.39854e-19)
(0.496695 1.24489 4.37324e-21)
(0.145231 0.134966 0)
(1.0344 -0.0106128 6.5048e-19)
(1.37301 -0.947569 -5.37542e-20)
(-0.200183 0.211074 3.16191e-19)
(-0.101049 -0.0211049 -2.5014e-19)
(-0.0171069 0.316686 5.81825e-20)
(-0.0372753 -0.0368509 1.17212e-19)
(2.16248 -0.626858 0)
(0.311187 -0.258604 -3.80446e-19)
(1.06581 -0.0252637 -7.45881e-20)
(1.01237 0.00339747 -2.78294e-19)
(0.88167 -0.290335 -1.98864e-20)
(1.95847 0.165883 6.20114e-21)
(1.02539 0.0247523 -2.196e-19)
(1.89019 -0.218858 0)
(-0.0702672 -0.0623943 -1.03274e-19)
(-0.462853 0.0978607 -3.22276e-20)
(0.142518 0.252442 4.26672e-20)
(0.360881 0.338351 -1.73989e-19)
(-0.013107 0.00506504 0)
(-0.0516111 0.0585508 0)
(1.65795 -0.743869 2.29777e-20)
(1.03006 0.11506 2.09236e-20)
(-0.262995 0.293588 7.1883e-20)
(0.0286884 0.0522249 -1.1231e-19)
(1.01666 0.0324849 -5.28986e-22)
(0.693342 -0.653806 -9.41775e-20)
(1.08781 -0.0486451 1.24192e-20)
(1.02423 0.00110721 -1.04595e-19)
(-0.0390489 -0.0368808 0)
(1.01435 0.704343 4.81974e-19)
(0.744732 -0.159756 0)
(0.357896 -0.331334 0)
(-0.041527 -0.0433559 1.24258e-19)
(1.02463 -0.00861104 3.5555e-19)
(0.482749 -0.451839 0)
(0.845139 0.771967 5.06478e-21)
(-0.2289 0.815899 -1.39568e-19)
(-0.0178029 0.0117758 8.28423e-20)
(0.350585 0.271277 2.53741e-19)
(1.36549 -0.212741 -2.63326e-20)
(2.03583 0.0261442 -2.54989e-19)
(1.56837 -0.257257 -8.50331e-20)
(1.01623 0.627452 1.63087e-19)
(1.06981 0.255428 2.38054e-19)
(0.195812 0.385255 -3.70777e-20)
(-0.485963 0.601898 1.42e-19)
(1.05453 0.302736 0)
(0.402662 0.212206 9.21333e-20)
(1.29956 -0.422903 6.46064e-20)
(-0.124479 0.241926 0)
(1.37894 0.926939 4.17043e-20)
(1.03058 0.00509947 4.60863e-20)
(-0.348454 0.967882 0)
(1.04611 0.138793 -1.9189e-20)
(0.621005 -0.14965 0)
(0.513137 -0.487343 -5.82058e-20)
(1.04599 0.23062 2.56815e-19)
(0.87229 0.507504 3.16378e-19)
(0.813339 0.468394 4.48316e-20)
(1.0233 0.00206111 0)
(-0.600386 0.781627 -1.3767e-19)
(1.54554 -0.94965 4.2684e-20)
(1.08834 0.848864 1.42174e-20)
(-0.124762 -0.118082 1.12645e-19)
(1.83163 -0.0736808 7.2773e-20)
(-0.0188461 0.0157536 7.36616e-20)
(0.856272 0.32055 0)
(0.894541 0.549863 0)
(0.0908252 0.125987 1.06219e-19)
(1.01023 -0.13376 0)
(-0.0621573 0.988718 7.98506e-21)
(-0.0518696 -0.706421 -2.59936e-19)
(-0.060061 0.0137237 6.3154e-22)
(2.19775 0.0923437 3.80861e-20)
(1.32411 -0.35341 -4.34811e-21)
(0.0685568 0.233909 0)
(1.03579 0.0150526 -5.35857e-19)
(0.817295 0.73911 2.11027e-19)
(0.448653 0.463718 -4.78655e-19)
(1.07465 -0.818029 2.31057e-21)
(0.585421 0.14351 4.11001e-21)
(-0.123988 0.306788 -6.18636e-20)
(0.402132 -0.801633 2.39635e-20)
(0.484794 0.0792094 6.74074e-20)
(-0.201977 0.425002 0)
(0.594227 0.193839 0)
(0.962272 -0.041379 -3.86199e-19)
(1.13898 0.670299 0)
(0.813059 -0.285996 3.80399e-19)
(-0.327188 0.479234 0)
(2.065 -0.168759 -2.69809e-20)
(0.0490247 -0.104584 -7.6063e-20)
(1.92216 0.807405 0)
(0.103893 0.157964 0)
(1.64756 -0.0542932 -2.70957e-20)
(-0.330863 0.909136 0)
(-0.504617 0.392423 -1.03918e-19)
(0.990353 0.666741 -1.6006e-19)
(2.04628 -0.221373 -9.76196e-21)
(0.158691 -0.109201 2.01109e-19)
(-0.226044 0.160282 1.04682e-19)
(1.83699 -0.360715 0)
(0.201317 -0.110401 -1.35248e-19)
(-0.0372873 0.0284864 0)
(1.06109 -0.142595 -1.65183e-19)
(0.0301544 -0.139177 -1.9388e-19)
(-0.291756 0.567002 1.72947e-19)
(1.02042 -0.00175927 2.99816e-20)
(1.80744 -0.198168 -1.82571e-20)
(0.471855 0.456798 0)
(0.665139 -0.232588 -1.17279e-19)
(-0.743816 0.309155 1.12612e-19)
(1.59137 -0.351974 0)
(1.10324 0.637067 0)
(-0.100915 -0.0583101 -1.1422e-19)
(1.54422 -0.122889 -7.45637e-20)
(0.844428 -0.189131 -1.31004e-19)
(1.64522 0.197059 4.15675e-19)
(2.16133 -0.500264 -1.20843e-19)
(1.17056 0.226201 -1.55368e-19)
(1.13591 0.709063 -2.50904e-19)
(1.86934 -0.33974 -3.65722e-21)
(0.108064 0.147754 -7.01495e-20)
(1.03389 0.0182536 3.80249e-19)
(1.71638 0.217288 1.05588e-20)
(1.48754 0.241899 -2.36638e-19)
(1.02448 0.0774053 1.05143e-20)
(-0.0911566 1.09244 1.73557e-19)
(-0.37011 0.841655 0)
(-0.288796 0.956464 0)
(0.694958 0.24639 0)
(1.72993 -0.214073 -2.25964e-19)
(0.109871 0.214159 -1.22279e-19)
(0.548545 0.47686 0)
(-0.0448505 -0.0304237 6.75817e-20)
(1.53896 -0.343431 -1.35867e-19)
(-0.083427 -0.0632936 -1.13942e-19)
(1.07926 0.737157 2.99585e-19)
(1.21873 0.291913 8.79063e-20)
(-0.0831632 0.839691 7.30379e-20)
(0.951438 0.845685 -2.75525e-19)
(1.17758 -0.255052 9.88311e-20)
(0.955821 0.0377386 -3.50377e-19)
(1.06034 -0.0292272 -1.30325e-19)
(0.812959 0.349957 0)
(0.133006 -0.0469907 0)
(1.15042 -0.140084 7.77644e-20)
(1.33711 -0.2669 -2.22942e-19)
(-0.279084 0.948312 -5.0903e-21)
(1.09073 0.290761 2.76967e-19)
(1.37107 1.10185 0)
(0.827618 0.143599 -9.66408e-20)
(-0.265487 0.37795 -1.2368e-20)
(0.716903 -0.243953 4.91636e-19)
(0.744514 -0.21853 -1.6276e-19)
(1.88413 0.142773 2.23708e-19)
(-0.135151 0.939079 1.00431e-19)
(-0.367364 0.66172 -7.83492e-20)
(0.531484 0.517912 5.56846e-19)
(-0.163564 1.0825 -4.16499e-19)
(1.64401 0.0654714 -1.10372e-19)
(0.98649 0.157115 9.65256e-20)
(-0.0779082 0.101778 -2.90372e-19)
(0.622319 0.478482 -3.95454e-19)
(0.940214 0.550029 0)
(0.0065119 -0.0200945 -1.05242e-19)
(-0.0329814 0.0700834 -3.23895e-19)
(-0.197658 0.192302 -1.82928e-19)
(-0.0049866 -0.00469335 -1.04802e-19)
(1.11668 0.0425485 -1.09356e-19)
(-0.258349 0.337602 -1.2678e-19)
(0.960713 0.585878 1.42975e-19)
(1.49787 0.883997 6.7649e-20)
(0.769263 0.711388 0)
(1.05534 0.697751 0)
(-0.0846612 0.0297637 -1.32953e-19)
(-0.173288 0.965469 0)
(1.00306 0.590574 -1.4659e-19)
(-0.04318 0.0568703 0)
(1.04491 0.523267 -4.09015e-20)
(0.678029 0.0631111 7.79196e-19)
(-0.02417 -0.00381687 -2.80358e-22)
(-0.0636845 0.0480455 0)
(0.59137 0.559499 0)
(-0.298065 0.938086 1.95244e-19)
(-0.00497096 0.0318574 1.20921e-19)
(1.75391 -0.2834 5.02759e-20)
(0.0749871 0.466944 1.39191e-19)
(0.551947 0.0336862 -6.49913e-19)
(2.06279 -0.33071 7.85016e-21)
(1.60443 -0.179734 -2.07924e-20)
(-0.0175315 -0.0138192 -9.37703e-20)
(0.318178 -0.294197 -4.51506e-19)
(0.012887 -0.0332628 1.69361e-19)
(-0.113636 0.237519 0)
(0.826582 0.754862 3.06191e-20)
(1.09657 0.109716 -1.14585e-19)
(-0.0879467 -0.0792262 3.18206e-22)
(0.551673 -0.0525329 0)
(0.670513 0.630513 -3.57657e-20)
(0.437137 -0.423011 3.56646e-19)
(-0.00835347 0.0625315 -2.02098e-21)
(0.431894 0.419816 -4.29208e-19)
(2.28944 0.331528 0)
(2.03157 -0.107395 1.34195e-19)
(0.0121315 0.00532206 0)
(-0.141585 0.262251 -1.55698e-19)
(-0.0118011 -0.0223115 7.90028e-20)
(0.458508 0.441025 3.35664e-19)
(0.859127 0.786307 -3.39202e-19)
(0.0207767 0.0707451 1.34044e-19)
(-0.0133756 -0.016583 -1.73751e-19)
(0.132327 0.184049 -1.27814e-19)
(0.869902 0.373725 0)
(-0.161009 0.543338 -1.60112e-19)
(0.39613 -0.341968 3.68406e-19)
(-0.0685744 -0.0676801 -1.35952e-19)
(1.32879 0.254854 -2.36579e-19)
(-0.0120864 0.00505748 5.13472e-20)
(0.841677 0.776504 0)
(0.758065 0.70881 0)
(0.91642 0.824681 -2.91086e-19)
(0.954863 0.85677 9.61172e-20)
(1.36179 -0.75924 -2.14394e-19)
(-0.164554 0.485052 4.83378e-21)
(0.961626 0.508363 0)
(0.0576013 -0.0434655 -6.64478e-20)
(1.57836 1.05618 -2.17428e-19)
(1.21213 0.0569419 6.74669e-20)
(1.43939 -0.434491 0)
(0.357213 -0.303971 4.40799e-21)
(1.80946 -0.240203 7.77533e-20)
(-0.174185 0.431996 -2.16544e-19)
(-0.212972 0.240901 0)
(-0.0279501 0.0121867 -2.27585e-19)
(0.9295 0.830468 1.39969e-19)
(0.833339 0.481083 1.147e-19)
(-0.0269032 0.0196589 -2.79888e-19)
(0.509256 -0.495131 0)
(1.5027 -0.374247 0)
(-0.00442352 -0.00726128 8.98106e-20)
(0.268172 -0.202536 -6.63293e-19)
(0.121912 0.184477 -8.22722e-20)
(-0.544342 0.884914 -4.19978e-19)
(0.523371 -0.0217196 3.63805e-19)
(-0.0218639 0.0125148 9.51422e-20)
(1.0029 0.882602 0)
(-0.127281 0.988941 2.45169e-19)
(-0.0275911 0.013528 -8.97033e-20)
(-0.0293721 0.0207498 4.20917e-20)
(0.332995 -0.247727 2.17077e-19)
(-0.00407793 -0.0685002 -1.64675e-19)
(0.644721 -0.0954709 3.58128e-19)
(-0.0157671 0.0115631 -4.65558e-20)
(-0.2261 1.02959 -2.47253e-19)
(0.809391 0.385941 0)
(1.75573 -0.118053 -2.57186e-20)
(-0.266214 0.942131 2.12616e-19)
(1.04766 0.880563 3.66702e-19)
(0.138665 0.405563 1.9774e-19)
(1.05887 0.934199 -1.81824e-20)
(1.89137 -0.276942 -9.61779e-21)
(-0.061486 0.049589 1.38582e-19)
(1.12203 -0.250943 -3.78759e-21)
(-0.210568 0.0550961 1.12128e-19)
(-0.0633762 0.0516305 1.38492e-19)
(-0.0278282 0.0176929 1.59329e-19)
(-0.0515196 0.0111109 -1.57846e-19)
(-0.106435 -0.0604513 1.46596e-19)
(1.10182 -0.251414 1.16085e-19)
(1.17058 1.01183 -2.21831e-21)
(1.86283 -0.159896 -8.05269e-22)
(-0.0156531 0.00125251 1.99318e-19)
(0.60625 -0.055141 0)
(1.32274 -0.403698 0)
(-0.0530568 0.115446 0)
(1.16503 0.879248 1.77535e-19)
(1.62704 -0.720041 -6.79832e-20)
(-0.0196245 0.103868 -1.02449e-19)
(-0.0388127 -0.0590554 1.48311e-19)
(-0.0230486 0.00214282 0)
(1.5785 -0.174669 1.58635e-19)
(0.499034 0.4808 -6.08402e-19)
(-0.123745 0.117504 -1.48427e-19)
(-0.112462 -0.0726629 -1.32334e-19)
(-0.162461 0.871239 2.13961e-19)
(1.91756 -0.18424 0)
(1.44708 1.09085 1.72067e-21)
(-0.114348 -0.0603408 -6.5453e-20)
(0.455507 0.0104107 0)
(0.598707 0.0335958 -3.74816e-19)
(1.14376 0.936633 0)
(-0.241633 0.931453 1.93028e-19)
(-0.10607 -0.0617563 1.26804e-19)
(1.01531 0.883095 -1.62643e-19)
(-0.0867446 -0.0479395 6.2548e-20)
(0.451898 0.0579053 -2.24402e-19)
(1.08805 0.936208 0)
(0.446088 -0.418976 -8.74612e-20)
(0.94503 0.806998 1.86321e-19)
(0.439008 -0.352073 -3.36058e-19)
(1.15903 0.993503 0)
(0.289131 0.0883872 -4.45721e-20)
(-0.230373 0.868077 1.55126e-19)
(1.24174 1.02815 2.16714e-20)
(-0.0788335 0.144584 -2.69217e-19)
(1.43775 1.07734 5.88375e-20)
(1.6179 -0.586654 4.50747e-20)
(-0.0578885 0.0504873 1.77934e-19)
(0.632748 -0.00933872 -1.56627e-19)
(1.62928 -0.113138 0)
(1.25558 1.02802 8.90017e-20)
(1.80943 -0.0680528 0)
(0.892902 -0.231536 1.92481e-19)
(-0.261952 0.948298 -3.46359e-19)
)
;

boundaryField
{
    frontback
    {
        type            empty;
    }
    Top
    {
        type            noSlip;
    }
    outlet
    {
        type            zeroGradient;
    }
    bottom
    {
        type            noSlip;
    }
    Inlet
    {
        type            fixedValue;
        value           uniform (1 0 0);
    }
    rectangle
    {
        type            noSlip;
    }
}


// ************************************************************************* //
