/*--------------------------------*- C++ -*----------------------------------*\
| =========                 |                                                 |
| \\      /  F ield         | OpenFOAM: The Open Source CFD Toolbox           |
|  \\    /   O peration     | Version:  2306                                  |
|   \\  /    A nd           | Website:  www.openfoam.com                      |
|    \\/     M anipulation  |                                                 |
\*---------------------------------------------------------------------------*/
FoamFile
{
    version     2.0;
    format      ascii;
    arch        "LSB;label=32;scalar=64";
    class       volVectorField;
    location    "42.2";
    object      U;
}
// * * * * * * * * * * * * * * * * * * * * * * * * * * * * * * * * * * * * * //

dimensions      [0 1 -1 0 0 0 0];

internalField   nonuniform List<vector> 
2186
(
(1.28983 -0.060408 2.06143e-19)
(1.66635 -0.931814 -1.18994e-19)
(1.4914 -0.909977 -6.52656e-23)
(0.736954 -0.573981 -1.39252e-19)
(-0.0551049 0.404258 -1.84317e-19)
(0.248958 0.917777 0)
(0.737423 -0.67978 0)
(-0.0524117 -0.0161171 1.25031e-19)
(1.78066 0.144265 1.96454e-19)
(0.550085 -0.295299 -2.73746e-21)
(0.686268 0.620649 0)
(1.09691 -0.245707 -1.69946e-19)
(-0.0456279 0.0305684 -4.82247e-20)
(1.20631 0.0264872 -3.70322e-19)
(1.86077 -0.635431 -1.21605e-19)
(1.01358 0.000503895 1.77909e-19)
(0.97937 0.0114155 0)
(-0.162649 1.04485 0)
(0.818622 0.915706 0)
(-0.132663 0.191629 -4.58143e-20)
(0.487618 0.11281 -1.15136e-19)
(-0.223328 0.216164 6.18165e-20)
(1.19547 0.0293012 3.06602e-19)
(-0.169679 -0.11583 5.5095e-21)
(1.03112 0.0123555 -2.41139e-19)
(0.788032 -0.547301 0)
(0.761565 -0.0185913 1.44146e-19)
(0.62239 -0.601522 -1.56863e-19)
(1.22837 0.728864 0)
(0.965284 0.0259364 -3.29275e-19)
(-0.0531656 0.0655405 0)
(1.02608 -0.00733579 1.1412e-20)
(-0.2203 0.0790343 0)
(1.68835 -0.0566302 -6.27411e-20)
(-0.145626 -0.163137 -6.42166e-23)
(1.5567 0.79361 1.23922e-19)
(1.49479 -0.0684146 -3.01509e-20)
(0.515616 0.160849 -3.44404e-19)
(1.95826 0.28169 -1.5394e-19)
(0.711902 0.686503 -6.16976e-20)
(-0.0673051 0.0302695 0)
(-0.179799 0.158599 0)
(1.97405 -0.832935 1.12441e-19)
(-0.470454 0.13126 0)
(1.12057 0.293342 1.68355e-19)
(0.595128 -0.277952 2.77829e-19)
(0.946376 -0.799965 0)
(1.19347 -0.779252 9.0698e-20)
(2.36134 -0.582647 0)
(-0.253065 0.802107 1.44352e-19)
(-0.0514119 0.103455 6.77023e-20)
(0.632075 0.584048 8.95555e-20)
(2.13133 -0.662826 1.32841e-19)
(0.602655 0.292877 -2.79605e-19)
(-0.380175 -0.115628 2.4302e-20)
(0.7667 -0.649002 0)
(1.77385 -0.964439 2.2266e-20)
(0.591564 -0.550324 0)
(2.38185 0.191361 5.6769e-20)
(1.12475 -0.161158 -3.33993e-19)
(1.27968 -0.247941 2.03247e-20)
(1.37009 0.307831 -2.11271e-19)
(1.37041 0.553254 0)
(1.22777 0.613739 6.76452e-20)
(1.39278 0.39912 -1.35907e-19)
(1.25948 -0.722994 -1.21457e-19)
(1.18819 0.677323 6.14924e-20)
(0.685793 0.0872445 -5.59278e-19)
(0.81964 0.0695643 0)
(2.21078 0.130881 -5.56034e-20)
(-0.075735 -0.0151006 -1.48782e-19)
(1.93016 -0.561635 -5.36358e-20)
(0.72723 -0.0219037 -2.44936e-19)
(0.873054 -0.508677 0)
(0.83275 0.192914 -9.24712e-20)
(0.551555 -0.509307 -2.86059e-19)
(2.21939 -0.514699 0)
(1.0067 0.00869191 3.62846e-19)
(-0.142608 -0.188035 0)
(2.04005 0.419063 0)
(0.843597 0.538534 7.5035e-20)
(0.897874 0.399844 7.81724e-20)
(1.02213 0.00867935 4.00295e-20)
(1.33359 0.426734 3.33739e-20)
(0.971162 0.0249823 4.18819e-19)
(1.03926 0.0312861 -9.9699e-21)
(0.672666 0.194313 -3.37127e-19)
(0.607055 0.980981 3.14486e-21)
(0.536346 0.115972 0)
(-0.0744662 -0.0808641 1.25989e-19)
(0.860472 -0.615567 -1.51369e-19)
(-0.18594 0.092542 -4.75213e-21)
(1.10896 -0.0690387 2.37142e-19)
(0.815167 -0.172562 0)
(0.974042 0.0239047 4.02e-20)
(1.38611 0.659758 0)
(1.65598 -0.932541 0)
(1.31926 0.232167 0)
(-0.231643 0.761457 0)
(0.790163 -0.661003 2.72312e-19)
(0.967972 0.211478 -2.98108e-19)
(0.995258 0.520749 1.77072e-19)
(1.58915 0.19423 0)
(1.14333 -0.0940381 -2.16788e-19)
(1.12678 0.0238127 1.79298e-19)
(-0.257495 0.361737 7.85271e-20)
(0.65038 0.52326 0)
(1.91723 -0.00706706 -7.12504e-20)
(0.966323 -0.470285 7.60188e-20)
(-0.599386 -0.268766 1.66923e-19)
(1.78767 0.307328 7.77568e-20)
(-0.227574 0.562525 -2.39225e-19)
(0.834026 -0.755625 0)
(0.576965 0.370431 1.6998e-19)
(1.86445 0.042147 -5.99512e-19)
(0.044169 0.281602 -4.51624e-19)
(1.97268 1.02884 1.24895e-19)
(2.10512 -0.797143 0)
(-0.0978156 -0.114437 -3.76275e-19)
(0.710605 -0.0605082 7.70127e-20)
(1.57866 0.898094 0)
(-0.140592 0.855728 -1.83385e-19)
(0.899315 0.773599 -2.99018e-19)
(-0.222956 1.05542 3.47763e-19)
(1.02883 -0.0231835 0)
(2.07298 0.96095 -1.57416e-19)
(-0.119377 0.482585 0)
(0.69353 -0.483198 -1.02088e-19)
(-0.189071 1.07322 -1.82537e-19)
(0.802697 -0.731744 0)
(0.429533 -0.255288 4.06999e-19)
(0.540049 -0.447402 2.70171e-19)
(0.432948 -0.391502 0)
(0.993895 -0.782004 -1.06958e-19)
(0.858704 0.32841 0)
(-0.244477 0.841255 -1.13308e-19)
(0.814618 -0.697388 1.28229e-19)
(2.07697 0.0550047 2.05603e-19)
(2.24905 0.118467 0)
(-0.11251 -0.0848949 0)
(0.689592 0.639684 -3.79547e-19)
(1.79891 -0.561932 2.26079e-20)
(-0.0488846 -0.0337135 0)
(0.989369 -0.805894 -1.18652e-20)
(1.13798 -0.0899453 0)
(1.07634 -0.113426 3.7463e-19)
(1.95632 -0.0207581 -8.94291e-20)
(-0.134325 0.642351 0)
(1.22372 -0.540423 -4.6739e-20)
(-0.317372 0.23861 -3.03172e-20)
(-0.0568085 0.0784598 0)
(1.10473 -0.812427 1.38799e-20)
(1.0073 0.00375493 -6.06118e-19)
(0.648981 -0.470152 -1.00983e-20)
(0.817281 -0.507768 0)
(1.20853 -0.7221 -7.73788e-20)
(0.662849 0.254007 2.62226e-19)
(1.2335 0.109536 0)
(1.52678 0.0980925 -3.58875e-19)
(1.21251 -0.854458 -1.47435e-19)
(-0.117028 -0.0962834 -1.32285e-19)
(-0.312756 0.312674 -1.8013e-19)
(1.07755 0.00742796 2.33291e-19)
(0.918556 -0.454359 -9.55981e-20)
(0.493021 1.10624 -2.91237e-21)
(0.690633 1.37529 8.85961e-21)
(0.965941 -0.123956 1.55336e-19)
(0.0450261 -0.0266149 -3.48509e-19)
(0.965571 0.00132779 0)
(1.45712 0.00954953 7.68589e-22)
(1.46767 0.665555 1.80538e-19)
(0.807577 -0.607459 -1.9862e-19)
(0.995316 0.00840093 1.2414e-20)
(0.71945 -0.521308 2.80615e-19)
(1.32281 0.816663 1.57793e-19)
(1.90067 0.0516048 1.07248e-22)
(-0.143141 0.708226 0)
(1.08863 0.0625678 -2.44046e-19)
(-0.581338 0.938116 -2.08401e-19)
(1.08744 0.502134 8.72172e-20)
(0.427023 -0.111492 2.10365e-19)
(1.16511 0.0291776 -4.28982e-20)
(-0.243226 0.0498722 -1.13678e-19)
(1.31165 0.593846 -9.46637e-20)
(1.15304 0.89963 0)
(-0.190236 0.858442 -1.01306e-19)
(0.126989 0.253787 0)
(0.662878 0.574355 -2.88693e-19)
(2.1221 0.238073 -8.16723e-21)
(-0.0298166 0.0929584 1.56034e-19)
(-0.321758 0.869742 -5.88151e-19)
(0.728536 0.0877599 2.4586e-19)
(2.26181 -0.0620802 -4.37337e-20)
(0.979453 -0.335793 -2.83119e-20)
(-0.0888072 -0.0830052 0)
(-0.159536 -1.02555 3.47575e-19)
(1.33913 0.98507 -4.8726e-20)
(0.840698 0.0862243 -1.36183e-19)
(0.557162 0.52379 2.02298e-19)
(0.394446 0.195044 0)
(-0.20902 0.00658378 -2.4237e-19)
(-0.0671192 -1.46025 2.21345e-19)
(1.32698 -0.964508 1.56436e-22)
(0.989523 -0.0242037 -1.87302e-19)
(-0.0940716 -0.163357 4.471e-21)
(0.152147 -0.14993 1.49514e-19)
(-0.188427 -0.240293 -2.45606e-19)
(2.09698 -0.806902 0)
(1.13923 0.049599 -3.30607e-19)
(2.29603 -0.0707397 1.13511e-19)
(1.28038 -0.601016 7.91152e-20)
(1.00044 0.133918 -2.92505e-20)
(0.600985 0.34719 0)
(0.957557 0.763007 -1.78776e-20)
(0.687235 0.633135 1.98391e-19)
(0.898293 -0.556017 1.37015e-19)
(0.697953 0.518061 0)
(1.02246 0.00502001 8.05814e-21)
(0.884076 -0.658729 1.94845e-19)
(0.851276 0.43646 -4.73859e-19)
(1.18365 -0.100642 0)
(0.06008 0.13104 -3.2389e-19)
(-0.189165 0.148575 -7.24692e-20)
(1.60924 0.741187 0)
(1.37505 -0.932797 -1.33894e-22)
(-0.139086 0.983057 0)
(-0.0111776 0.239401 1.14674e-19)
(0.747624 0.664021 -1.03508e-19)
(0.847054 -0.203332 0)
(-0.102653 -0.167081 0)
(1.83075 -0.380591 0)
(0.674528 -0.560547 6.79828e-19)
(1.22958 -0.881056 9.69347e-20)
(1.18266 -0.592576 5.19083e-20)
(1.03432 -0.162665 -1.49324e-19)
(0.878933 -0.687667 -1.52911e-19)
(0.194755 -0.198022 0)
(-0.404562 1.10395 0)
(1.00272 -0.499243 1.57643e-19)
(-0.08884 -0.061329 0)
(-0.197117 0.848893 0)
(0.0123446 0.348712 3.91274e-19)
(0.805801 0.682877 8.98168e-20)
(1.02714 0.80612 0)
(0.710499 0.569755 -8.78489e-20)
(0.831916 -0.0299639 -2.20363e-19)
(0.75855 0.576325 -2.36187e-19)
(0.594651 0.553951 -1.74186e-19)
(-0.109688 -0.0485431 -9.59805e-22)
(0.729314 -0.651226 0)
(0.907109 0.18639 -3.29197e-19)
(-0.102269 -0.0166833 6.59449e-20)
(0.60364 0.560891 3.98041e-19)
(0.971205 0.809669 0)
(0.515296 0.0771095 4.933e-19)
(-0.248191 -0.114574 4.20464e-19)
(-0.131197 0.0540847 -2.25894e-19)
(0.676106 0.58419 -1.52327e-20)
(0.969165 -0.00822076 5.90597e-20)
(-0.0778708 0.0748809 0)
(1.78317 0.14906 -8.58064e-20)
(1.51794 -0.788611 -2.33967e-20)
(0.66174 -0.611189 -6.94381e-20)
(0.0865362 1.05617 1.2147e-20)
(1.20893 0.470125 2.03915e-19)
(0.898871 0.427954 0)
(1.04269 -0.161941 1.81341e-19)
(-0.21138 -0.0876783 6.9061e-21)
(-0.12978 0.0153631 2.65446e-19)
(0.915725 0.0218513 -5.1531e-20)
(1.12517 0.141073 0)
(1.57389 0.0777696 -1.35442e-19)
(1.97002 0.0869728 0)
(0.55433 0.271477 -4.56625e-19)
(0.159196 -0.153043 0)
(-0.0835493 -0.0385709 2.92607e-19)
(0.690203 0.0905964 0)
(0.61705 -0.504352 -1.73438e-19)
(1.13867 0.0211479 2.04874e-19)
(-0.166487 0.789669 4.0141e-20)
(1.92695 -0.163169 -2.21851e-21)
(2.041 -0.0203945 -1.31254e-19)
(1.12322 0.235614 -2.32763e-19)
(-0.101896 0.00983107 -1.22585e-19)
(1.08557 -0.85121 0)
(0.808961 0.0161856 -1.49185e-19)
(0.925983 -0.367053 -2.72291e-19)
(1.73413 -0.527255 -9.75538e-21)
(1.55666 -0.0133078 1.43136e-19)
(1.08412 -0.00652873 3.93128e-19)
(-0.122035 0.012148 -1.94464e-19)
(0.993193 -0.427283 -1.15204e-19)
(0.203627 -0.19595 2.45636e-19)
(1.0078 -0.00828401 0)
(1.00489 -0.00672261 0)
(1.20191 -1.12537 4.27878e-20)
(-0.189448 0.69662 -7.51766e-20)
(0.27302 -0.102352 -1.82969e-19)
(1.58857 -0.201368 1.93637e-20)
(1.7886 -0.529533 0)
(2.29249 -0.175465 -8.51075e-20)
(0.967794 -0.835561 -5.91349e-20)
(1.84449 -0.492596 -1.00268e-19)
(1.11929 0.848882 0)
(0.476668 -0.456514 0)
(0.616125 0.532593 -1.80684e-19)
(1.11232 0.289059 -4.33367e-19)
(2.06303 -0.0414625 3.62878e-22)
(0.870885 0.169911 1.40704e-19)
(-0.222036 0.0742527 -5.12063e-19)
(0.897871 0.24931 7.26472e-20)
(-0.22774 0.135339 0)
(-0.14258 -0.10436 0)
(-0.0880734 0.177114 0)
(1.35365 -0.706393 -5.55181e-20)
(-0.0797193 0.0830992 -1.94269e-19)
(0.0312938 -0.113498 0)
(1.30009 0.986025 -4.95529e-20)
(1.11799 0.158806 -4.45699e-19)
(2.18167 -0.257777 3.58065e-21)
(1.08914 0.929679 1.07456e-19)
(-0.247916 0.472739 1.19671e-19)
(0.850464 0.269611 0)
(-0.0852334 0.245814 -3.19573e-19)
(-0.157114 0.382461 2.38255e-19)
(0.782864 0.0434494 1.81105e-19)
(1.54645 0.962635 -4.42144e-20)
(1.98726 0.423651 -1.69474e-19)
(-0.210817 0.0509701 -5.78251e-21)
(0.758248 -0.68912 -3.26731e-20)
(1.16926 -0.00667732 0)
(1.70956 -0.00623147 0)
(0.984064 0.0455791 0)
(0.162739 -1.24727 -1.48348e-19)
(-0.136779 0.164957 1.12285e-19)
(1.06029 0.85585 0)
(0.996991 0.00238525 5.02463e-19)
(0.780575 0.619463 -2.37641e-19)
(0.230278 -1.05152 -1.55523e-19)
(0.867759 0.0286198 -4.06431e-20)
(0.72119 -0.656805 -1.98233e-19)
(1.40289 0.724684 -4.38007e-20)
(0.55944 -0.438995 -2.82128e-19)
(1.12724 0.00475053 -4.61937e-19)
(0.805093 0.0387483 4.32188e-20)
(1.48476 -0.147382 4.95974e-20)
(0.552071 -0.0272979 -3.39456e-20)
(-0.0731521 -0.0681741 -7.12888e-22)
(1.0908 0.480873 -2.88736e-19)
(1.31215 0.628342 4.75617e-20)
(-0.139964 -0.0358448 0)
(-0.240066 0.118239 1.86618e-19)
(0.109791 0.31682 1.37754e-19)
(-0.137936 -0.196595 -1.75035e-19)
(0.486432 0.33879 0)
(1.37915 -0.821598 0)
(0.00460931 -0.0165981 -9.54151e-20)
(-0.132613 -0.0334729 -6.45089e-20)
(1.0475 -0.0288183 1.83056e-19)
(-0.0819697 0.51171 -4.89186e-20)
(2.15182 -0.619797 -4.82013e-19)
(-0.277581 0.686472 0)
(0.842317 -0.743758 -2.63117e-19)
(0.618161 0.27755 4.23724e-20)
(-0.434935 0.625922 1.38504e-19)
(0.723098 0.174585 3.28798e-19)
(0.629001 0.15449 1.05601e-19)
(0.506945 -0.477715 1.91884e-19)
(-0.0505357 -0.024195 -1.52096e-19)
(2.12583 0.327946 0)
(0.403021 0.364182 -1.93354e-19)
(1.03002 -0.0129063 -2.90369e-19)
(-0.334071 0.940153 2.33092e-19)
(1.43539 0.496113 -1.54475e-19)
(-0.0889365 -0.057632 -6.12902e-20)
(0.720356 -0.653696 -1.88267e-20)
(0.82179 0.200713 -2.09398e-19)
(0.989518 0.437938 2.43296e-20)
(1.14606 -0.134375 3.23202e-20)
(0.606481 -0.214085 -2.91435e-19)
(1.98363 -0.192897 -1.80655e-19)
(0.407996 -0.103378 0)
(2.07887 -0.258786 3.22298e-22)
(1.34504 -0.0100554 -1.49816e-20)
(1.1132 0.366624 1.13542e-19)
(0.893418 0.379616 -1.26239e-19)
(0.828443 0.439672 -1.29466e-19)
(0.424577 0.39891 -2.53018e-19)
(0.0826274 0.91005 1.6831e-19)
(1.99483 0.289087 0)
(0.944577 0.00889915 0)
(0.888689 -0.783191 4.84677e-20)
(-0.239052 -0.1009 -4.61502e-19)
(-0.0437846 0.987465 -2.60745e-19)
(-0.0771501 -0.0686464 -2.73033e-19)
(-0.225277 0.955994 -1.35452e-19)
(-0.271789 0.291629 0)
(-0.143401 -0.11575 5.12508e-20)
(-0.0630519 0.352139 -6.0911e-20)
(0.160508 -0.141664 -3.41327e-19)
(0.805387 -0.0963461 0)
(1.35569 -0.368608 -4.19764e-22)
(0.0674302 0.159765 0)
(0.99497 0.0237954 3.6413e-19)
(-0.234706 0.232016 1.76892e-20)
(0.536249 -0.411414 3.78129e-19)
(-0.604532 0.96964 3.46591e-19)
(-0.281058 0.211308 0)
(0.0145815 0.578553 6.13189e-20)
(1.00304 0.0260682 -1.09441e-20)
(0.104303 -0.0976327 0)
(1.00388 -0.00947259 -5.71413e-20)
(0.862147 -0.7256 -2.56537e-19)
(1.5439 -1.07753 0)
(0.933381 -0.261143 1.95e-19)
(0.0216054 0.729964 1.53253e-19)
(-0.0829357 -0.085015 0)
(-0.211845 0.0283193 -6.58006e-21)
(0.725892 -0.630958 -3.94922e-19)
(0.94491 -0.0198771 -2.55558e-19)
(-0.240762 -0.084384 5.53551e-19)
(-0.109619 -0.0628826 1.86658e-19)
(-0.260229 0.211124 0)
(0.972918 0.488312 0)
(-0.328037 0.433503 1.75833e-19)
(1.4807 0.141536 -3.66071e-20)
(1.08704 0.906864 2.22405e-20)
(1.08443 0.219622 -1.29104e-19)
(1.12279 0.00532725 -2.08163e-19)
(1.02648 -0.0619259 -7.09329e-20)
(-0.234753 -0.07747 -4.90907e-19)
(1.93084 0.021721 1.84161e-19)
(0.684808 0.0428296 2.2307e-19)
(1.37135 0.0686923 1.62727e-20)
(1.02325 -0.141631 0)
(-0.622665 0.0928108 1.38956e-19)
(1.14669 0.0265386 -4.93475e-19)
(1.77582 0.639648 4.18067e-20)
(0.738408 -0.443188 -1.52972e-19)
(-0.104217 -0.116134 2.81333e-19)
(0.803829 -0.70176 3.39271e-19)
(1.24726 0.203177 8.38828e-20)
(1.00661 -0.00882361 2.53134e-19)
(-0.196308 0.0743271 -2.01944e-19)
(1.02845 0.0218317 0)
(1.56407 -0.148326 9.14079e-20)
(-0.102319 -0.100726 0)
(1.01419 0.0148677 -1.47985e-19)
(0.384439 -0.356242 -7.54812e-19)
(1.77816 0.340423 6.056e-20)
(0.0777072 0.393491 1.79011e-19)
(1.62516 0.0411713 2.64005e-20)
(1.01495 -0.0166563 5.26994e-20)
(1.2414 -0.0937593 0)
(1.4537 -0.581119 -9.28438e-20)
(1.02699 0.041846 -1.57531e-19)
(1.45857 0.805604 -9.61525e-20)
(1.21351 -0.0498142 0)
(1.41399 0.0836927 -2.67379e-20)
(-0.00721799 -0.0134742 0)
(1.27357 0.0659158 0)
(-0.119165 0.0869817 0)
(1.2623 0.459977 0)
(1.90451 0.281552 2.33237e-20)
(0.753963 0.629628 4.16918e-19)
(0.300839 -0.30256 -2.27145e-19)
(-0.138125 -0.0531302 -4.32228e-19)
(-0.0982399 -0.0923246 0)
(1.73824 -0.47711 6.02806e-20)
(1.32092 0.540855 0)
(1.49059 0.303076 0)
(-0.126033 0.315457 1.39426e-19)
(0.816324 0.721707 1.40905e-19)
(1.5791 0.0298794 0)
(-0.0260941 0.0269794 9.31147e-20)
(0.916387 0.232962 1.93202e-19)
(1.31089 -0.33852 -1.60516e-21)
(1.25636 0.940414 5.69779e-20)
(0.947698 -0.848706 -2.1752e-20)
(-0.00782032 -0.0882322 -1.06697e-20)
(0.801179 0.723778 1.4609e-19)
(1.19118 0.936901 0)
(1.96165 -0.695879 5.95805e-20)
(-0.319667 -0.0104537 0)
(0.917459 -0.17052 -6.04433e-20)
(1.01337 0.103895 1.24714e-19)
(1.00582 -0.0052908 0)
(-0.722206 -0.225338 1.09181e-19)
(0.891565 -0.15961 4.57096e-20)
(0.624566 -0.393351 0)
(0.666765 -0.367363 2.03691e-19)
(1.25553 0.570381 -3.83544e-20)
(0.476278 0.450754 2.83798e-19)
(0.16798 -0.111325 4.14474e-20)
(-0.0274323 -0.0495984 5.85047e-20)
(0.748847 0.0526412 0)
(1.34502 -0.895859 -3.30949e-20)
(1.03732 -0.0440421 4.07466e-19)
(1.51942 0.349437 1.00026e-19)
(-0.0179217 0.0831528 7.87044e-20)
(-0.752829 1.08467 0)
(1.21805 -0.223222 -1.01105e-19)
(-0.0850138 -0.0820291 -2.35739e-19)
(-0.77376 0.605458 -1.95914e-20)
(-0.131533 0.0428419 -4.98667e-22)
(-0.208141 0.091463 2.13419e-19)
(0.411429 1.01422 1.67974e-20)
(1.83796 0.0674277 1.14989e-19)
(1.2094 0.474018 -3.28842e-19)
(0.915084 -0.0543139 0)
(1.83776 -0.05952 1.01505e-19)
(1.51192 0.0662892 5.09653e-20)
(0.915982 -0.766013 1.2317e-19)
(1.19255 -0.991567 -1.2289e-20)
(0.479849 0.446564 1.92391e-19)
(0.217994 0.439894 0)
(1.78108 0.596658 -2.37643e-21)
(-0.0953591 -0.0941357 -4.79244e-19)
(0.895083 0.780936 0)
(2.08229 0.590019 0)
(0.30156 -0.300003 -4.32098e-21)
(0.332575 0.320582 0)
(-0.626189 0.945424 -3.43776e-19)
(0.0736502 0.0156587 -1.17284e-19)
(1.83827 -0.344897 0)
(1.2927 0.0410454 2.70103e-19)
(0.147166 0.819482 2.16052e-19)
(0.540748 -0.513198 -4.32767e-19)
(1.46937 0.0511379 -1.32401e-20)
(0.61948 -0.559925 0)
(1.03706 0.132726 0)
(1.51367 -0.199245 0)
(1.13198 0.236245 -2.51123e-19)
(1.37362 0.112579 3.58374e-19)
(-0.160997 0.125848 0)
(0.858657 -0.0461869 0)
(1.71581 -0.190882 1.45733e-20)
(-0.0616282 -0.0488543 7.85298e-20)
(2.3753 -0.308161 -1.57861e-19)
(1.20526 -0.525782 2.49828e-19)
(1.85084 -0.064468 -1.11938e-19)
(-0.250316 1.09764 -1.50853e-19)
(2.02194 0.102696 -7.90749e-20)
(1.01673 -0.0169036 4.09774e-19)
(1.53653 0.617508 0)
(-0.120462 0.385999 3.20417e-20)
(1.01312 -0.83105 1.44563e-19)
(0.857116 -0.00376199 4.75059e-20)
(0.630082 -0.416885 0)
(1.90819 -0.436024 1.04177e-20)
(1.19724 -0.185583 1.31245e-19)
(1.14597 -0.50546 0)
(0.619081 -0.5745 3.89645e-19)
(2.00886 0.0629831 1.16224e-20)
(2.41432 -0.271433 3.86851e-19)
(-0.0448704 -0.0545922 -1.7789e-19)
(1.35138 0.634561 1.8164e-19)
(1.16392 0.419103 4.02462e-21)
(0.91617 0.387307 2.3351e-19)
(1.42463 0.229618 1.46374e-20)
(-0.224214 -0.0569692 -6.66466e-23)
(1.07633 0.373816 0)
(-0.112155 -0.095762 4.59339e-19)
(1.13751 -0.978696 0)
(1.06764 -0.642847 1.88987e-20)
(0.526692 0.328155 -3.57237e-20)
(1.18628 0.859554 1.91792e-21)
(-0.346332 0.514084 -3.47522e-19)
(1.00139 0.500006 1.87152e-19)
(0.0125325 -1.39801 1.63687e-19)
(0.705381 -0.0427837 0)
(1.14965 -0.306575 0)
(1.43068 -0.131308 -1.69944e-21)
(0.767143 -0.00782767 0)
(1.33764 -0.192332 -1.3505e-19)
(-0.44052 1.0487 4.9658e-19)
(1.96856 0.515791 -4.15758e-20)
(1.05236 -0.0331389 0)
(0.548732 -0.331171 9.99411e-20)
(1.00906 0.0256658 1.95454e-19)
(0.162334 -0.988515 1.94934e-21)
(-0.100546 1.00039 0)
(1.10234 -0.456426 4.30256e-19)
(0.752619 -0.258049 -1.05921e-22)
(1.09784 -0.485645 -1.87561e-19)
(2.40871 0.183853 7.89922e-20)
(1.30732 0.806093 0)
(0.880273 0.0241708 0)
(-0.038869 0.144023 -1.93435e-19)
(0.00601166 -0.0242026 1.07339e-19)
(0.963731 0.379903 -2.18342e-19)
(-0.141335 0.061619 -1.91283e-19)
(0.65896 0.427055 2.45079e-19)
(1.3154 0.219183 0)
(0.549587 -0.51042 0)
(0.315905 0.577993 -1.47267e-20)
(1.23062 -0.489173 -8.44958e-20)
(1.05849 -0.0280829 2.04443e-20)
(0.729691 -0.13748 1.15129e-19)
(-0.0741892 -0.0286151 -1.98277e-19)
(1.51877 0.085772 2.34543e-19)
(0.664762 0.619617 0)
(1.28938 0.710604 0)
(1.64488 0.257333 0)
(-0.248348 0.231911 -1.63367e-19)
(1.25231 0.576457 1.39836e-19)
(1.5513 0.115698 1.29282e-20)
(0.962379 -0.0145496 0)
(1.07833 0.182551 0)
(2.05282 -0.119077 -1.44482e-19)
(-0.360603 -0.972085 2.38615e-21)
(1.00528 0.00335245 -1.96322e-19)
(1.52838 0.495247 0)
(-0.100475 0.901357 0)
(1.25814 0.3275 3.21497e-19)
(1.0393 0.542068 -1.41354e-19)
(1.07306 0.0317415 0)
(1.12491 0.264011 0)
(2.01442 0.701903 -1.9519e-19)
(-0.197498 0.163194 -1.98006e-21)
(0.995184 0.0140476 0)
(0.720878 0.490987 -3.42863e-20)
(0.953457 -0.835713 0)
(1.00173 0.0169513 4.53593e-20)
(0.0624236 -0.897818 -1.36489e-19)
(0.902163 -0.310102 2.85708e-19)
(0.172976 -0.00931992 2.8307e-19)
(1.89915 0.0532078 2.25611e-19)
(1.80212 -0.103778 -5.56063e-20)
(0.771425 -0.0152679 0)
(1.00829 0.0122846 0)
(-0.558552 0.775868 0)
(0.667775 0.638926 -2.04764e-19)
(-0.032511 -0.0531045 1.35148e-19)
(1.18629 0.362196 -5.13034e-19)
(-0.20555 0.883653 0)
(0.844054 0.658852 1.77027e-19)
(1.00378 -0.320852 0)
(1.00523 -0.0017413 1.15038e-19)
(-0.733752 0.386449 7.14445e-21)
(1.04976 0.416143 2.77984e-19)
(1.54546 0.248618 0)
(2.22676 0.184575 -4.31052e-20)
(0.823055 -0.0988613 -3.53557e-19)
(-0.808814 1.04228 -4.69759e-19)
(-0.265654 0.00271131 0)
(0.889183 0.256872 1.79142e-19)
(1.82938 0.211745 0)
(0.789393 0.538242 3.76147e-19)
(-0.518967 0.903962 2.11423e-19)
(-0.00727867 -0.0879725 0)
(0.59372 0.564341 -7.4235e-20)
(1.02826 -0.631251 -1.32702e-19)
(0.474896 -0.224682 -1.19698e-19)
(1.01864 -0.00910806 0)
(0.104093 0.83872 -1.66162e-19)
(0.637871 -0.564977 7.65667e-20)
(0.916132 0.304161 0)
(1.71246 -0.581821 2.41118e-20)
(0.995854 0.848098 2.7432e-20)
(-0.00504972 -0.509129 1.16285e-19)
(0.541285 0.096215 -3.73052e-19)
(0.225936 -0.00501904 -5.4402e-19)
(-0.111179 -0.0781931 1.18179e-20)
(0.827708 0.375227 2.55036e-19)
(-0.056011 0.139575 -5.01836e-21)
(1.41972 -0.626398 3.05758e-21)
(1.02288 0.0162996 -3.38591e-19)
(-0.351013 0.416263 0)
(1.03302 0.0412961 -4.1149e-19)
(1.39515 0.0494525 -1.21727e-20)
(0.903413 0.704579 3.02547e-19)
(1.12524 -0.0594916 1.52482e-19)
(1.00395 -0.0196341 1.5663e-19)
(1.11182 1.05053 -2.73235e-21)
(0.0158363 0.0739853 5.7062e-23)
(1.80721 -0.846911 1.79934e-20)
(1.1068 -0.120556 -6.60904e-20)
(0.770937 0.0419631 7.5551e-20)
(0.90335 -0.277326 8.50577e-20)
(2.01115 -0.00390793 0)
(0.977501 0.74878 0)
(-0.618164 0.186959 -8.52958e-21)
(2.06408 0.192637 -1.63006e-22)
(-0.625251 0.992102 1.6938e-19)
(1.03049 -0.530446 -4.61217e-19)
(0.614084 -0.526181 3.70709e-19)
(1.38764 0.211388 -8.65177e-20)
(0.0872579 0.0892262 2.22522e-20)
(0.0168462 -0.126149 0)
(0.756797 0.130876 -6.71554e-21)
(0.707729 -0.392973 1.39744e-19)
(1.05553 0.775955 0)
(0.199663 -0.654171 0)
(0.990194 0.345851 0)
(-0.0687675 -0.0403355 -7.20182e-20)
(-0.191662 0.193806 0)
(0.0810517 -0.639577 -1.74262e-19)
(1.23642 0.185931 6.9725e-21)
(0.0616057 -0.333842 2.8477e-19)
(2.04939 0.176555 3.54872e-20)
(1.84808 0.482477 -1.07885e-20)
(2.00567 -0.169381 -3.08865e-20)
(-0.175916 0.00906541 -1.4761e-19)
(-0.213476 0.0791948 4.90812e-21)
(1.95409 0.0222481 0)
(0.68288 -0.0366457 0)
(1.001 -0.000754922 2.45293e-22)
(-0.308031 0.331281 0)
(1.26395 0.0534553 -6.79808e-20)
(0.680697 -0.0326178 0)
(1.04856 0.0061621 1.2289e-19)
(0.989196 0.0151646 -4.44417e-20)
(1.53383 0.170438 1.5662e-19)
(1.06602 -0.0149744 -9.38903e-22)
(0.944666 -0.18039 -5.16405e-20)
(1.02233 -0.0244244 3.60905e-19)
(0.670972 -0.606633 1.71731e-19)
(0.406253 -1.163 -3.09238e-19)
(1.94756 0.412166 7.25128e-21)
(0.00294272 -0.0312723 0)
(1.14122 0.808515 0)
(1.02638 0.00101658 0)
(1.00499 -0.768704 -8.95346e-20)
(1.06893 -0.907791 1.32324e-20)
(2.03211 0.751632 -5.72671e-20)
(-0.701693 0.239871 -2.67258e-19)
(0.0975417 0.292222 -3.41665e-20)
(0.582244 -0.366564 -6.10182e-19)
(2.14314 -0.0515456 -1.48078e-20)
(0.743629 0.654562 3.20675e-19)
(2.02624 -0.111358 1.16662e-19)
(1.82788 0.0871799 7.15457e-21)
(-0.0510458 0.000509202 -1.44167e-19)
(1.12885 0.566244 2.20125e-19)
(-0.175608 -0.209609 0)
(-0.20068 0.226182 3.81047e-19)
(-0.161051 -0.142197 -1.18911e-22)
(1.02859 -0.0447463 3.32804e-19)
(1.02283 0.00760862 -8.40685e-21)
(1.10667 -0.0082021 -9.17347e-20)
(1.02302 0.546121 3.24016e-21)
(1.66623 0.319588 8.37171e-20)
(0.401874 -0.374395 -3.01036e-19)
(1.6749 0.808564 1.07609e-19)
(1.03219 0.0083497 -2.38179e-19)
(2.36193 0.429513 -7.47105e-21)
(1.29886 0.521327 0)
(1.12621 0.604659 -4.14131e-19)
(1.0028 -0.00475116 9.37918e-20)
(0.68552 0.615537 2.67982e-19)
(0.170708 0.249328 -1.06227e-21)
(1.07064 -0.00757406 -3.079e-20)
(1.12957 0.0195389 8.67293e-22)
(2.40371 -0.133842 1.28462e-20)
(1.81799 0.174394 0)
(1.04307 -0.0403013 0)
(1.04807 -0.0350999 5.79658e-19)
(1.00253 -0.00348834 0)
(-0.122283 -0.105704 0)
(1.06889 -0.624896 0)
(1.00069 -0.00153923 -5.45469e-19)
(1.16103 -0.671977 6.83635e-20)
(1.02436 -0.000198405 1.13731e-20)
(1.35984 0.971211 -4.13802e-20)
(1.54288 1.01997 1.02143e-19)
(0.264438 0.396543 5.19401e-20)
(0.533289 0.225285 -6.85924e-20)
(1.81684 -0.180182 0)
(-0.227977 0.408014 0)
(1.59564 0.382101 4.93335e-20)
(0.811066 -0.579674 0)
(0.999322 -0.00563722 -1.69391e-19)
(1.01071 -0.00153733 3.29019e-19)
(1.47475 0.145652 -7.86609e-20)
(0.0540406 -0.10545 3.57823e-19)
(0.981247 0.00281343 1.80219e-19)
(0.785678 0.256796 -5.20138e-20)
(1.18317 0.151598 9.7879e-20)
(0.987104 0.2065 3.64662e-22)
(0.926842 0.0179946 -1.77954e-19)
(1.00351 0.00350898 2.1143e-19)
(1.00028 -0.0011562 1.25204e-20)
(0.788984 -0.0137087 0)
(0.727404 -0.0270025 0)
(0.723081 -0.0275445 4.81917e-22)
(0.699866 -0.0303557 0)
(0.168334 -0.0105815 0)
(0.775794 0.146886 0)
(1.43644 0.136697 -1.84308e-19)
(1.48317 0.159169 1.00428e-19)
(0.780928 0.752706 0)
(0.564326 0.422329 -3.74806e-21)
(0.701839 0.00947799 0)
(0.00488804 0.237535 0)
(0.261235 0.0838855 0)
(1.07227 0.432032 -9.93154e-23)
(2.05648 0.141897 -1.76361e-20)
(0.774536 0.0246705 0)
(0.786605 0.0200967 0)
(0.965458 0.021221 -2.19671e-19)
(0.814472 0.00741002 4.11458e-19)
(1.00834 -0.00138706 0)
(1.00015 -0.000923528 3.91292e-19)
(1.00038 -0.000911972 -4.3714e-22)
(0.784843 0.0228667 3.48443e-19)
(0.99842 -0.00438489 -2.06648e-19)
(0.661519 -0.0679273 0)
(1.12204 0.17444 -9.79821e-20)
(1.00075 -0.00188778 -1.98298e-19)
(0.999817 0.000462402 -3.394e-19)
(0.968177 -0.221471 0)
(0.999025 0.00111773 0)
(0.999637 -0.000108024 0)
(0.113149 0.201637 -5.55779e-20)
(0.74481 1.01246 -8.13921e-20)
(1.80021 0.847839 0)
(-0.024593 0.281318 2.26486e-19)
(-0.305558 -0.173732 -1.08415e-19)
(1.01996 -0.0108228 -2.64546e-19)
(-0.139807 0.0201377 -1.19218e-19)
(1.01902 0.0086437 -2.11706e-19)
(1.15066 -0.205775 -8.46776e-20)
(0.79487 -0.46038 2.8441e-19)
(-0.084842 -0.0775437 -1.1242e-19)
(1.02909 0.01545 0)
(1.06657 -0.0101482 -5.97156e-20)
(0.848671 0.0231409 0)
(-0.0881612 0.00943785 1.89291e-19)
(0.678408 -0.805372 0)
(-0.177653 0.204525 -2.88632e-19)
(1.45401 0.238422 4.96139e-20)
(1.67847 0.702252 -8.67439e-20)
(-0.0625251 -0.012776 0)
(1.05183 -0.0380667 1.79397e-19)
(0.401648 0.833507 -7.98743e-21)
(0.929905 0.00183152 2.79873e-19)
(1.01269 -0.00645235 -1.80669e-19)
(1.69321 0.882889 -2.50175e-21)
(0.527458 0.497014 0)
(0.4562 0.418943 2.02726e-19)
(0.582041 0.0108191 1.12746e-20)
(1.15759 0.129567 2.08632e-19)
(1.0902 -0.703958 0)
(1.02375 0.00662788 0)
(1.00016 -0.0180487 -4.15916e-19)
(1.01851 0.0172699 -4.01806e-19)
(-0.137572 -0.086488 0)
(1.23815 0.83671 -1.61072e-19)
(0.180391 0.64619 1.13081e-21)
(1.01537 0.00642329 1.55729e-19)
(1.01184 0.014206 -1.94139e-19)
(-0.180309 0.340878 -2.8203e-20)
(0.751701 0.869013 2.11533e-19)
(1.01873 -0.0105743 6.65699e-19)
(0.371096 0.457524 0)
(1.8855 0.673874 3.76921e-21)
(1.01606 -0.00853029 -2.06799e-19)
(1.48815 0.0366692 -1.7466e-20)
(1.06324 0.0135871 -4.83685e-22)
(1.0079 -0.00986343 4.14534e-20)
(1.86084 0.12441 -1.92078e-19)
(1.01728 0.00713114 1.99439e-19)
(1.35643 0.922865 3.47645e-21)
(1.01818 0.00820239 0)
(0.940968 0.163029 5.07467e-20)
(-0.58119 0.406608 4.74575e-21)
(0.998539 0.0228327 1.97721e-19)
(1.03993 0.0216407 -6.87847e-22)
(0.43679 0.615579 4.86589e-21)
(1.27872 0.325984 4.73384e-19)
(0.995672 0.0179417 1.35718e-19)
(1.01683 -0.0117578 3.52168e-22)
(1.79752 0.253973 -4.00628e-20)
(1.77894 0.960309 -7.83401e-20)
(0.785394 -0.702342 5.06999e-20)
(0.443372 -0.301902 -2.97544e-19)
(1.00763 -0.00891088 0)
(1.02167 0.00451612 4.95501e-20)
(1.01146 -0.00759259 1.05176e-19)
(1.24182 1.18755 -6.59164e-21)
(1.01508 0.00916827 -2.07755e-19)
(1.02785 -0.0168667 2.35659e-19)
(1.00827 -0.00731241 -1.96713e-19)
(1.01405 0.00819503 -4.93425e-22)
(1.0123 0.00431002 -2.79399e-22)
(1.02457 0.0166372 1.98621e-19)
(0.905857 0.0982703 5.1264e-19)
(0.937578 -0.897914 0)
(-0.0965698 0.720544 5.13384e-20)
(1.0108 -0.000214862 0)
(1.02178 -0.0115976 -5.80015e-20)
(1.55823 0.457565 -1.18776e-19)
(1.19469 0.0364742 0)
(1.62557 -0.722306 -6.29631e-20)
(0.373209 -0.890966 2.12284e-20)
(0.786529 -0.0220564 0)
(1.65976 0.229486 0)
(-0.0162504 -1.32027 -3.34157e-20)
(0.843333 0.877616 1.9441e-21)
(1.01812 -0.000778953 -2.09924e-19)
(1.11747 -0.552197 -5.26585e-20)
(0.701894 1.16892 5.17886e-20)
(1.28913 0.305339 0)
(0.303199 0.182219 0)
(1.65378 -0.469445 0)
(-0.165359 0.406586 4.13269e-20)
(1.18199 1.13347 -2.3763e-19)
(-0.0977745 -1.44394 0)
(0.118713 0.782915 -1.97826e-19)
(1.7181 0.986488 3.67553e-21)
(1.00781 -0.00166615 -4.09538e-19)
(1.19664 1.24097 -4.16421e-20)
(1.02083 0.0142811 2.70893e-19)
(0.709505 -0.0470554 0)
(-0.178463 -0.111863 -3.57316e-20)
(0.628638 0.454941 -3.46383e-19)
(1.30061 -0.5217 5.07245e-20)
(0.0324949 0.651746 0)
(0.773363 0.0788587 6.95358e-20)
(0.52267 0.501065 5.33623e-20)
(1.2032 0.898459 -4.43936e-20)
(-0.097362 -0.104638 1.77028e-19)
(1.02422 0.0176147 0)
(1.31921 0.774364 -1.96488e-19)
(1.0118 0.000513616 1.54073e-19)
(2.44074 0.0229161 0)
(1.01257 0.00937587 2.57862e-19)
(-0.0127994 0.232603 -1.85273e-19)
(1.01898 0.0149823 -1.59921e-19)
(2.01247 1.21852 0)
(1.78938 -0.71239 1.14567e-22)
(1.00938 0.00469873 -1.07164e-19)
(0.996973 -0.0197214 2.82546e-19)
(1.09973 0.104089 -1.72863e-21)
(1.41147 0.466064 2.37315e-19)
(-0.0984983 -0.148114 4.69916e-19)
(2.05378 0.287258 9.66643e-20)
(0.81057 0.13738 -2.62001e-19)
(0.799922 0.0143601 -3.85538e-19)
(0.813582 0.0318525 0)
(0.73897 0.757178 -1.46661e-19)
(1.02234 -0.00807861 -3.12046e-20)
(0.970477 0.0377302 0)
(1.05142 0.00660828 -1.99558e-19)
(0.357995 -0.781381 1.41889e-19)
(-0.531769 0.802576 1.88176e-19)
(2.17345 -0.439671 0)
(0.246922 0.180356 -8.92362e-19)
(1.4951 -0.31847 0)
(1.03985 -0.0164778 5.82534e-20)
(1.23821 0.1771 -5.2438e-22)
(1.01335 0.0032057 1.66149e-19)
(-0.0155513 0.721113 4.85709e-19)
(1.01913 0.00518385 0)
(0.994186 0.00353064 -4.02607e-19)
(1.00918 0.00820143 2.11478e-19)
(1.48431 0.459533 0)
(1.02155 -0.350106 -8.41747e-21)
(0.955936 -0.00153133 -1.80675e-19)
(-0.163599 -0.0233626 4.44829e-19)
(1.00431 -0.00185336 -2.06335e-19)
(0.998666 0.0339741 -4.84738e-19)
(1.64885 -0.54879 3.90561e-22)
(-0.0394848 -0.0239209 -1.0883e-19)
(0.821786 0.708915 -1.86594e-19)
(0.813214 0.371647 0)
(1.02291 -0.00431041 4.35974e-19)
(1.04041 -0.0104518 2.31319e-19)
(0.708473 -0.477961 2.38205e-19)
(0.29126 -1.2904 -1.97843e-19)
(1.07099 0.0118479 -1.1342e-19)
(1.1241 -0.898386 4.13497e-20)
(1.0069 0.000334126 2.15794e-19)
(0.928425 -0.665143 1.82335e-19)
(-0.170002 0.810088 3.99157e-19)
(-0.0551394 -0.0424377 -9.11989e-20)
(0.795273 0.021551 -6.80499e-20)
(0.712262 -0.141261 -6.63318e-19)
(1.02032 0.000385898 0)
(1.33611 -0.790631 7.39756e-20)
(0.345938 -1.37821 2.80801e-20)
(0.803362 0.143504 0)
(1.09902 -0.731082 0)
(0.26449 -1.49228 0)
(1.02506 0.0160344 9.09054e-20)
(2.21763 -0.278245 0)
(1.05692 -0.0227499 3.70945e-21)
(-0.528459 1.08918 -1.89851e-19)
(-0.0949715 -0.0848587 2.82601e-19)
(0.116626 -0.0463934 1.04588e-21)
(1.46552 0.382084 1.21514e-19)
(-0.234408 -0.0234944 6.00049e-19)
(0.473421 -1.11443 0)
(0.353344 -1.41014 2.71166e-20)
(1.01929 0.021693 5.68151e-20)
(-0.158392 -0.149175 -1.8192e-19)
(0.896567 0.730038 -5.9662e-20)
(-0.0650061 -0.0605054 6.4315e-20)
(1.38481 -0.981232 -4.89707e-20)
(0.298613 -0.673426 -2.23116e-19)
(1.10723 1.24496 -9.83049e-22)
(-0.0445132 -1.42726 -1.48913e-19)
(0.910658 0.0164799 0)
(0.361033 -0.0076275 -2.81675e-19)
(1.24404 -0.156234 -1.51753e-19)
(0.041556 -1.1686 1.40196e-19)
(2.14297 0.219382 0)
(1.04572 0.0298554 2.20879e-19)
(0.319516 -1.55371 0)
(0.916664 1.33659 -3.46417e-20)
(0.996391 -0.0159086 0)
(0.889969 0.345891 -2.2956e-19)
(1.16083 -0.885263 -5.15466e-20)
(-0.0927383 -0.0738198 -2.00176e-20)
(0.942044 0.0467321 -4.46776e-19)
(1.02297 0.00365872 0)
(1.11474 0.013732 1.13295e-19)
(1.42266 -0.251557 0)
(2.07632 -0.268634 0)
(1.01626 0.0123166 -3.98752e-20)
(0.990785 0.0480777 -1.9487e-19)
(0.443082 -0.172703 1.61823e-19)
(0.106594 -0.132179 0)
(1.02283 -0.00859899 2.91284e-22)
(0.931752 -0.747003 -1.14442e-19)
(0.656579 0.368893 0)
(1.07162 -0.0263917 -2.85643e-19)
(2.02126 -0.667239 6.27865e-20)
(0.0356026 -1.42439 -1.59121e-19)
(-0.161209 0.215059 1.68248e-19)
(-0.401922 0.600339 2.66701e-20)
(-0.252644 0.904806 -1.76202e-19)
(-0.137208 -0.129152 3.9439e-19)
(0.0583444 -0.0805168 -1.23047e-20)
(0.0645174 0.17279 3.2627e-19)
(0.950969 -0.700253 2.00426e-19)
(1.11806 -0.907341 0)
(1.01152 0.0145245 -4.63467e-19)
(0.765665 0.226274 -7.4675e-20)
(1.01903 0.00148203 -1.77635e-19)
(-0.104068 -0.117814 -1.30126e-19)
(-0.210875 -0.00601535 3.5051e-19)
(1.01775 0.0229498 -2.25101e-19)
(1.26083 -1.48547 2.93436e-19)
(0.563829 -1.16019 3.43737e-21)
(1.03148 -0.00542749 -3.71147e-19)
(1.54556 0.0164482 0)
(-0.101734 0.694897 -1.46183e-19)
(-0.169792 0.771262 -4.29648e-19)
(1.43073 -0.042018 0)
(1.11916 0.0926593 0)
(1.07203 0.0224102 2.69792e-19)
(0.382822 -0.457367 1.61852e-19)
(1.18845 -0.0178057 -2.13776e-20)
(1.17612 0.643546 1.90577e-19)
(0.853859 -1.16021 -2.26735e-19)
(1.04856 0.0195487 1.28662e-19)
(-0.355832 0.467846 -1.916e-20)
(1.23154 0.161599 -4.15727e-19)
(-0.390786 0.224307 0)
(0.997874 -0.25068 -1.77137e-19)
(0.932281 -1.00232 2.34832e-19)
(1.37335 -0.539095 -1.33558e-19)
(1.02057 -0.0105764 -2.63584e-19)
(0.46138 0.445623 -1.46327e-19)
(1.48204 0.0306145 -2.82503e-19)
(-0.697104 1.11097 2.4232e-19)
(0.910765 0.0305718 -3.37753e-19)
(0.533562 0.0616395 -1.98972e-19)
(1.00929 -0.00686575 -2.19555e-19)
(0.82322 0.618538 -2.50625e-19)
(0.547987 -1.41918 -2.52165e-19)
(0.449236 -0.427852 -1.32248e-20)
(0.624647 -0.0170368 1.51891e-19)
(0.165135 -1.07189 1.08744e-19)
(1.93088 -0.46813 0)
(1.10673 -0.850547 0)
(1.32799 -0.303099 -3.23713e-20)
(0.895567 0.0636932 0)
(0.727128 -0.385284 1.81348e-19)
(-0.0593647 -0.0558614 0)
(0.996647 -0.120587 -1.63714e-19)
(1.02534 0.0122291 0)
(2.3474 0.0479033 -3.63343e-20)
(1.08414 -0.377531 3.02105e-19)
(0.976519 -0.00814249 1.93132e-19)
(1.06798 0.0893701 -2.02866e-19)
(1.42871 -0.0654121 1.49706e-19)
(1.0164 0.0274684 2.75302e-19)
(0.769911 0.843195 0)
(0.97699 0.00770279 2.2288e-19)
(1.12132 -0.0248583 4.80509e-22)
(0.10168 -1.08993 1.89637e-19)
(1.43116 1.06479 -4.79474e-20)
(1.01809 -0.011095 3.00228e-19)
(0.633107 0.298792 -1.73464e-19)
(1.94585 0.651616 0)
(0.491067 -1.27344 0)
(0.994809 -0.120715 -4.12127e-19)
(0.198568 -1.37681 0)
(0.704905 0.445333 7.23319e-20)
(1.22728 -0.930514 0)
(0.519288 0.380772 0)
(0.632445 0.576671 -5.63343e-19)
(2.15787 0.233298 2.00852e-20)
(1.02675 -0.0224207 -1.23524e-19)
(-0.107381 -0.0393323 8.22721e-20)
(1.05786 0.0623041 0)
(1.04292 -0.041229 0)
(0.307831 -1.13261 -5.67547e-20)
(-0.0309029 -1.36139 0)
(0.76766 0.493762 3.69469e-20)
(1.0463 -0.00707369 5.49242e-22)
(0.628036 0.479461 1.41077e-19)
(1.14497 0.0313904 3.05818e-20)
(1.57719 -0.561017 -1.48464e-20)
(1.09146 0.0381707 1.79486e-19)
(1.04455 0.00341553 -1.84382e-19)
(1.15726 0.219355 2.16598e-19)
(1.00987 0.0324 -4.44963e-19)
(0.230984 0.0727092 0)
(-0.239761 0.932905 -4.14671e-20)
(0.32452 -1.41877 -2.81299e-19)
(0.898298 -0.133067 -2.38755e-19)
(1.3591 0.144559 0)
(0.157548 -1.33978 1.32401e-19)
(-0.115321 -0.0185847 7.93863e-20)
(0.948282 -0.0170813 6.32075e-20)
(0.516717 -0.843498 1.95117e-19)
(1.94703 0.887299 5.05337e-20)
(0.86528 0.725314 4.60255e-19)
(0.61104 -0.916588 2.91061e-20)
(1.1031 -0.0211089 0)
(1.01121 -0.0801956 -1.22258e-19)
(0.0701914 -0.0936717 1.00074e-19)
(1.86766 0.201614 -9.62117e-20)
(2.37405 0.119356 0)
(1.88333 0.174823 0)
(1.59602 0.350013 9.41525e-20)
(0.063804 -0.122623 0)
(1.02037 0.0266867 -1.74857e-19)
(1.20253 -0.601226 0)
(1.00501 -0.00743247 1.28128e-19)
(0.662331 -0.306663 -2.11018e-19)
(0.963756 -0.0144357 4.17726e-19)
(1.90891 0.349294 -3.94733e-20)
(1.06024 -0.024621 -4.65764e-19)
(0.843725 0.0260577 5.73355e-20)
(1.54963 0.104308 6.39931e-21)
(1.06862 -0.0316039 0)
(1.05444 -0.00493098 1.41397e-19)
(-0.204211 0.833877 -2.008e-19)
(1.11662 0.0071202 -2.21476e-19)
(0.889596 0.651537 -4.99309e-19)
(0.136809 0.47656 3.70104e-20)
(2.36872 0.0941588 0)
(0.306042 -0.0409469 5.22803e-19)
(1.97827 -0.927507 0)
(-0.424533 0.9572 1.04669e-19)
(-0.147705 0.0645177 2.34114e-19)
(1.11659 -0.915388 0)
(0.729322 0.0287195 1.11112e-19)
(-0.324142 1.04795 0)
(1.33394 -0.450294 0)
(-0.042832 -0.0106307 9.03253e-20)
(0.872311 0.112785 -2.52138e-19)
(0.678761 -1.48577 2.43615e-19)
(0.949407 0.703165 -4.08672e-19)
(1.0109 0.0464884 -6.39299e-21)
(1.02172 -0.0338925 1.4022e-19)
(1.77795 0.0951378 0)
(1.05017 -0.0901952 -5.20575e-20)
(1.3677 -0.187219 6.50439e-19)
(1.02335 -0.0135551 2.92051e-19)
(1.0825 -0.0115027 1.12165e-19)
(1.91118 0.373665 0)
(1.00379 -0.00980788 0)
(1.0016 0.870721 -3.86206e-20)
(1.03647 -0.0125337 -1.70402e-19)
(1.17467 -0.448919 -8.88966e-20)
(0.429259 0.575213 2.99703e-20)
(0.855456 0.883841 0)
(1.15401 0.584847 0)
(0.0739804 0.0301529 -7.31007e-21)
(0.701704 0.295532 -2.52746e-19)
(1.6399 0.465192 -4.2096e-20)
(0.994387 0.0742224 2.57457e-19)
(0.446837 0.24563 -1.51503e-19)
(2.26931 -0.216277 0)
(2.11025 0.139779 -1.79222e-20)
(1.10051 0.0109141 -1.15959e-19)
(1.86063 0.0390108 0)
(0.798907 -0.00400792 0)
(0.735342 -0.273609 -3.6133e-20)
(0.210614 0.0418121 1.72007e-20)
(0.773865 0.000171159 1.17234e-19)
(1.13193 -0.0101804 0)
(0.837521 -0.770717 0)
(-0.174171 0.378091 -2.14211e-20)
(1.02857 0.727187 -2.58196e-19)
(0.154987 0.101491 -6.26989e-20)
(-0.262182 0.47826 2.34554e-21)
(1.93744 0.83595 1.29781e-19)
(0.994002 0.0383213 1.83125e-19)
(1.02679 -0.0476663 9.74808e-20)
(0.31666 -0.191541 -6.90855e-19)
(-0.124732 -0.129085 0)
(0.623435 -1.32824 -7.04372e-20)
(0.598566 -0.572771 -3.06987e-19)
(-0.22012 0.304121 3.14967e-19)
(0.938852 0.127127 -1.89678e-19)
(0.985411 0.355637 3.88776e-19)
(1.01181 -0.0770352 8.42594e-22)
(1.02428 0.0104387 -3.36656e-20)
(0.987155 -0.00056887 1.34301e-19)
(-0.745863 0.770463 -1.56093e-19)
(-0.163413 -0.137064 -2.10412e-19)
(-0.370855 0.438663 0)
(1.18933 0.268383 1.56543e-19)
(1.11353 0.0207577 0)
(0.928096 -0.259283 -3.30239e-19)
(0.0834846 -0.14405 -1.21145e-19)
(-0.13873 -0.0772125 0)
(1.01234 0.00690715 1.92249e-19)
(0.987577 -0.0318758 0)
(1.78781 -0.134264 1e-19)
(-0.493226 1.01996 -1.449e-20)
(0.984912 0.00641698 -4.03513e-19)
(1.07204 -1.23518 4.85266e-21)
(1.66005 0.422418 -2.97304e-21)
(0.527102 0.511985 0)
(0.774243 0.67877 1.86846e-19)
(2.36279 -0.00120623 1.78982e-20)
(-0.212195 0.170119 2.07981e-19)
(1.93814 0.237154 -5.37316e-21)
(-0.00371681 0.152452 -1.68253e-19)
(1.30277 0.478087 -1.92664e-19)
(0.291846 0.513261 3.87278e-20)
(1.67437 -1.31235 -5.09512e-21)
(0.132997 -0.12827 1.84452e-19)
(0.128789 0.126049 0)
(0.0441233 -0.0319492 0)
(0.0228554 0.057073 9.83291e-20)
(1.0024 0.00182101 -2.13527e-19)
(1.02432 0.00656879 -1.80861e-19)
(-0.256586 0.942733 -1.69382e-19)
(1.70025 -0.424248 -1.94922e-20)
(1.41475 -1.04556 7.14137e-20)
(1.11539 0.757769 0)
(0.920775 0.0637085 -5.61932e-19)
(1.65268 0.321025 -5.68568e-20)
(1.0136 -0.021062 -5.41326e-20)
(1.6788 -0.998621 4.40242e-20)
(-0.18108 0.0953202 0)
(2.42966 0.144168 -1.92148e-20)
(-0.463648 0.994337 5.75272e-20)
(-0.1739 0.0346651 -2.06361e-19)
(1.0203 -0.0485493 1.8844e-19)
(0.00298117 0.0191837 0)
(1.709 0.480724 -3.38277e-20)
(0.488869 0.296803 1.21589e-19)
(-0.00719919 0.00374917 1.07648e-19)
(1.01614 -0.0133054 2.39208e-19)
(0.699707 0.342108 0)
(0.102353 -0.140266 1.17083e-19)
(0.458801 -0.447548 0)
(0.139554 -0.140088 -3.411e-19)
(0.0532403 -0.0472232 1.07126e-19)
(0.133184 0.131399 1.79268e-19)
(-0.0136326 -0.00687724 -1.18511e-19)
(-0.182132 0.0727257 0)
(0.962067 0.3039 1.25094e-21)
(0.668549 -0.35718 -2.79994e-20)
(0.684928 -0.613395 2.19395e-19)
(1.01215 -0.00960124 0)
(-0.0184355 -0.013839 0)
(0.954406 -0.069231 2.20337e-19)
(1.502 -0.682106 -5.39055e-21)
(-0.912719 0.81018 -3.26551e-19)
(0.973131 0.0520671 -2.53735e-19)
(0.629754 -0.573872 3.92622e-19)
(1.48568 -0.70711 -1.45093e-19)
(-0.449271 0.591152 -3.71002e-19)
(1.0974 0.0765782 0)
(1.01555 -0.00637278 -2.76791e-19)
(-0.0260367 -0.0240708 0)
(0.798363 0.142196 -4.62682e-19)
(0.144361 0.143931 1.70099e-19)
(-0.0221551 -0.0182521 0)
(1.15536 0.112388 -1.78386e-19)
(1.78314 0.769154 0)
(1.08036 -0.0720796 0)
(-0.156771 -0.0984118 1.99223e-19)
(-0.641451 0.643835 -7.86518e-20)
(-0.0263631 -0.0263784 -1.29453e-19)
(0.0478748 -0.0432945 1.0686e-19)
(0.120009 0.108891 0)
(0.973347 -0.0896096 -2.70142e-19)
(0.140599 -0.140727 -1.69035e-19)
(0.138653 0.134064 -3.44763e-19)
(0.196293 0.189705 1.34547e-19)
(0.958416 0.028575 6.78178e-19)
(0.180533 0.172044 -1.4481e-19)
(-0.0289102 -0.028714 1.25151e-19)
(0.143412 0.143661 -3.33208e-19)
(0.192335 -0.190949 -2.58554e-19)
(0.0684914 -0.0641942 0)
(-0.0229824 -0.0212194 2.51448e-19)
(-0.236986 0.852308 4.76303e-19)
(0.148263 0.145875 0)
(1.46449 -0.842033 0)
(-0.183031 0.0304093 0)
(0.196851 -0.0432455 -3.96525e-20)
(0.21477 0.211206 2.05983e-21)
(0.0526051 -0.0508731 -5.91094e-20)
(0.035243 -0.00612842 1.1545e-19)
(0.188922 0.183685 -1.40478e-19)
(0.161984 -0.157043 0)
(-0.0242715 -0.0242452 1.34764e-19)
(0.0629262 -0.0665141 1.7593e-21)
(-0.159141 0.0041718 -2.24322e-19)
(1.18945 1.34391 5.98129e-20)
(0.566565 0.28254 4.30182e-19)
(0.0623631 -0.0574308 -1.0338e-19)
(-0.0301068 -0.0292772 0)
(0.21195 0.21169 0)
(0.179617 -0.178274 -5.86246e-20)
(0.0427904 -0.0486574 -7.83412e-20)
(2.29322 0.560519 4.99386e-20)
(1.63836 -0.572132 -5.61116e-19)
(0.195075 0.198539 2.65868e-19)
(-0.0349766 -0.0113594 9.55103e-20)
(0.043156 -0.0399296 1.11434e-19)
(-0.0310984 -0.0302025 -3.77666e-19)
(0.212427 -0.21153 2.18674e-19)
(-0.330602 0.618361 1.80238e-20)
(0.0684824 -0.0702558 0)
(0.139801 -0.136842 -3.52144e-19)
(0.942953 -0.0576733 0)
(1.50282 -0.318432 0)
(0.558478 -0.488947 -3.68406e-19)
(0.122991 -0.946053 -1.27509e-19)
(0.186098 -0.179214 1.21538e-19)
(1.00689 0.0244234 1.89071e-19)
(0.880242 -0.0907068 2.58789e-19)
(0.41084 -0.396706 5.12987e-19)
(1.97241 -0.233831 7.50377e-20)
(0.220866 0.209273 1.14621e-19)
(0.850287 0.584888 0)
(0.645888 -0.561127 1.6327e-20)
(-0.0317013 -0.0320086 1.25436e-19)
(0.41756 0.0852695 2.21153e-20)
(1.04786 -0.110869 7.84403e-20)
(1.07695 -0.241079 0)
(0.938789 -0.120999 6.36688e-19)
(0.0702287 -0.0697344 0)
(-0.0537501 0.787482 0)
(1.15343 -0.200927 1.69733e-19)
(1.1644 0.366295 2.34536e-19)
(1.11183 0.0043441 0)
(-0.839497 1.02511 1.71751e-19)
(-0.593124 0.636898 -5.20293e-20)
(1.03721 0.0124286 -2.60301e-19)
(-0.173144 -0.100513 0)
(1.17169 -0.195543 0)
(1.28257 -0.216592 0)
(0.111481 0.111771 4.44375e-19)
(-0.0272556 -0.0276334 0)
(0.191211 0.181302 1.30753e-19)
(0.177588 -0.164265 0)
(0.0206459 -0.0259904 -6.97322e-20)
(-0.0236509 -0.0237492 0)
(0.666522 0.354577 1.27131e-19)
(0.839838 -0.406285 -5.14911e-19)
(0.0276311 -0.0336791 1.00475e-21)
(-0.169031 -0.150438 -3.6106e-19)
(0.264294 -0.254798 0)
(0.240654 0.228644 0)
(-0.488804 0.790233 2.70236e-19)
(0.945342 0.0707869 4.21891e-21)
(1.0948 -0.346132 -1.77519e-19)
(0.0353335 -0.0415919 2.20662e-19)
(-0.0182981 0.138685 2.62484e-19)
(1.0693 0.150509 2.62284e-19)
(-0.681633 0.723918 0)
(-0.0264915 -0.0268527 3.92478e-22)
(-0.185524 -0.0294708 -1.95602e-22)
(-0.100029 0.0406306 0)
(1.89769 0.00690759 -8.82455e-20)
(1.03569 0.155754 0)
(0.998431 -0.0630447 3.12727e-19)
(-0.8003 0.409482 0)
(0.24082 -0.224107 -4.40761e-21)
(1.0109 -0.01181 1.64461e-19)
(0.568111 0.184293 4.01665e-19)
(1.36585 -0.763952 1.30799e-19)
(0.306304 0.286349 1.88999e-22)
(1.65484 0.544367 0)
(0.950866 -0.566274 6.47673e-20)
(1.87069 -0.880728 2.43216e-19)
(0.0139264 -0.0198769 1.33549e-19)
(1.81395 -1.01976 2.78016e-20)
(2.44142 0.472994 4.62945e-20)
(0.00864648 -0.0109191 -3.86877e-20)
(1.02294 0.0370769 2.44648e-19)
(-0.195834 0.0386666 -1.44566e-19)
(0.331514 0.308423 0)
(-0.0264156 -0.0269562 0)
(0.25464 0.240987 1.02141e-19)
(0.308801 -0.287716 -1.84798e-19)
(0.00725081 -0.0087764 1.37072e-19)
(1.07337 -0.75774 -6.12169e-20)
(0.00541013 0.522961 1.298e-20)
(0.348522 -0.330283 0)
(0.00344429 -0.00667506 0)
(0.273868 0.25943 0)
(-0.0321572 -0.0256735 -8.24058e-20)
(0.286754 -0.283364 0)
(-0.0298487 -0.0326513 -2.2917e-19)
(0.293532 0.276326 -8.00506e-20)
(-0.00364838 -0.00433455 0)
(0.267354 -0.261047 0)
(-0.547174 0.768655 0)
(-0.0188298 0.00560808 0)
(-0.0364854 0.0214354 -3.87567e-20)
(-0.20616 -0.143349 0)
(1.00191 -0.0043493 2.5368e-19)
(0.490905 -0.45711 2.03599e-20)
(-0.081539 0.0530351 -6.77973e-20)
(-0.0372821 -0.0255049 4.2553e-19)
(0.369636 0.339473 -9.07593e-20)
(1.69026 0.403573 0)
(-0.269139 -0.00105946 0)
(-0.21078 -0.125928 3.47849e-20)
(-0.128109 0.0981897 0)
(0.381886 -0.36207 0)
(-0.0616978 -0.0440014 0)
(0.418788 0.379599 0)
(-0.0971659 -0.0793951 2.59379e-19)
(0.494908 0.458157 -1.7297e-20)
(-0.163459 0.152507 -3.23733e-19)
(0.571066 -0.530909 -1.24242e-19)
(1.17711 0.143943 0)
(0.983677 0.346742 1.11786e-19)
(-0.709904 0.829216 -1.77752e-19)
(1.04613 0.0659675 -2.40337e-19)
(1.49842 -0.0457423 0)
(0.832152 0.290317 3.19335e-20)
(1.36152 -0.473693 1.22534e-19)
(0.955703 0.01648 0)
(0.409569 0.848709 3.57005e-19)
(-0.648099 0.509211 -5.81205e-20)
(-0.0243214 -0.021407 -1.70413e-22)
(-0.575164 1.0381 0)
(1.10524 -0.159603 -2.09167e-19)
(0.379498 0.249215 4.3091e-19)
(2.20499 -0.164411 8.27527e-20)
(1.33859 -0.469716 -7.28883e-20)
(1.57408 -0.721798 -4.65568e-22)
(0.0158411 0.111845 -9.67071e-20)
(2.01728 0.276616 5.28119e-22)
(1.90589 -0.655292 2.26715e-19)
(1.05049 0.0966315 -3.29152e-20)
(-0.117534 0.77017 2.17539e-19)
(1.10662 -9.15032e-05 0)
(2.42006 -0.076609 -1.79738e-20)
(0.139658 0.11096 -2.42839e-21)
(1.27188 -0.222866 0)
(0.124304 -0.11238 -5.87735e-19)
(0.057436 -0.0615966 0)
(0.514381 -0.472638 0)
(1.9588 0.661035 -3.22018e-20)
(0.895216 -0.410993 0)
(1.89048 0.120055 1.06265e-19)
(-0.0183486 -0.0196582 2.36439e-19)
(0.268619 -0.273522 8.32718e-20)
(1.0159 -0.0425153 0)
(0.650575 0.435765 0)
(-0.141412 -0.13998 1.93603e-19)
(-0.101068 -0.0952415 1.25547e-19)
(1.02665 0.270217 -2.34071e-19)
(0.299085 0.297351 -1.96388e-19)
(1.02757 0.0237559 -8.93193e-21)
(2.42121 0.0677628 0)
(-0.195735 -0.0588721 2.58009e-19)
(-0.0677936 -0.0617611 0)
(0.642381 0.107708 3.38889e-19)
(0.969856 0.174127 -5.03393e-20)
(0.671144 -0.568616 -1.83278e-19)
(0.999407 0.143423 3.53564e-19)
(0.995972 0.0117647 0)
(1.35176 -0.471425 -1.84578e-19)
(1.90712 -0.09977 0)
(0.550686 0.506194 0)
(-0.362339 0.529907 0)
(0.0737215 0.211199 -4.07638e-20)
(0.33489 0.286332 2.46103e-19)
(-0.141092 0.0953749 0)
(1.13701 0.0804384 1.57248e-19)
(1.02392 -0.215036 0)
(0.521144 0.0179513 1.61824e-19)
(0.362388 -0.126152 2.12999e-19)
(-0.285575 0.346276 2.1636e-19)
(-0.0266139 0.346788 -3.08078e-19)
(0.97878 -0.0130671 1.04938e-21)
(1.49017 -0.571702 1.28564e-19)
(1.61813 -1.05797 -3.39281e-20)
(0.0438391 0.0802495 9.28337e-20)
(0.898342 -0.592844 0)
(-0.819877 0.646226 0)
(0.0753895 -0.116109 0)
(1.32762 -0.0927115 1.51503e-19)
(-0.571742 1.01636 -1.05127e-19)
(0.285356 -0.263435 -1.67665e-19)
(1.72121 0.0539089 -6.60146e-21)
(0.831393 0.54209 -7.44718e-20)
(0.840606 0.275619 3.75447e-21)
(0.959187 0.240828 6.91569e-20)
(1.5858 0.156292 -4.42484e-20)
(-0.201122 -0.151983 1.44243e-19)
(-0.216036 0.44739 0)
(0.920321 0.00581952 0)
(-0.113306 0.452829 1.57795e-19)
(0.155436 0.154045 0)
(2.00435 0.5415 0)
(-0.334178 0.795717 1.23376e-19)
(0.572175 0.493605 -2.35657e-19)
(0.468006 -0.366633 2.95886e-19)
(-0.167111 -0.112874 0)
(1.42322 0.949425 -3.73896e-20)
(1.06458 0.0106558 0)
(-0.393584 0.658283 -5.47045e-19)
(-0.333764 0.980251 -1.84065e-19)
(1.25791 -0.385618 7.47258e-20)
(0.468354 0.441102 5.28143e-19)
(0.719868 -0.208619 2.18245e-19)
(-0.226775 0.973539 0)
(1.14149 0.0650091 1.66393e-19)
(1.02859 0.591752 -1.03289e-19)
(-0.172617 -0.156727 0)
(0.694647 -0.230938 0)
(1.33931 0.869588 8.87325e-20)
(0.0509291 -0.0563623 -1.60388e-19)
(1.84858 -0.958255 -1.30852e-19)
(1.59041 0.651438 0)
(0.375848 0.262803 7.50546e-20)
(0.792495 0.462819 0)
(0.0345531 0.495314 -2.49169e-19)
(1.30496 0.937034 -1.12283e-19)
(1.56423 0.979159 -1.53665e-19)
(0.203092 -0.71709 1.525e-20)
(0.133584 0.513243 3.97748e-21)
(-0.158206 -0.235989 -1.51972e-19)
(1.0295 0.0791085 2.45706e-19)
(0.468242 0.826345 0)
(0.985562 0.203603 3.50499e-21)
(1.76978 0.453567 1.33216e-20)
(1.51855 -0.827986 5.54337e-20)
(1.26475 -0.27936 -1.09525e-19)
(1.64198 -0.265573 3.9905e-20)
(-0.179095 -0.149818 8.0659e-20)
(0.607789 0.548207 7.43505e-20)
(0.193669 -0.0778353 3.13275e-19)
(2.42255 0.276305 -3.49328e-20)
(1.3336 1.14495 2.22424e-20)
(2.1709 0.151835 4.73132e-20)
(0.910011 0.625017 1.44721e-19)
(-0.560771 0.942265 3.78082e-19)
(1.02797 0.425309 -6.8496e-20)
(0.981452 0.276603 -1.53406e-19)
(-0.265849 0.367411 -1.1408e-19)
(0.132597 -0.103982 0)
(1.00228 0.00226524 5.28379e-19)
(1.14109 0.0727031 0)
(0.892065 0.585555 -1.46867e-19)
(1.50257 0.688482 -2.8136e-20)
(-0.200599 -0.107315 -2.01071e-20)
(1.86741 -0.359446 0)
(1.15023 -0.355441 0)
(1.71821 -0.0941607 1.59523e-19)
(0.627257 0.498828 1.54933e-19)
(1.07446 -0.308051 0)
(-0.166096 -0.0661103 -2.69874e-19)
(0.933473 -0.0731776 -2.48525e-19)
(0.810028 -0.672499 -6.52928e-20)
(-0.225391 0.587068 2.73866e-19)
(0.0261047 0.0684361 -1.08206e-19)
(-0.130194 -0.144666 -3.11073e-19)
(0.115757 -0.0576851 -1.89398e-19)
(-0.131279 0.452909 1.78897e-20)
(0.819016 -0.280024 -1.42349e-19)
(1.76266 1.44973 9.95591e-20)
(0.675462 0.00784019 0)
(0.803095 0.13247 3.17508e-19)
(1.19775 -0.343511 4.42183e-21)
(0.985825 -0.121019 -5.06436e-21)
(0.61033 0.545792 1.84346e-19)
(1.9255 0.217071 2.2395e-20)
(2.07091 -0.353836 1.47974e-19)
(1.06332 -0.0164733 4.0992e-20)
(0.822377 -0.362451 1.42023e-19)
(0.494684 -0.183842 0)
(0.00518635 0.0249807 1.10064e-19)
(0.969572 0.110804 1.62504e-19)
(1.11766 0.7197 1.04631e-19)
(-0.00799997 0.0038093 2.35303e-19)
(1.03883 -0.599525 2.63867e-19)
(0.127064 -0.115838 0)
(1.81685 0.922102 0)
(0.235841 0.231969 3.50946e-19)
(1.62712 0.59922 0)
(0.0316006 -0.0200687 0)
(0.972256 -0.61481 -2.3321e-19)
(-0.0190281 -0.0100649 3.57779e-19)
(-0.0919341 -0.0140429 9.83227e-20)
(1.09342 -0.016237 4.8288e-20)
(1.58385 1.07499 -1.08956e-23)
(0.955927 -0.0289028 -1.74704e-19)
(0.129882 -0.12719 8.51127e-20)
(1.05442 0.152377 -1.82026e-19)
(0.0519856 -0.050649 3.42964e-19)
(1.06066 0.378617 0)
(0.238475 0.237505 -1.80728e-19)
(-0.250478 0.978633 1.54665e-19)
(2.01112 0.386538 0)
(0.362357 0.252501 -2.67444e-19)
(0.00812359 0.0707564 1.00135e-19)
(-0.182418 0.485151 0)
(-0.129234 -0.123754 -6.38302e-20)
(0.227055 -0.223084 0)
(0.992869 -0.713359 0)
(0.0784488 -0.0712584 2.17758e-19)
(0.565072 -0.535342 4.32135e-19)
(-0.025606 -0.0208217 -2.23055e-19)
(-0.0867474 0.512604 -2.01996e-19)
(0.238629 -0.240664 -1.71936e-19)
(0.245517 0.240454 5.31967e-19)
(0.610331 0.52747 -2.07734e-19)
(-0.570011 0.836243 -1.1377e-19)
(-0.0220188 -0.0220223 0)
(-0.172103 -0.0804957 2.19463e-19)
(1.03651 -0.124659 -3.16162e-19)
(0.0957514 -0.084101 1.01051e-19)
(1.60299 -0.499769 8.2081e-21)
(1.48581 0.184624 0)
(2.24467 0.286779 -5.51777e-22)
(0.950064 -0.0292089 0)
(-0.0348969 -0.0347657 0)
(0.213518 0.217844 0)
(0.968304 0.0826415 0)
(1.095 -0.237933 0)
(0.990559 0.117303 -3.27041e-19)
(0.239941 0.239884 -1.70687e-19)
(-0.347094 0.786676 -1.66175e-19)
(-0.0314957 -0.0280631 2.51251e-19)
(0.96899 -0.179696 1.62372e-19)
(0.761023 -0.348344 0)
(0.0275541 0.493066 -3.32926e-19)
(1.01398 -0.0108544 -2.06172e-19)
(-0.264122 0.457993 7.59974e-19)
(-0.0439647 -0.0429241 0)
(-0.0491378 -0.0443609 -1.47629e-19)
(0.287046 0.268259 -1.10021e-21)
(0.258664 0.245083 0)
(-0.0402466 -0.0396921 1.35108e-19)
(-0.0130346 0.272946 2.19953e-19)
(1.29543 -0.482478 1.56758e-19)
(1.73726 -0.379848 9.86015e-21)
(0.782188 0.328677 -2.0122e-19)
(1.04675 0.0489405 0)
(0.337837 0.328606 -2.58675e-19)
(-0.542746 0.969724 2.47379e-19)
(0.319027 0.310162 -4.25661e-19)
(0.314234 0.30479 1.35338e-19)
(0.317074 0.31643 0)
(0.107815 -0.0986136 5.53237e-20)
(0.062656 -0.0634041 0)
(-0.0469475 -0.0465259 3.4553e-19)
(-0.0502031 -0.0488699 2.92865e-19)
(0.479628 -0.356328 6.30021e-19)
(1.01091 -0.798897 -6.78816e-21)
(0.344942 0.344831 0)
(0.0994333 -0.0949693 2.42671e-19)
(0.23366 -0.236362 3.51557e-19)
(1.23598 0.146967 -5.46926e-21)
(0.340487 0.340482 0)
(1.0243 0.347678 -1.17617e-20)
(-0.862039 0.538879 6.86879e-21)
(1.41159 -0.109293 -3.61936e-20)
(-0.0489717 -0.0480248 0)
(1.21528 0.78396 0)
(0.105854 -0.110211 -2.68517e-19)
(0.333312 -0.335077 -2.48903e-19)
(0.270974 -0.243611 1.90112e-20)
(1.97559 0.31957 -1.83427e-20)
(1.10778 0.354539 -1.46697e-19)
(0.309514 -0.300053 -2.55317e-19)
(1.03386 -0.0202207 3.55809e-19)
(1.00701 0.0830163 0)
(1.71301 0.511627 4.45249e-21)
(1.08427 0.020328 1.25693e-19)
(0.967355 -0.277128 1.12319e-20)
(1.39004 -0.490299 0)
(1.21129 0.190114 -1.27479e-19)
(1.98941 0.499871 -8.47444e-20)
(0.114349 -0.108726 0)
(-0.180173 0.105777 2.46852e-19)
(1.75874 0.57481 0)
(1.00332 -0.00103883 5.65401e-20)
(0.332643 -0.321859 -1.17868e-19)
(1.00524 0.00516453 5.79928e-19)
(0.394063 0.620471 0)
(1.24855 -0.945101 0)
(-0.0504011 -0.0505959 1.26964e-19)
(0.0430811 0.0606207 0)
(1.08175 -0.0223163 7.54156e-20)
(0.554822 0.442474 6.44997e-20)
(0.7198 -0.0193796 -4.8074e-19)
(0.112382 -0.111993 0)
(-0.0333293 0.649381 2.57508e-19)
(-0.472658 0.864314 0)
(1.86682 0.837687 0)
(-0.0800951 -0.0828586 0)
(-0.0772173 -0.0850478 1.32209e-19)
(1.73066 0.794554 4.7294e-20)
(1.02227 0.0619427 0)
(0.0114697 0.0514968 1.2319e-19)
(0.0609001 -0.0716973 0)
(1.38203 1.17841 0)
(1.62295 -0.770126 -3.75177e-20)
(0.391471 0.367776 2.28427e-19)
(-0.223869 -0.222928 -3.22141e-19)
(-0.0488698 -0.050773 -1.35834e-19)
(0.75236 0.202714 -3.35331e-19)
(1.0515 0.290484 0)
(0.393375 0.0234514 1.62966e-19)
(1.58051 1.51926 0)
(0.904672 -0.0509282 3.40901e-19)
(0.238453 0.128875 -1.68621e-19)
(0.411681 0.389304 -1.13789e-19)
(0.753394 0.267588 1.97631e-19)
(0.084114 -0.0132567 2.04052e-19)
(2.05122 0.72612 2.17006e-19)
(0.211403 -0.206911 1.9236e-19)
(-0.0480019 -0.047281 3.08373e-19)
(1.48119 -0.416077 -7.52671e-20)
(0.096975 -0.103767 8.72044e-20)
(-0.0185926 -0.0185588 0)
(-0.0986989 -0.0583321 -5.63774e-20)
(0.0360183 -0.0462321 7.23085e-20)
(1.02196 -0.179686 0)
(0.401955 -0.36849 1.14682e-19)
(0.262138 0.25719 1.58715e-19)
(0.254361 0.254622 -3.54181e-19)
(0.860004 0.305252 0)
(0.368187 -0.368346 -2.02404e-19)
(1.74717 0.508174 0)
(1.16043 0.819124 -5.09849e-21)
(-0.0465829 -0.0487345 1.53817e-19)
(0.900363 -0.030022 0)
(0.606078 0.571002 -2.26813e-19)
(1.02101 -0.0147648 -2.62391e-19)
(1.09495 -0.0165477 -1.28061e-19)
(0.492156 -0.198913 2.04091e-20)
(1.79344 0.164259 1.22552e-19)
(1.04908 0.0203377 -3.44288e-19)
(1.77471 0.0761548 -4.56008e-21)
(-0.162062 -0.16563 2.1578e-19)
(0.0471788 -0.059564 -1.4709e-19)
(-0.0936771 0.0201955 -1.31082e-19)
(1.31237 -0.34126 7.3157e-20)
(0.0244969 -0.0357783 6.86548e-22)
(1.1082 0.00642385 -1.48327e-19)
(0.434395 -0.419386 7.15412e-20)
(-0.116264 -0.110753 3.7864e-19)
(0.243161 -0.23432 0)
(0.115381 -0.119855 2.2622e-21)
(1.62905 1.01695 0)
(0.86699 0.017793 -1.40441e-19)
(0.0262342 0.576149 -2.26617e-19)
(-0.0859754 0.382782 -1.83872e-19)
(0.319361 0.899146 0)
(0.437819 0.411747 -3.14161e-19)
(0.0732303 -0.0846783 8.04586e-20)
(0.325735 0.54963 -1.25713e-19)
(0.555795 0.540508 -1.33677e-19)
(1.03526 -0.0279383 0)
(0.409768 -0.280294 -1.48896e-19)
(1.72502 -0.303155 -8.06851e-21)
(-0.453098 0.956982 0)
(-0.0484069 -0.0496324 -1.34346e-19)
(0.719305 -0.979695 7.35283e-21)
(0.313798 0.670113 1.73482e-19)
(1.8151 -0.321333 7.36885e-21)
(0.483704 -0.443467 -1.43173e-19)
(-0.308178 0.636593 1.12123e-19)
(0.0136133 -0.0241146 -7.9325e-20)
(0.542823 0.459506 -3.61744e-19)
(0.578901 0.529366 -2.09605e-19)
(0.531519 0.49267 5.81924e-21)
(0.0125296 -0.0132535 3.69118e-20)
(-0.0355401 -0.0365896 -1.6599e-19)
(1.01213 0.0249979 1.72375e-19)
(0.277224 -0.267536 0)
(0.465454 0.437396 0)
(0.515904 -0.481962 1.18254e-19)
(0.00678955 -0.0112447 -1.36336e-19)
(0.0401627 0.122321 -5.65819e-20)
(1.96804 -0.191873 2.71929e-20)
(0.49972 0.46339 0)
(0.495655 -0.490894 0)
(-0.000706331 -0.00644974 0)
(1.14295 0.0476798 9.56555e-20)
(0.644117 0.576752 0)
(-0.0198854 0.000110026 1.34776e-19)
(0.212288 0.215356 -6.53836e-19)
(-0.0489001 0.022043 3.80818e-20)
(1.20786 0.432513 5.70264e-20)
(-0.0362118 -0.0356134 -1.77278e-19)
(1.15044 0.491534 -1.10095e-19)
(0.153377 -0.135141 -2.6846e-19)
(-0.103711 0.0511021 2.26275e-19)
(0.1135 -0.0826873 -3.04249e-19)
(-0.085078 -0.0474426 -2.9387e-19)
(0.725291 -0.680485 0)
(-0.164522 0.10378 -1.35605e-19)
(0.730817 0.636404 0)
(-0.0161769 0.113124 1.05228e-19)
(1.58704 0.895036 -2.66132e-20)
(0.740228 0.412438 -3.9186e-20)
(-0.213598 0.14662 7.30856e-20)
(0.899757 -0.73499 0)
(-0.126069 -0.0719722 2.78242e-19)
(0.84955 0.714496 8.53512e-21)
(0.383136 0.366753 -2.61729e-19)
(0.358273 -0.253902 5.01153e-19)
(0.546636 0.484823 1.76597e-19)
(1.00862 0.000463192 0)
(0.480792 0.452456 0)
(1.77623 0.498404 0)
(1.02496 0.00334509 0)
(0.16067 -0.159456 -8.42337e-20)
(0.740776 -0.593933 4.04317e-19)
(-0.052347 -0.0378404 -3.13957e-22)
(1.37283 -0.05196 3.13429e-19)
(0.412205 -0.379385 2.52668e-19)
(1.96341 0.118206 0)
(1.39217 -0.342366 0)
(0.419085 0.560948 -2.91976e-19)
(0.434368 -0.123532 0)
(1.83111 0.335475 2.2814e-20)
(0.547836 -0.169272 -2.27407e-20)
(0.70965 0.656857 2.99531e-19)
(1.19682 0.26849 1.19151e-19)
(0.0867051 -0.0951102 0)
(0.142426 -0.158316 8.12228e-20)
(-0.0413969 -0.0451381 0)
(0.0940062 0.379483 2.22545e-19)
(0.632252 -0.00108747 5.71367e-22)
(0.73405 0.367802 0)
(1.02987 0.0190375 1.65776e-19)
(1.32241 -0.249382 1.23873e-19)
(1.01864 -0.00398651 -3.91708e-22)
(0.31122 -0.292794 1.50558e-19)
(0.304 0.298645 0)
(-0.0810529 0.00293181 0)
(-0.193227 -0.093579 7.9173e-20)
(1.53492 0.210249 2.39271e-19)
(0.699072 1.13962 -8.83045e-20)
(0.134531 0.125172 0)
(1.03225 -0.012602 5.54719e-19)
(1.45512 -0.994477 3.16925e-20)
(-0.0568988 -0.0180574 2.83622e-19)
(-0.0870472 -0.0345935 -1.95902e-19)
(0.26456 0.467914 1.50616e-19)
(-0.0375282 -0.0379792 2.44316e-19)
(2.23651 -0.519748 0)
(0.354636 -0.312614 -3.21561e-19)
(1.06562 -0.0258796 -6.37371e-20)
(1.00992 -0.000255869 -2.37154e-19)
(1.00622 -0.17118 3.27599e-20)
(1.38676 0.487636 1.74343e-20)
(1.02567 0.0244274 -1.85938e-19)
(1.34783 -0.213996 0)
(-0.0866036 -0.0883184 -2.18235e-19)
(-0.482291 0.481377 -1.92687e-19)
(0.00432947 0.0667401 7.67758e-20)
(0.334557 0.314383 -1.63482e-19)
(0.0714204 -0.101893 0)
(-0.0263821 0.00956295 0)
(1.75139 -0.766646 -1.2262e-19)
(1.0142 0.0963123 1.83396e-20)
(-0.297537 0.613823 1.99713e-19)
(-0.0597961 -0.0533735 -2.36733e-19)
(1.01824 0.0232777 -4.86895e-22)
(0.741555 -0.700435 -5.91496e-20)
(1.1137 -0.0521371 1.50762e-20)
(1.02124 -0.00392505 -8.9239e-20)
(-0.0449856 -0.0450807 0)
(0.969047 0.664752 4.48696e-19)
(0.769159 -0.203656 0)
(0.388517 -0.359328 0)
(-0.0455126 -0.0496486 2.60625e-19)
(1.02754 -0.0145366 2.98234e-19)
(0.521726 -0.490681 0)
(0.796769 0.727499 4.48569e-21)
(-0.206395 0.62038 -1.5655e-19)
(0.0369304 -0.0621492 6.75932e-20)
(0.329301 0.167175 2.29214e-19)
(1.41966 -0.222704 -2.45056e-20)
(1.84351 0.142438 -1.94212e-19)
(1.62944 -0.258156 -1.80322e-20)
(0.972869 0.589176 1.51255e-19)
(1.04133 0.230738 2.14145e-19)
(0.0413255 0.174722 -5.85924e-20)
(-0.436554 0.673196 2.12559e-19)
(1.69166 0.540086 0)
(0.175733 0.237536 5.26216e-20)
(1.42058 -0.445843 1.45196e-19)
(0.0732275 0.0476355 0)
(1.83468 1.17886 1.08935e-19)
(1.02649 -0.00129516 3.94024e-20)
(-0.247821 0.936969 0)
(1.03169 0.119103 -1.68192e-20)
(0.643504 -0.203168 0)
(0.554937 -0.529722 -4.62358e-20)
(1.02277 0.203912 2.28872e-19)
(0.83529 0.465639 2.89459e-19)
(0.778775 0.42199 4.09054e-20)
(1.02031 -0.00307565 0)
(-0.562827 0.88853 -1.51238e-19)
(1.6541 -1.00567 1.16066e-19)
(1.01473 0.79482 5.86592e-21)
(-0.137507 -0.128488 2.21593e-19)
(2.01819 0.0241367 1.60866e-19)
(0.000681594 -0.0103798 5.79555e-20)
(0.82831 0.280279 0)
(0.854765 0.507764 0)
(-0.0277655 -0.00973999 2.07565e-19)
(1.0333 -0.153184 0)
(-0.0368514 0.597601 4.25737e-21)
(0.187699 -1.30123 -2.38509e-19)
(-0.0425566 -0.00281594 6.41949e-22)
(1.68573 -0.531927 -4.15234e-21)
(1.36983 -0.369828 -4.60373e-21)
(0.525489 0.283185 0)
(1.03015 0.0075135 -4.58732e-19)
(0.772952 0.697684 1.96603e-19)
(0.351454 0.648932 -3.46093e-19)
(1.16684 -0.884233 9.22596e-20)
(0.585526 0.0779656 2.54635e-21)
(0.0127727 0.615404 -1.73939e-19)
(1.07993 -1.18443 -5.17585e-20)
(0.925775 0.13571 1.81754e-19)
(0.0156641 0.178977 0)
(0.536937 0.173687 0)
(0.967974 -0.0629552 -3.24112e-19)
(1.09209 0.634672 0)
(0.843998 -0.32628 3.07244e-19)
(-0.299006 0.461247 0)
(1.56032 -0.333462 -6.84032e-20)
(0.0652747 -0.100195 -1.58843e-19)
(1.83919 0.782858 0)
(-0.0245461 0.00753557 0)
(1.59657 0.182142 6.22123e-22)
(-0.391309 1.04626 0)
(-0.456375 0.760532 -2.02644e-19)
(0.946267 0.627158 -1.4878e-19)
(2.17222 -0.173177 -2.61219e-20)
(0.201628 -0.1756 1.73722e-19)
(-0.209691 0.1526 8.52042e-20)
(1.94511 -0.342206 0)
(0.228196 -0.110768 -2.76946e-19)
(-0.0248228 -0.000504201 0)
(1.0852 -0.160583 -1.30875e-19)
(0.0275763 -0.143641 -3.97751e-19)
(-0.264992 0.490551 2.39434e-19)
(1.29829 0.0816041 7.75943e-20)
(1.85573 -0.173208 5.21167e-20)
(0.435617 0.420141 0)
(0.695886 -0.282383 -9.74778e-20)
(-0.63054 0.930397 2.39982e-19)
(1.02764 -0.302974 0)
(1.05605 0.601274 0)
(-0.105528 -0.0558609 -2.32023e-19)
(1.73105 -0.0634114 -1.81019e-19)
(0.872019 -0.226989 -1.06692e-19)
(1.46681 0.347858 3.12007e-19)
(2.09496 -0.252954 -1.20908e-19)
(0.955889 0.309532 -9.90074e-20)
(1.08827 0.67311 -2.35493e-19)
(1.95433 -0.31475 7.41295e-20)
(-0.0152932 0.00631 -1.33946e-19)
(1.02918 0.0101693 3.2535e-19)
(1.65505 0.189666 8.72039e-21)
(1.31031 0.288175 -1.57381e-19)
(1.0145 0.0589467 9.08605e-21)
(-0.0516786 0.697811 1.59186e-19)
(-0.461422 1.03227 0)
(-0.266763 1.00076 0)
(0.631138 0.223831 0)
(1.78575 -0.194869 5.63632e-20)
(-0.0259592 0.0476087 -2.26929e-19)
(0.504937 0.414718 0)
(-0.0809868 -0.0795882 1.449e-19)
(1.59777 -0.349735 -4.73641e-20)
(-0.0839235 -0.062525 -2.368e-19)
(1.03305 0.698265 2.80467e-19)
(1.0391 0.305781 5.01261e-20)
(-0.115509 0.592447 9.36608e-20)
(0.901441 0.801096 -2.60822e-19)
(1.21264 -0.270982 7.15185e-20)
(0.961928 0.0133799 -2.97612e-19)
(1.07448 -0.0398303 -1.06169e-19)
(0.786396 0.301238 0)
(0.116117 -0.0533954 0)
(1.18072 -0.154201 5.89761e-20)
(1.38573 -0.276496 -1.39909e-19)
(-0.296567 1.0171 -2.40252e-22)
(1.06482 0.2635 2.49337e-19)
(1.29776 1.04259 0)
(0.623337 0.0818804 -5.50994e-20)
(-0.176489 0.807189 -3.2735e-20)
(0.748084 -0.287815 4.07154e-19)
(0.772968 -0.261903 -1.35221e-19)
(1.6708 0.191266 1.41111e-19)
(-0.11755 0.646021 1.09057e-19)
(-0.325324 0.610211 -1.07935e-19)
(0.496582 0.482867 5.16473e-19)
(-0.110605 0.75023 -3.76887e-19)
(1.5888 0.0674962 -1.14335e-19)
(1.34328 0.272452 2.6336e-19)
(-0.0595138 0.0315084 -2.309e-19)
(0.582251 0.420625 -3.61844e-19)
(0.900617 0.510223 0)
(0.126484 -0.141916 -9.21512e-20)
(0.04626 -0.00778676 -2.59688e-19)
(-0.0129746 -0.0344045 -1.64143e-19)
(0.0901224 -0.115101 -8.89366e-20)
(1.09734 0.0356782 -9.61177e-20)
(-0.0221533 0.107127 -1.13158e-19)
(0.918869 0.545918 1.32118e-19)
(1.43325 0.849495 6.84859e-20)
(0.725166 0.669502 0)
(1.00971 0.659304 0)
(-0.0979458 0.0383404 -1.04812e-19)
(-0.157084 0.720237 0)
(0.961097 0.55234 -1.35333e-19)
(-0.0326326 0.0197478 0)
(1.58999 0.933924 3.11089e-20)
(0.678476 0.00813048 6.79228e-19)
(-0.0779931 -0.0731238 -6.29706e-22)
(0.0436526 -0.118194 0)
(0.553032 0.522557 0)
(-0.318899 1.03144 1.7689e-19)
(0.0773779 -0.0447617 9.93388e-20)
(1.81073 -0.274789 -1.92365e-20)
(-0.0230385 0.250937 2.16752e-19)
(0.559413 -0.0338997 -5.67669e-19)
(2.15503 -0.289779 4.28702e-20)
(1.6511 -0.165542 -2.3898e-20)
(0.130995 -0.159389 -8.30692e-20)
(0.357965 -0.340602 -3.79304e-19)
(0.153988 -0.162078 1.5019e-19)
(0.00755029 0.098441 0)
(0.780116 0.711712 2.89806e-20)
(1.41158 0.273834 -3.12929e-19)
(-0.0874923 -0.0820644 3.97047e-22)
(0.570227 -0.119446 0)
(0.630097 0.591647 -3.38468e-20)
(0.472015 -0.458672 2.76929e-19)
(0.0997291 -0.0406467 -8.18908e-22)
(0.397043 0.383855 -3.95202e-19)
(1.98808 -0.171962 0)
(2.14178 -0.029911 3.9632e-19)
(0.127746 -0.0860487 0)
(0.0758837 0.0527747 -1.31151e-19)
(0.158936 -0.161452 6.98069e-20)
(0.419806 0.399534 3.08613e-19)
(0.811021 0.741306 -3.23099e-19)
(-0.0745236 -0.0509364 2.82753e-19)
(0.145763 -0.165438 -1.54142e-19)
(0.000498719 0.0292644 -2.32738e-19)
(0.841013 0.334373 0)
(-0.0599215 0.290865 -1.25987e-19)
(0.439763 -0.391934 3.07967e-19)
(-0.0694192 -0.071969 -2.83175e-19)
(1.28832 0.241443 -2.17973e-19)
(0.0530688 -0.0795756 4.2417e-20)
(0.792827 0.730631 0)
(0.71356 0.666307 0)
(0.866247 0.778839 -2.79354e-19)
(0.90223 0.809182 9.28015e-20)
(1.43146 -0.796001 -5.07573e-20)
(-0.0399855 0.255317 2.84155e-21)
(0.92447 0.469865 0)
(0.135597 -0.105092 -5.65393e-20)
(1.49305 0.998967 -1.71655e-19)
(1.45126 0.146127 1.76054e-19)
(1.49851 -0.452283 0)
(0.401861 -0.35898 4.88427e-21)
(1.87489 -0.212998 -1.58613e-19)
(0.0108715 0.178617 -1.76159e-19)
(0.0206176 0.0292105 0)
(0.052173 -0.0998687 -1.88797e-19)
(0.875425 0.782489 1.38937e-19)
(0.776512 0.443346 9.29383e-20)
(0.0383249 -0.0730956 -2.29291e-19)
(0.549011 -0.534095 0)
(1.5689 -0.374688 0)
(0.110167 -0.134945 7.82292e-20)
(0.312429 -0.267063 -5.67337e-19)
(-0.0108228 0.0250803 -1.53816e-19)
(-0.600017 1.10922 -4.17643e-19)
(0.534884 -0.0917855 3.16566e-19)
(0.0775784 -0.113369 8.07984e-20)
(0.944525 0.832088 0)
(-0.0598972 0.564869 2.06253e-19)
(-0.0109838 -0.00539145 -7.05387e-20)
(0.0207375 -0.0569184 3.38649e-20)
(0.378117 -0.310471 1.85126e-19)
(-0.0136306 -0.0706495 -1.27573e-19)
(0.663211 -0.151078 3.05091e-19)
(0.023643 -0.0466199 -3.74744e-20)
(-0.159901 0.749625 -2.32343e-19)
(0.779426 0.338374 0)
(1.80199 -0.0844095 3.03895e-20)
(-0.0936912 0.573904 1.76782e-19)
(0.994694 0.836435 3.49724e-19)
(0.00412064 0.19794 3.19399e-19)
(0.99818 0.879632 -2.04864e-20)
(1.94473 -0.248764 -1.14682e-20)
(0.00572613 -0.074743 1.13831e-19)
(1.16033 -0.267433 -4.47143e-21)
(-0.228935 -0.034088 2.43857e-19)
(0.0205005 -0.0861896 1.14952e-19)
(-0.00960335 -0.00798952 1.2542e-19)
(-0.0333833 -0.00740157 -1.24081e-19)
(-0.112029 -0.0597262 3.02656e-19)
(1.13441 -0.274086 8.62718e-20)
(1.10423 0.953741 -4.04291e-21)
(1.91408 -0.123416 1.87276e-20)
(0.119737 -0.143938 1.75438e-19)
(0.622797 -0.113663 0)
(1.48595 -0.425177 0)
(0.0583164 0.0054876 0)
(1.0886 0.820041 1.41507e-19)
(1.71295 -0.744971 4.587e-20)
(-0.00989928 0.0923597 -8.17412e-20)
(-0.0552145 -0.047035 1.16163e-19)
(0.093397 -0.135507 0)
(1.63961 -0.173277 -3.04356e-20)
(0.458898 0.437691 -5.59442e-19)
(0.107015 -0.0830576 -1.32963e-19)
(-0.113288 -0.0682344 -2.7539e-19)
(-0.180595 0.978112 1.85025e-19)
(2.05774 -0.132065 0)
(1.36998 1.03592 3.13407e-21)
(-0.119729 -0.0570222 -1.35331e-19)
(0.474313 -0.0696075 0)
(0.607121 -0.0310649 -3.26894e-19)
(1.08697 0.89115 0)
(-0.213839 0.739486 1.96153e-19)
(-0.108979 -0.0585861 2.63775e-19)
(0.959802 0.8353 -1.59156e-19)
(-0.0850134 -0.0373862 1.29338e-19)
(0.457376 -0.0249829 -1.98419e-19)
(1.02883 0.886009 0)
(0.484448 -0.456447 -6.93477e-20)
(0.895457 0.765212 1.76043e-19)
(0.483591 -0.407226 -2.8094e-19)
(1.09662 0.94019 0)
(0.265338 0.0818215 -3.59315e-20)
(-0.235095 0.705509 1.74044e-19)
(1.17454 0.973203 2.44337e-20)
(0.110536 -0.0263774 -2.28936e-19)
(1.36517 1.02732 6.58634e-20)
(1.69993 -0.600122 -3.56465e-20)
(-0.00850456 -0.0472397 1.43343e-19)
(0.644502 -0.0676646 -1.35134e-19)
(1.67857 -0.113756 0)
(1.19414 0.97842 8.97869e-20)
(1.83451 -0.0129497 0)
(1.00348 -0.251795 4.0495e-19)
(-0.252427 0.820064 -3.45257e-19)
)
;

boundaryField
{
    frontback
    {
        type            empty;
    }
    Top
    {
        type            noSlip;
    }
    outlet
    {
        type            zeroGradient;
    }
    bottom
    {
        type            noSlip;
    }
    Inlet
    {
        type            fixedValue;
        value           uniform (1 0 0);
    }
    rectangle
    {
        type            noSlip;
    }
}


// ************************************************************************* //
