/*--------------------------------*- C++ -*----------------------------------*\
| =========                 |                                                 |
| \\      /  F ield         | OpenFOAM: The Open Source CFD Toolbox           |
|  \\    /   O peration     | Version:  2306                                  |
|   \\  /    A nd           | Website:  www.openfoam.com                      |
|    \\/     M anipulation  |                                                 |
\*---------------------------------------------------------------------------*/
FoamFile
{
    version     2.0;
    format      ascii;
    arch        "LSB;label=32;scalar=64";
    class       volVectorField;
    location    "26.8";
    object      U;
}
// * * * * * * * * * * * * * * * * * * * * * * * * * * * * * * * * * * * * * //

dimensions      [0 1 -1 0 0 0 0];

internalField   nonuniform List<vector> 
2186
(
(1.27942 -0.0658923 2.74716e-19)
(1.58356 -0.911499 9.08596e-21)
(1.42841 -0.88933 9.91583e-21)
(0.713839 -0.551897 -1.74816e-19)
(-0.320637 0.370873 -1.63906e-19)
(1.67034 -0.414173 0)
(0.703289 -0.648953 0)
(0.0187797 0.0587734 6.01693e-20)
(1.49839 -0.0884783 7.11733e-20)
(0.530843 -0.268861 -2.18915e-21)
(0.708553 0.641564 0)
(0.868399 -0.268866 -7.3855e-20)
(0.0290897 0.07129 -2.45121e-20)
(1.20234 0.0272505 -4.3535e-19)
(1.76825 -0.659803 -2.04982e-21)
(1.01554 0.000729332 2.0408e-19)
(0.980272 0.012676 0)
(-0.222041 0.334039 0)
(1.58336 -0.345954 0)
(-0.0743247 0.32147 -5.72621e-20)
(0.492925 0.151592 -1.27307e-19)
(-0.187366 0.214716 7.6803e-20)
(1.19169 0.0299565 3.58687e-19)
(-0.187032 -0.0852989 5.18442e-21)
(1.02994 0.0128625 -2.82397e-19)
(0.764436 -0.528286 0)
(0.760321 0.0037743 1.66334e-19)
(0.593352 -0.572843 -2.08188e-19)
(1.25251 0.745199 0)
(0.962322 0.0257357 -3.85167e-19)
(-0.0196271 0.102272 0)
(1.02333 -0.00544016 1.33538e-20)
(-0.0321881 0.298915 0)
(2.30049 -0.154615 1.04804e-19)
(-0.198853 -0.127351 -8.1603e-22)
(1.58894 0.808142 1.11717e-19)
(2.01927 0.0223988 8.33249e-20)
(0.523329 0.199066 -3.79305e-19)
(2.00253 0.261064 -2.62718e-19)
(1.48004 -0.368247 -1.68342e-20)
(0.00747882 0.0589134 0)
(-0.150441 0.195871 0)
(1.84891 -0.844775 4.82402e-20)
(-0.415853 0.2429 0)
(1.13654 0.301282 1.78992e-19)
(0.578514 -0.251771 3.22976e-19)
(0.898713 -0.764292 0)
(1.15564 -0.762888 1.5166e-19)
(2.39716 -0.189548 0)
(-0.309653 0.361366 1.56314e-19)
(-0.0097883 0.174481 8.46736e-20)
(0.656219 0.606116 9.27392e-20)
(2.03244 -0.71618 3.35697e-20)
(0.615013 0.322164 -3.056e-19)
(-0.253317 0.157801 2.98274e-20)
(0.739176 -0.626018 0)
(1.64208 -0.936992 1.81441e-20)
(0.563339 -0.523705 0)
(2.39779 0.232987 8.57327e-20)
(1.11317 -0.156736 -4.44123e-19)
(1.89635 -0.0486224 1.32135e-19)
(1.39419 0.321561 -2.16404e-19)
(1.38798 0.562448 0)
(1.39563 -0.329917 1.84391e-20)
(1.40511 0.405936 -1.35422e-19)
(1.22099 -0.706346 -2.20127e-19)
(1.21066 0.69296 6.27127e-20)
(0.684747 0.110929 -6.26396e-19)
(0.823348 0.0880244 0)
(2.01735 -0.0923132 -1.99651e-20)
(-0.0063892 0.0476547 -6.86697e-20)
(2.37713 -0.204048 -1.14264e-19)
(0.724052 0.00109777 -2.77263e-19)
(0.850009 -0.490679 0)
(0.840447 0.212571 -1.02547e-19)
(0.526635 -0.484825 -3.48938e-19)
(2.24535 -0.206797 0)
(1.00708 0.01 4.20212e-19)
(-0.200379 -0.121837 0)
(2.08441 0.412356 0)
(0.622198 0.101174 8.00752e-20)
(1.35129 -0.304234 2.1799e-20)
(1.02255 0.00997178 4.69253e-20)
(1.36114 0.440145 3.36315e-20)
(0.966875 0.0257605 4.92538e-19)
(1.03613 0.0323168 -1.16663e-20)
(0.680552 0.220342 -3.7192e-19)
(1.49705 -0.309318 3.58689e-21)
(1.3963 -0.128356 0)
(-0.0724909 -0.0699856 5.46672e-20)
(0.835126 -0.595831 -2.00073e-19)
(-0.165804 0.386236 -2.24582e-21)
(1.09919 -0.0630829 2.94006e-19)
(0.804293 -0.15282 0)
(0.971743 0.0239445 4.69054e-20)
(1.41198 0.674297 0)
(1.58792 -0.921299 0)
(1.3424 0.234984 0)
(-0.324615 0.377559 0)
(0.76467 -0.637931 3.50163e-19)
(-0.0570611 0.331564 -2.53293e-19)
(0.511128 0.137215 1.43311e-19)
(1.61533 0.200638 0)
(1.13629 -0.0909809 -2.68774e-19)
(1.12401 0.024448 2.07813e-19)
(-0.0651641 0.374709 1.12073e-19)
(0.671202 0.546208 0)
(2.05642 -0.140831 -2.78389e-20)
(0.941597 -0.45248 9.81061e-20)
(-1.02762 -0.759967 1.36884e-19)
(1.80459 0.342239 9.86169e-20)
(-0.294959 0.371057 -2.36893e-19)
(0.79576 -0.722248 0)
(0.595619 0.396683 1.83954e-19)
(1.66172 -0.113249 -2.21853e-19)
(0.0837009 0.203701 -2.92818e-19)
(1.32443 0.842658 -1.8465e-20)
(1.97108 -0.315704 0)
(-0.0957783 -0.0949608 -1.63183e-19)
(0.704052 -0.0347945 8.79639e-20)
(1.61099 0.915265 0)
(-0.241994 0.300152 -2.15474e-19)
(0.922317 0.795124 -3.11137e-19)
(-0.203389 0.370057 2.55322e-19)
(1.03151 -0.0222674 0)
(1.52433 0.909147 2.32758e-20)
(-0.322398 0.374272 0)
(0.672894 -0.463228 -1.25498e-19)
(-0.211639 0.35921 -1.41595e-19)
(0.768156 -0.700075 0)
(0.410013 -0.223602 4.68011e-19)
(0.515806 -0.423264 3.2335e-19)
(0.403709 -0.365078 0)
(0.957476 -0.758064 -1.69187e-19)
(0.123631 0.141713 0)
(-0.237077 0.332918 -1.22514e-19)
(0.785924 -0.672351 1.70566e-19)
(2.19666 -0.163102 7.5428e-20)
(2.27626 0.17543 0)
(-0.0609485 -0.00889224 0)
(0.712728 0.662432 -3.9153e-19)
(1.74059 -0.591518 -2.99329e-20)
(0.0327524 0.0460331 0)
(0.9571 -0.781475 -1.7967e-20)
(1.13058 -0.0888778 0)
(1.06965 -0.109096 4.64909e-19)
(1.97592 -0.122731 -1.97669e-20)
(-0.318255 0.389361 0)
(1.19289 -0.531663 -7.20962e-20)
(-0.145444 0.406971 -3.72277e-20)
(-0.285193 0.36886 0)
(1.06806 -0.788807 1.19145e-20)
(1.00638 0.00490897 -7.01891e-19)
(0.626116 -0.447173 -1.22523e-20)
(0.793153 -0.48704 0)
(1.17132 -0.705381 -1.26488e-19)
(0.676488 0.279937 2.86636e-19)
(1.26778 0.124373 0)
(1.54707 0.0863733 -3.29499e-19)
(1.17065 -0.830409 -3.01556e-19)
(-0.0740905 -0.0206822 -5.63491e-20)
(-0.211069 0.0770528 -6.86459e-20)
(1.08104 0.0130146 2.63607e-19)
(0.894636 -0.437765 -1.2338e-19)
(1.5367 -0.363659 -3.32061e-21)
(0.914272 -0.0291236 -6.1663e-20)
(0.773351 -0.131442 6.75441e-20)
(-0.084498 -0.071698 -1.54063e-19)
(1.66314 -0.154771 0)
(2.27768 -0.279748 6.88391e-20)
(1.4909 0.677771 1.74563e-19)
(0.783428 -0.586941 -2.55379e-19)
(0.994735 0.00936813 1.43789e-20)
(0.695177 -0.501482 3.45061e-19)
(1.34793 0.832822 1.55285e-19)
(1.92483 0.0483211 9.8836e-21)
(-0.302424 0.39401 0)
(1.09308 0.0640107 -2.73577e-19)
(-0.406604 0.150366 -1.12963e-19)
(1.10669 0.516843 9.118e-20)
(0.185866 -0.139345 9.30859e-20)
(1.16153 0.030173 -4.99405e-20)
(-0.172897 0.290957 -1.39292e-19)
(1.33808 0.611224 -9.40646e-20)
(1.17796 0.920064 0)
(-0.277975 0.413259 -8.27224e-20)
(0.109992 0.2026 0)
(0.68553 0.594724 -3.06668e-19)
(2.16717 0.194142 -1.66248e-20)
(0.0394346 0.0957823 8.62181e-20)
(-0.196521 0.372702 -4.34677e-19)
(0.731137 0.114389 2.75309e-19)
(2.11546 0.0434811 -4.32257e-20)
(0.959288 -0.324017 -3.57411e-20)
(-0.0445977 -0.0263561 0)
(-1.07157 -0.982298 3.16471e-19)
(1.37203 1.00641 -3.92048e-20)
(0.847256 0.106819 -1.51891e-19)
(0.580232 0.545664 2.14279e-19)
(0.437015 0.19476 0)
(-0.142735 -0.00959051 -1.01284e-19)
(-1.18556 -0.928553 2.65523e-19)
(1.26898 -0.93294 8.62034e-22)
(0.984965 -0.0154966 -2.19047e-19)
(-0.136337 -0.161758 5.21547e-21)
(-0.151854 0.1673 1.36361e-19)
(-0.221023 -0.209095 -1.09772e-19)
(1.9289 -0.276905 0)
(1.14581 0.0511706 -3.68326e-19)
(2.47965 0.045863 1.88782e-19)
(1.24495 -0.594314 1.40383e-19)
(1.06113 -0.0854164 -1.7867e-21)
(0.618422 0.376257 0)
(0.979545 0.782385 -1.85166e-20)
(0.711106 0.655703 2.07077e-19)
(0.872752 -0.537246 1.80272e-19)
(0.71781 0.539211 0)
(1.02083 0.00769203 9.40201e-21)
(0.856739 -0.637763 2.57506e-19)
(0.867078 0.456389 -5.07617e-19)
(1.18291 -0.0995731 0)
(0.0731976 0.119963 -2.18419e-19)
(-0.0258806 0.361963 -8.72955e-20)
(1.63761 0.752738 0)
(1.31945 -0.911415 -7.37669e-22)
(-0.263198 0.327835 0)
(-0.326854 0.368662 1.02543e-19)
(0.768641 0.684739 -1.09068e-19)
(0.837938 -0.188743 0)
(-0.170181 -0.0550886 0)
(1.62045 -0.433777 0)
(-0.0192944 0.0222351 4.56807e-19)
(1.18329 -0.858407 1.97102e-19)
(1.14908 -0.579731 8.00804e-20)
(1.02874 -0.160702 -2.04725e-19)
(0.851296 -0.667355 -2.04816e-19)
(0.180619 -0.183835 0)
(-0.231798 0.423744 0)
(0.97675 -0.487158 2.16421e-19)
(-0.0202795 0.0202827 0)
(-0.314427 0.34447 0)
(0.0561385 0.239503 2.5436e-19)
(0.825823 0.702724 9.46544e-20)
(1.04918 0.825992 0)
(0.729793 0.590172 -9.35769e-20)
(0.829316 -0.0111792 -2.52038e-19)
(0.778187 0.596913 -2.51286e-19)
(0.617564 0.576492 -1.84419e-19)
(-0.0502551 0.0242123 -3.80958e-23)
(0.699111 -0.625767 0)
(0.914525 0.202474 -3.62028e-19)
(-0.0319801 0.032816 3.03346e-20)
(0.628116 0.583621 4.18516e-19)
(0.993113 0.829781 0)
(-0.135887 -0.251848 3.43148e-19)
(-0.227924 -0.0332821 1.73189e-19)
(-0.195247 0.099835 -8.88287e-20)
(0.696872 0.605295 -1.62193e-20)
(0.968817 -0.00711673 6.79382e-20)
(-5.96665e-05 0.0731617 0)
(2.05391 -0.109394 -6.405e-20)
(1.62065 -0.398204 -1.58572e-19)
(0.631951 -0.583491 -9.11751e-20)
(-0.108462 0.354801 8.9659e-21)
(1.2291 0.48436 2.10086e-19)
(0.91398 0.445547 0)
(1.02915 -0.154773 2.30211e-19)
(-0.23866 -0.0429314 1.85899e-21)
(-0.111833 0.211744 3.23211e-19)
(0.911053 0.0207881 -6.11771e-20)
(1.1591 0.155856 0)
(1.75864 -0.0200077 -3.02618e-20)
(1.97979 0.071102 0)
(0.565298 0.303952 -5.00209e-19)
(-0.18567 0.205133 0)
(-0.0105431 0.0406337 1.34308e-19)
(0.672276 0.0951063 0)
(0.594273 -0.48178 -2.11146e-19)
(1.13429 0.0210461 2.42316e-19)
(-0.321782 0.365594 3.52731e-20)
(2.10972 -0.067681 1.23489e-21)
(1.98565 -0.164 -4.49432e-20)
(1.13975 0.247283 -2.50177e-19)
(-0.0318208 0.0382511 -5.86847e-20)
(1.04793 -0.826068 0)
(0.807659 0.017336 -1.7623e-19)
(0.906354 -0.351099 -3.37956e-19)
(1.68401 -0.551208 4.37169e-21)
(1.63581 0.00544174 -1.01859e-20)
(1.09315 -0.0019429 4.40242e-19)
(-0.185194 0.00238273 -7.46475e-20)
(0.972404 -0.413893 -1.51967e-19)
(0.189201 -0.181698 2.96982e-19)
(1.00828 -0.00688933 0)
(1.00436 -0.00519043 0)
(0.290117 -0.186738 1.89841e-20)
(-0.210418 0.351431 -8.62381e-20)
(0.204135 -0.111523 -8.43859e-20)
(1.9117 -0.0794827 4.55917e-21)
(1.12675 -0.0969568 0)
(2.02657 0.00971843 -1.25387e-19)
(0.921181 -0.79915 -1.19618e-19)
(1.7585 -0.534908 -2.53468e-20)
(1.14294 0.868837 0)
(0.452521 -0.432034 0)
(0.637642 0.554928 -1.93302e-19)
(1.12561 0.300314 -4.6049e-19)
(2.13816 -0.205132 8.79487e-23)
(0.876591 0.185695 1.55473e-19)
(-0.18454 0.0411946 -1.86285e-19)
(1.52364 -0.186127 7.12783e-21)
(-0.139551 0.0301047 0)
(-0.111762 -0.0324663 0)
(-0.00702542 0.12298 0)
(1.30933 -0.698063 -1.39427e-19)
(-0.287228 0.387306 -1.94601e-19)
(-0.163049 0.249535 0)
(1.33048 1.00833 -4.59297e-20)
(1.13546 0.16558 -4.81551e-19)
(2.64545 0.234727 -1.21274e-19)
(1.11636 0.954218 1.03982e-19)
(-0.274873 0.397537 1.21319e-19)
(1.22092 -0.066522 0)
(-0.00148548 0.155459 -1.92616e-19)
(-0.316267 0.39097 2.30207e-19)
(0.782545 0.0642766 2.05349e-19)
(1.58114 0.980171 -2.88264e-20)
(1.78379 0.907661 -6.01229e-20)
(-0.192721 0.378733 -2.15097e-21)
(0.724429 -0.65994 -4.63035e-20)
(1.16565 -0.0233009 0)
(1.75991 -0.0230432 0)
(0.972385 0.0465615 0)
(-0.599861 -0.417728 -3.11391e-19)
(-0.0484303 0.0911217 6.02192e-20)
(1.08376 0.876105 0)
(0.995069 0.0105803 5.87476e-19)
(0.800949 0.639535 -2.51749e-19)
(-0.957666 -0.810506 -1.59498e-19)
(0.867344 0.0446391 -4.64307e-20)
(0.693377 -0.630642 -2.66276e-19)
(1.42929 0.738024 -4.14749e-20)
(0.536259 -0.413398 -3.34118e-19)
(1.13173 0.00423693 -5.28059e-19)
(0.794816 0.0431355 5.25851e-20)
(1.47629 -0.168755 1.07994e-19)
(1.5803 -0.0644375 -7.01488e-20)
(-0.0167075 -0.000252628 1.08631e-22)
(1.1103 0.496839 -3.03875e-19)
(1.36525 0.642123 6.26838e-20)
(-0.251181 0.0652347 0)
(-0.166619 0.00198763 6.96298e-20)
(0.104858 0.231976 9.3732e-20)
(-0.158603 -0.161002 -7.63133e-20)
(0.509167 0.37136 0)
(1.64164 0.0507443 0)
(-0.0152146 0.0220548 -1.17281e-19)
(-0.0749787 0.0121289 -3.01289e-20)
(1.05101 -0.0272355 2.09337e-19)
(-0.294339 0.39916 -4.1693e-20)
(1.53964 -0.163273 -4.20149e-19)
(-0.130738 0.366903 0)
(0.809835 -0.716311 -3.7786e-19)
(1.40006 -0.0426043 1.00561e-19)
(-0.313055 0.133031 7.04414e-20)
(0.733339 0.199126 3.62618e-19)
(0.635534 0.187301 1.1649e-19)
(0.481814 -0.45357 2.35444e-19)
(0.035179 0.0532416 -7.2912e-20)
(1.92537 0.865065 0)
(0.425445 0.396585 -2.09606e-19)
(1.03028 -0.0114818 -3.33077e-19)
(-0.211879 0.373542 1.73215e-19)
(1.46425 0.506403 -1.49373e-19)
(-0.0233925 0.0265423 -2.73375e-20)
(0.672154 -0.61238 -1.02979e-19)
(0.835007 0.21815 -2.29195e-19)
(1.00503 0.4536 2.57812e-20)
(1.13448 -0.124585 4.14989e-20)
(0.592228 -0.188142 -3.39029e-19)
(1.95032 -0.290757 -2.30199e-20)
(1.63933 0.00293306 0)
(2.2393 0.175553 -7.06475e-20)
(2.02121 -0.145068 1.13436e-20)
(0.384714 0.133652 3.09737e-20)
(0.962414 0.367056 -1.54268e-19)
(1.56785 -0.309013 -3.63167e-20)
(0.447701 0.424599 -2.72962e-19)
(-0.199964 0.223836 1.7564e-19)
(1.78917 -0.0460762 0)
(0.945195 0.00811076 0)
(0.850028 -0.75062 7.71813e-20)
(-0.221956 -0.0145989 -1.90151e-19)
(-0.108268 0.426327 -1.75811e-19)
(-0.0156617 0.00775236 -1.18085e-19)
(-0.289135 0.332197 -1.24314e-19)
(-0.204148 0.120812 0)
(-0.10998 -0.0519585 2.17275e-20)
(0.170866 0.394749 -8.5538e-20)
(-0.16275 0.176061 -3.11171e-19)
(0.793742 -0.0782118 0)
(1.75591 -0.321571 7.22332e-20)
(0.0826544 0.142099 0)
(0.993577 0.0242717 4.23302e-19)
(-0.191478 0.0529061 1.21995e-20)
(0.512954 -0.385039 4.47967e-19)
(-0.396946 0.24699 1.87276e-19)
(-0.946146 -0.55182 0)
(0.0650301 0.285578 9.89683e-20)
(1.00065 0.0269198 -1.27675e-20)
(-0.0347083 -0.0985158 0)
(1.005 -0.00836468 -6.57032e-20)
(0.834158 -0.701342 -3.52976e-19)
(1.44206 -0.454233 0)
(0.918236 -0.245859 2.41772e-19)
(-0.100903 0.262104 1.79738e-19)
(-0.0565366 -0.0503232 0)
(-0.138138 -0.00387999 -2.73122e-21)
(0.700697 -0.607244 -5.00801e-19)
(0.936747 -0.0211147 -3.11703e-19)
(-0.229726 0.00230073 2.21615e-19)
(-0.0504429 0.0184219 8.26805e-20)
(-0.160266 0.0736887 0)
(0.987709 0.504193 0)
(-0.296734 0.113804 7.26591e-20)
(1.40897 -0.195654 -4.99453e-20)
(1.11138 0.929038 2.21762e-20)
(1.0901 0.230033 -1.4134e-19)
(1.11594 0.0100487 -2.64263e-19)
(1.01906 -0.0611697 -9.78502e-20)
(-0.185661 -0.0166149 -2.0097e-19)
(1.96603 0.0564725 3.6826e-19)
(0.705838 0.0417481 2.41285e-19)
(1.79222 -0.0840589 5.16523e-20)
(1.02304 -0.135774 0)
(0.132174 -0.321346 1.93339e-19)
(1.14352 0.0269832 -5.73491e-19)
(1.80095 0.646107 2.92395e-20)
(0.716149 -0.422582 -1.85629e-19)
(-0.0965894 -0.092513 1.2206e-19)
(0.773517 -0.676141 4.60669e-19)
(1.2719 0.208596 8.7441e-20)
(1.00719 -0.0081723 2.90872e-19)
(-0.198355 0.00561694 -8.04714e-20)
(1.03089 0.0267629 0)
(2.07945 0.0333232 -1.801e-19)
(-0.0770741 -0.0621065 0)
(1.01453 0.0152096 -1.72524e-19)
(-0.879869 -0.750429 -5.01798e-19)
(1.77708 0.328192 5.0886e-20)
(0.0848596 0.280294 1.25844e-19)
(1.66327 0.0334756 9.28305e-21)
(1.01558 -0.0159502 6.03348e-20)
(1.26084 -0.0843933 0)
(1.41093 -0.585473 -2.14673e-19)
(1.02847 0.047264 -1.7814e-19)
(1.48722 0.820357 -8.46368e-20)
(1.27991 -0.0513448 0)
(0.46047 0.385687 6.78269e-21)
(-0.0195893 0.0267082 0)
(1.27258 0.0486965 0)
(-0.0334293 0.0629275 0)
(1.27724 0.469667 0)
(1.95195 0.307658 4.16268e-20)
(0.774639 0.649317 4.41515e-19)
(0.281564 -0.282647 -2.78773e-19)
(-0.0783625 0.0102341 -1.93156e-19)
(-0.0575621 -0.0324431 0)
(2.34798 -0.203908 9.12053e-20)
(1.38042 0.540395 0)
(1.508 0.304992 0)
(-0.0329525 0.178264 8.36071e-20)
(0.839682 0.74298 1.45673e-19)
(1.59405 -0.0148779 0)
(0.0475231 0.0832678 4.74049e-20)
(0.927488 0.249752 2.1234e-19)
(1.87614 -0.129551 -5.79319e-20)
(1.28316 0.960775 5.56676e-20)
(0.898588 -0.807227 -5.61105e-20)
(1.53739 -0.0634777 -3.5371e-20)
(0.825428 0.746379 1.50381e-19)
(1.21822 0.958547 0)
(2.08538 -0.220631 1.26867e-19)
(0.335887 -0.668644 0)
(1.53616 -0.27908 3.26437e-20)
(1.01596 0.120002 1.56238e-19)
(1.0057 -0.00372758 0)
(-0.465647 -0.67058 2.65706e-19)
(0.877356 -0.142639 5.50667e-20)
(0.604556 -0.371194 0)
(0.646332 -0.343934 2.41617e-19)
(1.27848 0.583793 -3.9118e-20)
(0.499269 0.473073 3.02884e-19)
(-0.191136 0.219847 3.71588e-20)
(0.208642 0.0485465 8.448e-20)
(0.736957 0.0598002 0)
(1.29442 -0.873586 -1.42606e-19)
(1.03715 -0.0427477 4.64773e-19)
(1.54915 0.350072 1.22197e-19)
(0.0536743 0.097225 4.05388e-20)
(-0.531944 0.104348 0)
(1.20475 -0.224419 -1.38649e-19)
(-0.0546568 -0.0441306 -1.00051e-19)
(-0.734869 -0.618027 -1.68649e-20)
(-0.13665 0.0475628 -6.6506e-22)
(-0.21432 0.0976672 2.6438e-19)
(1.01388 -0.142576 -2.0098e-20)
(2.1437 -0.117781 8.57928e-20)
(1.23138 0.485765 -3.38802e-19)
(0.900998 -0.0647323 0)
(1.90957 -0.0863853 1.87651e-19)
(1.7178 0.0524731 1.90525e-20)
(0.884558 -0.740488 1.76321e-19)
(1.13112 -0.948843 -7.93613e-20)
(0.502628 0.468166 2.04369e-19)
(0.577122 -0.310501 0)
(1.81887 0.603882 1.22214e-20)
(-0.0624562 -0.046541 -2.03508e-19)
(0.917689 0.802165 0)
(1.62391 0.904353 0)
(0.281585 -0.28038 -3.65141e-21)
(0.356532 0.35383 0)
(-0.511837 0.192966 -2.06228e-19)
(-0.284248 0.322507 -1.07333e-19)
(1.72092 -0.403944 0)
(1.31427 0.0725797 2.44659e-19)
(-0.146425 0.325508 1.46674e-19)
(0.514768 -0.487461 -5.46129e-19)
(1.76308 -0.0283128 -1.3134e-20)
(0.59106 -0.53422 0)
(1.06793 0.138757 0)
(1.37715 -0.231354 0)
(1.14166 0.245344 -2.69549e-19)
(1.38968 0.114903 3.85081e-19)
(-0.764344 -0.208835 0)
(0.863483 -0.049236 0)
(2.04093 -0.0744505 -2.18804e-21)
(-0.163658 0.279968 9.04285e-20)
(2.36134 -0.0996543 -2.4876e-19)
(1.06819 -0.493333 1.03414e-19)
(1.95006 -0.0162123 -2.5896e-19)
(-0.162528 0.406012 -1.10705e-19)
(2.0275 0.0690928 -1.56547e-19)
(1.01566 -0.0127047 4.78564e-19)
(1.56919 0.630553 0)
(-0.325067 0.372052 2.89828e-20)
(0.975851 -0.803781 2.27436e-19)
(0.855472 0.013169 5.42703e-20)
(0.60788 -0.395101 0)
(1.8541 -0.4901 -4.66828e-21)
(1.18004 -0.180888 1.85655e-19)
(1.69326 -0.168526 0)
(0.589398 -0.546515 5.52431e-19)
(1.59113 0.154399 -2.61273e-20)
(2.45667 -0.068122 4.33555e-19)
(-0.207301 0.327128 -1.89595e-19)
(1.37692 0.647746 1.80513e-19)
(1.18266 0.431068 4.20845e-21)
(0.932091 0.405822 2.51011e-19)
(1.45719 -0.142323 -6.01793e-20)
(-0.178797 -0.0144443 1.09168e-21)
(0.448355 -0.00215009 0)
(-0.127819 -0.107231 2.00046e-19)
(1.06873 -0.92619 0)
(1.03417 -0.626558 2.7009e-20)
(0.550998 -0.101121 -1.09831e-19)
(1.61125 0.559844 -3.62183e-20)
(-0.176189 0.23173 -1.89209e-19)
(1.02148 0.514851 1.97023e-19)
(-0.669952 -0.776296 3.43774e-19)
(0.705343 -0.0408669 0)
(1.81975 -0.0507959 0)
(1.95376 -0.0986179 -2.96882e-21)
(0.770414 -0.0100424 0)
(1.32399 -0.196231 -1.91038e-19)
(-0.271517 0.407353 3.15297e-19)
(1.98624 0.519109 -1.67471e-20)
(1.05396 -0.0316651 0)
(0.526855 -0.305999 1.20435e-19)
(1.00827 0.0263592 2.2697e-19)
(0.112971 -0.713019 -2.91951e-19)
(-0.202068 0.297045 0)
(1.07995 -0.45312 5.98811e-19)
(1.72792 -0.0409833 -3.89966e-22)
(1.07229 -0.472024 -2.60335e-19)
(2.40695 0.241649 1.42177e-19)
(1.33089 0.824202 0)
(0.884652 0.0243682 0)
(0.035782 0.119334 -1.06875e-19)
(-0.0176773 0.0256382 1.31976e-19)
(0.97802 0.395707 -2.33635e-19)
(-0.181871 -0.0140466 -6.17138e-20)
(0.676798 0.451488 2.64348e-19)
(0.678742 0.433385 0)
(0.520834 -0.483872 0)
(-0.0772727 0.104475 1.82522e-21)
(1.20013 -0.482589 -1.25712e-19)
(0.807525 -0.00137437 8.04894e-21)
(0.725256 -0.113747 1.33394e-19)
(-0.120949 0.209663 -2.37525e-19)
(1.13955 0.0906074 2.13805e-19)
(0.689526 0.643864 0)
(1.31434 0.726547 0)
(1.67101 0.270089 0)
(-0.135046 0.100356 -8.03173e-20)
(1.30355 0.590589 1.77311e-19)
(1.88691 0.00480161 1.28143e-20)
(0.961103 -0.0189795 0)
(2.30504 -0.237631 0)
(2.15066 -0.0832987 -2.81515e-19)
(0.377407 -0.506894 3.56039e-19)
(1.0051 0.00545583 -2.26942e-19)
(1.54228 0.50159 0)
(-0.267191 0.304078 0)
(1.28193 0.339934 3.35165e-19)
(1.05767 0.558174 -1.47757e-19)
(1.07783 0.0334328 0)
(1.04071 -0.198007 0)
(2.06006 0.701441 -2.50374e-19)
(-0.198099 0.4138 -3.15859e-21)
(0.993473 0.0152764 0)
(0.740128 0.513692 -3.66969e-20)
(0.910247 -0.80067 0)
(1.00213 0.0179797 5.28055e-20)
(-0.859787 -0.0747642 -3.99464e-20)
(0.883193 -0.295378 3.57119e-19)
(0.0816906 -0.501146 -3.60347e-21)
(1.99234 -0.0879047 7.14031e-20)
(2.05636 0.108008 1.01448e-19)
(0.775591 -0.0207911 0)
(1.00252 0.0133199 0)
(-0.411493 0.106915 0)
(0.692645 0.663744 -2.12793e-19)
(-0.0854165 0.139938 1.60422e-19)
(1.19973 0.371313 -5.36389e-19)
(-0.289912 0.373805 0)
(0.864221 0.67818 1.86745e-19)
(0.984863 -0.308379 0)
(1.00557 -0.000615408 1.32747e-19)
(-0.177747 -0.424192 2.33669e-20)
(1.06626 0.431518 2.92434e-19)
(1.41072 0.168135 0)
(2.27356 0.142738 -6.84888e-20)
(0.819537 -0.078954 -4.12383e-19)
(-0.65439 0.10007 -2.84858e-19)
(0.554309 -0.33146 0)
(0.899726 0.273043 1.9531e-19)
(1.81679 -0.12654 0)
(0.808664 0.558827 4.00278e-19)
(-0.416167 0.310067 1.30325e-19)
(-0.119042 0.198004 0)
(0.617718 0.588583 -7.83711e-20)
(0.998296 -0.613937 -1.88335e-19)
(0.453607 -0.192504 -1.36863e-19)
(1.01894 -0.00638918 0)
(-0.161807 0.290185 -1.48285e-19)
(0.612832 -0.541332 9.46978e-20)
(0.929375 0.320167 0)
(1.6441 -0.17141 7.27687e-20)
(1.01942 0.8699 2.80266e-20)
(0.697246 -0.0858381 1.87561e-20)
(0.129195 0.114492 -1.42352e-19)
(0.207326 0.0577124 -6.07754e-19)
(-0.0647491 0.00366916 5.10767e-21)
(0.846397 0.393945 2.73702e-19)
(-0.299777 0.374178 -4.80316e-21)
(1.37798 -0.621722 3.26076e-21)
(1.02115 0.0196093 -3.95413e-19)
(-0.206228 0.188063 0)
(1.0367 0.0456572 -4.65446e-19)
(1.83649 -0.253013 5.00402e-20)
(0.923331 0.723879 3.16324e-19)
(1.12127 -0.0591337 1.86253e-19)
(1.00189 -0.0147635 1.82929e-19)
(1.7822 0.660947 3.2181e-20)
(0.0760798 0.102684 5.54975e-22)
(1.70245 -0.839581 1.49634e-20)
(1.10266 -0.119192 -9.74222e-20)
(0.755273 0.0441736 1.12645e-19)
(0.890006 -0.265499 1.03302e-19)
(1.9025 0.206512 0)
(0.998724 0.768232 0)
(0.21961 -0.445398 -2.78627e-20)
(2.09889 0.209938 -1.5022e-20)
(-0.328198 0.291143 1.06549e-19)
(1.00288 -0.512689 -6.22476e-19)
(0.590342 -0.503123 4.50137e-19)
(1.35931 0.198773 -1.25851e-19)
(-0.212656 -0.0220087 7.89262e-21)
(1.55931 -0.27112 0)
(0.761937 0.155003 -7.49524e-21)
(1.60887 -0.204673 -6.93128e-20)
(1.07749 0.794602 0)
(0.629258 -0.21524 0)
(0.489877 0.363105 0)
(0.0049434 0.0427777 -3.25235e-20)
(-0.145531 0.174905 0)
(1.19431 -0.36416 4.03653e-19)
(1.253 0.192491 7.4397e-21)
(-0.911471 -0.673224 1.87728e-19)
(2.02057 0.779071 3.71442e-20)
(1.8924 0.486501 -3.84143e-20)
(2.03737 -0.275216 -1.09316e-20)
(-0.18167 0.0115203 -1.84267e-19)
(-0.160361 0.0250687 2.03603e-21)
(1.89576 0.173881 0)
(0.684334 -0.0353354 0)
(1.00084 0.000521981 1.92088e-22)
(-0.153939 0.141141 0)
(1.39202 0.0139195 1.57869e-20)
(0.683023 -0.0315929 0)
(1.0412 0.0116704 1.49851e-19)
(0.989983 0.0161259 -5.16117e-20)
(1.1789 0.17721 1.2714e-19)
(1.07159 -0.0127314 -1.06469e-21)
(0.93262 -0.167518 -6.22125e-20)
(1.01886 -0.0200299 4.25592e-19)
(0.645584 -0.581371 2.15536e-19)
(-1.17108 -1.03221 -2.48344e-19)
(1.5961 0.6525 -7.32318e-22)
(-0.0240852 0.0467767 0)
(1.16508 0.827582 0)
(1.02264 0.00672288 0)
(0.974261 -0.746811 -1.34087e-19)
(1.01378 -0.867198 8.5439e-20)
(1.20856 0.572225 4.15918e-20)
(-0.673641 -0.633791 -3.82729e-19)
(0.46441 0.106416 1.24131e-20)
(0.558343 -0.339902 -7.17596e-19)
(1.96771 0.418326 -1.01909e-19)
(0.0460445 0.082556 -4.6108e-20)
(1.98822 -0.231206 2.24245e-20)
(1.21107 0.121851 -3.30964e-21)
(0.0347884 0.0665384 -6.92771e-20)
(1.14909 0.582242 2.27298e-19)
(-0.282619 -0.123644 0)
(-0.218414 -0.0176787 1.27231e-19)
(-0.142425 -0.0866947 -1.68714e-22)
(1.02895 -0.0436509 3.80667e-19)
(1.02064 0.0110625 -9.80891e-21)
(1.11028 -0.00806677 -1.0518e-19)
(1.34283 0.509533 -1.84336e-21)
(1.68935 0.33217 7.76443e-20)
(0.377767 -0.350933 -3.59616e-19)
(0.798113 0.513653 -7.88199e-20)
(1.02917 0.0127311 -2.80595e-19)
(1.702 0.602128 7.54313e-22)
(1.12188 0.599599 0)
(1.1471 0.620979 -4.26802e-19)
(1.00269 -0.00312537 1.08298e-19)
(0.707986 0.63758 2.84675e-19)
(1.08007 -0.222086 -2.68065e-21)
(1.07798 -0.0042051 -3.46887e-20)
(1.13521 0.0201016 9.83486e-22)
(2.37819 -0.0101592 1.55464e-20)
(1.13006 0.272494 0)
(1.04351 -0.0395027 0)
(1.04778 -0.0342517 6.65353e-19)
(1.00259 -0.00191262 0)
(-0.0873832 -0.045086 0)
(0.953652 -0.566914 0)
(1.00072 0.000317992 -6.29976e-19)
(1.12578 -0.65547 1.11745e-19)
(1.02183 0.000665986 1.3268e-20)
(1.38838 0.990533 -3.76897e-20)
(1.57656 1.04038 6.35897e-20)
(0.488624 -0.0931398 -2.20487e-20)
(1.11322 -0.247324 9.08192e-20)
(2.06855 0.0605165 0)
(-0.0931366 0.385261 0)
(1.81668 -0.0844599 9.48511e-20)
(0.927551 -0.326188 0)
(0.999722 -0.00469058 -1.94642e-19)
(1.01085 -0.00105002 3.78419e-19)
(1.49537 0.148395 -8.1999e-20)
(0.0222665 -0.113372 1.58686e-19)
(0.981218 0.00202782 2.06221e-19)
(0.366212 0.0942285 -5.28334e-20)
(0.871318 -0.0955199 2.25658e-20)
(1.33976 0.51873 -1.07872e-22)
(0.92562 0.0184277 -2.08316e-19)
(1.00357 0.00461888 2.44797e-19)
(1.00028 -5.2589e-05 1.44565e-20)
(0.790203 -0.0131322 0)
(0.729816 -0.0266192 0)
(0.725825 -0.0271181 7.65525e-22)
(0.702661 -0.0294475 0)
(1.38721 -0.0632217 0)
(1.23159 -0.14664 0)
(0.791994 -0.104604 -4.4747e-20)
(0.633892 -0.10052 2.51757e-20)
(1.56828 -0.419552 0)
(1.17929 0.105285 3.74395e-20)
(1.51865 0.395633 0)
(0.105245 0.223434 0)
(0.327328 0.0824131 0)
(0.727134 0.213256 -3.08844e-23)
(1.57241 0.259707 2.94032e-20)
(0.773272 0.0243244 0)
(0.785951 0.0201069 0)
(0.964498 0.0216715 -2.56555e-19)
(0.815179 0.00765623 4.77086e-19)
(1.00787 -0.00131646 0)
(1.0001 -0.000600306 4.52311e-19)
(1.00027 -0.000656102 -3.07465e-22)
(0.783589 0.0225684 4.07468e-19)
(0.9986 -0.00484221 -2.36691e-19)
(0.0581289 0.206826 0)
(1.02902 -0.150312 -2.25813e-20)
(1.0007 -0.000884707 -2.28484e-19)
(1.00002 0.0017943 -3.92326e-19)
(0.943852 0.315712 0)
(0.998874 0.00159536 0)
(0.99967 0.00025613 0)
(1.66344 -0.333318 -1.6524e-20)
(0.0916244 0.253006 4.86119e-20)
(1.16681 0.576202 0)
(-0.283807 0.346525 1.94947e-19)
(-0.124021 -0.460244 -2.63761e-19)
(1.02099 -0.00990952 -3.0518e-19)
(-0.0639639 0.021765 -5.81207e-20)
(1.01809 0.0107366 -2.45849e-19)
(1.13777 -0.202326 -1.36923e-19)
(0.772991 -0.440386 3.52525e-19)
(-0.0313653 -0.00469858 -4.80572e-20)
(1.02849 0.0173754 0)
(1.07003 -0.00865759 -6.68807e-20)
(0.842154 0.0265229 0)
(-0.0766968 0.127524 2.32275e-19)
(0.894183 -0.193919 0)
(-0.0760615 0.0993796 -1.56424e-19)
(0.729752 0.151829 4.8855e-20)
(1.71287 0.712875 -5.49658e-20)
(-0.056025 -0.00325973 0)
(1.05194 -0.0375317 2.05875e-19)
(0.126922 0.196316 3.62573e-21)
(0.929663 0.0136109 3.2056e-19)
(1.0132 -0.00508415 -2.07783e-19)
(1.72924 0.895759 1.48294e-20)
(0.550575 0.520267 0)
(0.479309 0.447439 2.19405e-19)
(2.1188 -0.264063 -1.51961e-21)
(1.17679 0.13712 2.23947e-19)
(1.05702 -0.684747 0)
(1.02432 0.00924637 0)
(1.00008 -0.0168282 -4.77813e-19)
(1.0182 0.0185569 -4.66665e-19)
(-0.0929388 -0.00503485 0)
(1.26336 0.855033 -1.58502e-19)
(1.2918 -0.290044 2.85409e-21)
(1.0163 0.00799554 1.79666e-19)
(1.01178 0.0156593 -2.25077e-19)
(-0.0749884 0.182495 -1.62481e-20)
(0.357576 -0.0219217 -9.69192e-20)
(1.01951 -0.0105321 7.65943e-19)
(1.50774 -0.287958 0)
(1.9192 0.68189 -1.93846e-20)
(1.01649 -0.00747306 -2.38639e-19)
(1.93979 -0.0193108 -4.84236e-20)
(1.06766 0.015033 -5.50863e-22)
(1.00961 -0.00837516 4.76507e-20)
(1.90188 -0.13205 -7.14032e-20)
(1.01532 0.00853805 2.31538e-19)
(1.02485 0.803368 8.36945e-21)
(1.01856 0.00940476 0)
(0.949491 0.175048 5.5971e-20)
(-0.908083 -0.478112 3.08927e-21)
(0.997704 0.0228764 2.29846e-19)
(1.03926 0.0217512 -5.7854e-22)
(0.944194 -0.196348 -1.60631e-20)
(1.29302 0.332656 4.87464e-19)
(0.993579 0.0186461 1.58357e-19)
(1.01783 -0.0102313 4.88027e-22)
(1.81545 0.25703 -3.36625e-20)
(1.83587 0.981998 -9.49589e-20)
(0.751516 -0.673164 7.33231e-20)
(0.420522 -0.271395 -3.45149e-19)
(1.00779 -0.00795294 0)
(1.01976 0.00538614 5.74894e-20)
(1.0116 -0.00566563 1.21249e-19)
(1.03554 0.685603 1.08706e-20)
(1.01431 0.0105885 -2.41123e-19)
(1.02387 -0.0140271 2.76783e-19)
(1.00855 -0.0054361 -2.26579e-19)
(1.01365 0.00945335 -5.14727e-22)
(1.01301 0.00606525 -3.59476e-22)
(1.02393 0.0178683 2.30954e-19)
(0.912146 0.114508 5.74722e-19)
(1.93926 0.158544 0)
(-0.0985594 -0.312223 4.33935e-20)
(1.01027 0.00111671 0)
(1.02277 -0.0100593 -6.69359e-20)
(1.58851 0.466998 -1.09703e-19)
(1.79407 -0.103499 0)
(1.93646 -0.149675 -9.52701e-20)
(1.3307 -0.168803 -8.61307e-20)
(0.784084 -0.0195711 0)
(1.64558 -0.154792 0)
(0.190447 -0.250589 -4.73454e-19)
(1.39567 0.365815 -4.60362e-20)
(1.01805 0.000764008 -2.42917e-19)
(1.08799 -0.538785 -7.45009e-20)
(0.65974 -0.096765 -5.69708e-20)
(0.972787 0.810434 0)
(1.44803 -0.246799 0)
(2.28442 0.101805 0)
(0.0416055 0.237837 8.93973e-20)
(0.939314 0.538789 6.24633e-20)
(-0.861872 -0.497361 0)
(-0.138799 0.267626 -2.05817e-19)
(1.75342 1.00439 -2.17842e-20)
(1.00744 -0.000358781 -4.74609e-19)
(0.76571 0.383886 5.31113e-20)
(1.02085 0.0172134 3.14582e-19)
(0.706776 -0.0446522 0)
(-0.148529 -0.0356016 -1.50512e-20)
(0.646677 0.478549 -3.73335e-19)
(1.84546 0.239308 3.16774e-19)
(0.00266297 0.289011 0)
(0.755737 0.0704362 9.59161e-20)
(0.545786 0.524209 5.6773e-20)
(1.22793 0.918947 -4.33682e-20)
(-0.080291 -0.0744237 7.5946e-20)
(1.02462 0.0220061 0)
(0.912067 0.63623 7.64935e-21)
(1.01147 0.00188201 1.78185e-19)
(2.40484 0.0803423 0)
(1.01197 0.010978 2.98836e-19)
(-0.129473 -0.00270799 -5.9223e-20)
(1.0189 0.0159718 -1.85146e-19)
(1.54357 1.05952 0)
(2.3644 -0.265636 4.21775e-22)
(1.00889 0.00668506 -1.24042e-19)
(0.996492 -0.010443 3.26866e-19)
(1.11362 0.110698 -3.26463e-21)
(1.07154 0.827108 3.31142e-20)
(-0.11842 -0.12732 2.04727e-19)
(2.10523 0.294739 1.58146e-19)
(0.17911 0.494343 -3.9931e-20)
(0.79981 0.0146109 -4.47924e-19)
(0.826385 0.0314742 0)
(0.155704 0.198293 3.16519e-20)
(1.02425 -0.0060024 -3.596e-20)
(0.971454 0.0463843 0)
(1.05474 0.00691935 -2.28208e-19)
(-0.760267 0.257396 3.7546e-20)
(-0.533298 0.0740037 1.12547e-19)
(2.10363 -0.522696 0)
(-0.349842 -0.179099 -6.13397e-19)
(1.46855 -0.325787 0)
(1.04214 -0.015872 6.68894e-20)
(0.798257 0.418574 8.19993e-22)
(1.01295 0.00431505 1.92834e-19)
(-0.173286 0.400695 3.09293e-19)
(1.01981 0.00742863 0)
(0.9946 0.00370421 -4.61928e-19)
(1.0087 0.0102149 2.45035e-19)
(1.13921 -0.306287 0)
(0.28486 0.179189 -2.28477e-21)
(0.956815 -0.00118343 -2.09155e-19)
(-0.101415 -0.00455841 2.00056e-19)
(1.00386 0.00035854 -2.38908e-19)
(0.999083 0.0403441 -5.6153e-19)
(1.60114 -0.570028 -2.82375e-20)
(0.0417791 0.0543871 -5.43126e-20)
(0.843877 0.729933 -1.95613e-19)
(0.826764 0.392014 0)
(1.02307 -0.00257965 5.04342e-19)
(1.0417 -0.00846671 2.64932e-19)
(-0.0703084 0.632165 1.11503e-19)
(-0.863465 0.378028 -2.30661e-19)
(1.06832 0.0141176 -1.34676e-19)
(1.08052 -0.868932 8.36559e-20)
(1.00706 0.00194304 2.49561e-19)
(0.90123 -0.645222 2.48328e-19)
(-0.252532 0.415732 3.23773e-19)
(0.0247827 0.0461867 -4.17121e-20)
(0.808999 0.018811 -7.4526e-20)
(0.700677 -0.119841 -7.69542e-19)
(1.02318 0.00347541 0)
(1.29132 -0.778198 1.50394e-19)
(1.08589 -0.011274 4.06549e-19)
(-0.173091 0.284927 0)
(-0.250271 -0.307696 0)
(-0.295753 -0.192862 0)
(1.02066 0.017017 1.07533e-19)
(2.4854 -0.035399 0)
(1.06176 -0.0216048 4.22558e-21)
(-0.241026 0.411693 -1.3175e-19)
(-0.0477201 -0.0201623 1.20345e-19)
(-0.250019 0.285777 2.96682e-23)
(1.49235 0.394214 1.20706e-19)
(-0.191615 -0.0175348 2.30216e-19)
(0.976907 0.238241 0)
(-1.26921 -0.110324 7.58758e-20)
(1.01898 0.0245154 6.54824e-20)
(-0.161186 -0.113928 -7.81201e-20)
(0.916709 0.748282 -6.24552e-20)
(-0.00366027 0.0111721 2.79335e-20)
(1.30825 -0.945609 8.79275e-20)
(-0.144769 0.611661 -1.11017e-19)
(0.582927 0.405982 4.5709e-20)
(-0.824452 -0.0928039 -2.63781e-19)
(0.912529 0.015933 0)
(0.0127233 0.387038 2.0197e-21)
(0.930933 -0.246375 -6.10439e-20)
(-0.616073 0.325657 1.37519e-19)
(2.15083 0.183523 0)
(1.04223 0.0325012 2.6059e-19)
(-1.03771 -0.0737002 0)
(0.787132 0.0468581 1.01203e-19)
(0.0628848 0.0242334 0)
(0.902613 0.36435 -2.4675e-19)
(1.76674 0.503319 -3.22043e-19)
(-0.0333609 0.0123049 -8.65943e-21)
(0.942334 0.0574897 -5.12739e-19)
(1.02249 0.00401656 0)
(1.11103 0.0142577 1.34733e-19)
(1.40234 -0.256688 0)
(1.90389 -0.360198 0)
(1.019 0.0173503 -4.57234e-20)
(0.995049 0.0576027 -2.19745e-19)
(1.29265 -0.401045 -2.35692e-19)
(-0.214032 0.275394 0)
(1.02308 -0.00607573 1.42048e-22)
(0.902353 -0.723927 -1.61617e-19)
(0.673382 0.394434 0)
(1.07298 -0.0259052 -3.27778e-19)
(1.87532 -0.228347 9.06272e-20)
(-1.06924 -0.528626 -2.14717e-19)
(-0.259596 0.409768 1.68632e-19)
(-0.216267 0.271462 1.73402e-20)
(-0.241354 0.382701 -1.39187e-19)
(-0.112871 -0.0765278 1.67982e-19)
(0.810344 -0.265466 2.26928e-20)
(-0.114839 0.120723 1.08878e-19)
(0.921913 -0.680467 2.79295e-19)
(1.05363 -0.865255 0)
(1.01023 0.0203747 -5.41446e-19)
(0.775351 0.250968 -8.22345e-20)
(1.02056 0.00321123 -2.03257e-19)
(-0.119147 -0.111519 -5.65774e-20)
(-0.164278 -0.00674004 1.3905e-19)
(1.01771 0.026734 -2.60177e-19)
(-0.631174 -0.368787 2.36978e-19)
(-0.987188 -0.0661697 1.17598e-20)
(1.03072 -0.00418499 -4.38477e-19)
(1.59811 -0.0140368 0)
(-0.25005 0.436882 -1.19305e-19)
(-0.302047 0.316907 -2.73176e-19)
(1.17729 0.874755 0)
(1.12567 0.096213 0)
(1.07562 0.0263873 3.00109e-19)
(1.52366 -0.268425 -3.32588e-19)
(1.18325 -0.0237535 -2.74494e-20)
(1.19549 0.658776 1.95238e-19)
(-0.818833 -0.637616 -1.72896e-19)
(1.04382 0.0225725 1.52504e-19)
(-0.373447 -0.0623459 -6.83355e-21)
(1.24749 0.168511 -4.47131e-19)
(-0.076556 0.208523 0)
(0.981321 -0.237942 -2.19621e-19)
(0.038904 -0.613026 1.7901e-19)
(1.33627 -0.535951 -2.4663e-19)
(1.02121 -0.00849618 -3.04171e-19)
(0.484038 0.467993 -1.55641e-19)
(1.11815 0.0359644 -2.52637e-19)
(-0.422462 0.302628 1.4018e-19)
(0.916202 0.0327401 -3.65332e-19)
(0.5351 0.0966193 -2.22163e-19)
(1.00952 -0.00576015 -2.52799e-19)
(0.843273 0.638004 -2.64669e-19)
(-0.937316 -0.431934 -3.02368e-19)
(0.424409 -0.401693 -1.57357e-20)
(0.20458 -0.0211847 5.35489e-20)
(-0.874227 -0.209452 2.04859e-19)
(1.8089 -0.512283 0)
(1.06492 -0.824983 0)
(0.388487 0.0474719 -2.89583e-21)
(0.897062 0.07851 0)
(0.706219 -0.36432 2.2007e-19)
(0.0074372 0.0214669 0)
(1.79229 -0.168895 2.38517e-19)
(1.02649 0.0149715 0)
(2.34138 0.111594 -5.77401e-20)
(1.06047 -0.368289 4.02473e-19)
(0.976009 -0.00755066 2.21698e-19)
(1.07436 0.0951132 -2.25718e-19)
(0.847853 0.165292 1.30918e-19)
(1.01657 0.0306871 3.17695e-19)
(1.52064 -0.414945 0)
(0.97785 0.00825989 2.58012e-19)
(0.729508 0.34475 -7.51345e-22)
(-0.0236677 0.556462 2.21035e-19)
(1.46611 1.08957 -2.62993e-20)
(1.01845 -0.00704268 3.45713e-19)
(1.77354 -0.278281 -3.13773e-20)
(1.98018 0.653813 0)
(0.701246 0.349322 0)
(0.987169 -0.111779 -4.98949e-19)
(-0.633419 0.0699245 0)
(0.722852 0.469319 7.7935e-20)
(1.17803 -0.900621 0)
(0.540479 0.413171 0)
(0.656637 0.598905 -5.92215e-19)
(2.17438 0.224692 2.94089e-20)
(1.02454 -0.0192497 -1.46414e-19)
(-0.198466 0.34171 8.91362e-20)
(1.06306 0.066069 0)
(1.04326 -0.0400083 0)
(0.471124 -0.722108 -1.38746e-19)
(-0.00957121 0.230344 0)
(0.786197 0.514606 3.95449e-20)
(1.04832 -0.00459193 6.25525e-22)
(0.649428 0.502102 1.51715e-19)
(1.15119 0.032656 3.44542e-20)
(1.52863 -0.572075 -9.24347e-20)
(1.09883 0.0430837 1.99705e-19)
(1.03919 0.00736721 -2.19201e-19)
(1.16909 0.22841 2.33433e-19)
(1.00991 0.0374433 -5.12263e-19)
(-0.0848227 0.0736469 0)
(-0.302482 0.372419 -3.63442e-20)
(-1.15058 -1.07217 -2.27249e-19)
(0.890799 -0.117308 -2.84871e-19)
(1.95022 -0.112528 0)
(-0.600319 -0.108186 2.05805e-19)
(-0.151938 0.285112 9.60775e-20)
(1.47295 -0.320071 -8.36827e-20)
(0.671909 0.575908 2.7171e-19)
(1.3466 0.823023 -1.06189e-20)
(0.88726 0.745081 4.78645e-19)
(0.235996 0.624338 2.61278e-20)
(1.09799 -0.0192855 0)
(1.00218 -0.0697011 -1.46982e-19)
(-0.24308 0.315855 9.54036e-20)
(1.66335 -0.0740087 -3.33549e-20)
(2.41423 0.114259 0)
(2.06674 -0.0913322 0)
(1.67624 0.236165 1.42347e-19)
(-0.130138 0.194683 0)
(1.02095 0.0330684 -1.99196e-19)
(-0.211468 -0.21233 0)
(1.00568 0.000301622 1.47141e-19)
(0.644538 -0.282958 -2.50368e-19)
(0.963022 -0.00473573 4.81499e-19)
(1.9378 0.338255 -3.46557e-21)
(1.06107 -0.0238174 -5.34677e-19)
(0.851837 0.0267815 6.42151e-20)
(2.06426 -0.123491 -4.94083e-20)
(1.06168 -0.0264461 0)
(1.05715 -0.000908631 1.60271e-19)
(-0.223474 0.393497 -1.61879e-19)
(1.12153 0.00728782 -2.52372e-19)
(0.91012 0.670325 -5.23921e-19)
(1.74829 -0.363159 1.05188e-20)
(2.42967 0.0930663 0)
(0.299584 0.0122748 5.84147e-19)
(1.21795 -0.317383 0)
(-0.198678 0.383492 6.95416e-20)
(-0.0686811 0.0349078 1.13082e-19)
(1.06289 -0.878982 0)
(0.728369 0.0267388 1.31108e-19)
(-0.211949 0.392987 0)
(2.08336 0.00451416 0)
(-0.0412696 0.0037544 1.12683e-19)
(0.878419 0.12611 -2.81678e-19)
(-0.881385 -0.0151909 3.17634e-19)
(0.970155 0.722537 -4.25988e-19)
(1.01245 0.0541494 -7.22999e-21)
(1.01812 -0.0301711 1.6705e-19)
(2.18137 -0.119805 0)
(1.04528 -0.0827091 -6.38011e-20)
(0.419389 -0.289927 4.87369e-19)
(1.0237 -0.013792 3.34957e-19)
(1.08279 -0.0114729 1.28545e-19)
(1.96249 0.370582 0)
(1.00421 -0.00832081 0)
(1.02748 0.894734 -3.91506e-20)
(1.03101 -0.00707687 -2.03902e-19)
(1.14819 -0.43886 -1.23152e-19)
(-0.00631909 0.355641 2.05349e-20)
(0.978545 0.291481 0)
(1.94175 0.617138 0)
(0.583048 -0.00152612 5.53833e-21)
(0.715273 0.322063 -2.75823e-19)
(0.309573 0.368901 2.10527e-20)
(0.997831 0.0827673 2.9056e-19)
(0.460409 0.282975 -1.66174e-19)
(2.88882 0.0608558 0)
(0.394942 -0.0245321 -2.71503e-21)
(1.10022 0.010802 -1.33984e-19)
(0.397356 -0.0309069 0)
(0.800095 -0.00369705 0)
(-0.295845 0.0534876 1.57393e-20)
(-0.151358 -0.100497 -8.13817e-21)
(0.774599 0.000368367 1.34247e-19)
(1.13159 -0.0101738 0)
(0.796266 -0.733718 0)
(-0.234378 -0.0530898 -6.81338e-21)
(1.05003 0.745063 -2.66688e-19)
(0.313301 0.165279 -9.05892e-20)
(-0.224202 0.394587 3.53092e-21)
(1.98023 0.840641 1.66501e-19)
(0.994445 0.0461398 2.0958e-19)
(1.02046 -0.0410618 1.18329e-19)
(0.292787 -0.150447 -7.86498e-19)
(-0.110072 -0.0945655 0)
(-0.711792 -0.794133 -8.4121e-20)
(0.568772 -0.543756 -4.39255e-19)
(-0.100013 0.147387 1.72624e-19)
(0.944982 0.140312 -2.11543e-19)
(0.999125 0.371111 4.16914e-19)
(1.0057 -0.0705426 1.54368e-21)
(1.02693 0.0115999 -3.85151e-20)
(0.981406 -0.00200394 1.60647e-19)
(-0.8959 -0.141545 -9.00701e-20)
(-0.147978 -0.0743979 -8.93802e-20)
(-0.217537 0.166444 0)
(1.2101 0.280696 1.64577e-19)
(1.12629 0.0241222 0)
(0.155623 -0.445517 -2.4361e-19)
(-0.165476 0.222765 -1.25538e-19)
(-0.0911763 0.00474532 0)
(1.0112 0.00808455 2.22887e-19)
(0.981389 -0.0228361 0)
(2.43265 -0.190678 -1.50807e-19)
(-0.252437 0.348093 -1.29097e-20)
(0.985834 0.0161355 -4.61125e-19)
(0.0279253 -1.05532 4.4425e-21)
(1.66889 0.422751 -3.13536e-21)
(0.548692 0.534428 0)
(0.796873 0.699694 1.96089e-19)
(2.34975 0.463922 1.99871e-19)
(-0.108502 0.0734921 1.02295e-19)
(1.97511 0.251056 -5.81666e-21)
(0.0578635 0.135971 -9.96644e-20)
(1.34984 0.447255 -2.42819e-19)
(0.419926 -0.241595 5.8054e-20)
(0.281319 -0.602691 -4.66437e-21)
(0.119478 -0.112778 2.12074e-19)
(0.141736 0.139807 0)
(-0.0483599 0.0527613 0)
(0.049819 0.0670613 6.06174e-20)
(1.00227 0.00312394 -2.4707e-19)
(1.02377 0.00934314 -2.09893e-19)
(-0.267377 0.378511 -1.4085e-19)
(1.65106 -0.460827 8.20842e-20)
(1.32842 -0.999682 -5.40244e-21)
(1.13774 0.775565 0)
(0.924308 0.0775347 -6.32703e-19)
(1.39093 -0.0692278 -1.94435e-20)
(1.01428 -0.0203641 -6.21053e-20)
(1.25668 -0.302455 6.32373e-20)
(-0.0951515 0.0395691 0)
(2.42209 0.194236 -2.7842e-20)
(-0.225764 0.394643 4.20781e-20)
(-0.175816 0.0372522 -2.54389e-19)
(1.0165 -0.0430832 2.25487e-19)
(0.0357093 0.0433897 0)
(1.345 -0.0360105 -1.74325e-20)
(0.505381 0.332637 1.32799e-19)
(0.032087 0.0366475 6.10061e-20)
(1.01835 -0.0125021 2.74928e-19)
(0.7156 0.367336 0)
(-0.183165 0.244617 1.19077e-19)
(0.433583 -0.422648 0)
(0.12831 -0.128116 -4.04182e-19)
(-0.0416127 0.0432056 9.539e-20)
(0.143733 0.142242 1.92819e-19)
(0.0249626 0.0284763 -6.26596e-20)
(-0.122039 0.0194604 0)
(0.97549 0.320282 2.26047e-21)
(0.459291 0.663554 -2.51335e-20)
(0.65848 -0.589325 2.78944e-19)
(1.0128 -0.00772811 0)
(0.0226934 0.025396 0)
(0.947248 -0.0565463 2.60963e-19)
(1.45196 -0.681888 -4.67465e-21)
(-0.760356 -0.171852 -1.99229e-19)
(0.974503 0.0604972 -2.87851e-19)
(0.60413 -0.548812 4.95472e-19)
(1.34942 -0.669717 -5.41639e-20)
(-0.293252 0.210826 -1.7024e-19)
(1.10765 0.0828272 0)
(1.01627 -0.00524751 -3.18282e-19)
(0.0128124 0.015131 0)
(0.112783 0.156053 -3.40859e-19)
(0.156256 0.156248 1.83445e-19)
(0.0203231 0.0232112 0)
(1.16381 0.118985 -1.95787e-19)
(1.70643 1.06868 0)
(1.07404 -0.0656262 0)
(-0.188983 -0.111568 8.5769e-20)
(-0.747164 -0.339524 -5.04521e-20)
(0.00224171 0.00565983 -5.68113e-20)
(-0.0451878 0.0462495 9.38435e-20)
(0.128142 0.11664 0)
(0.967043 -0.0807201 -3.20946e-19)
(0.128524 -0.128046 -1.98909e-19)
(0.149193 0.144601 -3.69564e-19)
(0.208335 0.201588 1.41703e-19)
(0.960585 0.0404979 7.70241e-19)
(0.192211 0.183472 -1.53526e-19)
(-0.00214313 0.00223308 5.42917e-20)
(0.153719 0.154583 -3.55175e-19)
(0.178145 -0.176916 -3.14353e-19)
(-0.031278 0.0350656 0)
(0.0149251 0.0177377 1.20321e-19)
(-0.222918 0.389525 3.75008e-19)
(0.161453 0.159537 0)
(0.515414 -0.230431 0)
(-0.118065 0.0044506 0)
(-0.458708 0.137675 -4.64359e-22)
(0.227417 0.223981 2.40371e-21)
(-0.0291827 0.0305574 -5.45254e-20)
(-0.0521033 0.0673377 9.60388e-20)
(0.200792 0.19554 -1.48464e-19)
(0.150258 -0.145429 0)
(0.00600532 0.00837875 6.02505e-20)
(-0.0216662 0.0256233 4.0923e-22)
(-0.100034 0.00329609 -1.00958e-19)
(1.03644 0.509191 -6.74027e-20)
(-0.106568 0.264212 3.16525e-19)
(-0.0414045 0.0438414 -9.28515e-20)
(-0.00602116 -0.00187013 0)
(0.224541 0.224263 0)
(0.166904 -0.165662 -7.93785e-20)
(-0.0106506 0.0133849 -8.72589e-20)
(2.31229 0.568554 1.06209e-19)
(1.46692 -0.568048 -2.1602e-19)
(0.206668 0.210349 2.76423e-19)
(0.0455954 0.0648443 4.65047e-20)
(-0.0445986 0.0457611 9.66497e-20)
(-0.0103473 -0.00643186 -1.60487e-19)
(0.197953 -0.196804 2.84972e-19)
(-0.455595 -0.140195 6.43887e-21)
(-0.0265597 0.0298103 0)
(0.127026 -0.123274 -4.09689e-19)
(0.931868 -0.059212 0)
(1.48549 -0.332303 0)
(0.534578 -0.464339 -4.41274e-19)
(-0.427777 0.154654 -2.82435e-20)
(0.172863 -0.166144 1.56612e-19)
(1.01035 0.0325791 2.15389e-19)
(0.873084 -0.0736644 3.00853e-19)
(0.386848 -0.372307 6.13732e-19)
(2.12349 0.614312 1.21359e-19)
(0.232542 0.220674 1.17073e-19)
(0.870271 0.604944 0)
(0.603719 -0.525326 4.31315e-20)
(-0.013888 -0.0112391 5.315e-20)
(0.422394 0.133027 2.46082e-20)
(1.03958 -0.104137 9.38134e-20)
(1.06032 -0.22996 0)
(0.929499 -0.108737 7.59035e-19)
(-0.0297352 0.0324513 0)
(0.0815585 -0.188386 0)
(1.14377 -0.199546 2.18522e-19)
(1.18095 0.379852 2.47492e-19)
(1.10743 0.00971622 0)
(-0.731738 0.00754473 9.9126e-20)
(-0.72587 -0.0117033 -3.40104e-20)
(1.03438 0.0155449 -3.05725e-19)
(-0.143684 -0.0165767 0)
(1.15467 -0.192624 0)
(1.11198 0.760484 0)
(0.123985 0.12697 4.83156e-19)
(-0.0148188 -0.0126799 0)
(0.201521 0.191636 1.34773e-19)
(0.165563 -0.152615 0)
(-0.00260271 0.00485352 -8.43812e-20)
(-0.0146845 -0.0135473 0)
(0.393349 0.151107 1.76713e-19)
(0.81771 -0.38707 -6.36199e-19)
(-0.00507917 0.00760576 2.98458e-22)
(-0.17311 -0.107948 -1.54575e-19)
(0.246936 -0.238164 0)
(0.252903 0.240636 0)
(-0.216919 0.339103 1.6526e-19)
(0.948979 0.0803763 3.53484e-21)
(1.0721 -0.337946 -2.37713e-19)
(-0.0078102 0.0107706 2.54884e-19)
(-0.0840939 0.156792 2.08203e-19)
(1.0748 0.157869 2.87473e-19)
(-0.539928 -0.0117016 0)
(-0.0184061 -0.0171167 2.94916e-22)
(-0.131962 -0.00908031 -1.08364e-21)
(-0.0687058 0.0594676 0)
(2.10764 -0.113931 -4.11252e-20)
(1.04341 0.165604 0)
(0.993271 -0.0559888 3.71439e-19)
(-1.12705 -0.637556 0)
(0.224146 -0.208469 -3.67213e-21)
(1.01081 -0.00611436 1.90564e-19)
(0.576663 0.21558 4.41802e-19)
(1.32119 -0.74959 3.06772e-19)
(0.320032 0.299511 1.94875e-22)
(1.68906 0.553615 0)
(0.924719 -0.549364 8.7365e-20)
(1.78022 -0.884199 -1.12953e-21)
(-0.00130406 0.00319522 1.63349e-19)
(1.68216 -0.480799 3.18094e-20)
(2.45333 0.479519 6.93866e-20)
(0.000744754 0.000318174 -4.7913e-20)
(1.02809 0.0426489 2.76657e-19)
(-0.159239 0.349434 -1.70461e-19)
(0.345948 0.322343 0)
(-0.0202365 -0.019116 0)
(0.267172 0.253225 1.03092e-19)
(0.288153 -0.268345 -3.04358e-19)
(0.00182299 -0.000590545 1.70251e-19)
(1.04064 -0.737876 -1.01741e-19)
(0.434007 -0.272631 3.58061e-20)
(0.324875 -0.309328 0)
(-3.22858e-05 -0.00133146 0)
(0.286851 0.272151 0)
(-0.0517239 0.0855064 -9.93271e-20)
(0.266367 -0.263602 0)
(-0.0267473 -0.0269234 -9.89804e-20)
(0.30703 0.289342 -7.8298e-20)
(-0.00596057 -0.000374084 0)
(0.249543 -0.244279 0)
(-0.620645 -0.133437 0)
(-0.0210027 0.0083915 0)
(-0.0386534 0.0235536 -4.86405e-20)
(-0.193894 -0.0763751 0)
(1.002 -0.00264643 2.92091e-19)
(0.456773 -0.427807 1.11325e-19)
(-0.0848588 0.055996 -8.46937e-20)
(-0.035046 -0.0249487 1.86006e-19)
(0.385214 0.354563 -7.92812e-20)
(1.71813 0.412205 0)
(-0.183509 0.320279 0)
(-0.202101 -0.0463618 1.46546e-20)
(-0.131933 0.102134 0)
(0.354403 -0.33287 0)
(-0.0561262 -0.0402528 0)
(0.435599 0.396013 0)
(-0.0893816 -0.0718107 1.18042e-19)
(0.514163 0.477771 4.98163e-22)
(-0.168759 0.157602 -3.928e-19)
(0.526838 -0.486287 4.17597e-20)
(1.18615 0.149758 0)
(1.43787 -0.23414 2.2824e-20)
(-0.818944 -0.0694074 -9.49101e-20)
(1.05291 0.0730688 -2.68385e-19)
(1.5247 -0.0228683 0)
(1.65517 -0.186519 -1.358e-20)
(1.32478 -0.474712 2.26275e-19)
(0.947689 0.0173927 0)
(0.0511649 0.214446 3.35218e-19)
(-0.906678 -0.398393 -4.18328e-20)
(-0.0241474 -0.0209537 -1.84508e-22)
(-0.281931 0.32782 0)
(1.09004 -0.153614 -2.69295e-19)
(0.396335 0.294053 4.71946e-19)
(2.862 -0.0690277 -1.24957e-19)
(1.4566 0.553675 -1.17876e-19)
(1.51864 -0.715932 3.36789e-20)
(0.0798011 0.117504 -5.42607e-20)
(2.0537 0.253024 1.04944e-20)
(1.83644 -0.685534 -1.35701e-20)
(1.06081 0.104995 -3.62471e-20)
(-0.239639 0.436575 1.71313e-19)
(1.09952 0.00297227 0)
(2.27566 0.0507875 -2.17576e-20)
(0.160605 0.143148 -3.60344e-21)
(1.25491 -0.216334 0)
(0.108237 -0.0930807 -6.69543e-19)
(-0.0176958 0.0207558 0)
(0.489517 -0.448211 0)
(1.99362 0.664257 -5.4619e-20)
(0.872512 -0.393811 0)
(2.06707 -0.107833 4.95181e-20)
(-0.0177906 -0.017844 1.02575e-19)
(0.250887 -0.25466 1.03359e-19)
(1.01197 -0.0362578 0)
(0.0506394 0.431512 0)
(-0.127796 -0.0993225 8.32284e-20)
(-0.100189 -0.0967909 1.56721e-19)
(1.03661 0.282256 -2.52802e-19)
(0.473175 0.203378 -3.64552e-19)
(1.03072 0.0262059 -1.01813e-20)
(2.36513 0.129776 0)
(-0.13985 -0.0132134 1.10422e-19)
(-0.00223731 0.0205452 0)
(0.645561 0.138745 3.7824e-19)
(0.977699 0.188503 -5.5522e-20)
(0.648351 -0.545474 -2.26831e-19)
(1.00703 0.154096 3.91701e-19)
(0.995011 0.0128142 0)
(1.47581 0.73882 -2.56977e-19)
(1.97153 -0.182648 0)
(0.573488 0.530402 0)
(0.136326 -0.0983915 0)
(0.0925807 0.167905 -2.59814e-20)
(0.35996 0.323961 2.67983e-19)
(-0.243996 0.394975 0)
(1.14605 0.0826181 1.72805e-19)
(1.00824 -0.207316 0)
(0.516541 0.0551858 1.82591e-19)
(0.346038 -0.0800441 2.41613e-19)
(-0.186062 0.407233 2.46947e-19)
(-0.0438849 -0.0871207 -9.01095e-20)
(0.975665 -0.00637143 1.89571e-21)
(1.45075 -0.571243 3.31221e-19)
(1.51892 -1.02242 7.83405e-21)
(0.0785336 0.0749018 1.17257e-19)
(1.95594 -0.0807581 0)
(-0.744246 -0.51762 0)
(-0.206807 0.287884 0)
(1.32128 -0.100586 2.27273e-19)
(-0.230984 0.395824 -6.99735e-20)
(0.265633 -0.244944 -2.01124e-19)
(2.21739 -0.141117 2.51682e-20)
(0.850902 0.562025 -7.92074e-20)
(0.85157 0.297804 5.00734e-21)
(0.969135 0.256323 7.54599e-20)
(1.42423 0.123314 -4.94624e-20)
(-0.228295 -0.0424618 6.03364e-20)
(-0.102202 0.227878 0)
(0.916946 0.019262 0)
(-0.0403173 0.266616 1.02945e-19)
(0.166932 0.165461 0)
(2.02982 0.53254 0)
(-0.191985 0.358059 8.94922e-20)
(0.594266 0.518715 -2.53426e-19)
(0.444131 -0.339746 3.45121e-19)
(-0.190045 -0.10981 0)
(1.45219 0.969442 -3.44221e-20)
(1.05852 0.0137993 0)
(-0.189797 0.316578 -3.334e-19)
(-0.238932 0.374153 -1.43799e-19)
(1.23799 -0.376764 1.03827e-19)
(0.492391 0.467149 5.69539e-19)
(0.708959 -0.187185 2.54321e-19)
(-0.296347 0.341643 0)
(1.15751 0.0690425 1.82598e-19)
(1.04757 0.608703 -1.08107e-19)
(-0.180512 -0.12862 0)
(0.680607 -0.207279 0)
(1.36636 0.8873 8.48666e-20)
(-0.0142619 0.0177851 -1.7421e-19)
(1.82354 -0.41967 -1.81671e-19)
(1.09602 0.70175 0)
(1.58221 -0.223881 2.23124e-20)
(0.809388 0.483982 0)
(0.0326152 0.339839 -1.73308e-19)
(1.33163 0.957557 -1.07382e-19)
(1.75588 1.04873 1.55294e-20)
(0.504142 -0.448533 -2.81288e-20)
(0.0703891 0.397336 4.76388e-21)
(-0.229661 -0.140155 -6.35696e-20)
(1.03445 0.0855903 2.7438e-19)
(0.163795 0.341033 0)
(0.994767 0.216207 3.82562e-21)
(1.80529 0.458653 2.07851e-21)
(1.4628 -0.81839 2.27784e-19)
(1.24323 -0.280658 -1.60144e-19)
(1.62383 -0.295574 1.11669e-19)
(-0.200316 -0.136908 3.50464e-20)
(0.634059 0.570717 1.01311e-19)
(0.15112 -0.0770295 1.59548e-19)
(2.04536 0.607757 -3.65761e-20)
(1.71818 0.916251 -8.21918e-21)
(2.10138 0.1265 5.2889e-20)
(0.930085 0.644481 1.51606e-19)
(-0.673243 -0.103113 1.9878e-19)
(0.667408 -0.00950076 -3.2602e-20)
(0.993573 0.291443 -1.65631e-19)
(-0.130213 0.170896 -6.24724e-20)
(-0.24832 0.278226 0)
(1.00194 0.0040441 6.1048e-19)
(0.775162 0.0379388 0)
(0.912094 0.605067 -1.55389e-19)
(1.13016 0.632579 8.40681e-21)
(-0.170287 -0.0163885 -8.35323e-21)
(1.83487 -0.407115 0)
(1.12932 -0.346753 0)
(1.54706 -0.19728 6.41341e-20)
(0.226435 -0.0229493 5.95034e-20)
(1.05469 -0.297251 0)
(-0.116705 -0.00310855 -1.16071e-19)
(0.927975 -0.0598153 -2.91323e-19)
(0.734693 -0.616065 -6.54612e-21)
(-0.116862 0.302209 1.82783e-19)
(0.0646545 0.0876725 -6.67141e-20)
(-0.122267 -0.11272 -1.34821e-19)
(0.091507 -0.0268621 -2.14273e-19)
(-0.331481 0.232279 2.11688e-20)
(0.803738 -0.260917 -1.70664e-19)
(1.5887 0.98237 -2.15128e-20)
(0.680801 0.00823111 0)
(0.810206 0.152706 3.5345e-19)
(1.17098 -0.342614 4.17237e-21)
(0.975109 -0.108468 -5.06858e-21)
(0.632674 0.568754 1.97203e-19)
(1.951 0.208562 1.13263e-20)
(1.54389 -0.0830924 1.32017e-19)
(1.05657 -0.0117436 4.94891e-20)
(0.801639 -0.343277 1.76259e-19)
(0.478008 -0.149693 0)
(0.0545038 0.0654652 6.37408e-20)
(0.974949 0.120942 1.81235e-19)
(1.13972 0.738133 1.08025e-19)
(0.045988 0.0543178 1.28238e-19)
(1.00939 -0.581469 3.69182e-19)
(0.117523 -0.106552 0)
(1.86215 0.932816 0)
(0.255318 0.252673 3.79854e-19)
(1.6522 0.607615 0)
(-0.101496 0.110419 0)
(0.944019 -0.596462 -3.2184e-19)
(0.0395256 0.0454761 1.87699e-19)
(-0.0960902 -0.00896797 1.23225e-19)
(1.08621 -0.0129884 5.87359e-20)
(1.62788 1.09999 -1.48013e-23)
(0.950668 -0.0176491 -2.04835e-19)
(0.120196 -0.117511 1.06129e-19)
(1.06733 0.162948 -1.98592e-19)
(-0.0933598 0.0962065 2.93754e-19)
(1.07607 0.391916 0)
(0.255337 0.255204 -1.94395e-19)
(-0.264079 0.35388 1.28414e-19)
(2.02429 0.401319 0)
(-0.247346 0.116578 -1.77642e-19)
(0.011766 0.0679234 1.18496e-19)
(-0.0909209 0.265797 0)
(-0.104569 -0.0790991 -2.70913e-20)
(0.207523 -0.201197 0)
(0.963355 -0.693035 0)
(-0.0869264 0.0888257 1.92835e-19)
(0.537313 -0.508581 5.70721e-19)
(0.0350942 0.0401212 -1.11978e-19)
(-0.0456943 0.324106 -1.42089e-19)
(0.220788 -0.221591 -2.03514e-19)
(0.262327 0.257429 5.70933e-19)
(0.0424519 0.117395 -1.68023e-19)
(-0.287692 0.265626 -6.47454e-20)
(-0.0182826 -0.0172543 0)
(-0.122959 -0.00526837 9.48185e-20)
(1.02609 -0.114645 -3.88253e-19)
(-0.083603 0.0869818 9.06583e-20)
(1.56836 -0.507573 6.23279e-20)
(1.45991 0.228584 0)
(2.25653 0.336841 -1.09648e-20)
(0.947385 -0.0161541 0)
(0.023465 0.0281728 0)
(0.233875 0.240439 0)
(0.973915 0.0935481 0)
(1.07555 -0.233513 0)
(0.997645 0.128818 -3.6232e-19)
(0.257831 0.258808 -1.84072e-19)
(-0.171288 0.338305 -1.11104e-19)
(0.0284876 0.0342685 1.21756e-19)
(0.958173 -0.168153 1.97306e-19)
(0.742286 -0.328511 0)
(-0.0736781 0.415102 -2.54988e-19)
(1.00938 -0.00455352 -2.44326e-19)
(-0.636727 -0.0579772 4.7919e-19)
(0.000118487 0.00640339 0)
(0.0235237 0.0327444 -6.6394e-20)
(0.304635 0.284423 -1.33501e-21)
(0.273817 0.261185 0)
(0.0076743 0.0122155 5.92903e-20)
(-0.315391 0.356666 1.94236e-19)
(1.26359 -0.473527 2.49399e-19)
(1.71357 -0.402134 -5.81749e-20)
(0.731827 0.132691 -2.59671e-19)
(1.04927 0.0546285 0)
(0.355738 0.346667 -2.71449e-19)
(-0.255128 0.356008 1.50414e-19)
(0.336892 0.327559 -4.48636e-19)
(0.331699 0.322445 1.43026e-19)
(-0.0744426 -0.0289803 0)
(-0.0665578 0.0755032 5.10385e-20)
(-0.091307 0.0911871 0)
(-0.00623252 -0.000231284 1.4861e-19)
(0.0181075 0.0284247 1.32941e-19)
(0.457688 -0.327526 7.33979e-19)
(0.983006 0.117781 -7.91908e-20)
(0.362896 0.362908 0)
(-0.0751415 0.0740226 2.21078e-19)
(0.214893 -0.216266 4.11067e-19)
(1.24781 0.152695 -5.97274e-21)
(0.357478 0.358407 0)
(1.03855 0.36408 -1.25846e-20)
(-0.667844 -0.280704 6.25368e-21)
(2.25882 -0.127137 4.11254e-20)
(-0.014159 -0.0072424 0)
(1.23853 0.801237 0)
(-0.0515923 0.0571329 -2.69771e-19)
(0.312904 -0.314231 -3.28383e-19)
(0.252614 -0.225467 4.79283e-20)
(2.03055 0.309636 -3.27362e-20)
(1.12253 0.367558 -1.53854e-19)
(0.289157 -0.280459 -3.25197e-19)
(1.03377 -0.0198614 4.08048e-19)
(1.01392 0.0920392 0)
(1.04391 -0.274921 -5.22174e-22)
(1.08236 0.0205076 1.45231e-19)
(0.0666854 0.194577 3.03602e-21)
(1.35731 -0.483718 0)
(1.23089 0.199263 -1.34471e-19)
(2.01545 0.505294 -1.27017e-19)
(-0.063855 0.0696439 0)
(-0.181681 0.107828 3.02773e-19)
(1.79631 0.568849 0)
(1.00326 0.00051981 6.53136e-20)
(0.312035 -0.301172 -1.51881e-19)
(1.00471 0.0066272 6.71316e-19)
(0.223038 -0.0742464 0)
(1.14082 -0.872585 0)
(-0.0205222 -0.0154246 5.39036e-20)
(0.0668208 0.0476268 0)
(1.08394 -0.0217474 8.65425e-20)
(0.574967 0.468699 6.95977e-20)
(0.721897 -0.0190753 -5.51296e-19)
(-0.059659 0.0636433 0)
(-0.0768613 0.428379 1.89527e-19)
(-0.198022 0.370198 0)
(1.9085 0.846565 0)
(-0.0656909 -0.0613294 0)
(-0.0667157 -0.0671304 5.71967e-20)
(1.76479 0.806385 2.53202e-20)
(1.02671 0.0697569 0)
(-0.109206 0.146256 1.00153e-19)
(-0.0233709 0.0264251 0)
(1.50454 0.786369 0)
(1.55596 -0.770338 5.83782e-20)
(0.409977 0.385523 2.3457e-19)
(-0.827778 -0.840586 -2.64486e-19)
(-0.0248363 -0.0211035 -5.75526e-20)
(0.198008 0.158114 -1.0127e-19)
(1.06867 0.302466 0)
(0.386636 0.0719616 1.8284e-19)
(1.65886 0.798587 0)
(0.899529 -0.0359723 3.99023e-19)
(0.25414 0.192893 -1.86474e-19)
(0.430669 0.407587 -1.16219e-19)
(0.767298 0.291652 2.15661e-19)
(-0.286228 0.329437 1.86723e-19)
(1.77605 1.05476 7.69755e-20)
(0.190379 -0.180356 2.2038e-19)
(-0.028842 -0.0247717 1.30894e-19)
(1.44153 -0.432092 -1.88245e-19)
(-0.0428413 0.0488739 8.96343e-20)
(0.00696922 0.00838505 0)
(-0.0972899 -0.0610738 -7.04584e-20)
(-0.0119648 0.0146116 8.58886e-20)
(1.00784 -0.168681 0)
(0.376739 -0.345777 1.65396e-19)
(0.279328 0.274328 1.70018e-19)
(0.270577 0.271505 -3.78039e-19)
(1.71128 0.395956 0)
(0.345891 -0.344875 -2.85341e-19)
(1.77133 0.513411 0)
(1.51585 0.614604 2.74493e-21)
(-0.0306209 -0.0297996 6.55734e-20)
(0.898559 -0.0148104 0)
(0.629158 0.593298 -2.32978e-19)
(1.02216 -0.0139863 -3.0154e-19)
(1.09489 -0.016363 -1.46645e-19)
(-0.297004 0.16716 -8.07581e-21)
(0.471358 -0.12332 2.87015e-20)
(1.04874 0.0205068 -3.98992e-19)
(2.24925 -0.0997896 -2.5775e-20)
(-0.161366 -0.133297 9.35362e-20)
(-0.0164577 0.0209528 -1.71826e-19)
(-0.098732 0.0251064 -1.64027e-19)
(1.2827 -0.346442 1.10739e-19)
(-0.00736513 0.0102558 2.60502e-22)
(1.10398 0.00763684 -1.77424e-19)
(0.407028 -0.394152 1.09322e-19)
(-0.0843435 -0.0571948 1.60854e-19)
(0.226176 -0.216493 0)
(-0.238312 0.284371 6.70219e-22)
(1.66811 1.03546 0)
(0.864941 0.018052 -1.65716e-19)
(-0.0186581 0.410038 -1.66856e-19)
(-0.0105589 0.235832 -1.20004e-19)
(0.215045 -0.0968809 0)
(0.457272 0.430479 -3.1759e-19)
(-0.0283989 0.0338283 8.96283e-20)
(0.230943 0.262394 -1.94659e-19)
(0.578109 0.563628 -1.39763e-19)
(1.0352 -0.027483 0)
(1.5578 -0.197345 6.22384e-20)
(1.69762 -0.341624 -8.03781e-20)
(-0.478372 -0.0396921 0)
(-0.0355931 -0.0335812 -5.73913e-20)
(-1.03266 -0.00824695 8.59322e-20)
(0.0574073 0.213118 2.21891e-19)
(1.77424 -0.375977 -1.48108e-20)
(0.453579 -0.416015 -2.26759e-19)
(-0.153665 0.315339 7.26521e-20)
(-0.00507752 0.00440614 -9.73308e-20)
(0.565705 0.484945 -3.89943e-19)
(0.602418 0.550942 -1.9956e-19)
(0.553498 0.513066 6.44887e-21)
(-0.000354932 0.00417027 4.57103e-20)
(0.0170148 0.0208718 -7.58597e-20)
(1.01165 0.0298386 2.00017e-19)
(0.258375 -0.249524 0)
(0.485583 0.456611 0)
(0.48419 -0.453466 1.94988e-19)
(-0.00153793 -0.00010147 -1.69587e-19)
(0.0854799 0.122797 -3.26679e-20)
(1.84939 -0.27953 9.61492e-21)
(0.520613 0.483066 0)
(0.463084 -0.460369 0)
(-0.00534883 0.000816871 0)
(1.15191 0.0507614 1.03318e-19)
(0.669759 0.599918 0)
(-0.024048 0.00521903 1.68825e-19)
(0.234398 0.246921 -7.12437e-19)
(-0.0525216 0.0260277 4.77939e-20)
(0.70917 -0.0535405 3.20895e-20)
(0.0126092 0.0158522 -7.92523e-20)
(1.2098 0.503274 -1.39572e-19)
(0.143039 -0.125577 -3.65471e-19)
(-0.108614 0.0547037 2.83037e-19)
(-0.176021 0.184555 -2.68779e-19)
(-0.0788646 -0.0468548 -1.28854e-19)
(0.671248 -0.632746 0)
(-0.169624 0.108783 -1.68315e-19)
(0.75941 0.661214 0)
(-0.205105 0.2482 8.78476e-20)
(0.844182 0.432059 3.35301e-20)
(0.756815 0.435578 -4.21757e-20)
(-0.219565 0.150537 8.91486e-20)
(0.828014 -0.683345 0)
(-0.116599 -0.0684401 1.24087e-19)
(0.882921 0.741149 -6.48994e-22)
(0.406489 0.396023 -2.82835e-19)
(0.334703 -0.214439 5.71546e-19)
(0.570046 0.508564 1.89794e-19)
(1.009 0.00237616 0)
(0.504216 0.47582 0)
(1.81573 0.497826 0)
(1.02694 0.00508646 0)
(-0.141862 0.15606 -8.0135e-20)
(0.715322 -0.572884 5.10258e-19)
(-0.0509602 -0.0385096 -2.63909e-22)
(1.17934 -0.0912133 1.27005e-19)
(0.387024 -0.354335 2.98284e-19)
(2.14184 -0.121427 0)
(1.36583 -0.350417 0)
(0.0109343 0.135433 -2.96223e-19)
(0.420748 -0.0843769 0)
(1.85781 0.336542 1.4814e-20)
(0.534709 -0.138921 -2.62168e-20)
(0.734219 0.68041 3.02828e-19)
(1.21269 0.274147 1.25686e-19)
(-0.0369424 0.0407138 0)
(-0.116698 0.135639 8.10186e-20)
(-0.0390234 -0.038916 0)
(0.163756 0.150567 3.53112e-19)
(0.631198 0.0291311 2.19272e-21)
(0.74928 0.392467 0)
(1.03146 0.0233135 1.89137e-19)
(1.30516 -0.252825 1.84454e-19)
(1.01858 -0.00038977 -4.70479e-22)
(0.291912 -0.273577 2.01528e-19)
(0.319307 0.314926 0)
(-0.0642009 0.00676536 0)
(-0.155592 -0.0100099 3.35803e-20)
(1.5626 0.209971 2.19748e-19)
(0.126425 0.198396 7.08519e-20)
(0.142274 0.132653 0)
(1.03444 -0.0117678 6.37234e-19)
(1.38821 -0.969669 -5.69144e-20)
(-0.229436 0.362818 2.94144e-19)
(-0.0856939 -0.0319238 -2.45296e-19)
(-0.0177421 -0.0198381 4.68477e-20)
(-0.0371372 -0.036154 1.06216e-19)
(2.10932 -0.135187 0)
(0.329553 -0.28442 -3.73779e-19)
(1.06591 -0.0253897 -7.31044e-20)
(1.01064 0.000933503 -2.72566e-19)
(0.226428 0.234122 -8.30468e-21)
(1.12965 -0.273757 3.80738e-21)
(1.02539 0.0248191 -2.15535e-19)
(2.15408 -0.0522383 0)
(-0.0658509 -0.0591873 -9.36085e-20)
(-0.0504339 -0.179812 -1.71041e-19)
(0.069117 0.104643 4.20147e-20)
(0.351761 0.330525 -1.68517e-19)
(-0.0581732 0.0747556 0)
(-0.0371454 0.0600843 0)
(1.67305 -0.776616 2.81507e-20)
(1.02086 0.104927 2.03965e-20)
(-0.138409 -0.173935 6.78518e-20)
(0.0122882 0.0298284 -1.06159e-19)
(1.01752 0.0269405 -5.19925e-22)
(0.706075 -0.666486 -9.41551e-20)
(1.10775 -0.0531917 1.22621e-20)
(1.02188 -0.00166567 -1.02372e-19)
(-0.0359995 -0.0338105 0)
(0.989518 0.683476 4.67958e-19)
(0.755451 -0.183654 0)
(0.364401 -0.337526 0)
(-0.0391794 -0.0400341 1.12574e-19)
(1.02504 -0.0129828 3.49262e-19)
(0.488272 -0.457314 0)
(0.822443 0.751815 5.02725e-21)
(-0.12636 0.332392 -1.11474e-19)
(-0.0336904 0.0456402 7.98227e-20)
(0.340782 0.218235 2.52198e-19)
(1.40043 -0.219844 -2.67209e-20)
(1.80229 0.146563 -2.59764e-19)
(1.60781 -0.274222 -8.28267e-20)
(0.992733 0.607482 1.58302e-19)
(1.05356 0.242727 2.3128e-19)
(0.0872937 0.149833 -3.55397e-20)
(-0.252487 0.269202 1.14298e-19)
(1.00037 0.634315 0)
(0.397953 0.20703 1.07868e-19)
(1.27049 -0.442406 5.82546e-20)
(-0.267755 0.294436 0)
(1.39092 0.834362 -5.80562e-21)
(1.02757 0.00130683 4.50782e-20)
(-0.305805 0.35659 0)
(1.03861 0.127784 -1.87056e-20)
(0.631688 -0.178746 0)
(0.528449 -0.504148 -5.74705e-20)
(1.03217 0.217062 2.49702e-19)
(0.85219 0.485344 3.09582e-19)
(0.795 0.44447 4.40257e-20)
(1.02164 -0.00136517 0)
(-0.244384 0.356303 -9.73679e-20)
(1.54516 -0.969806 3.78926e-20)
(1.05479 0.823056 1.59019e-20)
(-0.134231 -0.119544 1.02227e-19)
(1.82175 -0.157688 6.5429e-20)
(-0.0101704 0.0115992 7.21924e-20)
(0.841935 0.298068 0)
(0.873685 0.527858 0)
(0.0499194 0.0629552 1.04258e-19)
(1.02278 -0.145454 0)
(-0.141181 0.436049 2.25815e-22)
(-1.25075 0.331689 -2.57762e-19)
(-0.0475782 0.00454435 5.9885e-22)
(2.2389 0.380352 1.40515e-19)
(1.35089 -0.368108 -4.43709e-21)
(-0.0164809 0.0701908 0)
(1.03193 0.0109977 -5.24036e-19)
(0.794987 0.719063 2.05634e-19)
(0.220053 0.275226 -4.61227e-19)
(1.07022 -0.82334 -2.93351e-21)
(0.58459 0.110523 4.10106e-21)
(-0.0938357 -0.0875153 -5.69333e-20)
(-0.198328 -0.133096 -2.29883e-20)
(0.323863 0.00583152 5.00213e-20)
(-0.294745 0.336206 0)
(0.572907 0.177068 0)
(0.964928 -0.05349 -3.80203e-19)
(1.11208 0.651485 0)
(0.826362 -0.307945 3.76122e-19)
(-0.154899 0.216962 0)
(2.31958 -0.0532853 1.02586e-19)
(0.00828273 -0.119524 -6.8965e-20)
(1.87624 0.791389 0)
(0.0553687 0.0729724 0)
(1.90865 -0.177639 2.9102e-20)
(-0.249006 0.384101 0)
(-0.366152 -0.112037 -1.04731e-19)
(0.966235 0.646442 -1.55472e-19)
(2.0743 -0.28661 -9.23312e-21)
(0.176793 -0.139783 1.97538e-19)
(-0.215683 0.155565 1.02669e-19)
(1.86885 -0.404847 0)
(0.146895 -0.124639 -1.22768e-19)
(-0.0226789 0.0216765 0)
(1.07431 -0.154468 -1.63687e-19)
(-0.0124008 -0.156373 -1.78919e-19)
(-0.137241 0.247407 1.47268e-19)
(0.903477 -0.0759788 2.69475e-20)
(1.8793 -0.231365 -1.49774e-20)
(0.45849 0.442961 0)
(0.679928 -0.259449 -1.15681e-19)
(-0.685138 -0.0577009 1.7214e-19)
(1.93772 -0.210865 0)
(1.07819 0.617791 0)
(-0.109111 -0.0619631 -1.03461e-19)
(1.50744 -0.18623 -7.06962e-20)
(0.855111 -0.210132 -1.29565e-19)
(1.49425 0.213501 4.09821e-19)
(1.6048 -0.00356886 -1.17718e-19)
(1.03863 0.218323 -1.62957e-19)
(1.10915 0.690208 -2.41736e-19)
(1.91095 -0.386526 -2.64761e-21)
(0.0559224 0.0687333 -6.94258e-20)
(1.03161 0.0123457 3.71877e-19)
(1.68664 0.199383 1.06884e-20)
(1.39038 0.233837 -2.4967e-19)
(1.01996 0.0673899 1.02757e-20)
(-0.13656 0.461516 1.22759e-19)
(-0.226161 0.398847 0)
(-0.281083 0.349482 0)
(0.672546 0.229657 0)
(1.77486 -0.246077 -2.15013e-19)
(0.0560627 0.0892855 -1.20585e-19)
(0.526204 0.443637 0)
(-0.0454985 -0.0332563 6.15258e-20)
(1.57236 -0.361954 -1.35507e-19)
(-0.0856645 -0.0649157 -1.03277e-19)
(1.05321 0.716663 2.89677e-19)
(1.14768 0.299033 9.58174e-20)
(-0.0783027 0.350249 6.37839e-20)
(0.926726 0.824767 -2.65605e-19)
(1.19728 -0.267571 9.84471e-20)
(0.957184 0.0250959 -3.44362e-19)
(1.06956 -0.0362842 -1.28653e-19)
(0.799712 0.325382 0)
(0.133526 -0.054912 0)
(1.16746 -0.150766 7.71067e-20)
(1.36225 -0.279368 -2.22588e-19)
(-0.24586 0.377261 -3.50905e-21)
(1.07255 0.276038 2.68004e-19)
(1.33514 1.07187 0)
(0.772823 0.171738 -1.05345e-19)
(-0.218782 -0.163435 -1.28602e-20)
(0.731285 -0.268591 4.8525e-19)
(0.758041 -0.242567 -1.60586e-19)
(1.64874 0.207776 2.40621e-19)
(-0.116058 0.388671 7.91583e-20)
(-0.1596 0.296923 -6.90352e-20)
(0.518181 0.50517 5.44634e-19)
(-0.188326 0.436897 -2.94935e-19)
(1.61467 0.0614592 -9.36032e-20)
(0.885393 0.0287739 8.44357e-20)
(-0.0581669 0.118207 -2.83358e-19)
(0.60158 0.446321 -3.91048e-19)
(0.91876 0.529283 0)
(-0.0935038 0.109186 -9.58151e-20)
(-0.181693 0.194555 -2.22551e-19)
(-0.239184 0.342751 -1.6912e-19)
(-0.0647176 0.0800795 -9.84634e-20)
(1.10441 0.0399069 -1.05971e-19)
(-0.30414 0.354736 -1.05096e-19)
(0.93862 0.564941 1.39575e-19)
(1.46129 0.864641 6.27311e-20)
(0.749114 0.693359 0)
(1.02991 0.678109 0)
(-0.0847463 0.0241259 -1.30225e-19)
(-0.15373 0.388428 0)
(0.980045 0.570789 -1.42248e-19)
(-0.0266001 0.0520275 0)
(1.37974 0.766514 -9.16865e-21)
(0.678862 0.0347568 7.67613e-19)
(-0.0291947 -0.0116229 -9.27507e-23)
(-0.11523 0.173938 0)
(0.575877 0.545287 0)
(-0.249586 0.360589 1.42013e-19)
(-0.185975 0.195113 8.68045e-20)
(1.80788 -0.310124 4.81811e-20)
(0.0429274 0.179355 1.31234e-19)
(0.555248 -0.00197675 -6.4083e-19)
(2.11263 -0.394285 8.27096e-21)
(1.64547 -0.203317 -2.11931e-20)
(-0.129263 0.152754 -8.50597e-20)
(0.334286 -0.314516 -4.43558e-19)
(-0.13767 0.154569 1.46532e-19)
(-0.227457 0.263325 0)
(0.804817 0.735625 2.95096e-20)
(0.975092 -0.0246764 -1.00198e-19)
(-0.0913315 -0.0797742 2.25217e-22)
(0.559864 -0.0872508 0)
(0.653079 0.61441 -3.44678e-20)
(0.447419 -0.433706 3.52676e-19)
(-0.213879 0.228696 -2.56853e-22)
(0.418989 0.406412 -4.24261e-19)
(2.27267 0.541212 0)
(2.08313 -0.196783 1.39759e-19)
(-0.199474 0.210093 0)
(-0.283455 0.315696 -1.16361e-19)
(-0.169399 0.193024 6.62057e-20)
(0.442981 0.4232 3.31999e-19)
(0.836366 0.766269 -3.25686e-19)
(0.00139739 0.0355322 1.26549e-19)
(-0.149965 0.177541 -1.50231e-19)
(0.0641233 0.0806845 -1.26642e-19)
(0.853843 0.353279 0)
(-0.20021 0.310295 -1.03445e-19)
(0.414389 -0.365735 3.62173e-19)
(-0.0695576 -0.0664204 -1.23186e-19)
(1.31036 0.252756 -2.25587e-19)
(-0.040284 0.0537837 4.90547e-20)
(0.818674 0.755727 0)
(0.737812 0.690317 0)
(0.892041 0.803485 -2.78468e-19)
(0.929251 0.834737 9.16328e-20)
(1.38096 -0.783041 -2.18175e-19)
(-0.23007 0.316596 5.18391e-22)
(0.941203 0.488452 0)
(-0.157434 0.165301 -5.05909e-20)
(1.53739 1.02498 -2.1669e-19)
(1.14746 -0.028453 5.84113e-20)
(1.46738 -0.452132 0)
(0.376721 -0.33034 4.17229e-21)
(1.85655 -0.282082 6.51004e-20)
(-0.27602 0.321829 -1.5203e-19)
(-0.293226 0.353685 0)
(-0.061876 0.0844316 -2.17408e-19)
(0.903807 0.808134 1.31965e-19)
(0.813706 0.46123 1.1251e-19)
(-0.0467285 0.0691206 -2.69328e-19)
(0.520174 -0.505849 0)
(1.53273 -0.400526 0)
(-0.0853393 0.103301 8.24206e-20)
(0.288076 -0.233827 -6.51592e-19)
(0.0616193 0.0817199 -8.10755e-20)
(-0.259318 0.415347 -2.6602e-19)
(0.528527 -0.057704 3.58502e-19)
(-0.0750791 0.10249 8.93339e-20)
(0.974522 0.858618 0)
(-0.198436 0.441468 1.6271e-19)
(-0.01777 0.00697114 -8.78993e-20)
(-0.0374087 0.0532758 4.08365e-20)
(0.353233 -0.279339 2.13201e-19)
(-0.000316812 -0.074088 -1.61116e-19)
(0.652887 -0.124934 3.53007e-19)
(-0.0214791 0.0308337 -4.51651e-20)
(-0.194768 0.41006 -1.81861e-19)
(0.794009 0.361272 0)
(1.81254 -0.154991 -2.16355e-20)
(-0.269566 0.408128 1.44262e-19)
(1.02069 0.858298 3.51713e-19)
(0.0659136 0.155719 1.90578e-19)
(1.02886 0.907851 -1.6251e-20)
(1.94185 -0.316145 -8.21396e-21)
(-0.0762533 0.122444 1.33217e-19)
(1.14032 -0.265575 -3.66941e-21)
(-0.188478 -0.0135761 9.89783e-20)
(-0.0875506 0.142423 1.32301e-19)
(-0.0163978 0.0124663 1.56058e-19)
(-0.0382391 0.0029843 -1.54806e-19)
(-0.108496 -0.0627082 1.32705e-19)
(1.11758 -0.265253 1.15495e-19)
(1.13801 0.983439 -1.4621e-21)
(1.92033 -0.202603 7.87801e-22)
(-0.109388 0.137828 1.8123e-19)
(0.613848 -0.0851974 0)
(1.27634 -0.424744 0)
(-0.216826 0.234727 0)
(1.13078 0.851573 1.76871e-19)
(1.6483 -0.748892 -7.13807e-20)
(-0.00623167 0.0921242 -1.00169e-19)
(-0.0426268 -0.0555758 1.45306e-19)
(-0.0928379 0.117573 0)
(1.62275 -0.187636 1.51071e-19)
(0.482646 0.462437 -6.01634e-19)
(-0.259185 0.310618 -1.25158e-19)
(-0.122642 -0.0795705 -1.19995e-19)
(-0.279694 0.317871 1.69415e-19)
(1.95082 -0.23792 0)
(1.40708 1.06274 1.13376e-21)
(-0.121817 -0.0640008 -5.92648e-20)
(0.463501 -0.0308456 0)
(0.602423 0.000668475 -3.69367e-19)
(1.11438 0.913338 0)
(-0.170528 0.370525 1.47431e-19)
(-0.109622 -0.0652788 1.14948e-19)
(0.987918 0.860184 -1.54059e-19)
(-0.103286 -0.0536019 5.66365e-20)
(0.453865 0.0157473 -2.21617e-19)
(1.05854 0.912067 0)
(0.458529 -0.432096 -8.63331e-20)
(0.920849 0.786235 1.7962e-19)
(0.45979 -0.380782 -3.30364e-19)
(1.12721 0.967662 0)
(0.285358 0.0828856 -4.37798e-20)
(-0.14694 0.354222 1.23937e-19)
(1.20771 1.00116 1.93757e-20)
(-0.261258 0.285005 -2.03312e-19)
(1.40057 1.05121 5.29573e-20)
(1.64106 -0.615024 4.7196e-20)
(-0.0581943 0.0944492 1.72777e-19)
(0.638138 -0.0399042 -1.5435e-19)
(1.68708 -0.122128 0)
(1.22298 1.00291 8.32231e-20)
(1.88706 -0.11804 0)
(0.847389 -0.245074 1.77e-19)
(-0.19266 0.378581 -2.62938e-19)
)
;

boundaryField
{
    frontback
    {
        type            empty;
    }
    Top
    {
        type            noSlip;
    }
    outlet
    {
        type            zeroGradient;
    }
    bottom
    {
        type            noSlip;
    }
    Inlet
    {
        type            fixedValue;
        value           uniform (1 0 0);
    }
    rectangle
    {
        type            noSlip;
    }
}


// ************************************************************************* //
