/*--------------------------------*- C++ -*----------------------------------*\
| =========                 |                                                 |
| \\      /  F ield         | OpenFOAM: The Open Source CFD Toolbox           |
|  \\    /   O peration     | Version:  2306                                  |
|   \\  /    A nd           | Website:  www.openfoam.com                      |
|    \\/     M anipulation  |                                                 |
\*---------------------------------------------------------------------------*/
FoamFile
{
    version     2.0;
    format      ascii;
    arch        "LSB;label=32;scalar=64";
    class       volVectorField;
    location    "44.4";
    object      U;
}
// * * * * * * * * * * * * * * * * * * * * * * * * * * * * * * * * * * * * * //

dimensions      [0 1 -1 0 0 0 0];

internalField   nonuniform List<vector> 
2186
(
(1.37015 -0.0697465 1.92659e-19)
(1.8252 -1.0308 -1.95703e-19)
(1.63226 -1.00394 -5.19286e-21)
(0.831431 -0.674348 -1.26348e-19)
(0.230649 -0.299991 -1.08962e-19)
(0.182683 0.179039 0)
(0.824511 -0.760468 0)
(-0.33292 -0.467928 1.98267e-19)
(2.16426 0.178458 2.83858e-19)
(0.629452 -0.430718 -3.06116e-21)
(0.598667 0.534735 0)
(1.2498 -0.272643 -2.36174e-19)
(-0.385579 -0.536998 -7.97351e-20)
(1.22013 0.018043 -3.69221e-19)
(2.03676 -0.70366 -1.91578e-19)
(1.0053 -0.00971975 1.79579e-19)
(0.979158 0.0102314 0)
(-0.35572 0.408137 0)
(0.649749 1.16205 0)
(-0.220011 0.030467 -1.7152e-20)
(0.474595 -0.0628098 -1.17138e-19)
(-0.16048 0.155505 2.52757e-20)
(1.20301 0.021408 3.06235e-19)
(-0.279128 -0.159182 6.42764e-21)
(1.04127 -0.00289361 -2.40971e-19)
(0.883905 -0.644745 0)
(0.77433 -0.118781 1.42176e-19)
(0.700581 -0.678014 -1.37264e-19)
(1.11591 0.643242 0)
(0.973714 0.0216315 -3.28909e-19)
(-0.126601 0.024026 0)
(1.03195 -0.0211736 1.1402e-20)
(-0.321682 -0.115492 0)
(1.13323 0.292922 7.14107e-21)
(-0.0946142 -0.18771 2.51742e-21)
(1.42146 0.709546 1.78016e-19)
(1.05639 0.0920047 -2.36251e-21)
(0.481181 -0.0101473 -3.532e-19)
(1.66507 0.204023 5.79676e-20)
(0.316161 0.0281372 -1.84413e-20)
(-0.409663 -0.597317 0)
(-0.100316 0.0665591 0)
(2.17613 -0.928558 1.54683e-19)
(-0.361188 -0.0292132 0)
(1.04502 0.236579 1.79751e-19)
(0.662754 -0.407103 2.6535e-19)
(1.05575 -0.892594 0)
(1.31661 -0.863029 6.5889e-20)
(2.35977 -0.119155 0)
(-0.0598025 0.139323 6.94415e-20)
(-0.133927 -0.0020877 2.53277e-20)
(0.555794 0.511891 1.00407e-19)
(2.35071 -0.73463 1.95255e-19)
(0.546127 0.150669 -2.90601e-19)
(-0.356673 -0.288335 1.1527e-20)
(0.861491 -0.738163 0)
(1.95907 -1.08061 2.62987e-20)
(0.667165 -0.623747 0)
(2.04882 0.193222 -1.54372e-20)
(1.19541 -0.194673 -3.12361e-19)
(1.81195 -0.180293 1.3523e-20)
(1.26334 0.266615 -2.36069e-19)
(1.25118 0.48226 0)
(0.445167 0.240995 2.02066e-20)
(1.2739 0.353324 -1.58574e-19)
(1.37871 -0.80874 -8.11675e-20)
(1.07911 0.596986 7.01945e-20)
(0.676148 -0.0299341 -5.64599e-19)
(0.810961 -0.0216755 0)
(2.52818 0.259266 -8.18189e-20)
(-0.306709 -0.493261 -2.31905e-19)
(2.05478 -0.167175 -3.31254e-20)
(0.739811 -0.139227 -2.44061e-19)
(0.965452 -0.5988 0)
(0.797317 0.0980646 -9.46408e-20)
(0.634148 -0.596858 -2.62651e-19)
(2.60595 -0.229833 0)
(1.00726 0.00564425 3.63825e-19)
(-0.0520532 -0.251051 0)
(1.86819 0.295295 0)
(0.356031 0.48467 5.77092e-21)
(0.466046 -0.0147786 2.59805e-20)
(1.02761 0.00012588 3.9972e-20)
(1.22563 0.369326 3.82789e-20)
(0.982808 0.0184631 4.17492e-19)
(1.0497 0.0194222 -9.9611e-21)
(0.638947 0.0688802 -3.45763e-19)
(0.46274 0.11357 -5.94392e-21)
(-0.126911 -0.0877794 0)
(-0.0749732 -0.0835401 1.74508e-19)
(0.95866 -0.707418 -1.33863e-19)
(-0.0848939 -0.183061 -2.74882e-21)
(1.15796 -0.101749 2.30768e-19)
(0.865221 -0.265898 0)
(0.980081 0.0215221 4.01805e-20)
(1.26409 0.587885 0)
(1.82151 -1.02664 0)
(1.21678 0.20198 0)
(0.098002 -0.0645628 0)
(0.891602 -0.759575 2.43919e-19)
(0.477007 0.737063 -7.83997e-20)
(0.439245 0.70199 3.77657e-20)
(1.47894 0.177871 0)
(1.18405 -0.121896 -2.10951e-19)
(1.12603 0.0215348 1.79627e-19)
(-0.340191 0.0237827 3.33442e-20)
(0.554824 0.407094 0)
(2.12185 0.0860493 -1.21325e-19)
(1.05299 -0.55547 6.91592e-20)
(-0.237727 1.39248 9.19755e-20)
(1.61561 0.27821 3.13975e-20)
(-0.00472565 0.00644044 -1.21856e-19)
(0.929442 -0.842798 0)
(0.494042 0.229695 1.79418e-19)
(2.12735 0.0373522 -8.49105e-19)
(-0.509485 -0.828975 -7.9669e-19)
(1.58194 -0.11774 1.02816e-19)
(2.0837 -0.176506 0)
(-0.104345 -0.122398 -5.21462e-19)
(0.735604 -0.174989 7.57823e-20)
(1.44063 0.808414 0)
(-0.223578 0.352516 -6.47875e-20)
(0.798084 0.679811 -3.32459e-19)
(-0.611346 0.552675 1.99456e-19)
(1.02499 -0.0305654 0)
(1.50205 -0.479877 -1.29489e-19)
(0.171511 -0.170875 0)
(0.784727 -0.588661 -9.38293e-20)
(-0.450506 0.433278 -9.93464e-20)
(0.896499 -0.817103 0)
(0.518236 -0.423785 3.85296e-19)
(0.63365 -0.558141 2.49787e-19)
(0.485048 -0.439296 0)
(1.1044 -0.873271 -8.1123e-20)
(0.416532 0.449275 0)
(-0.158644 0.278952 -5.44354e-20)
(0.91429 -0.791404 1.12421e-19)
(2.23904 0.109864 3.24237e-19)
(2.08542 0.129318 0)
(-0.171099 -0.244751 0)
(0.608987 0.56376 -4.28484e-19)
(1.97912 -0.620671 5.03967e-20)
(-0.242657 -0.293637 0)
(1.10007 -0.900326 -9.39335e-21)
(1.19421 -0.114533 0)
(1.12187 -0.148801 3.63685e-19)
(2.10992 -0.00527507 -1.41859e-19)
(0.172853 -0.242036 0)
(1.33648 -0.607916 -3.7397e-20)
(-0.471865 0.0259034 -1.43836e-20)
(0.19711 -0.249674 0)
(1.2144 -0.905547 1.54204e-20)
(1.00791 0.00265501 -6.07757e-19)
(0.741222 -0.580016 -9.32926e-21)
(0.907884 -0.60531 0)
(1.3279 -0.806166 -5.75592e-20)
(0.60602 0.128855 2.72336e-19)
(1.14624 0.102122 0)
(1.36455 0.0947172 -4.66249e-19)
(1.33013 -0.949455 -7.90115e-20)
(-0.161057 -0.228463 -1.89785e-19)
(0.158305 -0.273509 -3.23494e-19)
(1.05039 -0.010745 2.37272e-19)
(1.00853 -0.540928 -8.69537e-20)
(0.482685 0.952372 5.50323e-21)
(0.60406 1.04766 1.12812e-19)
(1.075 -0.160241 2.17076e-19)
(0.0131752 -0.00298913 -4.78287e-19)
(1.43725 -0.572617 0)
(1.57926 -0.901952 4.58854e-20)
(1.34259 0.590656 2.23804e-19)
(0.904382 -0.703137 -1.77984e-19)
(0.995934 0.00649392 1.24444e-20)
(0.815244 -0.622548 2.57684e-19)
(1.20079 0.730744 1.93712e-19)
(1.73081 0.107831 -1.66521e-20)
(0.131886 -0.287624 0)
(1.06544 0.0381008 -2.49013e-19)
(-0.434117 0.429888 -3.83047e-19)
(0.991467 0.429716 9.53588e-20)
(0.52405 -0.0966491 2.88465e-19)
(1.16828 0.0231319 -4.29411e-20)
(-0.23307 -0.159679 -4.37877e-20)
(1.19784 0.523544 -1.13036e-19)
(1.03861 0.805542 0)
(0.0355298 -0.226787 -7.5229e-20)
(-0.140017 -0.672189 0)
(0.57062 0.47917 -3.11732e-19)
(1.89282 0.213944 6.46763e-21)
(-0.493815 -0.651265 2.67248e-19)
(-0.408808 -0.133439 -6.03578e-19)
(0.715422 -0.0319468 2.48345e-19)
(1.80062 0.313704 -8.78661e-21)
(1.06021 -0.40871 -2.63252e-20)
(-0.107945 -0.127025 0)
(-0.275895 1.5894 2.69481e-19)
(1.21191 0.886707 -8.71028e-20)
(0.823765 -0.00789592 -1.38542e-19)
(0.483407 0.450924 2.18969e-19)
(0.408957 0.191629 0)
(0.00186188 -0.462122 -3.75902e-19)
(0.281708 -0.0995141 2.95301e-19)
(1.46322 -1.06377 -1.98473e-22)
(1.00278 -0.0733372 -1.86323e-19)
(-0.136373 -0.211685 6.06672e-21)
(0.249303 -0.261726 8.25099e-20)
(-0.248666 -0.270729 -3.41901e-19)
(2.19841 -0.329512 0)
(1.10362 0.0335524 -3.39534e-19)
(2.16219 0.255495 5.37983e-20)
(1.40094 -0.673639 5.4418e-20)
(0.544918 0.184652 6.53171e-22)
(0.527178 0.208304 0)
(0.854574 0.671646 -2.00057e-20)
(0.605706 0.553957 2.19624e-19)
(0.993346 -0.646649 1.2237e-19)
(0.604507 0.407443 0)
(1.02791 -0.0100655 8.0676e-21)
(0.98434 -0.75121 1.72403e-19)
(0.772302 0.341422 -5.03597e-19)
(1.29284 -0.123789 0)
(-0.208051 -0.301195 -5.96535e-19)
(-0.297448 -0.0836074 -3.43671e-20)
(1.46967 0.660831 0)
(1.51793 -1.02847 1.69961e-22)
(-0.278231 0.398257 0)
(0.239913 -0.274391 6.54367e-20)
(0.653005 0.570222 -1.12815e-19)
(0.89392 -0.293157 0)
(-0.172448 -0.30697 0)
(2.06162 -0.421021 0)
(-0.0230547 0.662528 4.02805e-19)
(1.36081 -0.973784 5.21506e-20)
(1.29471 -0.669623 4.15087e-20)
(1.11933 -0.188403 -1.38059e-19)
(0.985556 -0.781456 -1.33596e-19)
(0.220448 -0.225824 0)
(-0.823215 0.722877 0)
(1.10087 -0.578654 1.39437e-19)
(-0.2108 -0.300013 0)
(-0.0330369 0.178705 0)
(-0.438811 -0.818536 6.78724e-19)
(0.709052 0.589021 9.78288e-20)
(0.92195 0.715107 0)
(0.615275 0.462939 -9.43985e-20)
(0.845948 -0.124894 -2.18993e-19)
(0.664984 0.474712 -2.53778e-19)
(0.515594 0.474087 -1.88815e-19)
(-0.253234 -0.46354 1.01774e-21)
(0.815688 -0.730251 0)
(0.868255 0.105032 -3.40091e-19)
(-0.318981 -0.554764 1.03772e-19)
(0.528455 0.487926 4.35595e-19)
(0.866619 0.716396 0)
(0.0341751 1.02949 2.8198e-19)
(-0.101835 -0.299139 5.84035e-19)
(-0.127629 -0.176219 -3.07698e-19)
(0.580894 0.480441 -1.64089e-20)
(0.969462 -0.0112579 5.95118e-20)
(-0.418981 -0.639499 0)
(1.78436 0.42828 -1.82198e-19)
(2.1461 -0.993896 -1.45977e-19)
(0.746347 -0.692582 -6.11632e-20)
(-0.292128 0.624717 4.87059e-21)
(1.10914 0.405265 2.27301e-19)
(0.819688 0.335654 0)
(1.10779 -0.204815 1.73742e-19)
(0.011418 -0.340722 2.64411e-22)
(-0.131502 -0.15011 1.01838e-19)
(0.941282 0.0164026 -5.1137e-20)
(1.04324 0.117641 0)
(1.66377 0.127174 -2.3045e-19)
(1.78594 0.142382 0)
(0.500603 0.123794 -4.72996e-19)
(0.279622 -0.281673 0)
(-0.292496 -0.456903 4.5593e-19)
(0.74548 0.104665 0)
(0.713099 -0.613237 -1.59655e-19)
(1.15758 0.0127375 2.03772e-19)
(0.0472777 -0.0568323 2.24938e-20)
(1.96945 -0.141524 7.0857e-21)
(2.29879 0.0370262 -1.921e-19)
(1.05371 0.186082 -2.45602e-19)
(-0.330427 -0.593241 -2.00303e-19)
(1.20239 -0.945795 0)
(0.82412 0.0163373 -1.48495e-19)
(1.00481 -0.449664 -2.55713e-19)
(1.88783 -0.57534 -1.75264e-20)
(1.66415 -0.0148465 2.53123e-19)
(1.05264 -0.0200509 4.01615e-19)
(0.00598616 -0.262628 -2.76426e-19)
(1.07966 -0.506015 -1.04766e-19)
(0.23212 -0.223968 2.26273e-19)
(1.00737 -0.012608 0)
(1.00489 -0.0111079 0)
(1.70049 -0.815335 1.29108e-19)
(-0.156689 0.213392 -3.59431e-20)
(0.268192 -0.113859 -2.48699e-19)
(2.04711 -0.0149132 2.13962e-21)
(1.52287 0.113369 0)
(1.69458 0.268263 -1.90643e-20)
(1.07652 -0.931874 -3.12451e-20)
(2.0351 -0.531972 -1.47423e-19)
(1.00925 0.757285 0)
(0.550613 -0.535167 0)
(0.521667 0.424315 -1.93899e-19)
(1.03289 0.234688 -4.63033e-19)
(2.17691 0.018881 5.59317e-22)
(0.837507 0.0902048 1.44634e-19)
(0.182784 -0.288847 -7.91595e-19)
(0.966981 0.335514 4.93323e-21)
(-0.0382509 -0.434957 0)
(-0.161382 -0.245495 0)
(-0.483538 -0.72861 0)
(1.4838 -0.786101 -1.83866e-20)
(0.15361 -0.239522 -9.76374e-20)
(0.199782 -0.289668 0)
(1.17751 0.887765 -6.98358e-20)
(1.05463 0.114755 -4.69164e-19)
(0.755305 -0.254229 7.36078e-20)
(0.979039 0.833261 1.38458e-19)
(-0.0227537 -0.0127633 6.0112e-20)
(0.499985 0.226056 0)
(-0.476975 -0.712587 -5.45561e-19)
(0.131851 -0.139514 1.23481e-19)
(0.774006 -0.0527279 1.81304e-19)
(1.40914 0.867839 -9.89844e-20)
(0.966732 -0.970652 -1.64202e-20)
(-0.17935 -0.19779 -3.95048e-21)
(0.848188 -0.771749 -2.73502e-20)
(1.02601 0.00372385 0)
(1.48941 -0.098003 0)
(1.10304 0.057563 0)
(-0.0694959 0.322999 -1.52062e-19)
(-0.379542 -0.669027 1.94288e-19)
(0.951214 0.762028 0)
(1.00962 -0.0340753 5.00459e-19)
(0.684269 0.517545 -2.57158e-19)
(0.0971874 1.03802 -1.26811e-19)
(0.856828 -0.0518487 -4.07285e-20)
(0.808153 -0.739629 -1.72467e-19)
(1.28034 0.644616 -5.74197e-20)
(0.655091 -0.561931 -2.62023e-19)
(1.11572 -0.0039352 -4.67231e-19)
(0.843487 0.0283176 4.24582e-20)
(1.60932 -0.144273 2.73149e-20)
(0.89681 -0.32185 4.56774e-20)
(-0.128443 -0.151136 -2.82676e-22)
(1.00028 0.401067 -3.12952e-19)
(1.19791 0.550754 6.6727e-21)
(-0.138452 -0.269054 0)
(0.228344 -0.367146 2.94086e-19)
(-0.248986 -0.425366 2.50049e-19)
(-0.157291 -0.241408 -2.42269e-19)
(0.39578 0.178488 0)
(1.82223 -1.06473 0)
(-0.00213027 -0.0285095 -3.38868e-20)
(-0.240186 -0.544917 -1.08621e-19)
(1.03894 -0.035761 1.85052e-19)
(0.192019 -0.386903 -3.45421e-20)
(1.61819 0.242587 -2.73161e-19)
(-0.32715 0.161709 0)
(0.940739 -0.832027 -2.17973e-19)
(0.417102 -0.0362932 -3.78817e-20)
(-0.0307813 0.0143596 2.76725e-19)
(0.686384 0.0582041 3.37371e-19)
(0.59551 0.00922699 1.08245e-19)
(0.581487 -0.554273 1.75616e-19)
(-0.267786 -0.346455 -2.42135e-19)
(0.717622 -1.06149 0)
(0.312345 0.210835 -2.04672e-19)
(1.02475 -0.0225675 -2.93088e-19)
(-0.387951 -0.0663267 2.36449e-19)
(1.31351 0.435043 -1.91426e-19)
(-0.227765 -0.345399 -9.26194e-20)
(0.809543 -0.735041 2.3417e-20)
(0.772531 0.108745 -2.1732e-19)
(0.907415 0.356796 2.61277e-20)
(1.20308 -0.173945 3.07797e-20)
(0.661727 -0.345828 -2.78231e-19)
(2.19076 -0.197594 -2.77029e-19)
(1.45495 -0.300306 0)
(1.18208 -0.339206 7.22488e-20)
(0.678758 0.188792 -1.93489e-20)
(1.74755 0.476259 2.00935e-19)
(0.842389 0.341591 -5.89787e-20)
(0.567027 0.0297241 -4.07315e-20)
(0.339481 0.291353 -2.69265e-19)
(-0.160717 0.515927 4.85552e-20)
(2.42764 0.463584 0)
(0.925563 0.00343613 0)
(0.991178 -0.87392 3.64718e-20)
(-0.093869 -0.347249 -6.39641e-19)
(-0.506513 0.830946 -1.19851e-19)
(-0.154916 -0.192833 -4.0181e-19)
(-0.201657 0.325524 -6.60353e-20)
(-0.0118025 -0.396927 0)
(-0.155243 -0.21603 7.22002e-20)
(-0.470575 0.125459 -2.67137e-20)
(0.250778 -0.252091 -1.89943e-19)
(0.841119 -0.193758 0)
(1.68617 -0.962266 5.57901e-20)
(-0.256097 -0.345768 0)
(0.998797 0.0224548 3.64534e-19)
(0.236939 -0.289771 3.87063e-20)
(0.629987 -0.534617 3.51022e-19)
(-0.336743 0.141045 6.35361e-19)
(-0.741563 1.27976 0)
(-0.221948 0.205038 1.42849e-20)
(1.01039 0.0160089 -1.0954e-20)
(0.0521628 -0.0787464 0)
(1.00411 -0.0115707 -5.75075e-20)
(0.964279 -0.816943 -2.19816e-19)
(2.02235 -0.921028 0)
(0.994098 -0.339055 1.85194e-19)
(-0.14025 0.381214 5.4054e-20)
(-0.0793834 -0.0816138 0)
(0.00610468 -0.472024 -1.06804e-20)
(0.820313 -0.723047 -3.55409e-19)
(0.983846 -0.0261266 -2.51032e-19)
(-0.0606054 -0.364009 7.77308e-19)
(-0.237021 -0.410914 2.81375e-19)
(-0.0516141 -0.490263 0)
(0.888136 0.404315 0)
(0.179828 -0.213919 3.54585e-19)
(1.78229 0.829893 -9.26435e-20)
(0.977987 0.810476 2.68231e-20)
(1.03022 0.171292 -1.33704e-19)
(1.17712 0.000322258 -1.99426e-19)
(1.11577 -0.0792099 -6.51684e-20)
(-0.0569979 -0.399261 -7.03409e-19)
(1.92731 0.169653 -6.68453e-21)
(0.620505 0.0323077 2.35096e-19)
(1.29617 0.199593 4.72535e-20)
(1.10632 -0.170548 0)
(0.538383 1.17188 2.00534e-19)
(1.14719 0.0223878 -4.9406e-19)
(1.62657 0.566644 7.92857e-20)
(0.826432 -0.547091 -1.42513e-19)
(-0.117292 -0.120382 3.89902e-19)
(0.899448 -0.789941 2.93193e-19)
(1.1606 0.172833 9.10987e-20)
(1.0062 -0.00924335 2.54791e-19)
(0.172827 -0.390183 -2.98295e-19)
(1.01033 -0.00141004 0)
(0.829016 0.00505785 5.26985e-20)
(-0.103579 -0.101022 0)
(1.01688 0.00772974 -1.48135e-19)
(-0.102776 0.89584 -4.36225e-19)
(1.60961 0.28481 8.90869e-20)
(-0.406926 -0.851343 2.70629e-19)
(1.43897 -0.0119377 6.12248e-20)
(1.01021 -0.0231159 5.32129e-20)
(1.35565 -0.109701 0)
(1.59162 -0.641942 -4.11149e-20)
(1.01001 0.00918276 -1.60066e-19)
(1.32977 0.720879 -1.43786e-19)
(1.31603 -0.0412001 0)
(2.14906 0.966315 2.72381e-20)
(-0.0207114 -0.0275262 0)
(1.41301 0.0831115 0)
(-0.376765 -0.642305 0)
(1.16023 0.394602 0)
(1.67234 0.200438 -8.31469e-21)
(0.657413 0.532784 4.51369e-19)
(0.341476 -0.344365 -2.07737e-19)
(-0.227139 -0.500506 -6.63062e-19)
(-0.112994 -0.134813 0)
(1.62488 -0.871405 6.33127e-21)
(1.21704 0.485173 0)
(1.35081 0.270039 0)
(-0.43463 -0.712015 2.36338e-19)
(0.723939 0.636448 1.58433e-19)
(1.72547 0.0459518 0)
(-0.402348 -0.50196 1.52342e-19)
(0.863182 0.148982 1.9977e-19)
(1.87513 -0.792325 -4.22968e-20)
(1.13671 0.845489 7.15043e-20)
(1.05771 -0.947469 -5.18435e-21)
(0.719462 -0.318422 -5.27611e-21)
(0.709837 0.639168 1.65527e-19)
(1.07577 0.842491 0)
(2.46517 -0.455854 3.6787e-20)
(0.354611 0.852927 0)
(1.52306 -0.859983 1.97891e-20)
(0.996304 0.0866826 6.16011e-20)
(1.00515 -0.0111198 0)
(-0.0549809 1.33984 1.19715e-19)
(0.935207 -0.244378 4.41928e-20)
(0.712896 -0.511083 0)
(0.746016 -0.483911 1.91941e-19)
(1.14645 0.499503 -4.36261e-20)
(0.404792 0.377056 3.05482e-19)
(0.277198 -0.278125 2.40872e-20)
(-0.263685 -0.192597 2.30466e-20)
(0.795284 0.0563284 0)
(1.47464 -0.99023 2.06444e-20)
(1.02345 -0.0473971 4.12682e-19)
(1.42024 0.323661 4.67604e-20)
(-0.442586 -0.554226 1.32244e-19)
(-0.253014 0.638026 0)
(1.30502 -0.258064 -9.22661e-20)
(-0.0814665 -0.0864205 -3.32933e-19)
(0.801996 1.29679 -3.04862e-20)
(-0.122043 0.0594729 -7.94617e-22)
(-0.178352 0.0909375 9.25555e-20)
(0.343784 0.283637 4.21901e-20)
(2.00221 0.225734 2.44133e-19)
(1.10683 0.41079 -3.66506e-19)
(0.797333 -0.0384255 0)
(1.65582 -0.156705 -4.95148e-20)
(1.52066 0.0917165 8.55641e-20)
(1.02093 -0.857387 1.02288e-19)
(1.32173 -1.10225 2.19308e-20)
(0.410647 0.377873 2.07635e-19)
(1.08183 0.878453 0)
(1.62619 0.532151 -4.02112e-20)
(-0.0967713 -0.112564 -6.7748e-19)
(0.798751 0.69263 0)
(1.28484 -0.624005 0)
(0.344608 -0.34446 -4.68813e-21)
(0.24451 0.174825 0)
(-0.702615 0.8303 -4.62509e-19)
(0.310211 -0.314384 -6.30683e-20)
(2.02752 -0.359711 0)
(1.18726 0.0692822 3.54993e-19)
(-0.531544 0.779246 9.76332e-20)
(0.614997 -0.585915 -3.90147e-19)
(1.49287 0.10742 -2.37483e-20)
(0.69921 -0.637346 0)
(0.955225 0.107735 0)
(1.64265 -0.209176 0)
(1.06281 0.186181 -2.6575e-19)
(1.28915 0.0935448 3.79952e-19)
(-0.783439 1.19451 0)
(0.916137 -0.0612085 0)
(1.92988 -0.205971 -5.64199e-21)
(0.0525906 -0.265661 3.29841e-20)
(2.49679 0.0289875 -7.22925e-20)
(1.32639 -0.608144 3.46296e-19)
(2.01649 0.0667908 -1.81591e-20)
(-0.624158 0.577939 -6.69874e-20)
(1.86884 0.177152 4.97613e-20)
(1.0237 -0.0417324 4.09893e-19)
(1.40439 0.549139 0)
(0.19067 -0.178348 1.66296e-20)
(1.12597 -0.924416 1.10135e-19)
(0.868395 -0.0877894 4.76088e-20)
(0.721689 -0.532146 0)
(2.10726 -0.480849 1.87265e-20)
(1.28147 -0.220537 1.17543e-19)
(1.74328 -0.954672 0)
(0.695694 -0.646866 3.26114e-19)
(1.43877 -0.111134 1.22733e-19)
(2.27165 0.103989 1.20271e-19)
(0.131987 -0.2839 -8.39358e-20)
(1.23215 0.559613 2.16766e-19)
(1.0709 0.354275 4.39609e-21)
(0.842393 0.298575 2.46708e-19)
(1.42529 0.769917 -5.37711e-20)
(-0.0434487 -0.431886 -3.69478e-21)
(1.73126 0.461558 0)
(-0.118378 -0.113068 6.36998e-19)
(1.26546 -1.09085 0)
(1.17817 -0.726609 1.58849e-20)
(1.57667 1.05835 -4.02091e-19)
(1.35921 1.1199 1.32759e-19)
(-0.385917 -0.270111 -6.12573e-19)
(0.910684 0.416724 2.0314e-19)
(-0.237829 -0.0436326 1.67854e-19)
(0.678836 -0.041808 0)
(1.85976 -0.137778 0)
(0.511441 0.0129179 1.79688e-20)
(0.799536 -0.00692615 0)
(1.4336 -0.21382 -1.20951e-19)
(-0.799175 0.743392 4.28411e-19)
(1.80802 0.458764 -9.78388e-20)
(1.02452 -0.0378466 0)
(0.634976 -0.465082 9.26062e-20)
(1.01089 0.0254096 1.95736e-19)
(0.127355 0.671344 7.45292e-21)
(-0.298232 0.457851 0)
(1.20631 -0.523652 3.76508e-19)
(1.49986 -0.191026 1.59104e-23)
(1.19549 -0.560624 -1.64451e-19)
(2.16848 0.225544 -4.09847e-20)
(1.19024 0.717821 0)
(0.845483 0.0156674 0)
(-0.489695 -0.67215 -3.29235e-19)
(0.00292746 -0.0483485 3.81172e-20)
(0.88696 0.301985 -2.31817e-19)
(0.365171 -0.242635 -2.67927e-19)
(0.577692 0.306863 2.59614e-19)
(1.80851 0.846983 0)
(0.620736 -0.576648 0)
(0.497977 -0.882388 -7.38818e-21)
(1.34198 -0.55554 -7.04459e-20)
(1.08472 -0.071405 2.67062e-20)
(0.758228 -0.254815 1.12125e-19)
(-0.0317071 -0.202875 -7.47198e-20)
(0.960765 0.303126 4.53643e-20)
(0.582551 0.539891 0)
(1.17341 0.630488 0)
(1.51952 0.23581 0)
(-0.222461 -0.494147 -2.86259e-19)
(1.13758 0.496309 5.0628e-20)
(1.51295 0.232917 2.31945e-20)
(0.883329 -0.00790122 0)
(1.25452 -0.327247 0)
(1.9473 -0.100098 1.08448e-20)
(-0.141423 0.0744278 -2.12336e-21)
(1.0057 -0.00225788 -1.97101e-19)
(1.39677 0.433235 0)
(-0.150583 0.383957 0)
(1.16353 0.275873 3.51196e-19)
(0.945315 0.460527 -1.5465e-19)
(1.05446 0.0135605 0)
(1.41386 0.817127 0)
(1.83164 0.620015 -5.55175e-20)
(-0.0837262 -0.140464 -1.87452e-21)
(0.999167 0.0078814 0)
(0.633365 0.378467 -3.65738e-20)
(1.0628 -0.93166 0)
(1.00308 0.0116361 4.54047e-20)
(1.23048 -1.18455 -6.63235e-20)
(0.972112 -0.390256 2.67447e-19)
(0.86066 -1.19808 1.01275e-19)
(2.03001 0.12735 3.71285e-19)
(0.950786 -0.184535 -5.06053e-20)
(0.811409 -0.0205939 0)
(1.03824 0.00274291 0)
(-0.0167911 0.0785621 0)
(0.589062 0.561779 -2.28204e-19)
(0.0102338 -0.197859 5.10158e-20)
(1.09903 0.302807 -5.58596e-19)
(-0.0918003 -0.0437508 0)
(0.746423 0.560877 1.92397e-19)
(1.08144 -0.396522 0)
(1.00518 -0.00564887 1.15601e-19)
(0.925396 1.25249 2.32767e-20)
(0.964032 0.34468 3.01527e-19)
(0.976867 0.427937 0)
(1.98628 0.180703 9.42823e-21)
(0.847315 -0.190275 -3.48405e-19)
(-0.511385 1.07314 -5.43579e-19)
(0.640706 0.793911 0)
(0.833182 0.170927 1.86659e-19)
(2.16707 0.446517 0)
(0.699508 0.435272 4.04078e-19)
(-0.950508 1.05636 1.86723e-19)
(0.106337 -0.25975 0)
(0.516347 0.487313 -8.0666e-20)
(1.13363 -0.717457 -1.1331e-19)
(0.555991 -0.389883 -1.13047e-19)
(1.02248 -0.0303935 0)
(-0.329566 0.621775 -4.53493e-20)
(0.726819 -0.655637 6.99132e-20)
(0.852627 0.219271 0)
(1.92322 -0.789479 8.42359e-20)
(0.892215 0.755567 3.14595e-20)
(1.00062 -0.916072 4.84416e-20)
(0.668348 -0.00726066 -4.94774e-19)
(0.268456 -0.286754 -5.27203e-19)
(-0.191413 -0.291247 1.73564e-20)
(0.750513 0.276966 2.70304e-19)
(0.213347 -0.244565 -2.60774e-21)
(1.55296 -0.696333 3.29262e-21)
(1.02849 -0.00824773 -3.38812e-19)
(-0.208496 -0.445583 0)
(1.01709 0.0123983 -4.18173e-19)
(1.41237 0.546286 4.47107e-20)
(0.803594 0.60985 3.32783e-19)
(1.16098 -0.0849377 1.49898e-19)
(1.01446 -0.0529574 1.56573e-19)
(1.38136 1.10316 -1.21393e-19)
(-0.393719 -0.437325 -1.29113e-21)
(1.98353 -0.940924 2.08672e-20)
(1.20906 -0.141401 -5.82952e-20)
(0.862146 0.0475326 6.59835e-20)
(0.968002 -0.355437 8.12321e-20)
(1.16101 -0.194808 0)
(0.874789 0.654871 0)
(1.08213 1.14684 -2.77545e-20)
(1.90664 0.131121 2.53079e-20)
(-0.773762 0.586921 1.97179e-19)
(1.12383 -0.611494 -4.09661e-19)
(0.704875 -0.624597 3.41357e-19)
(0.980365 0.0934179 3.31962e-20)
(0.407908 -0.113978 3.09148e-20)
(1.1557 -0.413572 0)
(0.734145 0.0212182 -6.8147e-21)
(1.43687 -0.608702 -4.3985e-20)
(0.949957 0.684213 0)
(1.29114 -0.793117 0)
(0.3618 0.81355 0)
(-0.256528 -0.371262 -1.10943e-19)
(-0.0742085 0.183998 0)
(0.213751 0.508889 -8.53124e-20)
(1.16098 0.15778 7.42732e-21)
(-0.516073 1.102 1.60419e-19)
(0.640549 -0.767735 -5.00287e-20)
(1.68731 0.422293 4.87677e-20)
(2.14533 -0.147526 -4.70781e-20)
(-0.15575 0.0353598 -5.9724e-20)
(0.0218218 -0.472647 7.95358e-21)
(1.13974 -0.129985 0)
(0.663627 -0.03606 0)
(1.00063 -0.00321644 2.62868e-22)
(-0.204004 -0.490291 0)
(1.33823 0.0856477 -1.23625e-19)
(0.666776 -0.0323586 0)
(1.08419 -0.00897661 1.20618e-19)
(0.989505 0.0118985 -4.45119e-20)
(0.955924 0.620343 6.70732e-20)
(1.04644 -0.0269174 -9.54595e-22)
(0.998145 -0.245555 -4.99247e-20)
(1.03645 -0.0525582 3.59394e-19)
(0.762347 -0.700918 1.55613e-19)
(0.0439897 0.583324 -2.22594e-19)
(1.38403 -0.588319 -5.32592e-20)
(0.00298791 -0.0841623 0)
(1.03143 0.717821 0)
(1.0423 -0.0292346 0)
(1.11149 -0.860437 -7.22797e-20)
(1.18911 -1.00682 -2.3631e-20)
(2.29772 -0.0240377 1.63803e-20)
(0.357266 1.73921 -3.82533e-19)
(0.48326 -0.659342 -2.75413e-20)
(0.671423 -0.497581 -5.71663e-19)
(1.25538 -0.505155 1.40804e-19)
(0.613892 -1.02796 2.20537e-19)
(2.25911 -0.0969711 1.78658e-19)
(1.76414 0.0414637 1.09186e-19)
(-0.36132 -0.488281 -2.30617e-19)
(1.03064 0.486295 2.45155e-19)
(-0.121227 -0.377895 0)
(0.407045 -0.23753 6.51441e-19)
(-0.157634 -0.20224 -4.00724e-22)
(1.02084 -0.0483809 3.36491e-19)
(1.03049 -0.0140902 -8.41655e-21)
(1.09914 -0.0149136 -9.25757e-20)
(1.61245 1.09713 -1.82494e-19)
(1.52191 0.287659 1.09062e-19)
(0.474041 -0.44929 -2.7855e-19)
(2.11894 0.256828 -3.89679e-20)
(1.04717 -0.0156338 -2.37257e-19)
(2.08045 -0.512629 5.48273e-20)
(1.94773 1.0713 0)
(1.02384 0.525413 -4.6294e-19)
(1.00264 -0.0083967 9.41974e-20)
(0.593034 0.520456 2.89493e-19)
(0.385824 -0.560655 1.019e-21)
(1.04667 -0.0222117 -3.13881e-20)
(1.10958 0.00745429 8.81787e-22)
(2.31077 0.138936 1.94863e-21)
(1.84896 -0.204286 0)
(1.03915 -0.0428707 0)
(1.04795 -0.0367093 5.83945e-19)
(1.00253 -0.00522442 0)
(-0.136401 -0.171615 0)
(1.1749 -0.712213 0)
(1.00065 -0.00352926 -5.47787e-19)
(1.27615 -0.755201 5.08583e-20)
(1.02799 -0.010434 1.13834e-20)
(1.23377 0.875177 -5.96738e-20)
(1.40547 0.920385 2.38563e-19)
(0.386881 -0.749791 3.70358e-20)
(0.948596 0.850339 6.30541e-21)
(0.823253 -0.103689 0)
(-0.306993 0.0701854 0)
(1.77364 0.650642 2.42164e-19)
(1.63612 -1.13601 0)
(0.999442 -0.00655465 -1.7054e-19)
(1.01081 -0.00150128 3.31092e-19)
(1.38 0.128951 -8.54249e-20)
(0.03321 -0.111936 4.91549e-19)
(0.968824 -0.000981958 1.82163e-19)
(1.86841 0.149718 -7.58973e-20)
(0.58655 0.146194 2.66974e-20)
(1.69311 1.34608 -1.46231e-21)
(0.939171 0.015177 -1.77649e-19)
(1.00385 0.00233457 2.12007e-19)
(1.00054 -0.00185512 1.25757e-20)
(0.788293 -0.0137261 0)
(0.721973 -0.0273406 0)
(0.715383 -0.0278999 3.39392e-22)
(0.689238 -0.0303137 0)
(-0.0588064 -0.071185 0)
(0.232394 -0.036832 0)
(0.608891 -0.103538 -6.96958e-20)
(0.717185 0.205542 3.38245e-20)
(0.631454 0.972619 0)
(0.865146 1.28574 -7.42669e-20)
(1.47798 1.12071 0)
(1.37979 0.311267 0)
(1.87492 0.206854 0)
(2.03887 0.0456939 -4.24267e-21)
(1.53209 -0.255814 -2.25351e-19)
(0.785149 0.0235743 0)
(0.790372 0.0202008 0)
(0.973979 0.0180051 -2.19473e-19)
(0.815236 0.00797236 4.12021e-19)
(1.00849 -0.00132218 0)
(1.00003 -0.000989858 3.92771e-19)
(1.00036 -0.00120255 -5.2798e-22)
(0.791199 0.0222905 3.47969e-19)
(0.990868 -0.00728033 -2.0872e-19)
(1.29839 0.425629 0)
(0.480538 -0.0209801 -2.67241e-20)
(1.00077 -0.00276088 -1.9936e-19)
(0.999531 -0.00108872 -3.40683e-19)
(1.73337 0.96057 0)
(0.999044 0.00103177 0)
(0.999581 -0.000402747 0)
(0.721419 -0.262509 -2.2412e-20)
(0.538568 -0.38006 -1.02998e-19)
(1.82968 -0.263503 0)
(0.254715 -0.401732 1.55416e-19)
(-0.250075 1.304 -1.18947e-19)
(1.01658 -0.0244756 -2.66076e-19)
(-0.281309 -0.590645 -2.01037e-19)
(1.02156 -0.00851066 -2.12463e-19)
(1.2471 -0.237394 -6.88277e-20)
(0.881788 -0.558165 2.62945e-19)
(-0.138206 -0.169105 -1.6325e-19)
(1.03616 0.00318194 0)
(1.03017 -0.0194063 -6.12554e-20)
(0.876313 0.0135378 0)
(-0.0857327 -0.0911776 6.94495e-20)
(1.44553 -1.31328 0)
(-0.342802 -0.606645 -5.02681e-19)
(2.00498 0.0486587 7.49035e-20)
(1.53288 0.627524 -1.82441e-19)
(-0.0859688 0.0202866 0)
(1.05017 -0.0399965 1.80777e-19)
(0.38612 -0.379172 -7.8984e-21)
(0.92515 -0.061688 2.8115e-19)
(1.00949 -0.0155847 -1.81932e-19)
(1.54797 0.79216 -5.54501e-20)
(0.44706 0.411627 0)
(0.363813 0.287787 2.15036e-19)
(0.951663 0.0861428 -2.98125e-22)
(1.09417 0.101683 2.20751e-19)
(1.20077 -0.791408 0)
(1.01986 -0.00643655 0)
(0.998906 -0.0218652 -4.19166e-19)
(1.02081 0.00921651 -4.02723e-19)
(-0.19717 -0.351293 0)
(1.12321 0.746035 -1.97791e-19)
(0.26309 -0.252318 -1.08517e-21)
(1.01498 -0.00411945 1.56611e-19)
(1.01299 0.00864791 -1.94647e-19)
(-0.420087 -0.616877 -4.84429e-20)
(0.526504 -0.373341 2.90679e-19)
(1.01505 -0.0215831 6.70289e-19)
(0.257567 -0.228689 0)
(1.72443 0.592826 6.37718e-20)
(1.01394 -0.0193872 -2.07943e-19)
(1.28102 0.107323 -4.64626e-20)
(1.04805 -0.00094286 -4.90015e-22)
(1.00737 -0.0143689 4.1748e-20)
(2.1094 0.257448 -3.10107e-19)
(1.01863 0.00185027 1.99915e-19)
(0.828934 -0.88437 5.58132e-21)
(1.01973 -0.00683736 0)
(0.899755 0.0944022 5.236e-20)
(-0.70213 1.61579 4.49736e-21)
(1.00346 0.0198885 1.97824e-19)
(1.04228 0.0193607 -7.53632e-22)
(0.210906 -0.361012 2.5229e-20)
(1.17882 0.283091 5.24896e-19)
(1.0016 0.0100194 1.35813e-19)
(1.01471 -0.0207698 3.04509e-22)
(1.62633 0.239933 -5.89334e-20)
(1.6149 0.851858 -3.75265e-20)
(0.877325 -0.785672 4.17109e-20)
(0.53632 -0.455154 -2.794e-19)
(1.00497 -0.0156963 0)
(1.02409 -0.00306837 4.96722e-20)
(1.01043 -0.0155746 1.05809e-19)
(0.83363 -0.2252 -9.36441e-21)
(1.01672 -0.00259529 -2.08419e-19)
(1.0392 -0.0387667 2.35177e-19)
(1.00657 -0.0142377 -1.97974e-19)
(1.01379 -0.00223661 -4.22999e-22)
(1.0121 -0.00486042 -2.44903e-22)
(1.02884 0.00623058 1.99006e-19)
(0.883008 0.020541 5.21286e-19)
(0.278759 -0.190779 0)
(1.0782 1.31107 1.86978e-19)
(1.01351 -0.0112724 0)
(1.01685 -0.0289671 -5.83423e-20)
(1.42712 0.402789 -1.55178e-19)
(0.888305 0.129992 0)
(2.19213 -0.60794 -6.61275e-21)
(0.406838 0.0446105 1.45633e-20)
(0.723656 -0.019341 0)
(2.01293 0.669093 0)
(-0.0536979 -0.013962 -1.7793e-20)
(1.11775 1.16124 1.07203e-19)
(1.01751 -0.0133057 -2.10963e-19)
(1.22129 -0.626965 -4.53771e-20)
(0.503435 0.369921 1.27165e-19)
(0.546643 -1.31073 0)
(0.909251 -0.108857 0)
(0.88064 -0.205525 0)
(-0.310654 -0.0332118 -5.79198e-21)
(0.855889 -0.411091 -3.57057e-19)
(0.028101 -0.467234 0)
(-0.184168 0.52065 -5.69176e-20)
(1.57316 0.888497 8.15081e-20)
(1.00921 -0.00969834 -4.10861e-19)
(0.839087 0.416245 -1.18353e-19)
(1.02338 -0.00538936 2.71862e-19)
(0.669018 -0.0436546 0)
(-0.168789 -0.306701 -5.03681e-20)
(0.541023 0.331251 -3.67052e-19)
(0.369828 -0.284417 -8.9162e-20)
(-0.182999 0.310803 0)
(0.850364 0.0781185 6.39166e-20)
(0.448667 0.42344 5.75672e-20)
(1.08888 0.80556 -5.57376e-20)
(-0.100666 -0.100135 2.46815e-19)
(1.01541 -0.00410785 0)
(0.697446 -1.07892 -1.37501e-19)
(1.01217 -0.0101618 1.54824e-19)
(2.17123 0.212636 0)
(1.01426 4.16467e-05 2.58713e-19)
(0.433838 -0.0886286 -3.07938e-19)
(1.01842 0.00133875 -1.60737e-19)
(1.2541 -0.653164 0)
(1.92255 -0.514068 -1.72083e-23)
(1.00969 -0.00319187 -1.07559e-19)
(0.995678 -0.0627237 2.83835e-19)
(1.04725 0.0687557 -5.47687e-22)
(0.840115 -1.47048 8.10797e-20)
(-0.101994 -0.172393 6.50697e-19)
(1.79947 0.162836 -3.26562e-20)
(0.453817 -1.4251 -8.88108e-20)
(0.801781 0.0147877 -3.85815e-19)
(0.768101 0.0245421 0)
(0.573907 -1.10116 -1.01691e-19)
(1.01558 -0.0290718 -3.14123e-20)
(0.973911 -0.0108592 0)
(1.04116 -0.00564537 -2.01732e-19)
(1.10976 -1.36736 5.50596e-20)
(-0.826128 1.01415 2.69065e-19)
(2.40091 -0.488338 0)
(-0.594924 1.26857 -5.1565e-19)
(1.61896 -0.35306 0)
(1.03596 -0.0224647 5.87532e-20)
(1.91124 1.04668 3.1813e-21)
(1.01669 -0.0115885 1.6668e-19)
(-0.723237 0.977987 2.62091e-19)
(1.01725 -0.00613682 0)
(0.994029 0.00353053 -4.05278e-19)
(1.01024 0.00134948 2.12172e-19)
(0.72512 0.678196 0)
(1.16009 0.433891 8.08473e-22)
(0.955728 -0.00167174 -1.8103e-19)
(-0.184554 -0.534436 7.03171e-19)
(1.00466 -0.00668098 -2.07009e-19)
(1.00259 0.000320851 -4.86446e-19)
(1.81522 -0.607584 1.46482e-20)
(-0.258984 -0.300928 -1.79439e-19)
(0.72529 0.614732 -2.04869e-19)
(0.745541 0.272086 0)
(1.02184 -0.0186817 4.38239e-19)
(1.03255 -0.0225029 2.33584e-19)
(0.877095 -1.5137 8.32143e-20)
(1.08564 -1.39832 -1.0201e-19)
(1.08794 -0.00399552 -1.12515e-19)
(1.24528 -0.99481 2.18301e-20)
(1.00725 -0.00757293 2.16699e-19)
(1.03009 -0.755642 1.58479e-19)
(0.0128766 -0.32049 3.10718e-19)
(-0.239962 -0.299321 -1.41356e-19)
(0.743011 0.0158567 -7.07249e-20)
(0.751134 -0.258014 -6.44732e-19)
(1.01255 -0.0254354 0)
(1.47079 -0.874145 4.03988e-20)
(0.122364 -0.265001 1.20111e-20)
(0.711922 -1.43983 0)
(0.776538 0.438492 0)
(0.0344815 -0.201226 0)
(1.03889 0.00539305 9.03436e-20)
(2.16178 0.152477 0)
(1.04333 -0.0312478 3.75957e-21)
(-0.691325 0.402409 -1.39093e-19)
(-0.123824 -0.155498 4.06715e-19)
(0.295145 -0.315006 3.09701e-21)
(1.34539 0.334241 1.42448e-19)
(0.121154 -0.329726 8.63288e-19)
(0.176697 -0.550813 0)
(1.07749 -1.38766 -1.7831e-20)
(1.01909 0.005935 5.7087e-20)
(-0.169477 -0.160433 -2.52451e-19)
(0.793462 0.633495 -6.56143e-20)
(-0.137022 -0.161572 9.52779e-20)
(1.53269 -1.08481 -1.23623e-19)
(0.637187 -1.32684 -7.89693e-20)
(0.742762 0.833531 -1.08753e-19)
(0.484495 -1.07504 -1.87523e-19)
(0.884 0.00940705 0)
(0.655485 -1.28625 -9.88681e-20)
(1.40276 -0.135504 -2.01417e-19)
(0.755439 -1.46627 1.38779e-19)
(1.73881 0.271229 0)
(1.06011 0.0142824 2.20029e-19)
(0.639206 -0.696548 0)
(0.704607 0.83892 -1.72046e-19)
(0.291543 0.793652 0)
(0.824052 0.257252 -2.42608e-19)
(0.259477 -0.628629 9.06294e-20)
(-0.197388 -0.274541 -2.93483e-20)
(0.94383 -0.010452 -4.48615e-19)
(1.0327 -0.00582038 0)
(1.13579 0.00374183 1.1244e-19)
(1.53965 -0.277872 0)
(2.31579 -0.292872 0)
(1.00772 -0.0209831 -4.02204e-20)
(0.975326 0.000429882 -1.98301e-19)
(0.861278 0.342627 6.19756e-20)
(0.286702 -0.311223 0)
(1.02158 -0.0261476 3.35649e-22)
(1.03889 -0.840619 -9.65388e-20)
(0.583798 0.245566 0)
(1.06957 -0.0292893 -2.87891e-19)
(2.11883 -0.405049 7.30387e-20)
(0.544087 -0.731798 -2.99714e-19)
(0.0467568 -0.162908 8.44418e-20)
(-0.368477 -0.285363 3.36464e-20)
(-0.245615 -0.0605762 -1.41843e-19)
(-0.14365 -0.163521 5.51964e-19)
(0.963408 -0.603876 -2.52935e-20)
(0.339904 -0.0571201 4.77599e-19)
(1.05539 -0.79121 1.70634e-19)
(1.24534 -1.00773 0)
(1.02007 -0.0178669 -4.62817e-19)
(0.722583 0.115488 -7.6831e-20)
(1.01166 -0.0120956 -1.7947e-19)
(-0.103767 -0.134987 -1.80316e-19)
(-0.0116878 -0.450253 5.38924e-19)
(1.01677 0.0053813 -2.26191e-19)
(1.44665 -0.629009 4.05311e-19)
(1.68702 -1.34586 7.37545e-21)
(1.04583 -0.0213207 -3.69488e-19)
(1.67435 0.0236251 0)
(0.114338 -0.51803 -1.14694e-19)
(-0.681404 0.964484 -2.33936e-19)
(0.748304 -1.33824 0)
(1.08366 0.0625672 0)
(1.02856 0.00693602 2.77465e-19)
(0.455963 0.269622 7.44402e-20)
(1.25991 -0.0263991 -2.03565e-20)
(1.06985 0.563192 2.15241e-19)
(0.754526 0.347635 -1.92741e-19)
(1.06663 0.000962455 1.2796e-19)
(0.343286 -0.0437257 -3.98941e-20)
(1.15616 0.129343 -4.40169e-19)
(-0.45355 -0.105019 0)
(1.0644 -0.318236 -1.68247e-19)
(0.673274 0.0329527 1.9969e-19)
(1.49876 -0.599498 -8.89522e-20)
(1.01791 -0.0347723 -2.65141e-19)
(0.397806 0.382545 -1.57885e-19)
(0.968626 0.637112 -1.19336e-19)
(-0.696355 0.606636 4.06758e-19)
(0.837122 0.0301868 -3.55958e-19)
(0.52301 -0.105229 -2.00147e-19)
(1.00907 -0.00870954 -2.20853e-19)
(0.727018 0.521162 -2.71992e-19)
(0.739475 -0.237555 -3.36392e-19)
(0.531187 -0.520481 -1.22297e-20)
(0.747155 -0.014803 1.99827e-19)
(1.13001 -1.34208 1.39591e-19)
(2.12411 -0.523506 0)
(1.22632 -0.943858 0)
(0.961073 0.491127 -1.58518e-20)
(0.892626 -0.00832369 0)
(0.80697 -0.491486 1.68931e-19)
(-0.156071 -0.186454 0)
(0.768238 0.504508 -6.26628e-20)
(1.01897 -0.00504445 0)
(2.12786 0.160888 7.36955e-21)
(1.17581 -0.441134 2.73674e-19)
(0.976997 -0.00947246 1.94385e-19)
(1.03366 0.0546843 -2.08395e-19)
(1.11242 0.460691 7.44062e-20)
(1.01393 0.00697558 2.7692e-19)
(0.279307 0.849935 0)
(0.976697 0.00745707 2.23317e-19)
(2.03873 1.19448 -2.91315e-21)
(0.430483 -1.26827 9.7791e-20)
(1.2994 0.959248 -1.24104e-19)
(1.01375 -0.0411406 3.0235e-19)
(0.713713 0.180748 -3.91928e-20)
(1.77332 0.582369 0)
(0.340502 -0.75167 0)
(1.04057 -0.171315 -4.01124e-19)
(0.551605 -1.12163 0)
(0.624079 0.331089 7.65825e-20)
(1.3545 -1.02788 0)
(0.432165 0.227413 0)
(0.553684 0.499425 -6.16818e-19)
(1.79524 0.220129 -4.94435e-21)
(1.04523 -0.0423549 -1.22851e-19)
(0.0419936 -0.259053 3.81231e-20)
(1.03274 0.0299091 0)
(1.02262 -0.0452641 0)
(1.27897 -1.26635 -8.17924e-20)
(0.25546 -0.855537 0)
(0.680877 0.389707 3.94097e-20)
(1.03426 -0.021401 5.56428e-22)
(0.534279 0.360339 1.50489e-19)
(1.1187 0.0171383 3.11755e-20)
(1.72718 -0.620979 2.12912e-20)
(1.05545 0.0152364 1.84371e-19)
(1.0647 -0.0224282 -1.83058e-19)
(1.08637 0.18025 2.28773e-19)
(1.00527 0.00485598 -4.48117e-19)
(0.46226 -0.0205598 0)
(-0.0293183 0.0157661 -2.31244e-20)
(0.713727 -0.293322 -3.88651e-19)
(0.930744 -0.208153 -2.33303e-19)
(1.37904 0.45797 0)
(0.878379 -1.24706 2.20178e-19)
(-0.0648211 -0.237446 3.402e-20)
(1.03476 0.521177 -5.81155e-21)
(0.307317 -1.03087 3.22475e-21)
(1.89284 0.144327 9.06156e-20)
(0.768032 0.635153 5.12522e-19)
(0.62167 -1.15015 6.0389e-21)
(1.13144 -0.0452699 0)
(1.04829 -0.132214 -1.20309e-19)
(0.289212 -0.302634 5.07389e-20)
(2.23785 0.31466 -1.54838e-19)
(2.0852 0.176848 0)
(2.02171 0.401587 0)
(1.29531 0.219676 -1.97158e-20)
(0.201742 -0.280536 0)
(1.00742 9.37252e-05 -1.76984e-19)
(0.759116 0.288911 0)
(0.99884 -0.0431497 1.29167e-19)
(0.732849 -0.425644 -1.98781e-19)
(0.960132 -0.0645426 4.19098e-19)
(1.72131 0.291107 -1.06178e-19)
(1.05915 -0.0263614 -4.69188e-19)
(0.802442 0.017586 5.88129e-20)
(1.66909 0.506937 -5.51805e-20)
(1.10394 -0.0578857 0)
(1.03724 -0.0202273 1.43455e-19)
(-0.127114 -0.234414 -1.49804e-19)
(1.10129 -0.00269404 -2.24444e-19)
(0.791537 0.557523 -5.46112e-19)
(0.257951 -0.156957 1.00899e-20)
(2.09985 0.221392 0)
(0.339357 -0.282294 5.1134e-19)
(1.65782 0.0568399 0)
(-0.542037 0.0550878 1.21348e-19)
(-0.283453 -0.614467 3.88457e-19)
(1.23948 -1.01682 0)
(0.748284 0.0288749 1.1055e-19)
(-0.599386 0.323255 0)
(0.39674 0.00738014 0)
(-0.0752493 0.0164281 3.40147e-20)
(0.849773 0.0349127 -2.56661e-19)
(1.33039 -1.01974 4.86527e-19)
(0.848945 0.611466 -4.51266e-19)
(0.991141 0.0112693 -6.5e-21)
(1.046 -0.058107 1.39095e-19)
(1.87364 0.330465 0)
(1.08536 -0.134173 -5.08574e-20)
(0.926126 0.570735 3.61475e-19)
(1.019 -0.0156073 2.94484e-19)
(1.08052 -0.0131051 1.13078e-19)
(1.73758 0.300533 0)
(1.00297 -0.0136042 0)
(0.896525 0.777954 -4.49861e-20)
(1.06127 -0.0445016 -1.68403e-19)
(1.2741 -0.513595 -7.91235e-20)
(-0.2785 0.93127 1.26245e-20)
(1.02825 1.24017 0)
(1.39822 1.29012 0)
(0.567641 -0.781684 1.43898e-21)
(0.644532 0.174419 -2.63061e-19)
(2.20708 0.626979 2.50591e-20)
(0.969919 0.0278003 2.61838e-19)
(0.392553 0.0677699 -1.56188e-19)
(1.28094 -0.169741 0)
(1.18696 0.283199 -1.98985e-20)
(1.10074 0.0107146 -1.16176e-19)
(0.864833 -0.0381988 0)
(0.799458 -0.0031994 0)
(0.349256 0.0405995 5.71583e-20)
(0.422174 0.226887 -2.04614e-20)
(0.773798 0.000514979 1.18061e-19)
(1.13193 -0.0103849 0)
(0.935183 -0.860955 0)
(0.503581 -0.0469039 -3.84617e-20)
(0.924286 0.637591 -2.88972e-19)
(0.170767 0.0349363 -2.46912e-20)
(-0.146287 0.0342249 -1.34161e-21)
(1.77318 0.741273 3.68947e-20)
(0.987223 0.00252508 1.84688e-19)
(1.05596 -0.0943315 9.54135e-20)
(0.406192 -0.379485 -6.53247e-19)
(-0.137414 -0.130488 0)
(1.09245 -0.872905 -1.60072e-19)
(0.67195 -0.643921 -2.54675e-19)
(-0.335057 -0.61523 5.49841e-19)
(0.913321 0.0573074 -1.93978e-19)
(0.910682 0.277095 4.11723e-19)
(1.04844 -0.116052 6.44896e-23)
(1.01458 -0.00604565 -3.40154e-20)
(1.01233 -0.0085899 1.33068e-19)
(-0.235361 1.01501 -2.72469e-19)
(-0.154927 -0.221316 -2.94612e-19)
(-0.0989468 -0.279167 0)
(1.10423 0.220238 1.69369e-19)
(1.0702 0.00463586 0)
(0.153676 0.715587 -1.84619e-19)
(0.233583 -0.299471 -5.58944e-20)
(-0.204794 -0.407049 0)
(1.01298 0.00378822 1.92753e-19)
(1.01105 -0.080145 0)
(1.3906 0.270919 -1.67962e-21)
(-0.917151 0.910053 5.57029e-20)
(0.977374 -0.0386963 -4.07171e-19)
(1.24881 -0.396045 5.84955e-21)
(1.5138 0.366935 -3.49881e-21)
(0.463624 0.450715 0)
(0.681363 0.590527 2.04826e-19)
(1.03849 -0.47951 -2.42908e-19)
(-0.232197 -0.577767 3.65765e-19)
(1.78378 0.175313 -6.514e-21)
(-0.513516 -0.666 -2.89971e-19)
(1.2334 0.381979 -8.65381e-20)
(1.66962 1.15963 2.90533e-19)
(1.58432 -0.218184 -6.14287e-21)
(0.162667 -0.167737 1.71646e-19)
(0.0944824 0.0827302 0)
(0.136016 -0.162212 0)
(-0.132892 -0.174534 1.81389e-19)
(1.00254 0.00031379 -2.14246e-19)
(1.0267 -0.0132042 -1.81525e-19)
(-0.168142 -0.00824739 -1.04793e-19)
(1.86443 -0.464341 -6.90772e-20)
(1.56334 -1.15725 1.1712e-19)
(1.0067 0.669932 0)
(0.903741 -0.00129306 -5.70572e-19)
(2.12282 0.52748 -1.16257e-19)
(1.01042 -0.0252929 -5.4598e-20)
(1.90299 -0.607919 7.27123e-20)
(-0.244754 -0.572789 0)
(2.07834 0.236752 4.66425e-21)
(-0.485996 -0.0302395 5.5569e-20)
(-0.14298 0.0423662 -9.15464e-20)
(1.0505 -0.0815112 1.86226e-19)
(-0.103774 -0.112661 0)
(2.33337 0.779074 -1.05082e-19)
(0.41978 0.127892 1.26563e-19)
(-0.108611 -0.114826 1.89565e-19)
(1.01421 -0.0189905 2.40914e-19)
(0.631114 0.222685 0)
(0.26413 -0.302575 5.58328e-20)
(0.522541 -0.510044 0)
(0.159066 -0.160804 -3.15259e-19)
(0.0910503 -0.0956617 6.4177e-20)
(0.112801 0.110255 1.91896e-19)
(-0.0925448 -0.0982672 -2.01307e-19)
(-0.130021 -0.547308 0)
(0.895698 0.228717 2.75735e-22)
(0.383742 -1.3857 -5.80977e-21)
(0.776403 -0.70312 1.97415e-19)
(1.01169 -0.0160509 0)
(-0.0905701 -0.0965961 0)
(0.98231 -0.129231 2.17415e-19)
(1.64448 -0.753803 -6.54032e-21)
(-0.153722 1.22056 -3.62983e-19)
(0.962649 0.00705238 -2.56812e-19)
(0.713803 -0.659222 3.54183e-19)
(1.65393 -0.808241 -2.04382e-19)
(-0.100085 -0.214784 -7.43004e-19)
(1.05264 0.047062 0)
(1.01059 -0.0170522 -2.78792e-19)
(-0.0604314 -0.0694453 0)
(0.230478 0.864891 -2.07351e-19)
(0.119453 0.115975 1.81621e-19)
(-0.0855885 -0.0969336 0)
(1.1057 0.0792339 -1.85527e-19)
(1.17046 -0.74217 0)
(1.12106 -0.106955 0)
(-0.160834 -0.0219045 2.71666e-19)
(0.438027 1.07244 -1.21784e-19)
(-0.0400247 -0.0447629 -1.94631e-19)
(0.100944 -0.110031 6.73553e-20)
(0.10493 0.0958207 0)
(1.00229 -0.143227 -2.6583e-19)
(0.162485 -0.165043 -1.56452e-19)
(0.118772 0.11426 -3.69775e-19)
(0.171638 0.165694 1.4683e-19)
(0.947151 -0.0265402 6.86142e-19)
(0.157272 0.149795 -1.56636e-19)
(-0.0373778 -0.0413767 1.85298e-19)
(0.12433 0.123682 -3.59108e-19)
(0.218634 -0.217971 -2.3748e-19)
(0.0871513 -0.0846354 0)
(-0.0644328 -0.0725339 4.02858e-19)
(-0.194993 -0.198474 4.02082e-19)
(0.117406 0.10865 0)
(1.34918 -0.108521 0)
(-0.125929 -0.521068 0)
(0.712755 -1.04161 -1.31788e-20)
(0.187813 0.184661 1.91596e-21)
(0.0702694 -0.0726583 -3.24133e-20)
(0.179008 -0.21967 9.20549e-20)
(0.164525 0.159794 -1.52545e-19)
(0.182049 -0.176202 0)
(-0.043715 -0.0479652 2.05436e-19)
(0.0876325 -0.0893131 1.71463e-21)
(-0.195277 -0.56295 -3.57507e-19)
(0.89892 0.463838 1.57847e-19)
(-0.343824 1.03755 1.90962e-19)
(0.091977 -0.0935266 -6.01699e-20)
(-0.0329017 -0.0368885 0)
(0.185731 0.184934 0)
(0.201345 -0.200512 -5.05461e-20)
(0.0676704 -0.074923 -3.25689e-20)
(2.0943 0.495959 -7.55435e-20)
(1.83421 -0.651104 -7.85881e-19)
(0.171163 0.173359 2.95823e-19)
(-0.314201 -0.379815 1.54189e-19)
(0.111181 -0.126333 7.5035e-20)
(-0.0293765 -0.0323308 -5.44796e-19)
(0.238803 -0.238168 1.93859e-19)
(0.497432 0.18233 3.75856e-20)
(0.0914323 -0.0913083 0)
(0.164328 -0.165963 -3.26761e-19)
(0.999182 -0.0768935 0)
(1.62399 -0.345418 0)
(0.649531 -0.594843 -3.4071e-19)
(0.941808 -1.20257 -4.16358e-20)
(0.2089 -0.201389 1.08328e-19)
(0.994527 -0.0155721 1.91367e-19)
(0.906207 -0.169919 2.55336e-19)
(0.479439 -0.467853 4.73775e-19)
(0.574072 -0.820706 -4.45988e-20)
(0.194234 0.18391 1.31537e-19)
(0.756489 0.487211 0)
(0.727878 -0.633429 3.44673e-21)
(-0.0270443 -0.0297869 1.79015e-19)
(0.383353 -0.13083 2.2095e-20)
(1.08719 -0.153804 7.62592e-20)
(1.14045 -0.302981 0)
(0.973116 -0.189165 6.2295e-19)
(0.0910707 -0.0894067 0)
(1.27227 0.778765 0)
(1.2262 -0.240923 1.60388e-19)
(1.07698 0.307694 2.5279e-19)
(1.13349 -0.013098 0)
(0.134342 1.23924 2.99801e-19)
(-0.861002 1.29858 2.61844e-20)
(1.04871 -0.00701589 -2.59766e-19)
(-0.168275 -0.342229 0)
(1.24337 -0.233004 0)
(0.480469 -1.22014 0)
(0.068837 0.0538586 4.67941e-19)
(-0.0210605 -0.0226203 0)
(0.168559 0.160009 1.47704e-19)
(0.19956 -0.18384 0)
(0.0281057 -0.0401139 -2.44389e-20)
(-0.0178824 -0.0180039 0)
(0.293148 0.215148 -9.61648e-21)
(0.921417 -0.50275 -4.77707e-19)
(0.043021 -0.0544966 9.61153e-22)
(-0.176454 -0.171865 -4.96951e-19)
(0.297363 -0.28613 0)
(0.2121 0.201217 0)
(-0.517891 -0.0779296 4.3054e-19)
(0.929026 0.0108693 4.75421e-21)
(1.18371 -0.409841 -1.60502e-19)
(0.0570089 -0.0665113 8.49647e-20)
(0.291139 -0.341426 2.51293e-19)
(1.02659 0.108193 2.71873e-19)
(0.533252 1.12508 0)
(-0.020821 -0.0207638 2.20547e-23)
(-0.1101 -0.517719 6.73762e-21)
(-0.125086 0.0426605 0)
(2.08615 0.116958 -1.59604e-19)
(0.993503 0.102885 0)
(1.02169 -0.100604 3.09475e-19)
(-0.302496 1.51331 0)
(0.271019 -0.251842 -5.02569e-21)
(1.01353 -0.0464258 1.64979e-19)
(0.529198 0.0336621 4.12269e-19)
(1.49454 -0.846364 5.35559e-20)
(0.271288 0.253478 1.60504e-22)
(1.51224 0.481651 0)
(1.04887 -0.652853 5.80016e-20)
(2.05538 -0.970663 3.89999e-19)
(0.0133172 -0.0263053 4.64257e-20)
(2.03271 -0.472776 4.2396e-20)
(2.22882 0.395911 -8.74901e-21)
(0.00395522 -0.00969324 -1.34306e-20)
(1.00163 0.0072184 2.48583e-19)
(-0.169636 -0.227898 -6.13636e-20)
(0.294247 0.273438 0)
(-0.0223396 -0.021827 0)
(0.224586 0.212417 1.20027e-19)
(0.347755 -0.324514 -1.34171e-19)
(-0.00340396 -0.00331479 4.89686e-20)
(1.18452 -0.845496 -4.48516e-20)
(1.32864 1.21533 9.61574e-20)
(0.394127 -0.372062 0)
(-0.00853832 0.00305486 0)
(0.242023 0.228896 0)
(-0.0263514 -0.108329 -2.98676e-20)
(0.324174 -0.319753 0)
(-0.0285969 -0.031073 -3.17874e-19)
(0.259391 0.244155 -1.00617e-19)
(-0.0149254 0.00861446 0)
(0.301541 -0.294766 0)
(0.215935 0.314809 0)
(-0.0246796 0.0160395 0)
(-0.0355404 0.0249784 -1.52618e-20)
(-0.158364 -0.25598 0)
(1.00185 -0.00644806 2.5518e-19)
(0.551605 -0.512092 -2.53411e-20)
(-0.0708472 0.0491287 -2.80237e-20)
(-0.0352079 -0.0218408 5.86957e-19)
(0.328914 0.301023 -1.42606e-19)
(1.55223 0.354645 0)
(-0.310025 -0.231267 0)
(-0.146673 -0.293864 4.90024e-20)
(-0.111348 0.0855087 0)
(0.424999 -0.40768 0)
(-0.0644128 -0.0434469 0)
(0.374311 0.337249 0)
(-0.108166 -0.0809722 3.53671e-19)
(0.443992 0.407359 -7.63434e-20)
(-0.142395 0.132046 -1.61055e-19)
(0.638672 -0.597853 -2.19492e-19)
(1.11637 0.110806 0)
(0.776147 0.160199 2.93593e-20)
(-0.0743294 0.811787 -4.08686e-19)
(1.01239 0.0314483 -2.45902e-19)
(1.36767 0.0197722 0)
(1.22881 -0.0178712 -8.9291e-21)
(1.48701 -0.530329 8.16099e-20)
(0.978443 0.010219 0)
(0.0536247 0.646376 8.04866e-20)
(-0.522111 1.11117 1.45187e-20)
(-0.0211217 -0.0190143 -6.4569e-23)
(-0.684359 0.336575 0)
(1.16877 -0.198147 -1.97617e-19)
(0.309876 0.042707 4.45923e-19)
(1.54361 0.0590705 4.10252e-20)
(0.405413 -0.731452 4.32667e-20)
(1.72035 -0.797549 -1.74396e-20)
(-0.427197 -0.498027 -1.65464e-19)
(1.80976 0.228967 -1.46107e-20)
(2.09113 -0.72199 3.66099e-19)
(1.00741 0.0554357 -3.40094e-20)
(0.112802 -0.457372 1.90798e-19)
(1.13461 -0.0150003 0)
(1.89256 0.281033 -2.72812e-21)
(0.0523693 -0.0108187 8.71688e-22)
(1.38608 -0.25929 0)
(0.163994 -0.172672 -5.4898e-19)
(0.0834717 -0.0862228 0)
(0.599983 -0.56426 0)
(1.79602 0.573344 2.06873e-20)
(0.977276 -0.499898 0)
(1.97918 0.298844 1.92129e-19)
(-0.0165147 -0.018305 3.27386e-19)
(0.301793 -0.308284 7.57287e-20)
(1.03284 -0.0750263 0)
(-0.258523 0.881614 0)
(-0.15501 -0.145844 2.6828e-19)
(-0.0891777 -0.0366959 5.08154e-20)
(0.960662 0.209147 -2.46012e-19)
(-0.0862192 -0.120593 -2.46454e-21)
(1.01546 0.00167479 -9.04255e-21)
(2.00234 0.248814 0)
(-0.0982229 -0.472706 3.9241e-19)
(-0.170467 -0.210837 0)
(0.622139 -0.0349483 3.42473e-19)
(0.925084 0.110875 -5.19376e-20)
(0.76789 -0.673094 -1.67588e-19)
(0.953542 0.0864896 3.64336e-19)
(0.998161 0.00765836 0)
(0.463302 -1.04768 -3.0514e-21)
(2.09853 -0.0630772 0)
(0.460558 0.402674 0)
(1.23221 1.07037 0)
(-0.43345 -0.583389 -7.44388e-20)
(0.240784 0.106348 2.57441e-19)
(0.0257689 -0.202694 0)
(1.09061 0.0598805 1.6255e-19)
(1.09263 -0.272406 0)
(0.535611 -0.152884 1.60613e-19)
(0.428433 -0.354857 2.02374e-19)
(-0.18395 -0.0384157 1.08048e-19)
(0.870399 0.134477 -5.54595e-19)
(0.991667 -0.0576275 9.82007e-22)
(1.62426 -0.635712 4.10026e-20)
(1.78859 -1.17177 -5.84218e-20)
(0.10106 0.108672 3.5961e-20)
(0.483642 -0.0512975 0)
(0.0276173 1.67047 0)
(0.260792 -0.30442 0)
(1.42963 -0.0948539 1.31415e-19)
(-0.612275 0.151758 -1.22111e-19)
(0.329453 -0.304717 -1.54763e-19)
(1.52265 0.373668 2.00574e-20)
(0.741036 0.444319 -7.99883e-20)
(0.786744 0.179613 3.00634e-21)
(0.905037 0.171409 7.19449e-20)
(0.967412 0.238574 2.71642e-21)
(-0.126877 -0.308182 1.96621e-19)
(-0.398489 -0.543127 0)
(0.931614 -0.0627149 0)
(-0.382052 -0.720467 2.52145e-19)
(0.133589 0.131452 0)
(1.84512 0.457452 0)
(-0.391329 -0.255319 1.35738e-19)
(0.47706 0.372353 -2.51417e-19)
(0.566387 -0.4988 2.75929e-19)
(-0.245784 -0.0514181 0)
(1.29663 0.85492 -5.22442e-20)
(1.09351 -0.00087426 0)
(-0.541564 -0.210252 -8.72884e-19)
(-0.360967 -0.0155876 -1.38722e-19)
(1.35238 -0.443006 6.63424e-20)
(0.380203 0.33072 5.62109e-19)
(0.76779 -0.318875 2.11516e-19)
(-0.119481 0.256256 0)
(1.08821 0.0451945 1.73057e-19)
(0.932014 0.506307 -1.13136e-19)
(-0.205046 -0.155003 0)
(0.746976 -0.346382 0)
(1.21763 0.77922 1.15903e-19)
(0.0777042 -0.0827849 -6.95684e-20)
(2.19469 -0.776865 -1.81589e-19)
(1.82123 0.490045 0)
(0.562342 -0.109108 3.02729e-20)
(0.710036 0.359456 0)
(-0.307981 -0.947124 -3.88462e-19)
(1.18527 0.842245 -1.46724e-19)
(1.27736 -0.339929 -2.28525e-19)
(0.979392 -0.600955 3.13592e-20)
(0.0325375 -1.07729 -2.64398e-21)
(-0.068219 -0.339612 -2.07162e-19)
(1.00574 0.0408437 2.51397e-19)
(-0.0664466 0.786495 0)
(0.931931 0.136008 3.64831e-21)
(1.6169 0.396354 3.90439e-20)
(1.66815 -0.913815 -2.80121e-20)
(1.36087 -0.317243 -9.5491e-20)
(1.78 -0.27832 1.03734e-20)
(-0.223405 -0.131247 1.10572e-19)
(0.545338 0.490576 -4.17946e-24)
(0.197222 -0.0788132 4.17172e-19)
(1.45516 -0.608785 4.92172e-20)
(1.34206 0.367987 5.70999e-20)
(1.68757 0.304291 -2.90445e-21)
(0.813863 0.531017 1.58634e-19)
(0.39261 0.663799 9.03896e-19)
(1.95291 0.883746 -2.1259e-19)
(0.917876 0.202486 -1.61189e-19)
(-0.317012 -0.507529 -2.0057e-19)
(0.30996 -0.303384 0)
(1.00317 -0.000950129 5.30496e-19)
(1.30087 -0.0466556 0)
(0.798323 0.491717 -1.58572e-19)
(1.76652 0.842352 -1.01229e-19)
(-0.138815 -0.374565 -2.84309e-20)
(2.0211 -0.382007 0)
(1.23437 -0.41777 0)
(1.9298 -0.1044 2.11833e-19)
(1.52804 0.573901 3.63141e-19)
(1.15209 -0.372307 0)
(-0.170592 -0.481708 -4.00393e-19)
(0.954182 -0.137376 -2.45483e-19)
(0.906674 -0.753443 -1.00827e-19)
(-0.404034 -0.454034 3.92197e-19)
(-0.202474 -0.230986 -1.99203e-19)
(-0.150104 -0.150948 -4.31054e-19)
(0.186491 -0.194244 -1.74069e-19)
(-0.792809 1.17719 -1.43078e-20)
(0.877828 -0.375768 -1.35795e-19)
(1.34423 0.123424 1.38962e-19)
(0.695764 0.01444 0)
(0.77726 0.0358467 3.23681e-19)
(1.29912 -0.393241 3.70598e-21)
(1.02954 -0.17926 -4.81762e-21)
(0.518678 0.444409 1.97905e-19)
(1.73503 0.207013 4.47878e-20)
(1.6067 0.178628 9.60803e-20)
(1.08916 -0.0438431 4.03848e-20)
(0.89846 -0.458608 1.31034e-19)
(0.558208 -0.351381 0)
(-0.203406 -0.205029 1.9381e-19)
(0.938754 0.0529443 1.66194e-19)
(1.01296 0.632063 1.17069e-19)
(-0.183071 -0.192426 4.05778e-19)
(1.14159 -0.683784 2.2668e-19)
(0.143597 -0.129559 0)
(1.6599 0.825816 0)
(0.1808 0.16463 3.72901e-19)
(1.49072 0.532947 0)
(0.234241 -0.320776 0)
(1.0747 -0.701381 -2.00865e-19)
(-0.170622 -0.179791 6.04103e-19)
(-0.0970354 0.022387 3.84589e-20)
(1.12497 -0.0334544 4.75036e-20)
(1.43554 0.967458 2.16816e-25)
(0.971198 -0.084934 -1.73289e-19)
(0.145856 -0.142011 7.70374e-20)
(1.00122 0.104097 -1.8966e-19)
(0.194857 -0.244655 2.40834e-19)
(0.979451 0.305788 0)
(0.19791 0.195089 -1.93448e-19)
(-0.288913 0.192694 9.54846e-20)
(1.84972 0.341005 0)
(-0.375342 1.02797 -1.41505e-19)
(0.0262845 0.0641083 5.64768e-20)
(-0.441739 -0.55081 0)
(-0.133867 -0.138139 -8.98024e-20)
(0.274951 -0.280756 0)
(1.09831 -0.803063 0)
(0.159022 -0.176291 1.33192e-19)
(0.637553 -0.604673 3.79361e-19)
(-0.159303 -0.17333 -3.66776e-19)
(-0.373461 -0.735025 -2.76989e-19)
(0.278006 -0.281133 -1.59172e-19)
(0.206466 0.20139 5.7e-19)
(-0.0473347 0.752226 -4.43274e-20)
(-0.478572 0.0695594 -1.87831e-19)
(-0.0198725 -0.0188814 0)
(-0.164519 -0.437591 3.27691e-19)
(1.08024 -0.178191 -3.07479e-19)
(0.155699 -0.162102 5.88341e-20)
(1.73988 -0.551665 -1.70926e-20)
(1.38752 0.0834889 0)
(2.05543 0.268643 1.52635e-20)
(0.959307 -0.0901999 0)
(-0.122067 -0.13205 0)
(0.148781 0.130552 0)
(0.949315 0.0257068 0)
(1.17332 -0.287049 0)
(0.954718 0.0598593 -3.36994e-19)
(0.193744 0.187634 -1.82277e-19)
(-0.462989 -0.165924 -2.30402e-19)
(-0.131899 -0.150165 4.05878e-19)
(1.02182 -0.246351 1.57189e-19)
(0.838839 -0.451119 0)
(0.33621 -0.726101 -4.0171e-19)
(1.03409 -0.0499804 -2.04281e-19)
(-0.790189 1.10869 5.28453e-19)
(-0.0729622 -0.0802882 0)
(-0.184261 -0.206984 -2.25288e-19)
(0.247362 0.231845 -1.06641e-21)
(0.224171 0.211954 0)
(-0.0804856 -0.0896071 2.0313e-19)
(0.261169 -0.303136 1.32803e-19)
(1.40513 -0.545748 1.24837e-19)
(1.88475 -0.412575 4.27492e-20)
(0.334167 0.147245 3.53302e-20)
(1.02055 0.0216984 0)
(0.294658 0.286627 -2.83544e-19)
(-0.608255 0.176282 3.64475e-19)
(0.27768 0.269648 -4.64046e-19)
(0.272562 0.264085 1.46975e-19)
(0.915317 -0.0105211 0)
(0.144124 -0.145885 3.03388e-20)
(0.172539 -0.200259 0)
(-0.066686 -0.0725533 5.07559e-19)
(-0.162658 -0.18682 4.49636e-19)
(0.573706 -0.5002 5.90553e-19)
(1.79169 -1.3005 -8.29253e-20)
(0.302314 0.301723 0)
(0.145477 -0.151767 1.36177e-19)
(0.276136 -0.28331 3.26115e-19)
(1.17685 0.115207 -5.69492e-21)
(0.299946 0.298882 0)
(0.949869 0.274656 -1.24918e-20)
(0.266637 1.1848 -2.69939e-20)
(1.0927 0.187404 -7.35505e-21)
(-0.0570771 -0.0629079 0)
(1.10011 0.697199 0)
(0.153002 -0.15379 -1.30492e-19)
(0.373831 -0.376476 -2.18652e-19)
(0.302335 -0.273239 5.01859e-21)
(1.76891 0.232269 6.54012e-21)
(1.02773 0.291388 -1.59276e-19)
(0.349747 -0.339589 -2.28965e-19)
(1.03346 -0.0206232 3.58242e-19)
(0.980476 0.0331686 0)
(0.551023 0.552999 9.37056e-21)
(1.08372 0.0193083 1.25928e-19)
(1.20999 0.682318 -1.08027e-21)
(1.50737 -0.551596 0)
(1.13254 0.155419 -1.37141e-19)
(1.81467 0.434356 1.6023e-20)
(0.153527 -0.149395 0)
(-0.143247 0.0903836 1.12105e-19)
(1.61317 0.522896 0)
(1.00398 -0.00535548 5.68122e-20)
(0.374958 -0.363135 -1.05061e-19)
(1.00587 0.00119442 5.81847e-19)
(1.50862 0.620138 0)
(1.38968 -1.06089 0)
(-0.0521091 -0.0549262 1.82864e-19)
(0.0980118 0.108928 0)
(1.07745 -0.0266879 7.60581e-20)
(0.460701 0.306595 6.84937e-20)
(0.716762 -0.0194249 -4.84627e-19)
(0.155577 -0.153361 0)
(-0.0772078 -0.761165 3.28224e-19)
(-0.540924 -0.131492 0)
(1.70578 0.752197 0)
(-0.0807414 -0.0785333 0)
(-0.0796943 -0.0827785 1.83423e-19)
(1.58107 0.711921 1.14116e-19)
(0.995959 0.0257114 0)
(0.282664 -0.487504 1.04652e-19)
(0.106358 -0.120347 0)
(1.52178 0.71898 0)
(1.77768 -0.850313 -8.94901e-20)
(0.343325 0.322588 2.59611e-19)
(-0.205575 1.16244 -1.77087e-19)
(-0.0449346 -0.0481164 -1.93854e-19)
(1.0382 -0.021203 -4.87902e-19)
(0.977476 0.225175 0)
(0.412528 -0.195791 1.62413e-19)
(1.25458 0.697653 0)
(0.923407 -0.122065 3.37502e-19)
(0.14887 -0.127631 -1.69203e-19)
(0.362098 0.342059 -1.30596e-19)
(0.696647 0.155234 2.05674e-19)
(0.301226 -0.298961 1.10794e-19)
(0.83458 -1.30363 2.1038e-20)
(0.268874 -0.285929 1.79987e-19)
(-0.0412977 -0.0400025 4.35506e-19)
(1.61891 -0.459293 -2.70305e-20)
(0.146971 -0.150425 4.12104e-20)
(-0.0359159 -0.0380402 0)
(-0.0892146 -0.001223 -2.22671e-20)
(0.0599239 -0.0804067 2.62773e-20)
(1.07557 -0.241229 0)
(0.454716 -0.41586 9.45267e-20)
(0.222505 0.217561 1.70277e-19)
(0.218806 0.218005 -3.81137e-19)
(1.20095 1.30639 0)
(0.412837 -0.414802 -1.70112e-19)
(1.60197 0.452457 0)
(1.75848 1.15414 2.57436e-19)
(-0.0392526 -0.0405944 2.15688e-19)
(0.910567 -0.102716 0)
(0.534982 0.503232 -2.5755e-19)
(1.01926 -0.0169049 -2.6419e-19)
(1.09439 -0.0173359 -1.28964e-19)
(0.83246 0.340858 -3.93551e-20)
(0.829511 0.238943 5.20514e-20)
(1.05005 0.0191069 -3.44817e-19)
(1.40889 0.331189 -2.00987e-20)
(-0.204413 -0.175218 2.98972e-19)
(0.0836387 -0.103595 -5.53702e-20)
(-0.0960262 0.0434152 -5.22929e-20)
(1.42383 -0.382532 6.28949e-20)
(0.0335249 -0.0580686 3.97671e-22)
(1.13003 -0.00892497 -1.46969e-19)
(0.490187 -0.472417 5.59689e-20)
(-0.121127 -0.14584 5.3474e-19)
(0.280093 -0.269477 0)
(0.300618 -0.305422 2.12139e-21)
(1.48534 0.916563 0)
(0.881761 0.016029 -1.39735e-19)
(-0.219225 -0.875533 -2.75983e-19)
(-0.489785 -0.73937 -2.93565e-19)
(1.30825 1.02163 0)
(0.385611 0.362513 -3.68031e-19)
(0.123602 -0.135061 3.34481e-20)
(-0.0279741 0.314465 -1.24569e-23)
(0.487821 0.472186 -1.4755e-19)
(1.03512 -0.028744 0)
(1.45641 -0.511194 4.0322e-20)
(1.87797 -0.32123 2.53074e-20)
(0.799306 1.17449 0)
(-0.0426939 -0.0416317 -1.87888e-19)
(1.42009 -1.18615 8.98047e-20)
(-0.00691715 0.424634 1.28142e-20)
(1.98723 -0.344071 1.85207e-20)
(0.546545 -0.501114 -1.08076e-19)
(-0.490025 -0.316231 1.59167e-19)
(0.011891 -0.0300365 -2.7546e-20)
(0.449072 0.336922 -3.85168e-19)
(0.511404 0.468041 -2.79478e-19)
(0.469432 0.435377 5.09033e-21)
(0.00133712 -0.010349 1.28153e-20)
(-0.0941619 -0.0991965 -2.57649e-19)
(1.01685 -0.00207041 1.72843e-19)
(0.314849 -0.302159 0)
(0.410356 0.385516 0)
(0.580767 -0.542018 8.56848e-20)
(-0.00804363 -5.2303e-06 -4.91579e-20)
(-0.380651 -0.438183 -9.9706e-20)
(2.19795 -0.190135 3.80289e-20)
(0.441073 0.409157 0)
(0.559435 -0.552254 0)
(-0.0188075 0.0100962 0)
(1.07959 0.0336633 1.00659e-19)
(0.569652 0.509835 0)
(-0.033487 0.0201536 5.1125e-20)
(0.129147 0.0803982 -6.82277e-19)
(-0.0530854 0.035134 1.49949e-20)
(1.89267 0.843369 2.08391e-19)
(-0.0834629 -0.0903641 -2.70262e-19)
(1.05919 0.428389 -3.99007e-20)
(0.171295 -0.149749 -2.3036e-19)
(-0.092286 0.0549323 9.24307e-20)
(0.246764 -0.271345 -1.89246e-19)
(-0.0861166 -0.04227 -4.04644e-19)
(0.818564 -0.767433 0)
(-0.142646 0.0921334 -5.82332e-20)
(0.648053 0.563547 0)
(0.29283 -0.426052 8.42579e-20)
(2.18898 0.340929 6.24638e-21)
(0.663354 0.301153 -4.14371e-20)
(-0.186483 0.122656 3.52359e-20)
(1.01535 -0.82805 0)
(-0.136539 -0.0714871 3.815e-19)
(0.755941 0.635501 3.9031e-20)
(0.29682 0.24138 -2.78691e-19)
(0.451969 -0.434405 4.72746e-19)
(0.453764 0.375925 1.88655e-19)
(1.00863 -0.00620711 0)
(0.401674 0.367161 0)
(1.62488 0.441031 0)
(1.01722 -0.014686 0)
(0.25427 -0.253031 -4.37317e-20)
(0.840228 -0.692222 3.66076e-19)
(-0.0474674 -0.0330958 -2.00661e-22)
(1.5196 -0.117169 4.20396e-19)
(0.492522 -0.468046 2.33626e-19)
(2.11645 0.244457 0)
(1.508 -0.380226 0)
(0.0196171 0.552685 -4.18429e-20)
(0.488895 -0.307669 0)
(1.68288 0.285934 4.15035e-20)
(0.603114 -0.317653 -2.18639e-20)
(0.629549 0.581909 3.50895e-19)
(1.11146 0.224088 1.28189e-19)
(0.138358 -0.14439 0)
(0.242008 -0.250702 4.00062e-20)
(-0.0400996 -0.0433529 0)
(-0.197214 0.122758 -1.89049e-20)
(0.637313 -0.139196 -1.6745e-21)
(0.665845 0.25471 0)
(1.01661 -0.00811693 1.67811e-19)
(1.42237 -0.27645 1.06442e-19)
(1.02164 -0.0299548 -2.85443e-22)
(0.349267 -0.328699 1.30896e-19)
(0.268558 0.26327 0)
(-0.100575 0.0296816 0)
(-0.135838 -0.418086 1.15481e-19)
(1.37231 0.17167 3.15665e-19)
(0.528095 0.203107 -1.83619e-19)
(0.118566 0.11115 0)
(1.02909 -0.0170995 5.59096e-19)
(1.60404 -1.09609 7.99293e-20)
(0.139852 -0.270703 1.37336e-19)
(-0.0963907 0.0107705 -7.60822e-20)
(0.936527 0.265755 2.74865e-19)
(-0.0335328 -0.0362357 3.38201e-19)
(2.0085 0.146515 0)
(0.439781 -0.425751 -2.99466e-19)
(1.06491 -0.026752 -6.41879e-20)
(1.00532 -0.0100521 -2.38845e-19)
(1.20295 0.854908 -3.33734e-20)
(0.537094 0.136433 1.47129e-20)
(1.02592 0.0246292 -1.86288e-19)
(0.619596 0.0791602 0)
(-0.0838768 -0.0828363 -3.04247e-19)
(0.930559 1.30747 -6.7007e-19)
(-0.407668 -0.461398 1.32559e-19)
(0.292296 0.276249 -1.8465e-19)
(0.149436 -0.192735 0)
(-0.0368394 -0.0271939 0)
(1.91701 -0.846427 -2.08845e-19)
(0.977876 0.0518803 1.88348e-20)
(0.653482 0.386007 4.29618e-19)
(-0.187293 -0.231656 -3.60228e-19)
(1.0212 0.00028191 -3.94561e-22)
(0.828953 -0.784186 -4.45538e-20)
(1.19682 -0.0618263 1.73645e-20)
(1.0142 -0.0168724 -9.00208e-20)
(-0.0419074 -0.0388924 0)
(0.870132 0.573454 4.94741e-19)
(0.820877 -0.305552 0)
(0.439265 -0.405558 0)
(-0.0440008 -0.0467702 3.61514e-19)
(1.0354 -0.031363 2.98022e-19)
(0.587649 -0.55566 0)
(0.709634 0.646916 3.95518e-21)
(-0.387744 -0.46573 -1.94398e-19)
(0.0754595 -0.128495 2.49801e-20)
(0.291231 -0.0681862 2.32129e-19)
(1.54968 -0.253887 -2.62275e-20)
(1.38309 0.175494 3.50901e-20)
(1.78201 -0.281388 1.12855e-20)
(0.878429 0.500506 1.65721e-19)
(0.977489 0.172499 2.25087e-19)
(-0.456526 -0.56579 -1.06317e-19)
(-0.43195 -0.0737128 3.82702e-19)
(2.01715 0.799338 0)
(-0.0292397 -0.0388462 -7.27818e-21)
(1.56118 -0.51026 2.02256e-19)
(0.283379 -0.337049 0)
(1.47565 0.180501 1.47123e-19)
(1.01595 -0.0156299 3.9812e-20)
(-0.122258 0.150386 0)
(0.999505 0.0722709 -1.72733e-20)
(0.69229 -0.328197 0)
(0.633764 -0.610743 -4.20118e-20)
(0.96946 0.143217 2.38465e-19)
(0.752843 0.368958 3.08124e-19)
(0.702276 0.316656 4.32588e-20)
(1.01448 -0.0182361 0)
(-0.540775 -0.0156998 -1.95275e-19)
(1.82096 -1.11912 1.66794e-19)
(0.912162 0.711175 -2.51242e-20)
(-0.16756 -0.142906 3.01223e-19)
(2.34534 0.0578107 2.20746e-19)
(-0.020126 -0.00486906 2.05791e-20)
(0.766577 0.184553 0)
(0.767564 0.411169 0)
(-0.292143 -0.335646 3.40473e-19)
(1.08714 -0.198272 0)
(0.0744186 -0.81453 3.55837e-20)
(1.32967 -1.57911 -2.47128e-19)
(-0.0605054 0.0257172 8.81087e-22)
(0.474405 -0.408822 -8.53779e-20)
(1.47609 -0.414625 -4.60817e-21)
(0.996232 0.17549 0)
(1.01579 -0.00994524 -4.64068e-19)
(0.681252 0.610285 2.16828e-19)
(-0.0596172 0.387285 -5.77252e-22)
(1.30252 -0.992852 1.48701e-19)
(0.586129 -0.0702311 3.40778e-22)
(0.929457 0.393751 -3.65803e-19)
(1.82034 -1.21897 -1.5615e-19)
(1.22405 0.15851 2.57942e-19)
(0.252463 -0.362358 0)
(0.501449 0.154653 0)
(0.980943 -0.115306 -3.226e-19)
(0.990178 0.550842 0)
(0.910066 -0.419174 2.89282e-19)
(-0.321649 -0.429848 0)
(1.03532 -0.0221079 -3.59741e-20)
(0.0183118 -0.105744 -2.18862e-19)
(1.68202 0.698935 0)
(-0.335684 -0.395095 0)
(1.7568 0.565748 4.31197e-20)
(-0.514504 0.213853 0)
(0.578366 0.776464 -5.04378e-19)
(0.849837 0.536441 -1.63479e-19)
(2.41394 -0.193283 -3.65494e-20)
(0.276732 -0.305758 1.624e-19)
(-0.180098 0.132556 4.41027e-20)
(2.1584 -0.366492 0)
(0.174515 -0.123438 -3.80285e-19)
(-0.069045 0.00541748 0)
(1.139 -0.207294 -1.26288e-19)
(-0.054461 -0.179592 -5.52802e-19)
(-0.42132 -0.44733 3.84618e-19)
(1.51101 0.0980719 1.0915e-19)
(2.03322 -0.170039 8.92762e-20)
(0.36596 0.346905 0)
(0.76208 -0.397481 -9.2658e-20)
(0.4555 1.38253 5.26603e-19)
(0.731392 0.169847 0)
(0.956202 0.516105 0)
(-0.118097 -0.0443766 -3.18128e-19)
(1.96152 -0.0724418 -2.5078e-19)
(0.926377 -0.315967 -1.01939e-19)
(1.05024 0.280595 -5.55697e-20)
(1.46155 0.442355 -2.2758e-20)
(0.647645 0.00167107 1.69032e-20)
(0.984842 0.588725 -2.6594e-19)
(2.15192 -0.338014 1.1831e-19)
(-0.299325 -0.32809 -2.24329e-19)
(1.01889 -0.0124536 3.29028e-19)
(1.48112 0.131625 6.48178e-21)
(1.19193 0.117028 8.36042e-21)
(0.993535 0.0153311 9.238e-21)
(0.0169683 -0.722353 1.58094e-19)
(-0.717562 0.485287 0)
(-0.230401 0.222595 0)
(0.590462 0.193551 0)
(1.94586 -0.197874 1.94984e-19)
(-0.42006 -0.514463 -3.85347e-19)
(0.410837 0.27421 0)
(-0.0871694 -0.0968469 2.05442e-19)
(1.73525 -0.381895 -1.0937e-20)
(-0.0774471 -0.0581167 -3.27324e-19)
(0.931891 0.608573 3.13972e-19)
(1.04871 0.2137 8.41908e-21)
(-0.288068 -0.612455 1.43144e-19)
(0.803565 0.712619 -3.01423e-19)
(1.29381 -0.312652 6.53539e-20)
(0.970415 -0.0425814 -2.98154e-19)
(1.10627 -0.0660055 -1.04524e-19)
(0.727458 0.19239 0)
(0.117395 -0.0291471 0)
(1.24686 -0.188769 5.5548e-20)
(1.49586 -0.307536 -1.13537e-19)
(-0.474109 0.15919 1.61639e-20)
(1.00691 0.202094 2.63022e-19)
(1.17958 0.937868 0)
(0.61297 -0.166796 -9.24797e-21)
(0.936224 0.760035 -7.76149e-20)
(0.815955 -0.391255 3.87645e-19)
(0.836997 -0.363017 -1.28601e-19)
(1.38025 0.0952677 -1.0665e-20)
(-0.224123 -0.605542 1.33592e-19)
(-0.452536 -0.360672 -1.6449e-19)
(0.432581 0.418497 5.62641e-19)
(-0.0284868 -0.485305 -3.47283e-19)
(1.42046 0.0462692 -1.70412e-19)
(1.78703 0.255638 4.25729e-19)
(-0.0771067 -0.049007 -8.47664e-20)
(0.496328 0.287353 -3.82991e-19)
(0.81332 0.417947 0)
(0.220591 -0.231587 -4.26677e-20)
(0.262708 -0.332122 -1.83301e-19)
(0.198438 -0.288387 -7.97642e-20)
(0.177006 -0.20687 -3.7291e-20)
(1.04678 0.0205716 -9.88451e-20)
(0.257764 -0.267809 -5.91029e-20)
(0.828085 0.453568 1.43094e-19)
(1.30424 0.762347 9.71593e-20)
(0.643189 0.591867 0)
(0.909977 0.571108 0)
(-0.0751865 0.0762163 -4.28662e-20)
(-0.194501 -0.422083 0)
(0.869246 0.463668 -1.4704e-19)
(-0.0770086 0.00270524 0)
(1.82731 0.666397 1.10838e-19)
(0.683637 -0.116047 6.77455e-19)
(-0.110746 -0.129457 1.36214e-22)
(0.15718 -0.274474 0)
(0.484666 0.457247 0)
(-0.38767 0.202524 1.17581e-19)
(0.254912 -0.300705 6.4594e-20)
(1.97341 -0.290605 -5.37381e-20)
(-0.520357 -0.806324 3.73873e-19)
(0.577508 -0.187917 -5.60036e-19)
(2.3786 -0.315172 6.39058e-20)
(1.79391 -0.163004 -2.80092e-20)
(0.252721 -0.27107 -3.92541e-20)
(0.434006 -0.430364 -3.51723e-19)
(0.256193 -0.258603 7.522e-20)
(0.267166 -0.413799 0)
(0.693296 0.630902 3.34862e-20)
(1.88454 0.335234 -5.06405e-19)
(-0.0818866 -0.0853574 1.84322e-22)
(0.60842 -0.273004 0)
(0.558383 0.522731 -3.90988e-20)
(0.532645 -0.519871 2.48423e-19)
(0.265356 -0.317362 -2.5832e-21)
(0.32874 0.311062 -4.23327e-19)
(0.567314 -0.544362 0)
(2.40138 -0.0318647 5.71764e-19)
(0.262938 -0.289006 0)
(0.289732 -0.323065 -7.79033e-20)
(0.282001 -0.282307 3.62746e-20)
(0.341278 0.31068 3.29426e-19)
(0.721896 0.658157 -3.80881e-19)
(-0.237935 -0.331236 4.29288e-19)
(0.27189 -0.281858 -7.72201e-20)
(-0.329511 -0.357635 -4.03478e-19)
(0.775446 0.243704 0)
(0.291137 -0.54241 -1.05607e-19)
(0.526968 -0.496152 2.85868e-19)
(-0.0665519 -0.0738592 -3.91816e-19)
(1.1953 0.206835 -2.39899e-19)
(0.112328 -0.15885 1.64216e-20)
(0.706931 0.64973 0)
(0.634289 0.590811 0)
(0.772939 0.693084 -3.37286e-19)
(0.805848 0.721258 1.1428e-19)
(1.56678 -0.884772 2.92938e-20)
(0.271982 -0.488782 7.5228e-21)
(0.842308 0.380374 0)
(0.234114 -0.24173 -3.28685e-20)
(1.36492 0.892193 -5.09018e-20)
(1.80887 0.0833995 2.63668e-19)
(1.62508 -0.501912 0)
(0.492598 -0.474138 4.33103e-21)
(2.04526 -0.222617 -2.82556e-19)
(0.265344 -0.382124 -1.20336e-19)
(0.264092 -0.272684 0)
(0.134267 -0.202505 -7.45662e-20)
(0.78145 0.697377 1.862e-19)
(0.719252 0.385906 4.31415e-20)
(0.0919121 -0.16699 -8.589e-20)
(0.619523 -0.602073 0)
(1.71322 -0.409169 0)
(0.206931 -0.229676 3.54446e-20)
(0.400963 -0.405804 -5.30578e-19)
(-0.353274 -0.397064 -2.59335e-19)
(-0.793061 0.537802 -4.32248e-19)
(0.56238 -0.248866 3.10671e-19)
(0.173462 -0.225499 3.38991e-20)
(0.843623 0.742694 0)
(0.249106 -0.592275 2.00385e-19)
(-0.0354557 0.0127581 -2.60155e-20)
(0.0520612 -0.12958 1.21064e-20)
(0.471528 -0.448758 1.73002e-19)
(0.0151679 -0.0247729 -4.94191e-20)
(0.701708 -0.279848 2.96203e-19)
(0.0407008 -0.0923159 -1.34002e-20)
(-0.118139 -0.423732 -2.04124e-19)
(0.713705 0.230746 0)
(1.96413 -0.0754162 5.90665e-20)
(0.198296 -0.471525 1.40471e-19)
(0.890424 0.745497 4.14116e-19)
(-0.518711 -0.701301 5.60033e-19)
(0.89617 0.785479 -3.73e-20)
(2.07816 -0.244503 -1.4092e-20)
(0.0644251 -0.212186 4.29578e-20)
(1.24397 -0.30975 -4.88358e-21)
(0.00691432 -0.410087 3.56696e-19)
(0.111732 -0.229974 4.55919e-20)
(-0.0387976 0.000385195 4.60996e-20)
(-0.0576993 0.0189286 -4.67349e-20)
(-0.113993 -0.0521972 4.16749e-19)
(1.20512 -0.328957 7.9429e-20)
(0.995242 0.85432 -1.29676e-20)
(2.07969 -0.122122 2.9844e-20)
(0.235008 -0.257181 8.1666e-20)
(0.660692 -0.246201 0)
(1.67701 -0.485868 0)
(0.269008 -0.341826 0)
(0.98965 0.734096 4.78325e-20)
(1.8785 -0.822131 1.09332e-19)
(0.0193583 0.0789647 -3.69855e-20)
(-0.0487344 0.0201327 4.556e-20)
(0.206422 -0.246731 0)
(1.8029 -0.189443 -1.22701e-19)
(0.377493 0.345617 -5.97376e-19)
(0.308095 -0.306566 -6.85027e-20)
(-0.116054 -0.0660994 -3.80588e-19)
(-0.248172 0.35839 9.00247e-20)
(2.3214 -0.116985 0)
(1.23931 0.932122 1.00428e-20)
(-0.131675 -0.0442355 -1.86484e-19)
(0.509866 -0.251952 0)
(0.622864 -0.176577 -3.24221e-19)
(0.976702 0.797905 0)
(-0.258498 -0.355305 1.99363e-19)
(-0.106656 -0.051737 3.64417e-19)
(0.85895 0.746068 -2.04789e-19)
(-0.100878 -0.0128774 1.78265e-19)
(0.471948 -0.213431 -1.95924e-19)
(0.922473 0.793324 0)
(0.553332 -0.524768 -6.2862e-20)
(0.798077 0.678682 2.02449e-19)
(0.582133 -0.532996 -2.60767e-19)
(0.985887 0.842689 0)
(0.25664 0.0679084 -1.7166e-20)
(-0.353899 -0.357846 2.16625e-19)
(1.05896 0.873823 4.45404e-20)
(0.294375 -0.31925 -1.33461e-19)
(1.23481 0.927159 1.18068e-19)
(1.86108 -0.661343 -7.95459e-20)
(0.0210316 -0.149304 5.20653e-20)
(0.667999 -0.201646 -1.32975e-19)
(1.83526 -0.12288 0)
(1.07679 0.879852 1.26521e-19)
(1.99107 0.0120403 0)
(1.09529 -0.304859 5.62045e-19)
(-0.259234 -0.230648 -3.3522e-19)
)
;

boundaryField
{
    frontback
    {
        type            empty;
    }
    Top
    {
        type            noSlip;
    }
    outlet
    {
        type            zeroGradient;
    }
    bottom
    {
        type            noSlip;
    }
    Inlet
    {
        type            fixedValue;
        value           uniform (1 0 0);
    }
    rectangle
    {
        type            noSlip;
    }
}


// ************************************************************************* //
