/*--------------------------------*- C++ -*----------------------------------*\
| =========                 |                                                 |
| \\      /  F ield         | OpenFOAM: The Open Source CFD Toolbox           |
|  \\    /   O peration     | Version:  2306                                  |
|   \\  /    A nd           | Website:  www.openfoam.com                      |
|    \\/     M anipulation  |                                                 |
\*---------------------------------------------------------------------------*/
FoamFile
{
    version     2.0;
    format      ascii;
    arch        "LSB;label=32;scalar=64";
    class       volVectorField;
    location    "16.7";
    object      U;
}
// * * * * * * * * * * * * * * * * * * * * * * * * * * * * * * * * * * * * * //

dimensions      [0 1 -1 0 0 0 0];

internalField   nonuniform List<vector> 
2186
(
(1.33074 -0.080635 1.9145e-19)
(1.63296 -0.955572 -9.94021e-20)
(1.47803 -0.932262 5.3225e-22)
(0.760715 -0.607177 -1.2932e-19)
(-0.379077 0.452574 -1.63561e-19)
(1.28879 -0.0165424 0)
(0.738315 -0.683114 0)
(-0.282657 -0.42315 1.23504e-19)
(1.45256 -0.281395 1.9846e-19)
(0.572279 -0.339096 -2.45487e-21)
(0.660023 0.595156 0)
(0.820946 -0.278199 -1.43277e-19)
(-0.330334 -0.488237 -4.9726e-20)
(1.19401 0.0215654 -3.32812e-19)
(1.82222 -0.698124 -1.06202e-19)
(1.01314 -0.00375592 1.57621e-19)
(0.985924 0.0132779 0)
(-0.704113 0.488764 0)
(1.25792 0.0166072 0)
(-0.0821035 0.20931 -6.07551e-20)
(0.483952 0.060175 -1.05783e-19)
(-0.221403 0.159006 8.2814e-20)
(1.18113 0.0261017 2.75375e-19)
(-0.208701 0.00391847 5.10044e-21)
(1.03381 0.00175785 -2.16541e-19)
(0.81072 -0.582423 0)
(0.766072 -0.0494036 1.31379e-19)
(0.627532 -0.608192 -1.46485e-19)
(1.18685 0.701921 0)
(0.965639 0.0224489 -2.95723e-19)
(-0.0327468 0.0445623 0)
(1.0256 -0.0128566 1.02347e-20)
(-0.0812644 0.209463 0)
(2.60715 0.165461 2.44474e-19)
(-0.0999135 -0.197083 3.5442e-21)
(1.50494 0.765304 6.37161e-20)
(1.87651 0.138068 1.51095e-19)
(0.507639 0.109257 -3.15405e-19)
(1.8775 0.320575 -3.07759e-19)
(1.11294 0.0543252 1.5521e-20)
(-0.360278 -0.522568 0)
(-0.180923 0.124922 0)
(1.89931 -0.896692 9.53321e-20)
(-0.413295 0.147558 0)
(1.0969 0.271783 1.40302e-19)
(0.613781 -0.318969 2.55849e-19)
(0.937751 -0.799963 0)
(1.20687 -0.808008 8.73178e-20)
(2.39411 -0.227302 0)
(-0.336328 0.616031 1.73552e-19)
(-0.0221734 0.093945 8.97967e-20)
(0.612865 0.56593 7.38225e-20)
(2.09294 -0.780083 1.17994e-19)
(0.58631 0.248571 -2.539e-19)
(-0.27567 0.0357456 3.12607e-20)
(0.784174 -0.672739 0)
(1.68275 -0.983552 1.86694e-20)
(0.598799 -0.559804 0)
(2.28988 0.286071 9.91907e-20)
(1.15551 -0.183128 -3.10088e-19)
(1.96894 -0.112916 1.77472e-19)
(1.33953 0.302755 -1.61226e-19)
(1.32039 0.525349 0)
(0.79203 0.0956116 -1.70019e-20)
(1.34361 0.384662 -9.70122e-20)
(1.27218 -0.753108 -1.17877e-19)
(1.147 0.653313 4.8205e-20)
(0.678902 0.0506067 -5.09362e-19)
(0.816907 0.0371954 0)
(2.11692 -0.257899 -7.24749e-20)
(-0.279164 -0.463904 -1.44124e-19)
(2.0655 -0.257765 -1.70567e-19)
(0.730684 -0.0595707 -2.23635e-19)
(0.893243 -0.541285 0)
(0.817268 0.158297 -8.28273e-20)
(0.568812 -0.532335 -2.64462e-19)
(2.61363 -0.229163 0)
(1.00489 0.00787558 3.24769e-19)
(-0.0866615 -0.280278 0)
(1.93893 0.416442 0)
(0.801931 0.462948 1.26013e-19)
(0.840085 0.0449904 -2.927e-20)
(1.03146 0.0049845 3.59193e-20)
(1.3006 0.41904 2.4676e-20)
(0.970524 0.0198423 3.7647e-19)
(1.04151 0.0246754 -8.94143e-21)
(0.662738 0.153353 -3.0519e-19)
(1.26184 0.0157026 -5.44701e-22)
(0.619749 -0.156535 0)
(-0.0678644 -0.0364341 1.03431e-19)
(0.88122 -0.646707 -1.41703e-19)
(-0.0818638 0.350977 -9.44618e-22)
(1.12552 -0.0846998 2.17863e-19)
(0.82904 -0.200521 0)
(0.975429 0.0237583 3.60627e-20)
(1.34062 0.639598 0)
(1.64516 -0.970171 0)
(1.28736 0.222017 0)
(-0.40958 0.568205 0)
(0.813648 -0.690811 2.53669e-19)
(0.467141 0.303619 -3.99251e-19)
(0.754032 0.341064 2.49638e-19)
(1.53653 0.197638 0)
(1.15355 -0.111618 -1.99162e-19)
(1.11511 0.0240432 1.6084e-19)
(-0.0547996 0.507116 1.10211e-19)
(0.620064 0.485148 0)
(2.22801 -0.194512 -1.44846e-19)
(0.982815 -0.501491 7.11244e-20)
(-1.58394 0.0928238 2.33868e-19)
(1.69398 0.315531 1.08796e-19)
(-0.234166 0.636429 -2.47958e-19)
(0.832458 -0.75755 0)
(0.551367 0.323988 1.54347e-19)
(1.67066 -0.280904 -5.71834e-19)
(-0.448095 -0.40857 -4.66972e-19)
(1.29755 0.276343 4.36284e-20)
(2.00667 -0.359803 0)
(-0.0894435 -0.0394854 -3.09724e-19)
(0.716674 -0.0935886 7.06165e-20)
(1.52476 0.865176 0)
(-0.292126 0.695445 -2.77087e-19)
(0.864618 0.743509 -2.48974e-19)
(-0.945335 0.440843 4.28161e-19)
(1.02933 -0.024984 0)
(1.42029 0.300077 -5.49755e-20)
(-0.323506 0.561472 0)
(0.71832 -0.520512 -9.46004e-20)
(-0.844645 0.445857 -2.26832e-19)
(0.805505 -0.736425 0)
(0.456939 -0.312317 3.7399e-19)
(0.565376 -0.484385 2.49029e-19)
(0.420551 -0.380869 0)
(1.00363 -0.800885 -1.0207e-19)
(0.780323 0.382144 0)
(-0.142873 0.71645 -1.36143e-19)
(0.832453 -0.720845 1.19925e-19)
(2.46173 -0.286047 3.21588e-19)
(2.27427 0.185089 0)
(-0.101598 -0.191383 0)
(0.666187 0.619453 -3.09112e-19)
(1.80599 -0.641316 1.80378e-20)
(-0.186242 -0.241951 0)
(1.00465 -0.827519 -1.12651e-20)
(1.15968 -0.107385 0)
(1.10009 -0.138898 3.4591e-19)
(2.15844 -0.196222 -1.39275e-19)
(-0.41605 0.444313 0)
(1.24595 -0.574148 -4.46204e-20)
(-0.269275 0.292453 -3.90179e-20)
(-0.187306 0.451451 0)
(1.11417 -0.834485 1.25618e-20)
(1.00565 0.0058315 -5.42522e-19)
(0.673419 -0.507102 -9.33775e-21)
(0.83659 -0.540406 0)
(1.22162 -0.751019 -7.41905e-20)
(0.647768 0.214852 2.37922e-19)
(1.22224 0.112041 0)
(1.4761 0.101153 -2.07262e-19)
(1.21799 -0.875387 -1.45497e-19)
(-0.0872418 -0.169795 -1.14439e-19)
(-0.0849556 -0.470825 -2.10334e-19)
(1.06686 0.0016988 2.03878e-19)
(0.937427 -0.486767 -8.94382e-20)
(1.26959 -0.0129931 5.04313e-22)
(1.28301 -0.0110419 -5.802e-21)
(0.727696 -0.101158 1.26936e-19)
(-0.185675 -0.0380937 -2.77069e-19)
(1.49088 -0.473124 0)
(1.50128 -0.537267 5.31229e-20)
(1.42043 0.641927 1.20269e-19)
(0.829802 -0.639229 -1.85048e-19)
(0.99543 0.00745461 1.11177e-20)
(0.743197 -0.55719 2.60026e-19)
(1.27472 0.787942 1.11281e-19)
(1.84491 0.113453 1.95175e-20)
(-0.463474 0.342425 0)
(1.08203 0.0493835 -2.11376e-19)
(-0.786405 -0.163263 -2.99594e-19)
(1.05127 0.480653 7.22117e-20)
(0.0524629 -0.0890558 1.67417e-19)
(1.15062 0.0264977 -3.84537e-20)
(-0.156393 0.150341 -1.47117e-19)
(1.27019 0.57838 -6.84908e-20)
(1.10984 0.867181 0)
(-0.519941 0.333583 -8.85526e-20)
(-0.214456 -0.19616 0)
(0.635415 0.544171 -2.53296e-19)
(2.03447 0.252514 -2.2469e-20)
(-0.401654 -0.515837 1.66571e-19)
(-0.816329 0.126458 -6.22103e-19)
(0.724005 0.051653 2.23691e-19)
(2.11202 0.122328 -6.26536e-20)
(0.996406 -0.36346 -2.64118e-20)
(-0.0339267 -0.0538497 0)
(-1.08778 0.00669174 3.72747e-19)
(1.29185 0.948671 -1.30689e-20)
(0.833454 0.0519059 -1.22323e-19)
(0.539726 0.506285 1.76103e-19)
(0.412981 0.191127 0)
(-0.126428 -0.477609 -2.39479e-19)
(-0.631083 -0.0517148 2.13727e-19)
(1.31682 -0.974301 1.90531e-22)
(0.98967 -0.0449791 -1.68399e-19)
(-0.174628 -0.135025 7.62612e-21)
(-0.128238 0.170889 1.35275e-19)
(-0.309281 -0.128435 -2.01135e-19)
(1.99093 -0.389442 0)
(1.1292 0.0438655 -2.84127e-19)
(2.28438 0.148066 2.69031e-19)
(1.29857 -0.641037 7.66056e-20)
(0.308064 -0.14077 1.37735e-20)
(0.580888 0.303797 0)
(0.92113 0.733449 -1.47061e-20)
(0.665066 0.611947 1.66831e-19)
(0.917283 -0.587975 1.2837e-19)
(0.668432 0.482342 0)
(1.02078 -0.0013353 7.21968e-21)
(0.903457 -0.687928 1.82426e-19)
(0.824489 0.406014 -4.14884e-19)
(1.25008 -0.116461 0)
(-0.205841 -0.22753 -3.1661e-19)
(-0.0246377 0.324591 -8.96042e-20)
(1.55638 0.713706 0)
(1.37134 -0.956074 -1.63073e-22)
(-0.709396 0.517315 0)
(-0.342519 0.509523 1.0327e-19)
(0.716425 0.63421 -8.89845e-20)
(0.861174 -0.234502 0)
(-0.174828 -0.17886 0)
(1.61675 -0.467688 0)
(-1.05289 -0.087036 6.7234e-19)
(1.23361 -0.901888 9.54618e-20)
(1.19944 -0.627659 4.95465e-20)
(1.07186 -0.182587 -1.39858e-19)
(0.900676 -0.717191 -1.43186e-19)
(0.19354 -0.198113 0)
(-1.20534 0.285512 0)
(1.02219 -0.533666 1.49015e-19)
(-0.154197 -0.257467 0)
(-0.329802 0.616915 0)
(-0.429008 -0.386702 3.98599e-19)
(0.772284 0.652765 7.71981e-20)
(0.98847 0.776683 0)
(0.678686 0.534298 -7.72948e-20)
(0.836498 -0.0628318 -2.00509e-19)
(0.728281 0.544827 -2.06522e-19)
(0.574261 0.533552 -1.51682e-19)
(-0.248442 -0.466607 1.83817e-21)
(0.736542 -0.662445 0)
(0.892628 0.155036 -2.90609e-19)
(-0.312579 -0.516875 6.52411e-20)
(0.586217 0.543677 3.40983e-19)
(0.932837 0.778372 0)
(-0.854246 -0.0231316 4.69246e-19)
(-0.0775679 -0.416007 3.48276e-19)
(0.00684283 -0.322443 -1.80118e-19)
(0.645126 0.550154 -1.34378e-20)
(0.970113 -0.00954943 5.25295e-20)
(-0.366488 -0.529174 0)
(2.40729 -0.0401319 -3.45009e-19)
(1.80358 -0.685734 -2.26667e-19)
(0.67061 -0.623135 -6.47612e-20)
(-0.54295 0.382891 1.54724e-20)
(1.17006 0.454635 1.61631e-19)
(0.869451 0.395489 0)
(1.0727 -0.184104 1.66891e-19)
(0.0830642 -0.42309 -6.90943e-21)
(-0.0639315 0.0802023 3.41413e-19)
(0.929333 0.0210815 -4.64804e-20)
(1.11249 0.137267 0)
(1.97515 -0.0644295 -3.33974e-19)
(1.91237 0.134102 0)
(0.537451 0.227507 -4.17681e-19)
(-0.136631 0.20265 0)
(-0.263499 -0.428803 2.82774e-19)
(0.703238 0.105008 0)
(0.644102 -0.541922 -1.60404e-19)
(1.13069 0.0176381 1.84701e-19)
(-0.456334 0.489447 3.86491e-20)
(2.18586 -0.106764 4.75183e-21)
(2.12348 -0.289648 -1.45662e-19)
(1.10263 0.222301 -1.95764e-19)
(-0.319481 -0.532348 -1.27189e-19)
(1.09532 -0.870251 0)
(0.805453 0.0208444 -1.34472e-19)
(0.94523 -0.396239 -2.53391e-19)
(1.75517 -0.586849 -8.66237e-21)
(1.76094 0.0327859 3.02995e-19)
(1.07552 -0.00934521 3.40028e-19)
(0.0331517 -0.406246 -1.73975e-19)
(1.01215 -0.458248 -1.08326e-19)
(0.204595 -0.197431 2.26849e-19)
(1.00851 -0.00922216 0)
(1.00519 -0.00629479 0)
(1.08119 -0.622539 1.00426e-19)
(-0.0459492 0.681638 -9.1936e-20)
(0.179563 -0.121106 -1.50275e-19)
(2.01425 -0.0963802 1.17496e-20)
(1.25001 -0.161884 0)
(2.00011 0.0991923 -1.7951e-19)
(0.960476 -0.836836 -5.81277e-20)
(1.81788 -0.570099 -8.9118e-20)
(1.07823 0.81869 0)
(0.491106 -0.474886 0)
(0.586673 0.497705 -1.6119e-19)
(1.08275 0.273679 -3.61094e-19)
(2.31068 -0.280078 4.71508e-22)
(0.852153 0.137719 1.24755e-19)
(-0.0146248 -0.442032 -5.11801e-19)
(1.0515 -0.329173 -3.40279e-20)
(-0.199307 -0.459806 0)
(-0.0971442 -0.203235 0)
(-0.443169 -0.487604 0)
(1.36294 -0.742137 -5.63581e-20)
(-0.190226 0.4553 -1.97731e-19)
(-0.0474315 0.127745 0)
(1.25402 0.95081 -2.80954e-20)
(1.10173 0.144795 -3.75165e-19)
(1.85362 0.480051 -4.47899e-20)
(1.04949 0.897568 7.17936e-20)
(-0.19802 0.628317 1.27628e-19)
(0.567245 -0.15612 0)
(-0.453631 -0.442549 -3.45073e-19)
(-0.267741 0.59777 2.39178e-19)
(0.775305 0.0117089 1.64525e-19)
(1.49391 0.927644 4.5005e-21)
(1.68797 0.510662 -6.89853e-21)
(-0.117464 0.318497 -2.25358e-21)
(0.762822 -0.697688 -3.07866e-20)
(1.11017 -0.000667449 0)
(1.7152 -0.0844965 0)
(1.04462 0.0526946 0)
(-1.39206 0.44379 -2.34291e-19)
(-0.385578 -0.493871 1.25729e-19)
(1.01991 0.823944 0)
(1.00322 -0.0097737 4.52454e-19)
(0.749008 0.586438 -2.06908e-19)
(-1.78567 0.0486914 -2.01842e-19)
(0.858298 -0.00155803 -3.6761e-20)
(0.732641 -0.67125 -1.85482e-19)
(1.3553 0.69818 -2.71469e-20)
(0.586739 -0.480646 -2.5958e-19)
(1.12606 -0.00115377 -4.0798e-19)
(0.819233 0.04186 3.93075e-20)
(1.56595 -0.186317 4.47142e-20)
(1.31456 -0.133024 -4.69443e-20)
(-0.0623723 -0.0869712 -7.21214e-23)
(1.05658 0.454517 -2.40405e-19)
(1.27779 0.596563 7.12842e-20)
(-0.0423183 -0.393142 0)
(0.00527714 -0.447672 1.89642e-19)
(-0.286874 -0.318418 1.32804e-19)
(-0.199068 -0.0725626 -1.43562e-19)
(0.45993 0.28553 0)
(1.39643 -0.687429 0)
(0.0130338 -0.0101644 -1.24324e-19)
(-0.268047 -0.52455 -7.05269e-20)
(1.04546 -0.0281323 1.61684e-19)
(-0.394761 0.329387 -4.00369e-20)
(1.59063 -0.138004 -6.20255e-19)
(-0.0664293 0.700366 0)
(0.851146 -0.756647 -2.48256e-19)
(0.936148 -0.138348 5.83459e-20)
(-0.360316 -0.346232 1.88301e-19)
(0.712911 0.137992 2.97278e-19)
(0.619617 0.11147 9.64806e-20)
(0.519885 -0.494458 1.77545e-19)
(-0.208663 -0.29614 -1.50284e-19)
(1.45256 0.480804 0)
(0.375935 0.316632 -1.77754e-19)
(1.0258 -0.0159637 -2.57252e-19)
(-0.887215 0.130763 2.41975e-19)
(1.39289 0.483869 -1.02894e-19)
(-0.17693 -0.313837 -5.68451e-20)
(0.699557 -0.638891 -2.38713e-20)
(0.804292 0.164791 -1.86102e-19)
(0.956696 0.408533 2.05782e-20)
(1.16437 -0.154272 2.98189e-20)
(0.621537 -0.25538 -2.68416e-19)
(2.03735 -0.377976 -1.8919e-19)
(1.52094 -0.167914 0)
(1.46039 0.402354 -2.92424e-20)
(1.83266 0.105037 -1.95985e-20)
(0.850285 -0.290269 1.46684e-19)
(0.893653 0.346245 -1.71145e-19)
(0.897525 -0.018426 4.99584e-20)
(0.402597 0.36803 -2.30126e-19)
(-0.233236 0.387497 2.58188e-19)
(1.96439 -0.22603 0)
(0.92865 0.00425909 0)
(0.889899 -0.788505 4.63161e-20)
(-0.087725 -0.457392 -3.8111e-19)
(-0.912937 0.228164 -3.03015e-19)
(-0.0861494 -0.129656 -2.44097e-19)
(-0.476243 0.629964 -1.63644e-19)
(-0.260121 -0.451857 0)
(-0.078757 -0.15617 4.32027e-20)
(0.171447 0.464711 -8.41204e-20)
(-0.147798 0.194371 -3.08939e-19)
(0.81282 -0.128552 0)
(1.53568 -0.684641 8.99449e-20)
(-0.257997 -0.312321 0)
(0.996099 0.0232196 3.26303e-19)
(-0.0760439 -0.499758 2.3344e-20)
(0.562441 -0.452259 3.47881e-19)
(-0.840063 -0.192226 4.96541e-19)
(-1.56201 0.117807 0)
(0.232764 0.649904 1.02103e-19)
(1.00753 0.024046 -9.80782e-21)
(-0.154602 -0.139355 0)
(1.00583 -0.0106872 -5.089e-20)
(0.880375 -0.747614 -2.40829e-19)
(1.50547 -0.699098 0)
(0.945306 -0.284007 1.81038e-19)
(0.106254 0.668507 2.31451e-19)
(-0.0148885 -0.0138066 0)
(-0.149012 -0.46413 -6.87942e-21)
(0.746674 -0.656786 -3.6684e-19)
(0.965837 -0.0273408 -2.32897e-19)
(-0.0978377 -0.467867 4.73499e-19)
(-0.218988 -0.407989 1.73511e-19)
(-0.226224 -0.478305 0)
(0.93895 0.459713 0)
(-0.292769 -0.506864 2.37702e-19)
(1.88137 0.0355926 -2.54092e-19)
(1.04613 0.873723 1.64064e-20)
(1.06092 0.20676 -1.10251e-19)
(1.14975 0.00668514 -1.91569e-19)
(1.07524 -0.0681762 -6.63704e-20)
(-0.0992637 -0.473665 -4.34506e-19)
(2.01765 0.0995882 5.14638e-19)
(0.6692 0.0252472 1.83447e-19)
(2.02015 -0.101278 1.67817e-19)
(1.06683 -0.169278 0)
(-0.123787 0.405434 4.65655e-19)
(1.13361 0.024566 -4.42261e-19)
(1.71581 0.613948 2.90917e-21)
(0.759496 -0.478305 -1.41676e-19)
(-0.0708625 -0.0343657 2.31593e-19)
(0.815939 -0.718731 3.17936e-19)
(1.22498 0.193159 6.55403e-20)
(1.00468 -0.00831396 2.25482e-19)
(0.0347118 -0.449511 -1.89805e-19)
(1.02171 0.0122502 0)
(1.62553 0.146886 -2.28472e-19)
(-0.0262105 -0.0210372 0)
(1.02208 0.0131353 -1.32579e-19)
(-1.44223 -0.0854522 -7.39462e-19)
(1.67591 0.319301 2.56386e-20)
(-0.403022 -0.342382 1.65521e-19)
(1.60719 -0.00596222 -1.41199e-20)
(1.01132 -0.0196694 4.66748e-20)
(1.34818 -0.0947509 0)
(1.47115 -0.625384 -9.30957e-20)
(1.01843 0.0270795 -1.38284e-19)
(1.41027 0.775769 -4.46868e-20)
(1.40387 -0.0593658 0)
(0.669787 -0.0605933 -1.75435e-20)
(0.0116321 -0.0112671 0)
(1.37167 0.0507583 0)
(-0.370707 -0.510969 0)
(1.2221 0.434325 0)
(1.82807 0.308488 4.87979e-20)
(0.721936 0.598214 3.62581e-19)
(0.302184 -0.304504 -2.10139e-19)
(-0.254275 -0.503982 -4.14143e-19)
(-0.0335157 -0.0563608 0)
(1.70982 -0.503995 9.89096e-20)
(1.29066 0.509768 0)
(1.43362 0.301053 0)
(-0.481884 -0.413903 1.52231e-19)
(0.786761 0.695806 1.15402e-19)
(1.71588 -0.0261693 0)
(-0.336517 -0.449252 9.51242e-20)
(0.896357 0.200713 1.70605e-19)
(1.84235 -0.459044 -4.48058e-20)
(1.21042 0.906858 3.92621e-20)
(0.937182 -0.843751 -2.24319e-20)
(1.17204 -0.194219 -1.44887e-20)
(0.772831 0.698964 1.18266e-19)
(1.14768 0.903948 0)
(2.42721 -0.334981 1.89416e-19)
(1.18008 0.680958 0)
(1.36279 -0.624001 2.66054e-20)
(0.90554 0.0999478 1.73957e-19)
(1.0061 -0.00613146 0)
(-0.0486878 0.269414 4.60546e-19)
(0.898485 -0.186531 4.21656e-20)
(0.649713 -0.433775 0)
(0.686947 -0.405356 1.88032e-19)
(1.21451 0.549397 -2.98912e-20)
(0.460673 0.433819 2.52179e-19)
(-0.176784 0.263992 3.66008e-20)
(0.0153081 -0.00959612 8.77094e-20)
(0.765466 0.0624049 0)
(1.34367 -0.917745 -3.71592e-20)
(1.03867 -0.0418782 3.58739e-19)
(1.45283 0.336032 1.3566e-19)
(-0.362796 -0.481724 8.23176e-20)
(-0.904822 -0.181208 0)
(1.24497 -0.249249 -9.50331e-20)
(-0.0141096 -0.0166923 -1.99214e-19)
(-0.0159598 0.178403 -5.74718e-20)
(-0.125794 0.0381203 -5.37699e-22)
(-0.197765 0.0870918 2.78351e-19)
(1.32692 -0.0988831 -3.05283e-21)
(2.43189 -0.0668219 4.61953e-19)
(1.17133 0.457318 -2.60636e-19)
(0.859356 -0.038469 0)
(1.91602 -0.13955 2.71743e-19)
(1.88223 0.1295 1.38947e-19)
(0.93035 -0.784957 1.16183e-19)
(1.17336 -0.989826 -1.61825e-20)
(0.465044 0.431305 1.68929e-19)
(1.47821 0.379632 0)
(1.72469 0.574465 3.17355e-20)
(-0.0206758 -0.0327344 -4.05811e-19)
(0.861877 0.752799 0)
(1.31545 0.410623 0)
(0.30416 -0.304427 -3.93517e-21)
(0.308875 0.277592 0)
(-1.22699 -0.000837105 -4.61995e-19)
(-0.259262 0.424455 -1.07892e-19)
(1.75874 -0.430071 0)
(1.25471 0.0979661 1.46472e-19)
(-0.706743 0.248615 2.53285e-19)
(0.550283 -0.524272 -4.01559e-19)
(2.01466 -0.0997559 -5.93262e-20)
(0.628736 -0.572932 0)
(1.02072 0.116655 0)
(1.38159 -0.244524 0)
(1.10828 0.220541 -2.08322e-19)
(1.32793 0.106027 2.9387e-19)
(-1.35619 0.129884 0)
(0.888236 -0.0577414 0)
(2.13796 -0.128863 7.93926e-22)
(-0.0621632 0.135178 9.45274e-20)
(2.61658 -0.065279 -3.55427e-19)
(1.0789 -0.52108 2.09158e-19)
(2.03893 -0.00498229 -3.6604e-19)
(-1.1373 0.305247 -1.90592e-19)
(1.99333 0.143469 -2.30579e-19)
(1.01869 -0.0291137 3.67341e-19)
(1.49103 0.599842 0)
(-0.304449 0.556222 2.88806e-20)
(1.02241 -0.846682 1.37826e-19)
(0.86049 -0.0339921 4.29695e-20)
(0.65502 -0.457203 0)
(1.92575 -0.552074 9.25269e-21)
(1.22608 -0.195692 1.22677e-19)
(1.6396 -0.660003 0)
(0.621355 -0.578006 3.67063e-19)
(0.67466 0.0874807 -2.76375e-20)
(2.46036 -0.0339713 6.29601e-19)
(-0.0903414 0.229745 -1.94525e-19)
(1.30795 0.611744 1.3139e-19)
(1.12877 0.397474 3.29712e-21)
(0.88982 0.355452 2.0327e-19)
(1.96381 0.137762 -2.7845e-19)
(-0.11522 -0.478755 -4.5847e-21)
(0.841783 -0.216937 0)
(-0.155549 -0.0979972 3.82945e-19)
(1.10717 -0.963784 0)
(1.08313 -0.673379 1.78703e-20)
(1.17434 -0.105202 -7.7486e-19)
(1.43919 0.0807727 -7.16943e-21)
(-0.563936 -0.289635 -4.33387e-19)
(0.969865 0.471547 1.58107e-19)
(-0.23302 0.451351 2.59155e-19)
(0.693393 -0.0367703 0)
(1.82822 -0.142462 0)
(1.49272 0.164 2.48329e-20)
(0.775449 -0.0107287 0)
(1.38399 -0.213415 -1.26233e-19)
(-1.60022 0.224193 5.84489e-19)
(1.89814 0.494187 1.91395e-20)
(1.04292 -0.0329451 0)
(0.572387 -0.376587 9.22541e-20)
(1.00758 0.0265235 1.75186e-19)
(0.563018 0.835068 -2.2589e-19)
(-0.498616 0.647649 0)
(1.13018 -0.497803 4.07427e-19)
(1.68535 -0.118817 -4.68054e-22)
(1.11714 -0.516621 -1.77563e-19)
(2.32354 0.264538 1.77088e-19)
(1.26171 0.777947 0)
(0.861638 0.0182261 0)
(-0.406809 -0.503168 -2.05554e-19)
(0.0123184 -0.0101849 1.3986e-19)
(0.933324 0.35178 -1.87455e-19)
(0.196035 -0.382663 -1.71225e-19)
(0.634625 0.389593 2.20861e-19)
(0.857528 -0.0209098 0)
(0.55163 -0.513689 0)
(0.922794 -0.214461 4.32772e-21)
(1.2519 -0.527496 -8.02255e-20)
(0.640368 -0.019793 1.43747e-20)
(0.740304 -0.173409 1.05775e-19)
(-0.0423654 0.0681044 -2.50334e-19)
(1.31245 0.20618 3.19133e-19)
(0.643503 0.600085 0)
(1.24562 0.686663 0)
(1.59076 0.26394 0)
(-0.344492 -0.435629 -1.86954e-19)
(1.21489 0.542932 1.91029e-19)
(2.0366 0.0824901 5.78645e-20)
(0.926982 -0.00500693 0)
(1.41478 -0.466266 0)
(2.20379 -0.105124 -3.93962e-19)
(0.590519 0.345089 2.58617e-19)
(1.0061 0.00479212 -1.75246e-19)
(1.47001 0.465053 0)
(-0.35342 0.622613 0)
(1.23179 0.317626 2.56828e-19)
(1.0034 0.516627 -1.17059e-19)
(1.06902 0.0247046 0)
(1.72786 0.197795 0)
(1.93048 0.665213 -2.84011e-19)
(-0.0884314 0.44249 -1.7556e-21)
(0.996788 0.0119482 0)
(0.694604 0.456199 -3.0324e-20)
(0.951465 -0.839669 0)
(1.00899 0.0173514 4.06596e-20)
(0.946077 -0.512817 2.90211e-20)
(0.917499 -0.337169 2.6619e-19)
(0.961411 -0.28052 -7.3024e-20)
(2.23079 -0.148001 4.08044e-19)
(1.28952 0.1298 9.28999e-20)
(0.785833 -0.0262106 0)
(1.01887 0.00730574 0)
(-0.599454 -0.342382 0)
(0.647777 0.6205 -1.70192e-19)
(-0.0149997 0.0297426 1.68909e-19)
(1.15418 0.340173 -4.12104e-19)
(-0.594383 0.357306 0)
(0.811153 0.627343 1.52199e-19)
(1.01731 -0.346 0)
(1.0053 -0.00291249 1.026e-19)
(0.117082 0.0693872 6.81973e-20)
(1.01601 0.393227 2.31276e-19)
(1.42267 0.250977 0)
(2.16117 0.205871 -9.2621e-20)
(0.831562 -0.128198 -3.23255e-19)
(-1.22716 0.0262666 -6.2981e-19)
(1.08817 0.270386 0)
(0.867474 0.222244 1.58253e-19)
(2.06428 -0.185335 0)
(0.761456 0.50666 3.29134e-19)
(-1.63948 0.199306 2.50613e-19)
(-0.0239416 0.0674736 0)
(0.575089 0.546808 -6.4091e-20)
(1.04419 -0.661414 -1.25755e-19)
(0.497887 -0.277608 -1.09848e-19)
(1.01992 -0.0171423 0)
(-0.488998 0.393473 -2.47644e-19)
(0.657527 -0.590471 7.09366e-20)
(0.89213 0.269672 0)
(1.6598 -0.653724 1.25157e-19)
(0.958401 0.81756 2.17456e-20)
(1.02603 -0.471769 -2.46074e-20)
(0.245699 -0.249317 -2.78136e-19)
(0.243418 -0.0887824 -5.01284e-19)
(-0.131236 -0.256381 1.05487e-20)
(0.804329 0.340939 2.23681e-19)
(-0.211995 0.496098 -4.89164e-21)
(1.43663 -0.667761 3.40083e-21)
(1.02618 0.00635993 -3.03397e-19)
(-0.431334 -0.409292 0)
(1.02895 0.0290329 -3.59872e-19)
(2.19031 0.236242 2.31505e-19)
(0.868422 0.674645 2.54512e-19)
(1.13757 -0.0758347 1.39361e-19)
(1.0071 -0.0351365 1.40493e-19)
(1.50801 0.106447 6.6268e-21)
(-0.332253 -0.391425 -5.76366e-22)
(1.74974 -0.885327 1.55055e-20)
(1.15788 -0.130274 -6.23496e-20)
(0.818583 0.054074 7.11518e-20)
(0.921754 -0.305609 7.87932e-20)
(0.892924 0.185165 0)
(0.941356 0.719208 0)
(0.72845 0.310463 -8.13136e-20)
(2.06458 0.18351 -2.9664e-20)
(-1.14332 -0.0182226 2.13179e-19)
(1.04676 -0.560881 -4.34445e-19)
(0.637107 -0.557332 3.42632e-19)
(1.18325 0.247151 -1.4873e-19)
(0.264974 -0.392962 1.9705e-20)
(1.44668 -0.470752 0)
(0.748761 0.0939257 -6.08216e-21)
(1.46918 -0.569029 -5.07025e-20)
(1.01745 0.746574 0)
(1.29513 -0.596356 0)
(0.551861 0.167676 0)
(-0.208096 -0.330541 -6.86655e-20)
(-0.143589 0.167018 0)
(1.51766 0.65873 2.91893e-19)
(1.21113 0.176787 5.67683e-21)
(-1.26408 0.160166 2.72559e-19)
(1.71747 0.568966 1.48186e-20)
(1.7925 0.46702 -6.88394e-20)
(2.17327 -0.337036 -4.23562e-20)
(-0.169221 0.00641826 -1.95974e-19)
(-0.155771 -0.489462 5.1262e-21)
(0.978494 0.0973131 0)
(0.677459 -0.0336906 0)
(1.00089 -0.0012096 1.74613e-22)
(-0.367499 -0.428242 0)
(1.55521 0.000944875 -1.37205e-19)
(0.678644 -0.0310221 0)
(1.06451 0.00332281 1.11783e-19)
(0.998883 0.0145799 -3.98088e-20)
(1.20962 0.214295 2.02053e-19)
(1.06074 -0.0180205 -8.21811e-22)
(0.956324 -0.199524 -4.7636e-20)
(1.02694 -0.0370635 3.25261e-19)
(0.69097 -0.632284 1.59393e-19)
(-0.893427 -0.209786 -2.80072e-19)
(1.1372 0.40642 2.89912e-20)
(0.0121019 -0.00488878 0)
(1.10141 0.779738 0)
(1.02962 -0.0113105 0)
(1.02047 -0.793581 -8.50624e-20)
(1.05452 -0.904192 1.74272e-20)
(0.821426 0.166685 -3.58567e-20)
(-0.0484462 0.208939 -9.15567e-19)
(1.29206 -0.366152 1.29425e-20)
(0.605837 -0.409558 -5.61727e-19)
(1.22027 0.413886 -4.32671e-20)
(0.951749 -0.0928237 -7.96343e-20)
(2.09352 -0.344732 1.31902e-19)
(0.403638 0.0941069 -2.44057e-20)
(-0.308926 -0.441622 -1.43526e-19)
(1.09143 0.54151 1.76992e-19)
(-0.0402425 -0.359904 0)
(0.164926 -0.47991 4.28464e-19)
(-0.0786084 -0.132952 -1.77851e-22)
(1.03212 -0.044582 2.94194e-19)
(1.02247 7.3888e-05 -7.53205e-21)
(1.10534 -0.0131193 -8.1345e-20)
(1.38474 0.0179707 -9.23952e-21)
(1.60522 0.319896 4.83411e-20)
(0.416812 -0.39261 -2.77548e-19)
(0.799584 0.0937447 6.65538e-20)
(1.03301 -0.00174381 -2.14518e-19)
(1.02268 0.274084 -2.98433e-20)
(1.33353 0.0408074 0)
(1.08739 0.581886 -3.31678e-19)
(1.00331 -0.00557393 8.36952e-20)
(0.657338 0.586483 2.3525e-19)
(1.30493 -0.224023 4.54604e-22)
(1.06686 -0.0109914 -2.67782e-20)
(1.12853 0.0113799 7.59131e-22)
(2.53071 0.0571302 2.23212e-20)
(0.25697 0.0745721 0)
(1.05125 -0.0404953 0)
(1.05626 -0.0360012 5.15866e-19)
(1.00118 -0.00268751 0)
(-0.0534636 -0.0926662 0)
(0.964962 -0.588101 0)
(0.999935 -0.0009528 -4.86775e-19)
(1.17597 -0.702296 6.55451e-20)
(1.02312 -0.00544352 1.01923e-20)
(1.31027 0.935843 -2.18974e-20)
(1.48885 0.982854 -1.79004e-20)
(1.15592 -0.165866 -1.96271e-20)
(1.52821 0.294279 2.41925e-19)
(1.3096 0.257653 0)
(0.0224066 0.551097 0)
(2.206 -0.069025 5.61558e-19)
(1.25712 -0.76505 0)
(1.00171 -0.00335967 -1.51042e-19)
(1.00908 -0.00121187 2.93321e-19)
(1.42507 0.143196 -6.14601e-20)
(0.00197851 -0.126246 2.95921e-19)
(0.968618 -0.00209071 1.59468e-19)
(0.221076 -0.0323987 3.99275e-20)
(0.225517 0.0122547 -4.064e-20)
(1.43344 0.0385857 -1.40631e-22)
(0.927246 0.0169327 -1.59824e-19)
(1.0021 0.00348102 1.89246e-19)
(1.0001 9.34969e-05 1.11751e-20)
(0.789497 -0.0123914 0)
(0.727512 -0.0272315 0)
(0.724102 -0.0273573 6.82456e-22)
(0.699342 -0.0299392 0)
(0.807247 -0.178136 0)
(0.148335 -0.00386853 0)
(0.0451627 -0.0371205 4.54003e-20)
(0.280826 0.12926 -2.75355e-20)
(1.12318 0.0624132 0)
(1.32197 0.0327007 3.27853e-21)
(1.40263 0.0245241 0)
(0.0754818 0.0280426 0)
(-0.051565 0.00318825 0)
(0.0251715 0.0354291 -1.65846e-21)
(0.594821 0.152189 5.08585e-20)
(0.791859 0.0235104 0)
(0.794344 0.020485 0)
(0.966541 0.0190463 -1.97149e-19)
(0.822163 0.00739387 3.6902e-19)
(1.00654 -0.000939579 0)
(0.999986 -0.000889058 3.49533e-19)
(0.999216 -0.000886197 -3.2554e-22)
(0.795707 0.0224757 3.12848e-19)
(0.990872 -0.00746611 -1.83125e-19)
(0.23872 -0.00132302 0)
(-0.0564429 -0.00757029 4.06737e-20)
(1.00119 2.69263e-05 -1.76813e-19)
(1.00013 0.0010253 -3.03178e-19)
(1.14541 -0.0713928 0)
(0.999553 0.00232462 0)
(0.999428 -0.000277347 0)
(1.42496 -0.352034 1.97846e-20)
(0.977011 -0.068688 1.60163e-20)
(0.961574 0.263291 0)
(-0.356002 0.340508 1.8682e-19)
(-0.787094 0.466909 -4.50909e-19)
(1.0197 -0.0190989 -2.35351e-19)
(-0.308356 -0.52215 -1.29589e-19)
(1.02029 0.000780625 -1.88972e-19)
(1.19779 -0.219021 -7.79085e-20)
(0.815109 -0.494172 2.64274e-19)
(-0.0670491 -0.0996927 -9.86585e-20)
(1.0299 0.0119206 0)
(1.05277 -0.00853472 -5.14944e-20)
(0.86147 0.0209224 0)
(-0.0340098 0.0365889 2.47032e-19)
(1.22999 -0.645665 0)
(-0.410614 -0.452987 -3.28485e-19)
(0.261538 0.00420401 -3.50871e-20)
(1.62353 0.67673 8.43917e-21)
(-0.0556133 -0.0356736 0)
(1.0602 -0.0371769 1.59417e-19)
(1.21028 -0.18194 2.35731e-21)
(0.924606 -0.0230435 2.51152e-19)
(1.01426 -0.00746602 -1.60472e-19)
(1.63592 0.848504 4.11171e-20)
(0.507283 0.474953 0)
(0.429759 0.378468 1.85751e-19)
(1.39921 -0.399236 -4.32445e-21)
(1.13916 0.121945 1.73064e-19)
(1.10419 -0.731204 0)
(1.02127 0.00173841 0)
(0.998758 -0.0175532 -3.69946e-19)
(1.01654 0.0148391 -3.5948e-19)
(-0.173333 -0.366309 0)
(1.19527 0.806614 -1.13606e-19)
(1.39615 -0.199971 -4.83996e-22)
(1.01415 0.00292245 1.3854e-19)
(1.0097 0.0133792 -1.7368e-19)
(-0.51195 -0.391688 -3.22577e-20)
(1.15685 -0.0589535 -4.92731e-20)
(1.01746 -0.0157735 5.91474e-19)
(1.23754 -0.0761993 0)
(1.81989 0.644323 -5.03333e-20)
(1.01675 -0.00979532 -1.84145e-19)
(2.01235 0.122044 -1.5284e-19)
(1.05849 0.00710168 -4.25612e-22)
(1.00919 -0.00912406 3.68973e-20)
(2.10784 -0.275275 -3.38105e-19)
(1.01417 0.00858791 1.78422e-19)
(1.18884 0.186148 5.15253e-21)
(1.01663 0.00282 0)
(0.927313 0.136971 4.45079e-20)
(-1.4079 0.163359 6.54539e-21)
(0.99905 0.0198684 1.77311e-19)
(1.03834 0.0206079 -5.9432e-22)
(1.28057 -0.106561 -1.44216e-21)
(1.24133 0.312919 3.65389e-19)
(0.998864 0.0145442 1.21648e-19)
(1.01552 -0.0143732 4.47811e-22)
(1.71414 0.26242 -1.69613e-20)
(1.72021 0.917527 -9.8301e-20)
(0.78926 -0.709765 4.78559e-20)
(0.470555 -0.353696 -2.73306e-19)
(1.00609 -0.0111467 0)
(1.01938 0.00147828 4.43065e-20)
(1.01016 -0.00954612 9.36013e-20)
(1.16291 0.0694567 3.09025e-21)
(1.01227 0.00429177 -1.85694e-19)
(1.02867 -0.023599 2.11702e-19)
(1.00777 -0.00785447 -1.7506e-19)
(1.01513 0.00573156 -4.8199e-22)
(1.01138 0.00495115 -3.43834e-22)
(1.02266 0.0121005 1.77762e-19)
(0.895272 0.0692138 4.56827e-19)
(1.71433 0.598242 0)
(0.480527 -0.0259482 2.89467e-19)
(1.01271 -0.00440202 0)
(1.02158 -0.019871 -5.15633e-20)
(1.51823 0.450404 -6.67497e-20)
(1.86569 -0.0116459 0)
(2.16896 -0.400166 -1.03312e-19)
(1.29096 0.578288 -4.77586e-20)
(0.761604 -0.0134928 0)
(1.96405 -0.10657 0)
(0.139692 0.281701 -1.56499e-19)
(1.34002 0.0628794 -4.33577e-21)
(1.01637 -0.00609255 -1.8723e-19)
(1.13632 -0.584169 -4.993e-20)
(1.23632 -0.0397475 -1.38764e-20)
(1.47268 0.475172 0)
(1.31517 -0.375581 0)
(1.82767 0.461219 0)
(0.146536 0.533166 8.72185e-20)
(1.31351 0.159567 5.01586e-20)
(0.0271087 0.316718 0)
(-0.0979632 0.597239 -3.02583e-19)
(1.65915 0.948778 -6.04207e-20)
(1.01017 -0.00346131 -3.6596e-19)
(1.25561 0.0880815 1.14871e-20)
(1.02154 0.004493 2.41804e-19)
(0.691094 -0.038637 0)
(-0.141207 -0.338815 -3.01315e-20)
(0.60027 0.414382 -3.11162e-19)
(1.74945 0.628556 8.22629e-20)
(0.0967518 0.646809 0)
(0.806335 0.0678371 6.50774e-20)
(0.505766 0.482844 4.70964e-20)
(1.15937 0.86723 -3.05959e-20)
(-0.0331547 -0.0215533 1.47068e-19)
(1.01847 0.0120325 0)
(1.40169 0.281838 3.10443e-20)
(1.01227 -0.00128083 1.37396e-19)
(2.42054 0.16936 0)
(1.01088 0.00658596 2.30406e-19)
(0.173725 -0.456713 -2.0271e-19)
(1.02059 0.00885012 -1.42503e-19)
(1.41428 0.267021 0)
(1.92428 -0.417471 5.06236e-22)
(1.01184 0.00164812 -9.57433e-20)
(0.995688 -0.0338682 2.52818e-19)
(1.08437 0.0928254 -2.36957e-21)
(1.19976 0.291165 -4.16073e-20)
(-0.155821 -0.0642145 3.86173e-19)
(1.95708 0.330843 1.82586e-19)
(0.719404 0.153838 4.83392e-20)
(0.806175 0.0155339 -3.45737e-19)
(0.801566 0.02502 0)
(0.843868 0.0262115 4.70419e-20)
(1.02285 -0.0173038 -2.77359e-20)
(0.972925 0.0205542 0)
(1.04931 -0.00138308 -1.76258e-19)
(0.452693 -0.495748 -4.57359e-20)
(-1.51806 0.112484 2.84464e-19)
(2.17323 -0.598391 0)
(-1.00688 0.0663708 -8.63424e-19)
(1.54195 -0.35503 0)
(1.03833 -0.0184891 5.17179e-20)
(1.06116 -0.0310999 2.02953e-21)
(1.01558 -0.00376185 1.48506e-19)
(-1.08555 0.180935 5.19221e-19)
(1.0177 0.00119848 0)
(0.991028 0.00400355 -3.59039e-19)
(1.00671 0.00783088 1.88967e-19)
(0.871852 0.119412 0)
(0.7552 -0.136564 -9.24146e-21)
(0.960053 -0.00100107 -1.61982e-19)
(-0.248063 -0.509648 4.46091e-19)
(1.0029 -0.000233144 -1.84454e-19)
(1.00026 0.0189069 -4.33881e-19)
(1.66871 -0.618026 -9.29657e-22)
(-0.205499 -0.251815 -1.12049e-19)
(0.790154 0.679233 -1.58347e-19)
(0.789914 0.338081 0)
(1.02253 -0.0109741 3.88224e-19)
(1.03471 -0.0150229 2.04579e-19)
(0.624653 0.408791 -5.66602e-20)
(-0.341539 0.0989959 1.43738e-20)
(1.07992 0.00642943 -1.02209e-19)
(1.12752 -0.911384 4.06362e-20)
(1.00908 -0.00431302 1.92625e-19)
(0.948062 -0.694798 1.71371e-19)
(-0.549826 0.24386 3.51398e-19)
(-0.178015 -0.242303 -8.72474e-20)
(0.77652 0.00893955 -5.71155e-20)
(0.721617 -0.17865 -6.10185e-19)
(1.02152 -0.00735192 0)
(1.34512 -0.823367 7.3023e-20)
(1.29022 0.657475 1.28464e-19)
(0.693914 0.0714378 0)
(-0.0331624 -0.33297 0)
(-0.139752 0.672387 0)
(1.03256 0.0147451 8.18512e-20)
(2.22982 0.00668311 0)
(1.05274 -0.0262302 3.26218e-21)
(-1.12619 0.234174 -2.25688e-19)
(-0.0450245 -0.0822279 2.45175e-19)
(-0.242558 0.364753 -9.60554e-22)
(1.43124 0.375821 8.58954e-20)
(0.0128147 -0.409676 5.45285e-19)
(1.07369 0.467384 0)
(-0.80999 -0.215521 -1.24969e-20)
(1.02179 0.0169503 5.04206e-20)
(-0.0986171 -0.080999 -1.50687e-19)
(0.858885 0.696695 -5.0453e-20)
(-0.07577 -0.101906 5.80054e-20)
(1.35311 -0.985832 -3.44926e-20)
(0.185672 -0.0608518 5.23883e-20)
(1.26478 0.0535133 4.49976e-21)
(0.139255 0.0875604 -5.74932e-20)
(0.893183 0.0107701 0)
(0.575212 -0.255336 7.21875e-20)
(0.7527 -0.291984 -1.15065e-19)
(0.219067 -0.166916 8.36731e-21)
(2.04397 0.287048 0)
(1.05162 0.025485 1.98946e-19)
(-1.26511 0.0516679 0)
(1.25072 -0.00515239 1.21247e-20)
(-0.202009 0.232903 0)
(0.864479 0.313265 -1.99854e-19)
(1.47737 0.603829 -8.36489e-20)
(-0.135396 -0.225732 -1.7852e-20)
(0.942052 0.0251375 -4.01005e-19)
(1.03243 -0.00337958 0)
(1.1171 0.00908901 1.0221e-19)
(1.46772 -0.273515 0)
(1.89977 -0.425682 0)
(1.01506 -0.00166299 -3.53709e-20)
(0.99162 0.031482 -1.71901e-19)
(1.75111 0.587854 -3.33478e-19)
(-0.110243 0.224009 0)
(1.02264 -0.0165672 2.89953e-22)
(0.950252 -0.772043 -1.07904e-19)
(0.635852 0.330584 0)
(1.07231 -0.027012 -2.53806e-19)
(1.97036 -0.461082 1.40683e-19)
(-0.292978 -0.0789426 -1.47895e-19)
(-0.129159 0.526662 1.71303e-19)
(-0.617514 -0.30108 2.16617e-20)
(-0.749155 0.265155 -1.69776e-19)
(-0.0560191 -0.0745565 3.29897e-19)
(1.34363 -0.493736 2.50372e-21)
(0.208784 -0.375872 3.07833e-19)
(0.968965 -0.728753 1.88632e-19)
(1.09372 -0.90141 0)
(1.01625 0.000546514 -4.16113e-19)
(0.750761 0.189551 -6.71915e-20)
(1.01591 -0.00512263 -1.5696e-19)
(-0.152388 -0.0825239 -1.07233e-19)
(-0.142545 -0.463014 3.45192e-19)
(1.01856 0.0182991 -2.00334e-19)
(0.129232 -0.622543 3.03376e-19)
(0.915571 -0.896786 3.45416e-21)
(1.04237 -0.0161539 -3.34379e-19)
(1.73009 -0.0188428 0)
(-0.407239 0.182159 -1.13967e-19)
(-1.25922 0.152223 -4.57245e-19)
(1.25521 0.444696 0)
(1.1043 0.0771249 0)
(1.04957 0.0222036 2.31437e-19)
(1.57871 0.519777 -2.57119e-19)
(1.2393 -0.0439527 -1.97224e-20)
(1.13299 0.619097 1.50436e-19)
(-0.869673 -0.392516 -2.26002e-19)
(1.05356 0.0103826 1.16196e-19)
(0.0700933 -0.507602 -2.7982e-20)
(1.21051 0.145694 -3.41095e-19)
(-0.11194 0.260536 0)
(1.01006 -0.270643 -1.6446e-19)
(-0.45207 -0.342857 2.34049e-19)
(1.39375 -0.576473 -1.30195e-19)
(1.01831 -0.0214192 -2.34517e-19)
(0.449446 0.434025 -1.29046e-19)
(1.00573 0.237642 -3.5437e-19)
(-1.26185 0.0611231 3.61865e-19)
(0.884704 0.0314758 -2.77757e-19)
(0.530868 0.0116782 -1.82503e-19)
(1.00887 -0.00778489 -1.9573e-19)
(0.791695 0.588355 -2.16015e-19)
(-1.3631 -0.141341 -2.43325e-19)
(0.468628 -0.453662 -1.21757e-20)
(0.150738 -0.0701221 1.0795e-19)
(0.761902 -0.465192 3.0877e-20)
(1.85309 -0.550358 0)
(1.11244 -0.867418 0)
(0.658994 0.0444711 -1.84408e-20)
(0.893324 0.0365643 0)
(0.746218 -0.420987 1.67954e-19)
(-0.0981484 -0.129315 0)
(1.92652 0.370714 3.37285e-19)
(1.02301 0.00821898 0)
(2.34549 0.154603 -8.17503e-20)
(1.10255 -0.405894 2.84392e-19)
(0.979624 -0.0080307 1.7218e-19)
(1.0518 0.0718681 -1.75218e-19)
(1.09564 0.0796222 1.79647e-19)
(1.01506 0.0201053 2.4494e-19)
(1.09701 0.0786428 0)
(0.983132 0.00831552 1.99819e-19)
(1.01414 -0.0799682 -1.85999e-21)
(0.0157667 -0.0328623 -1.37757e-20)
(1.38196 1.02681 1.72048e-20)
(1.01173 -0.0240709 2.67149e-19)
(1.04742 -0.238788 8.22834e-20)
(1.87518 0.621806 0)
(1.01318 0.721236 0)
(1.00681 -0.143411 -3.78169e-19)
(-0.43696 0.382138 0)
(0.680797 0.410871 6.4766e-20)
(1.22562 -0.942566 0)
(0.493078 0.33132 0)
(0.612827 0.55686 -4.82642e-19)
(2.06455 0.290489 3.67009e-20)
(1.03262 -0.031687 -1.11556e-19)
(-0.086625 0.213977 9.16581e-20)
(1.04863 0.0444559 0)
(1.03836 -0.039642 0)
(0.911271 -0.658411 -2.50306e-20)
(0.0234404 0.0935724 0)
(0.740675 0.461752 3.26765e-20)
(1.03909 -0.0110885 4.83298e-22)
(0.59962 0.440021 1.27141e-19)
(1.14152 0.0241181 2.6597e-20)
(1.592 -0.619401 -1.68643e-20)
(1.07632 0.0254531 1.55022e-19)
(1.04979 -0.00805399 -1.67055e-19)
(1.12939 0.2083 1.81625e-19)
(1.00449 0.0209581 -3.96053e-19)
(0.253903 -0.284961 0)
(-0.534281 0.473782 -3.9842e-20)
(-0.456574 -0.401454 -2.90969e-19)
(0.905092 -0.158826 -2.19053e-19)
(2.27628 0.239185 0)
(-0.0244289 -0.143837 7.47308e-20)
(-0.0675945 0.130323 1.00619e-19)
(1.99927 0.433337 -2.2296e-19)
(0.894263 0.410513 2.17764e-20)
(1.32395 0.217576 1.75147e-20)
(0.832443 0.696402 3.83092e-19)
(0.746366 0.649564 -2.68926e-21)
(1.11167 -0.0323007 0)
(1.02011 -0.102182 -1.11579e-19)
(-0.141429 0.295244 9.5967e-20)
(1.75833 -0.279072 -1.31113e-19)
(2.29896 0.190047 0)
(2.43545 -0.1389 0)
(1.54877 0.363284 1.52647e-19)
(-0.0231698 0.0744986 0)
(1.01285 0.0157685 -1.54628e-19)
(0.0921474 -0.108316 0)
(0.996844 -0.0211244 1.13912e-19)
(0.680713 -0.345119 -1.94791e-19)
(0.960281 -0.032604 3.75349e-19)
(1.81951 0.349106 3.55461e-20)
(1.0581 -0.0240642 -4.14501e-19)
(0.8281 0.0223875 4.94416e-20)
(2.41986 0.0971929 -2.23368e-19)
(1.08304 -0.0407646 0)
(1.04911 -0.00653825 1.23838e-19)
(-0.61427 0.198717 -1.83339e-19)
(1.11648 0.00158312 -1.94727e-19)
(0.856958 0.622671 -4.23269e-19)
(1.26123 -0.128446 -1.52626e-20)
(2.28754 0.207267 0)
(0.315486 -0.117548 4.81723e-19)
(1.33302 -0.35692 0)
(-1.08045 0.0551582 1.24007e-19)
(-0.316128 -0.515613 2.48594e-19)
(1.10538 -0.918508 0)
(0.756353 0.0279751 1.00098e-19)
(-1.06357 0.281904 0)
(1.9261 0.571357 0)
(-0.0300854 -0.0301365 1.20266e-19)
(0.859 0.0815996 -2.24739e-19)
(-0.504812 -0.446397 2.45342e-19)
(0.914728 0.675702 -3.40776e-19)
(1.00304 0.032709 -5.62817e-21)
(1.02786 -0.0422721 1.27218e-19)
(2.50212 -0.000636046 0)
(1.0695 -0.112026 -4.78687e-20)
(0.66351 0.0486618 7.42713e-19)
(1.0193 -0.0146628 2.5961e-19)
(1.08029 -0.0132391 9.98578e-20)
(1.84861 0.369557 0)
(1.00432 -0.00922826 0)
(0.964818 0.841129 -3.00452e-20)
(1.04597 -0.0244574 -1.54868e-19)
(1.19483 -0.477478 -8.40237e-20)
(-0.513325 0.17796 3.0702e-20)
(1.30135 0.073593 0)
(1.52577 0.113552 0)
(1.2165 -0.357886 3.45442e-21)
(0.685178 0.25831 -2.2721e-19)
(0.484208 -0.0484773 -1.97878e-20)
(0.990299 0.0591424 2.27256e-19)
(0.431637 0.189812 -1.40338e-19)
(2.03435 0.381398 0)
(0.407396 0.0761814 3.92437e-21)
(1.09861 0.0100527 -1.04191e-19)
(0.125799 0.0126226 0)
(0.806172 -0.00320242 0)
(0.323247 -0.0701131 -1.63488e-20)
(0.0965493 -0.0187432 8.17381e-21)
(0.774413 0.000442651 1.04636e-19)
(1.13064 -0.0101233 0)
(0.832011 -0.768376 0)
(0.0978214 -0.501887 -2.5642e-20)
(0.991417 0.699295 -2.10026e-19)
(0.220923 0.081318 -9.40294e-20)
(-0.127555 0.661346 7.90523e-21)
(1.87099 0.795849 1.88796e-19)
(0.987165 0.0242905 1.63039e-19)
(1.03861 -0.0694172 8.92893e-20)
(0.341896 -0.252101 -6.33321e-19)
(-0.058869 -0.0357135 0)
(0.00942552 -0.256005 -8.42406e-20)
(0.59849 -0.573494 -2.89561e-19)
(-0.440545 -0.430542 3.63174e-19)
(0.934003 0.10287 -1.67393e-19)
(0.955132 0.326011 3.34165e-19)
(1.02445 -0.0975221 1.13925e-21)
(1.02252 0.00359596 -2.97291e-20)
(0.99952 -0.0101777 1.21378e-19)
(-1.13008 0.0804696 -2.9585e-19)
(-0.0900034 -0.175499 -1.76143e-19)
(-0.35002 -0.404519 0)
(1.16646 0.256926 1.27077e-19)
(1.09888 0.0146112 0)
(-0.761196 0.256003 -3.69187e-19)
(-0.0538977 0.118943 -1.28992e-19)
(-0.199767 -0.437841 0)
(1.01253 0.00546722 1.7199e-19)
(0.991821 -0.0497475 0)
(2.24416 0.291635 -3.35321e-19)
(-1.34875 0.147716 3.70867e-21)
(0.977335 -0.00719762 -3.59223e-19)
(0.302843 -0.412298 5.99179e-21)
(1.59228 0.397161 -3.22067e-21)
(0.512046 0.499317 0)
(0.744992 0.651934 1.59036e-19)
(1.39532 0.362441 8.30442e-20)
(-0.335422 -0.473906 2.38895e-19)
(1.91462 0.208661 -4.00516e-21)
(-0.407439 -0.48923 -1.76138e-19)
(1.25408 0.425327 -2.69213e-19)
(1.23402 0.121694 4.63283e-19)
(0.857754 -0.53862 -6.29197e-21)
(0.138174 -0.137638 1.68772e-19)
(0.124828 0.118726 0)
(-0.0916309 0.0976776 0)
(-0.156704 -0.181936 1.03022e-19)
(1.00282 0.00162024 -1.90877e-19)
(1.02593 -0.00264604 -1.61378e-19)
(-0.659054 0.351947 -1.72988e-19)
(1.71999 -0.518761 -1.75281e-20)
(1.37111 -1.03981 5.83764e-20)
(1.07533 0.730415 0)
(0.908382 0.0395456 -5.00764e-19)
(1.56109 -0.279793 -1.18233e-19)
(1.01183 -0.0208566 -4.80684e-20)
(1.47174 -0.619276 1.05205e-19)
(-0.317577 -0.490182 0)
(2.33951 0.286063 -3.45361e-20)
(-0.982899 0.171018 6.27463e-20)
(-0.159481 0.0340508 -2.66767e-19)
(1.03335 -0.0647845 1.71261e-19)
(-0.115953 -0.134022 0)
(1.60299 -0.15419 -1.25833e-19)
(0.469161 0.243191 1.10819e-19)
(-0.106381 -0.121966 1.13986e-19)
(1.01763 -0.0153094 2.12571e-19)
(0.679647 0.305431 0)
(-0.0690371 0.146018 1.21311e-19)
(0.46447 -0.454114 0)
(0.139807 -0.140655 -3.13536e-19)
(-0.0535102 0.0633827 9.37056e-20)
(0.133191 0.13148 1.62442e-19)
(-0.082428 -0.094059 -1.24126e-19)
(-0.242258 -0.492206 0)
(0.937906 0.276995 1.55533e-21)
(0.78692 0.290518 2.58686e-21)
(0.702489 -0.635866 2.03972e-19)
(1.01129 -0.0105743 0)
(-0.0737076 -0.0838243 0)
(0.958303 -0.0910819 2.00791e-19)
(1.51059 -0.725967 -5.00705e-21)
(-1.05323 0.116776 -4.86921e-19)
(0.967073 0.0370433 -2.25934e-19)
(0.645247 -0.593471 3.64382e-19)
(1.37807 -0.701861 -1.21803e-19)
(-0.470558 -0.384116 -5.0149e-19)
(1.07951 0.0653254 0)
(1.01676 -0.0110191 -2.45737e-19)
(-0.0380595 -0.0476125 0)
(-0.00854405 0.0997975 -4.71596e-19)
(0.143458 0.142093 1.55161e-19)
(-0.0643142 -0.0773529 0)
(1.13143 0.0975517 -1.51008e-19)
(1.66376 0.417023 0)
(1.09765 -0.0888934 0)
(-0.138259 -0.13941 1.60571e-19)
(-0.549426 0.307466 -1.67612e-19)
(-0.0166899 -0.0218069 -1.19096e-19)
(-0.0687743 0.0788218 9.08514e-20)
(0.119937 0.10961 0)
(0.97854 -0.111153 -2.46653e-19)
(0.141833 -0.14322 -1.55162e-19)
(0.138779 0.134391 -3.09737e-19)
(0.194438 0.188182 1.15759e-19)
(0.950018 0.0118272 6.03773e-19)
(0.1794 0.171332 -1.2669e-19)
(-0.012696 -0.017035 1.12762e-19)
(0.143387 0.143866 -2.95244e-19)
(0.191918 -0.191518 -2.38854e-19)
(-0.0225557 0.0306335 0)
(-0.0444901 -0.0529383 2.50269e-19)
(-0.672338 0.193718 4.57268e-19)
(0.145721 0.140897 0)
(0.773048 -0.35388 0)
(-0.226905 -0.487688 0)
(1.02013 -0.397583 9.85805e-21)
(0.212063 0.208996 2.2846e-21)
(-0.0266571 0.0314586 -5.45635e-20)
(-0.0978479 0.0888066 8.42131e-20)
(0.187184 0.18233 -1.21882e-19)
(0.159825 -0.15491 0)
(-0.0220167 -0.0266439 1.26316e-19)
(-0.0051872 0.00979247 1.80275e-22)
(-0.254983 -0.513287 -2.27737e-19)
(1.23205 0.0350524 -1.64065e-20)
(-0.818957 0.0667135 4.35768e-19)
(-0.0450962 0.0546114 -9.17516e-20)
(-0.00772816 -0.0122815 0)
(0.209378 0.208984 0)
(0.176373 -0.175477 -5.48391e-20)
(0.00350252 -0.00132843 -9.03538e-20)
(2.18856 0.552266 1.65576e-19)
(1.48738 -0.600809 -4.72315e-19)
(0.192613 0.19572 2.2137e-19)
(-0.256649 -0.33069 9.57939e-20)
(-0.0783924 0.087104 9.15891e-20)
(-0.00436344 -0.00770492 -3.28575e-19)
(0.209762 -0.208975 2.0401e-19)
(-0.122321 -0.490535 2.63954e-20)
(-0.01007 0.0155142 0)
(0.14235 -0.1417 -3.22641e-19)
(0.971527 -0.0741764 0)
(1.56515 -0.364458 0)
(0.58255 -0.522913 -3.39684e-19)
(0.586206 -0.380425 4.61716e-20)
(0.1833 -0.176563 1.13133e-19)
(1.00454 0.00810432 1.67196e-19)
(0.885541 -0.117477 2.36485e-19)
(0.423391 -0.411663 4.72882e-19)
(1.62826 0.549637 2.29717e-20)
(0.21646 0.205505 9.09381e-20)
(0.820706 0.555921 0)
(0.630504 -0.549539 1.69953e-20)
(-0.00167445 -0.00468845 1.07527e-19)
(0.410052 0.0185598 2.03886e-20)
(1.06185 -0.134414 7.15923e-20)
(1.08944 -0.259726 0)
(0.943882 -0.146958 5.83673e-19)
(-0.0160291 0.022239 0)
(0.65653 -0.397067 0)
(1.17867 -0.225241 1.57609e-19)
(1.13096 0.352878 1.93405e-19)
(1.12287 -0.00241862 0)
(-0.903074 -0.0754355 3.25494e-19)
(-1.50638 0.175789 5.20732e-23)
(1.03861 0.00793612 -2.33838e-19)
(-0.153835 -0.389503 0)
(1.1934 -0.212979 0)
(1.49178 0.573175 0)
(0.103834 0.098552 4.12529e-19)
(-0.00013402 -0.00153838 0)
(0.188039 0.179017 1.06425e-19)
(0.174241 -0.160411 0)
(0.0057337 -0.00530657 -8.87245e-20)
(-0.000350158 -0.000364095 0)
(0.871017 0.431642 2.3905e-19)
(0.856801 -0.439007 -4.78261e-19)
(0.00540895 -0.00478622 1.38319e-22)
(-0.10763 -0.123224 -2.96542e-19)
(0.259751 -0.250614 0)
(0.235456 0.224029 0)
(-0.832417 -0.147635 3.36593e-19)
(0.937077 0.0482649 3.92373e-21)
(1.11085 -0.373605 -1.67216e-19)
(0.00462814 -0.00331691 2.657e-19)
(-0.0666969 0.0174063 1.59976e-19)
(1.04961 0.135241 2.24126e-19)
(-0.212576 -0.0823846 0)
(-0.00155133 -0.000912472 -1.18388e-22)
(-0.192381 -0.50609 6.1373e-21)
(-0.0890548 0.0204627 0)
(2.32773 -0.10242 -2.16436e-19)
(1.02233 0.140978 0)
(1.00564 -0.0790018 2.83913e-19)
(-1.53526 0.0476541 0)
(0.235454 -0.219081 -3.90296e-21)
(1.01119 -0.0283229 1.47052e-19)
(0.557409 0.137312 3.68144e-19)
(1.37473 -0.794633 1.31391e-19)
(0.297607 0.278643 1.76973e-22)
(1.60403 0.53048 0)
(0.968946 -0.598425 6.1102e-20)
(1.83741 -0.934278 2.04093e-19)
(0.00603327 -0.00623404 1.72157e-19)
(1.72484 -0.562338 5.54771e-20)
(2.31779 0.480325 8.99868e-20)
(0.00531806 -0.00511787 -5.0697e-20)
(1.01641 0.0213464 2.14758e-19)
(-0.107235 0.223909 -1.78435e-19)
(0.321763 0.299792 0)
(-0.00335027 -0.00195748 0)
(0.248614 0.235715 7.83465e-20)
(0.302233 -0.281975 -1.77658e-19)
(0.00719393 -0.00651306 1.8062e-19)
(1.08879 -0.784196 -5.89004e-20)
(0.869292 0.114146 2.06921e-19)
(0.340923 -0.324639 0)
(0.00530355 -0.00743653 0)
(0.266964 0.253234 0)
(-0.00599611 0.00998477 -1.05051e-19)
(0.279044 -0.276375 0)
(-0.0149803 -0.00792055 -1.88527e-19)
(0.285458 0.269187 -5.56459e-20)
(-0.00224883 -0.00602616 0)
(0.263483 -0.258468 0)
(-0.199373 -0.424456 0)
(-0.0183808 0.00439473 0)
(-0.0357494 0.0210355 -5.17161e-20)
(-0.111548 -0.28074 0)
(1.00175 -0.00510406 2.26152e-19)
(0.475816 -0.44601 2.58117e-20)
(-0.078991 0.0516988 -8.97899e-20)
(-0.0386743 -0.0278308 3.49651e-19)
(0.358375 0.329404 -4.0051e-20)
(1.65091 0.396803 0)
(-0.17152 0.159919 0)
(-0.1215 -0.352852 2.93092e-20)
(-0.123373 0.0950778 0)
(0.366898 -0.345687 0)
(-0.0577926 -0.042903 0)
(0.405832 0.367731 0)
(-0.0911642 -0.0730322 2.13325e-19)
(0.479406 0.443102 3.09551e-20)
(-0.156107 0.145793 -4.07857e-19)
(0.544683 -0.503941 -9.76317e-20)
(1.1487 0.13382 0)
(0.846026 -0.125076 -5.34621e-20)
(-0.64513 -0.133011 -3.42655e-19)
(1.03594 0.0509772 -2.09073e-19)
(1.44706 0.036502 0)
(1.26361 -0.472674 -1.11084e-20)
(1.38094 -0.519292 1.1945e-19)
(0.961557 0.0127313 0)
(0.183176 0.48371 5.52413e-19)
(-1.54869 0.0945281 -6.86701e-22)
(-0.0262483 -0.0192716 -2.51341e-22)
(-1.10091 0.00854201 0)
(1.12651 -0.181897 -1.94208e-19)
(0.359364 0.181811 3.97774e-19)
(2.20113 0.283966 -1.49265e-19)
(1.57276 0.610968 -2.23025e-20)
(1.57837 -0.760239 1.10834e-21)
(-0.358519 -0.429882 -1.01025e-19)
(1.9299 0.28207 1.81909e-20)
(1.90047 -0.738919 1.96944e-19)
(1.04139 0.0853072 -2.82975e-20)
(-0.447538 0.171985 1.77476e-19)
(1.11633 -0.00409039 0)
(2.20338 0.153126 -3.12426e-20)
(0.120352 0.0725463 -2.07005e-21)
(1.32463 -0.227395 0)
(0.133961 -0.129604 -5.37743e-19)
(-0.00153985 0.00505393 0)
(0.534406 -0.498719 0)
(1.89069 0.629619 -7.73683e-20)
(0.912138 -0.442712 0)
(2.34939 -0.134631 2.60501e-19)
(-0.0152144 -0.0107329 1.93641e-19)
(0.267359 -0.272253 7.71146e-20)
(1.02139 -0.0560032 0)
(-0.620547 0.136891 0)
(-0.0696258 -0.0525683 1.60106e-19)
(-0.0974539 -0.0940488 1.66685e-19)
(1.00183 0.249838 -2.0013e-19)
(0.453155 0.466525 -3.60088e-19)
(1.0254 0.0165234 -7.86423e-21)
(2.27082 0.231092 0)
(-0.179545 -0.488458 2.47461e-19)
(-0.109507 -0.150509 0)
(0.636867 0.066022 3.09695e-19)
(0.956303 0.157064 -4.415e-20)
(0.697531 -0.603219 -1.69924e-19)
(0.985969 0.12713 3.08903e-19)
(0.997331 0.0108116 0)
(1.33086 0.539453 -2.05958e-20)
(2.10358 -0.21853 0)
(0.524833 0.475389 0)
(0.66666 -0.170404 0)
(-0.35386 -0.39001 -4.23117e-20)
(0.30901 0.230073 2.28687e-19)
(-0.108464 0.42805 0)
(1.12228 0.0714555 1.33034e-19)
(1.03553 -0.237959 0)
(0.526088 -0.0322992 1.48598e-19)
(0.382587 -0.196844 1.95309e-19)
(-0.116727 0.545263 2.51453e-19)
(0.442377 -0.414724 -3.86723e-19)
(0.982125 -0.0312311 1.65356e-21)
(1.5122 -0.611287 1.2899e-19)
(1.56478 -1.06728 -2.74133e-20)
(0.0701326 0.077992 1.26404e-19)
(1.91822 0.499571 0)
(-0.602365 0.159309 0)
(-0.0909423 0.207659 0)
(1.39854 -0.103089 1.40416e-19)
(-1.10497 0.0787846 -1.24809e-19)
(0.289309 -0.267864 -1.54663e-19)
(2.3601 0.153641 1.03407e-19)
(0.803187 0.512895 -6.49466e-20)
(0.820116 0.243063 4.4434e-21)
(0.940274 0.217915 6.04286e-20)
(1.4189 0.289369 -6.79865e-20)
(-0.0793616 -0.412526 1.1507e-19)
(-0.566913 -0.324745 0)
(0.921851 -0.0198941 0)
(-0.53867 -0.293246 1.65086e-19)
(0.155267 0.153549 0)
(1.91449 0.514712 0)
(-0.788509 -0.0303678 1.30078e-19)
(0.543057 0.454491 -2.12394e-19)
(0.496662 -0.411772 2.71659e-19)
(-0.229617 -0.00848795 0)
(1.37356 0.915811 -2.07622e-20)
(1.07359 0.00746649 0)
(-0.774915 -0.18568 -6.74555e-19)
(-0.824745 0.262243 -1.98087e-19)
(1.28891 -0.404307 7.07343e-20)
(0.445423 0.409047 4.79655e-19)
(0.733536 -0.242922 2.00957e-19)
(-0.427739 0.595447 0)
(1.12373 0.0583347 1.40815e-19)
(0.992993 0.566416 -8.63434e-20)
(-0.157966 -0.0628953 0)
(0.708087 -0.266203 0)
(1.29296 0.838063 5.67988e-20)
(0.0013981 0.00213365 -1.79657e-19)
(1.94363 -0.628354 -2.93974e-19)
(1.18049 0.157375 0)
(1.24722 -0.222516 -2.6719e-20)
(0.765967 0.430983 0)
(-0.437301 -0.263577 -2.34869e-19)
(1.25857 0.90399 -7.18855e-20)
(1.69082 0.304946 -9.79453e-21)
(1.22052 -0.557861 -3.10442e-21)
(-0.296545 -0.221073 -4.25052e-21)
(-0.0937874 -0.33568 -1.21212e-19)
(1.02073 0.0596538 2.13744e-19)
(-0.131627 0.240409 0)
(0.966695 0.180652 3.03041e-21)
(1.71116 0.451203 -1.31205e-20)
(1.51957 -0.865161 6.1458e-20)
(1.28685 -0.311117 -1.03481e-19)
(1.71518 -0.336969 3.57977e-20)
(-0.195597 -0.0965582 6.49157e-20)
(0.588884 0.530437 1.23811e-19)
(0.142415 -0.0786837 2.59359e-19)
(1.18223 0.317217 -1.45952e-20)
(1.59016 0.166474 -2.379e-21)
(2.03648 0.2292 7.26984e-20)
(0.878553 0.597567 1.22381e-19)
(-0.555292 -0.345856 7.71339e-19)
(1.30343 -0.122197 -2.52257e-19)
(0.957857 0.249494 -1.3246e-19)
(-0.457092 -0.3837 -1.33698e-19)
(-0.193754 0.306588 0)
(1.00247 0.00301892 4.7161e-19)
(0.739783 -0.22461 0)
(0.861915 0.558337 -1.2596e-19)
(1.28176 0.0901336 -1.37393e-20)
(-0.156907 -0.448308 -1.71104e-20)
(1.92193 -0.442648 0)
(1.17006 -0.376834 0)
(1.49081 -0.30937 1.20858e-19)
(0.819981 -0.32321 3.50766e-19)
(1.08925 -0.328258 0)
(-0.21663 -0.509895 -2.4808e-19)
(0.93668 -0.09725 -2.26662e-19)
(0.755249 -0.636225 -5.2819e-20)
(-0.680482 -0.182341 3.02738e-19)
(-0.21042 -0.256325 -1.13129e-19)
(-0.0901756 -0.0454749 -2.56276e-19)
(0.136103 -0.0956378 -1.73008e-19)
(-1.33683 0.142119 8.18405e-21)
(0.833268 -0.309948 -1.3169e-19)
(1.43913 0.161322 -1.82235e-20)
(0.677929 0.00938498 0)
(0.792722 0.0984239 2.84935e-19)
(1.21648 -0.37857 3.88586e-21)
(0.993879 -0.142119 -4.8989e-21)
(0.583092 0.514852 1.64478e-19)
(1.8533 0.233688 -8.78203e-22)
(1.65236 -0.0535325 1.91607e-19)
(1.07236 -0.0266898 3.73585e-20)
(0.83902 -0.394519 1.31986e-19)
(0.512598 -0.236003 0)
(-0.188228 -0.218476 1.16006e-19)
(0.962339 0.0917578 1.43414e-19)
(1.07988 0.69428 8.48497e-20)
(-0.161416 -0.187575 2.48345e-19)
(1.05376 -0.629554 2.49306e-19)
(0.126969 -0.114864 0)
(1.75706 0.881622 0)
(0.227071 0.219233 3.22442e-19)
(1.57645 0.575742 0)
(-0.159167 0.166774 0)
(0.990528 -0.645441 -2.19544e-19)
(-0.141386 -0.16149 3.73177e-19)
(-0.0854481 -0.0248041 1.31816e-19)
(1.10227 -0.0217705 4.41607e-20)
(1.5289 1.03528 -1.82185e-23)
(0.958567 -0.0492282 -1.58785e-19)
(0.128077 -0.125007 7.87709e-20)
(1.04295 0.140579 -1.56417e-19)
(-0.14543 0.165178 2.72789e-19)
(1.02862 0.352427 0)
(0.234279 0.233604 -1.63764e-19)
(-0.693398 0.408278 1.5774e-19)
(1.95316 0.375704 0)
(-0.870938 0.15428 -2.69433e-19)
(0.0186504 0.0672034 1.22032e-19)
(-0.625261 -0.258447 0)
(-0.0458726 -0.0457191 -5.36925e-20)
(0.236078 -0.236766 0)
(1.01069 -0.741261 0)
(-0.111277 0.130646 1.88326e-19)
(0.569962 -0.541284 4.03337e-19)
(-0.124825 -0.145222 -2.27772e-19)
(-0.523325 -0.223045 -1.96637e-19)
(0.243404 -0.245726 -1.58084e-19)
(0.241805 0.237256 4.79191e-19)
(-0.212679 0.349575 -2.92846e-19)
(-0.722676 -0.245664 -1.48373e-19)
(-0.00525316 -0.00280444 0)
(-0.202001 -0.483118 2.03505e-19)
(1.04872 -0.147561 -2.91097e-19)
(-0.0930836 0.110021 8.9581e-20)
(1.63851 -0.538666 9.67356e-21)
(1.31217 0.191397 0)
(2.18156 0.324678 -1.90053e-20)
(0.950824 -0.0507334 0)
(-0.0862349 -0.0968454 0)
(0.201464 0.197991 0)
(0.970117 0.0643901 0)
(1.11032 -0.26236 0)
(0.982151 0.101433 -2.85728e-19)
(0.234009 0.232494 -1.55703e-19)
(-0.851215 -0.0316739 -1.88815e-19)
(-0.0981978 -0.11785 2.52338e-19)
(0.979939 -0.203183 1.49466e-19)
(0.780095 -0.382118 0)
(-0.194796 -0.0730794 -2.37908e-19)
(1.01914 -0.0266296 -1.86999e-19)
(-1.54998 0.129694 8.28835e-19)
(-0.0328861 -0.0410141 0)
(-0.127581 -0.153273 -1.38263e-19)
(0.282834 0.264634 -1.30104e-21)
(0.255182 0.243399 0)
(-0.0422875 -0.0521617 1.2429e-19)
(-0.35939 0.465303 1.91566e-19)
(1.31474 -0.511739 1.49931e-19)
(1.7931 -0.424556 8.10319e-21)
(0.882742 0.379469 -3.41022e-19)
(1.03604 0.0343911 0)
(0.331403 0.32323 -2.20593e-19)
(-1.05078 -0.0321064 3.15789e-19)
(0.313784 0.305165 -3.66802e-19)
(0.308675 0.300179 1.17423e-19)
(0.482789 -0.362085 0)
(-0.0551472 0.0697737 5.10687e-20)
(-0.131529 0.149455 0)
(-0.0251727 -0.0312126 3.08106e-19)
(-0.107955 -0.133578 2.76995e-19)
(0.507934 -0.404923 5.78807e-19)
(1.2387 -0.748481 -5.3284e-20)
(0.338629 0.338638 0)
(-0.0729143 0.0803259 2.19667e-19)
(0.239803 -0.244968 3.22403e-19)
(1.2189 0.132024 -4.58602e-21)
(0.334141 0.334675 0)
(0.996405 0.322939 -1.0042e-20)
(-0.565356 0.19488 -2.00124e-20)
(2.38653 0.321061 7.64781e-20)
(-0.0157248 -0.0213728 0)
(1.17098 0.756389 0)
(-0.0194955 0.025581 -2.74422e-19)
(0.330667 -0.332759 -2.32282e-19)
(0.262851 -0.234946 1.94369e-20)
(1.91147 0.325264 -3.83777e-20)
(1.07821 0.333088 -1.19661e-19)
(0.307583 -0.299227 -2.3716e-19)
(1.03713 -0.0201459 3.1738e-19)
(1.00205 0.0639573 0)
(0.707614 0.135272 -9.8756e-22)
(1.07516 0.0201539 1.12937e-19)
(0.546585 -0.130582 1.23145e-20)
(1.4136 -0.518478 0)
(1.18652 0.182146 -1.03232e-19)
(1.90973 0.480121 -1.64762e-19)
(-0.041218 0.0530642 0)
(-0.162002 0.098687 3.16259e-19)
(1.69523 0.540647 0)
(1.00391 0.00088547 5.04317e-20)
(0.331231 -0.320193 -1.09717e-19)
(1.00304 0.00638887 5.18428e-19)
(0.755866 -0.397015 0)
(1.1687 -0.902508 0)
(-0.010488 -0.0131055 1.10254e-19)
(0.0608821 0.0571689 0)
(1.08168 -0.0226865 6.69809e-20)
(0.524355 0.396933 5.85054e-20)
(0.716793 -0.0189777 -4.27668e-19)
(-0.0300679 0.0377891 0)
(-0.455065 -0.086842 2.16926e-19)
(-0.926755 -0.0220036 0)
(1.80065 0.800653 0)
(-0.0247514 -0.0163016 0)
(-0.0351149 -0.0213353 1.09062e-19)
(1.67131 0.762796 -1.63903e-20)
(1.01471 0.0457859 0)
(-0.156525 0.134149 8.48722e-20)
(0.00436788 -0.00286029 0)
(1.48119 0.116818 0)
(1.61185 -0.816041 -2.91313e-20)
(0.381357 0.358992 1.8386e-19)
(-1.20978 0.0396575 -4.51616e-19)
(-0.00552668 -0.00720857 -1.16431e-19)
(0.560019 -0.314578 -3.10227e-19)
(1.02886 0.266717 0)
(0.402786 -0.0435162 1.49943e-19)
(1.43506 0.126109 0)
(0.909092 -0.0765957 3.10393e-19)
(0.219653 0.0474787 -1.55662e-19)
(0.400783 0.379484 -9.02802e-20)
(0.735764 0.230723 1.77541e-19)
(-0.248607 0.415928 1.86801e-19)
(1.50094 0.425653 8.83407e-21)
(0.225067 -0.229344 1.76137e-19)
(-0.00407727 -0.00306757 2.60671e-19)
(1.50265 -0.480226 -7.51969e-20)
(-0.0100769 0.0161834 9.15695e-20)
(-0.0197991 -0.022915 0)
(-0.10204 -0.0710128 -7.55866e-20)
(0.00821225 -0.00780859 8.994e-20)
(1.03162 -0.201797 0)
(0.397371 -0.364612 1.08304e-19)
(0.258248 0.253575 1.42343e-19)
(0.251498 0.252108 -3.14706e-19)
(1.42252 0.0873178 0)
(0.363721 -0.363782 -1.90491e-19)
(1.69247 0.482879 0)
(1.5556 0.108292 1.31313e-20)
(-0.00361621 -0.00360763 1.28727e-19)
(0.902958 -0.0566103 0)
(0.587703 0.554431 -1.82519e-19)
(1.01828 -0.0158484 -2.33652e-19)
(1.09353 -0.0168365 -1.14299e-19)
(0.220858 -0.0648993 8.76459e-21)
(0.296481 0.0713453 -2.64128e-20)
(1.04789 0.0208051 -3.08873e-19)
(2.60478 0.0198927 -9.10875e-20)
(-0.145977 -0.0624906 1.77818e-19)
(0.00720085 -0.00560914 -1.79388e-19)
(-0.0888947 0.0141629 -1.74549e-19)
(1.33293 -0.383654 6.90831e-20)
(0.00940186 -0.00906152 1.07182e-22)
(1.11532 -0.00388572 -1.34056e-19)
(0.428055 -0.414763 6.78995e-20)
(-0.0365922 -0.0586921 3.20501e-19)
(0.246802 -0.236915 0)
(-0.154473 0.279749 1.78521e-22)
(1.57432 0.978043 0)
(0.870598 0.0158662 -1.26523e-19)
(-0.38115 -0.188475 -1.94358e-19)
(-0.529184 -0.335429 -1.92049e-19)
(0.688277 -0.32143 0)
(0.425486 0.400843 -2.42019e-19)
(0.00167653 0.00270897 9.28051e-20)
(0.522556 0.582652 -2.24798e-19)
(0.539931 0.525733 -1.12786e-19)
(1.04034 -0.0276047 0)
(1.33551 -0.534999 4.7114e-20)
(1.78823 -0.396448 -3.43498e-21)
(-0.10084 -0.126255 0)
(-0.00638066 -0.00438915 -1.12005e-19)
(0.914567 -0.594029 5.77307e-20)
(0.263234 0.545255 3.15581e-19)
(1.85617 -0.442976 7.36944e-21)
(0.476584 -0.437797 -1.36716e-19)
(-0.780078 -0.144156 1.37088e-19)
(0.00856244 -0.00975562 -1.02633e-19)
(0.515365 0.420315 -3.28137e-19)
(0.55918 0.512273 -1.32446e-19)
(0.514261 0.477431 5.87414e-21)
(0.0111355 -0.00879663 4.83666e-20)
(-0.060723 -0.0666131 -1.59029e-19)
(1.01294 0.0122931 1.53939e-19)
(0.27633 -0.266491 0)
(0.451646 0.425071 0)
(0.507319 -0.47567 1.13674e-19)
(0.0109254 -0.0113147 -1.80361e-19)
(-0.330644 -0.382716 -5.98457e-20)
(1.8822 -0.338143 2.32787e-20)
(0.484069 0.449731 0)
(0.484866 -0.482172 0)
(0.00360376 -0.010197 0)
(1.11531 0.0455341 7.86777e-20)
(0.621295 0.557187 0)
(-0.0173897 -0.00347583 1.79678e-19)
(0.194004 0.179802 -6.0767e-19)
(-0.046873 0.0201189 5.08154e-20)
(1.22594 -0.185785 2.91231e-19)
(-0.0479732 -0.0568162 -1.66164e-19)
(1.1316 0.464586 -1.50465e-19)
(0.150632 -0.131943 -2.51267e-19)
(-0.0998815 0.0493984 3.00562e-19)
(-0.209582 0.254509 -2.61153e-19)
(-0.0830316 -0.0537281 -2.42043e-19)
(0.697641 -0.659335 0)
(-0.157861 0.100129 -1.77548e-19)
(0.704466 0.614022 0)
(-0.266696 0.243261 7.96217e-20)
(0.721862 0.0316785 -2.49192e-20)
(0.716523 0.378139 -3.47658e-20)
(-0.203745 0.1391 9.29224e-20)
(0.858509 -0.710969 0)
(-0.119373 -0.0735532 2.2898e-19)
(0.819208 0.689313 -1.62875e-20)
(0.360477 0.330611 -2.39682e-19)
(0.385602 -0.31173 4.59363e-19)
(0.520084 0.450937 1.59274e-19)
(1.01059 -0.00164014 0)
(0.461784 0.430708 0)
(1.69472 0.47462 0)
(1.0239 -0.00545189 0)
(-0.0929297 0.131448 -8.04815e-20)
(0.764642 -0.626581 3.75791e-19)
(-0.0570478 -0.0397717 -3.38162e-22)
(1.11367 -0.238267 2.48458e-19)
(0.431108 -0.404038 2.32051e-19)
(2.47234 -0.198384 0)
(1.42555 -0.388851 0)
(0.118854 0.456019 -4.76514e-19)
(0.449499 -0.180123 0)
(1.7845 0.30613 1.3363e-21)
(0.564555 -0.214646 -2.09237e-20)
(0.68667 0.636638 2.30738e-19)
(1.16949 0.252653 9.649e-20)
(-0.00441609 0.0078271 0)
(-0.0468444 0.0728962 8.22703e-20)
(-0.0304484 -0.0166648 0)
(0.453248 0.452728 4.00518e-19)
(0.634411 -0.0419838 9.43326e-22)
(0.712962 0.332988 0)
(1.0221 0.0109169 1.46256e-19)
(1.36118 -0.269594 1.17104e-19)
(1.02062 -0.0156171 -4.58927e-22)
(0.308121 -0.289104 1.40697e-19)
(0.298687 0.29437 0)
(-0.073737 -0.0259458 0)
(-0.168588 -0.49318 7.1056e-20)
(1.47622 0.192912 1.4264e-19)
(1.14717 -0.0681547 2.02043e-20)
(0.132835 0.124382 0)
(1.03263 -0.0138631 4.93376e-19)
(1.43802 -1.01436 2.23168e-20)
(-0.109366 0.310893 3.00463e-19)
(-0.082768 -0.0522655 -2.62272e-19)
(0.443017 -0.435274 1.8355e-19)
(-0.0370352 -0.0286803 2.00494e-19)
(2.13547 -0.102467 0)
(0.376865 -0.347807 -2.94877e-19)
(1.0634 -0.0260202 -5.6838e-20)
(1.00874 -0.00463156 -2.10744e-19)
(0.545667 -0.0917297 2.14871e-20)
(0.67741 0.105507 -3.74348e-21)
(1.02425 0.0231872 -1.66777e-19)
(2.13396 0.482947 0)
(-0.0192079 -0.0142596 -1.81249e-19)
(0.441616 0.137046 -1.04284e-18)
(-0.344945 -0.420826 8.12569e-20)
(0.326839 0.308242 -1.33061e-19)
(0.00176024 0.00700202 0)
(0.00321421 0.00588816 0)
(1.72878 -0.822811 -1.04708e-19)
(1.00519 0.0830256 1.59652e-20)
(0.229205 -0.540429 3.22087e-19)
(-0.128301 -0.173989 -2.21442e-19)
(1.01811 0.0145834 -4.84202e-22)
(0.73969 -0.700169 -5.65243e-20)
(1.16768 -0.0574525 1.45603e-20)
(1.01886 -0.00869909 -7.90352e-20)
(-0.00935314 -0.00604651 0)
(0.93562 0.638025 3.74143e-19)
(0.781613 -0.235361 0)
(0.385209 -0.356988 0)
(-0.0178773 -0.010995 2.1447e-19)
(1.02824 -0.0226912 2.67811e-19)
(0.510122 -0.479197 0)
(0.769751 0.703936 4.60288e-21)
(-0.654689 -0.121736 -1.59906e-19)
(0.00911966 -0.00609989 8.38099e-20)
(0.317086 0.0947656 2.12424e-19)
(1.47691 -0.234883 -2.4465e-20)
(1.658 0.254608 -3.25384e-19)
(1.68954 -0.295335 -1.10038e-20)
(0.940937 0.563525 1.26455e-19)
(1.0219 0.212525 1.83099e-19)
(-0.38086 -0.433985 -6.18698e-20)
(-0.654106 -0.257158 2.73658e-19)
(1.11904 0.0938278 0)
(0.330833 0.226195 1.06011e-19)
(1.29213 -0.473471 1.21614e-19)
(-0.301974 0.378934 0)
(1.40737 0.174371 -6.55173e-21)
(1.0232 -0.0068862 3.47952e-20)
(-0.574153 0.503914 0)
(1.02112 0.102404 -1.46417e-20)
(0.657385 -0.242224 0)
(0.567759 -0.546833 -4.28308e-20)
(1.00623 0.186329 1.96651e-19)
(0.808159 0.435294 2.52895e-19)
(0.754368 0.389402 3.62922e-20)
(1.01914 -0.0112117 0)
(-0.931208 -0.0856777 -1.87346e-19)
(1.58739 -1.01319 9.72932e-20)
(0.98193 0.767387 2.93934e-20)
(-0.142589 -0.123956 1.82067e-19)
(1.78326 -0.307631 1.39952e-19)
(0.0127811 -0.0157306 7.66579e-20)
(0.806255 0.243509 0)
(0.827729 0.478824 0)
(-0.236873 -0.291107 2.11521e-19)
(1.04709 -0.175972 0)
(-0.321129 0.0202921 -2.40636e-21)
(0.560125 -0.872185 -2.03811e-20)
(-0.0358642 -0.0126604 7.83152e-22)
(1.82597 0.553041 5.18967e-20)
(1.41421 -0.395142 -4.78652e-21)
(0.470178 -0.319302 0)
(1.02476 0.00651803 -4.04903e-19)
(0.743391 0.671161 1.66146e-19)
(0.44585 0.611098 -6.39802e-19)
(1.10094 -0.854585 7.40134e-20)
(0.585382 0.0350428 2.93587e-21)
(0.355625 -0.500815 -2.7021e-19)
(1.14973 -0.840384 -1.21509e-19)
(0.550844 -0.200732 1.57597e-19)
(-0.349482 0.410949 0)
(0.533303 0.161922 0)
(0.969878 -0.0826955 -2.93645e-19)
(1.05377 0.610269 0)
(0.858971 -0.356846 2.85182e-19)
(-0.519792 -0.335108 0)
(2.0652 0.375841 1.17137e-19)
(-0.00395459 -0.137818 -1.3355e-19)
(1.7763 0.750553 0)
(-0.276592 -0.352027 0)
(2.23802 0.0538214 1.45325e-19)
(-0.976525 0.291081 0)
(-0.0174247 -0.389157 -4.37923e-19)
(0.913761 0.601522 -1.24508e-19)
(2.11617 -0.380441 -2.23533e-20)
(0.222378 -0.216491 1.58973e-19)
(-0.197888 0.145884 1.06068e-19)
(1.93155 -0.456764 0)
(0.12278 -0.136518 -2.28886e-19)
(-0.00621471 -0.0170111 0)
(1.10205 -0.184389 -1.21055e-19)
(-0.0370503 -0.151054 -3.37764e-19)
(-0.612998 -0.287737 2.83045e-19)
(0.747196 -0.192121 7.22124e-20)
(1.98531 -0.259661 5.99926e-20)
(0.421133 0.404164 0)
(0.713681 -0.318397 -9.00358e-20)
(-0.452943 0.144108 7.62545e-19)
(2.07606 0.436111 0)
(1.02142 0.575718 0)
(-0.11853 -0.0735547 -1.9089e-19)
(1.44799 -0.318153 -1.6192e-19)
(0.883453 -0.255674 -9.88484e-20)
(1.4172 0.330204 5.259e-19)
(1.64718 0.0679712 -1.72991e-19)
(0.938918 0.400308 -1.80088e-19)
(1.05025 0.648407 -1.87923e-19)
(1.98916 -0.452575 7.23919e-20)
(-0.249217 -0.294067 -1.39026e-19)
(1.02468 0.000889269 2.87215e-19)
(1.6161 0.157505 9.17817e-21)
(1.24392 0.309505 -2.60521e-19)
(1.00965 0.0367768 7.99901e-21)
(-0.420443 -0.0197203 1.28842e-19)
(-1.30398 0.145229 0)
(-0.629853 0.479534 0)
(0.627151 0.21149 0)
(1.88682 -0.292222 8.74244e-20)
(-0.350304 -0.455517 -2.38058e-19)
(0.475816 0.369099 0)
(-0.0188601 -0.0271178 1.23167e-19)
(1.64933 -0.386981 -4.24429e-20)
(-0.0981563 -0.0637741 -1.94637e-19)
(0.996705 0.6719 2.28159e-19)
(0.981656 0.29046 8.60505e-20)
(-0.570576 -0.150372 9.52856e-20)
(0.869345 0.774318 -2.05196e-19)
(1.24101 -0.288418 6.70961e-20)
(0.960658 -0.00670951 -2.67949e-19)
(1.08585 -0.0502089 -9.69256e-20)
(0.767181 0.265091 0)
(0.124994 -0.0497518 0)
(1.19442 -0.170121 5.46816e-20)
(1.42167 -0.306856 -1.32617e-19)
(-0.928698 0.320293 -6.13802e-21)
(1.04453 0.245471 2.09686e-19)
(1.25665 1.00621 0)
(0.576387 0.140015 -9.46012e-20)
(0.141322 -0.373652 -6.10367e-20)
(0.765199 -0.32211 3.76406e-19)
(0.789015 -0.294046 -1.24984e-19)
(1.4374 0.227225 2.45938e-19)
(-0.534472 -0.0832055 1.01897e-19)
(-0.716127 -0.240766 -1.18725e-19)
(0.482852 0.469998 4.45538e-19)
(-0.498152 0.0807079 -3.06755e-19)
(1.55007 0.0624749 -4.17767e-20)
(1.00319 -0.290981 3.05434e-19)
(-0.0156232 0.0425174 -3.01429e-19)
(0.555741 0.376731 -3.28028e-19)
(0.871349 0.482242 0)
(-0.0270419 0.0444297 -9.81441e-20)
(-0.237323 0.25705 -2.06425e-19)
(-0.123548 0.316888 -1.72126e-19)
(-0.00332903 0.0147698 -1.02113e-19)
(1.07435 0.0335471 -8.19305e-20)
(-0.252353 0.4818 -1.06481e-19)
(0.889695 0.518508 1.1351e-19)
(1.3819 0.818718 3.71661e-20)
(0.701215 0.648817 0)
(0.974413 0.634412 0)
(-0.109452 0.0064609 -1.40423e-19)
(-0.607223 0.0116488 0)
(0.929336 0.526309 -1.13582e-19)
(-0.00803464 0.00526951 0)
(1.52 0.163428 1.49531e-20)
(0.681354 -0.0292227 6.20135e-19)
(-0.0423637 -0.0620431 3.60348e-22)
(-0.0173054 0.0574385 0)
(0.536605 0.508172 0)
(-0.778392 0.394198 1.97131e-19)
(-0.238295 0.272989 8.3326e-20)
(1.89853 -0.327904 -2.48286e-20)
(-0.436835 -0.462226 2.33674e-19)
(0.565028 -0.0807725 -5.21531e-19)
(2.19104 -0.477473 4.11201e-20)
(1.74964 -0.232489 -2.43773e-20)
(-0.0465228 0.0777342 -8.69766e-20)
(0.376398 -0.365749 -3.47812e-19)
(-0.0737694 0.107327 1.4817e-19)
(-0.292455 0.295344 0)
(0.753676 0.688948 2.27838e-20)
(1.02491 -0.193033 -3.62596e-19)
(-0.105833 -0.0631624 1.23123e-22)
(0.581328 -0.165337 0)
(0.610803 0.574342 -2.66081e-20)
(0.475688 -0.463341 2.57237e-19)
(-0.253534 0.315764 4.57314e-22)
(0.382666 0.368101 -3.56163e-19)
(1.75927 0.58443 0)
(2.18629 -0.347411 4.08392e-19)
(-0.220802 0.279619 0)
(-0.303912 0.416057 -1.15299e-19)
(-0.100102 0.155415 6.65042e-20)
(0.401268 0.376391 2.79017e-19)
(0.783355 0.717717 -2.4652e-19)
(-0.183517 -0.283101 2.63717e-19)
(-0.070118 0.116669 -1.51916e-19)
(-0.277985 -0.328174 -2.46804e-19)
(0.817012 0.302149 0)
(-0.246814 0.156813 -9.16045e-20)
(0.461924 -0.42398 2.82925e-19)
(-0.0716421 -0.047019 -2.3243e-19)
(1.25998 0.235842 -1.70053e-19)
(0.0073863 -0.00229259 5.12317e-20)
(0.766014 0.706851 0)
(0.690251 0.645627 0)
(0.836057 0.753139 -2.06049e-19)
(0.87079 0.782579 6.63476e-20)
(1.43318 -0.830552 -5.66431e-20)
(-0.301994 0.230886 -1.68691e-21)
(0.895458 0.441113 0)
(-0.17032 0.209257 -4.98469e-20)
(1.44889 0.959467 -2.44447e-19)
(1.14393 -0.2802 1.74218e-19)
(1.53267 -0.481724 0)
(0.426409 -0.395041 4.14707e-21)
(1.96035 -0.353957 -1.8951e-19)
(-0.343382 0.365099 -1.45453e-19)
(-0.221978 0.436792 0)
(0.00172292 0.00749278 -2.26978e-19)
(0.845403 0.756363 8.69982e-20)
(0.763802 0.423094 1.1831e-19)
(0.0067643 0.000730996 -2.82672e-19)
(0.549642 -0.535368 0)
(1.60215 -0.45305 0)
(-0.0161479 0.031512 8.47124e-20)
(0.337068 -0.31086 -5.19723e-19)
(-0.296253 -0.3607 -1.60019e-19)
(-1.26158 0.150154 -5.10842e-19)
(0.543261 -0.138828 2.90754e-19)
(-0.00230744 0.0201471 9.26824e-20)
(0.91114 0.803764 0)
(-0.323638 0.103849 1.5303e-19)
(-0.00205049 -0.0146721 -9.35248e-20)
(0.00800948 -0.00499658 4.30142e-20)
(0.404249 -0.35559 1.69605e-19)
(0.000691877 -0.0669834 -1.73694e-19)
(0.673674 -0.189818 2.80554e-19)
(0.0118483 -0.010126 -4.7593e-20)
(-0.563369 0.0843575 -2.05319e-19)
(0.758168 0.302882 0)
(1.94221 -0.19745 4.14905e-20)
(-0.390133 0.235631 1.37614e-19)
(0.958718 0.806414 2.64728e-19)
(-0.418672 -0.465687 3.38874e-19)
(0.963507 0.848935 -4.86062e-21)
(2.04879 -0.353647 -6.40331e-21)
(-0.00528299 0.0211872 1.39883e-19)
(1.17902 -0.29352 -4.04225e-21)
(-0.0963215 -0.468612 2.23957e-19)
(-0.00658321 0.0303396 1.38016e-19)
(0.0046763 -0.0176643 1.66091e-19)
(-0.0233522 -0.0204152 -1.65183e-19)
(-0.116933 -0.072355 2.49276e-19)
(1.15253 -0.290457 8.10829e-20)
(1.06704 0.920583 3.44569e-21)
(2.0566 -0.278182 2.28625e-20)
(-0.0270526 0.0552054 1.85698e-19)
(0.633958 -0.152099 0)
(1.27341 -0.454618 0)
(-0.271928 0.310781 0)
(1.05737 0.792143 1.97693e-19)
(1.70812 -0.796428 3.5606e-20)
(0.00646389 0.0855946 -1.04516e-19)
(-0.0638427 -0.0571226 1.55768e-19)
(-0.0136502 0.0343067 0)
(1.71084 -0.215018 -5.23637e-20)
(0.439214 0.41388 -5.05404e-19)
(-0.18004 0.336303 -1.25525e-19)
(-0.143108 -0.0857513 -2.27682e-19)
(-0.590013 0.506001 2.2379e-19)
(2.02487 -0.324612 0)
(1.32209 0.999446 -2.67018e-21)
(-0.13003 -0.0786579 -1.11754e-19)
(0.484734 -0.12507 0)
(0.611904 -0.0737212 -2.99427e-19)
(1.04765 0.859414 0)
(-0.672994 0.0195932 1.91904e-19)
(-0.12337 -0.0713612 2.17828e-19)
(0.926032 0.806977 -1.06283e-19)
(-0.119695 -0.0748229 1.06794e-19)
(0.462119 -0.0818054 -1.82849e-19)
(0.992501 0.85614 0)
(0.492584 -0.467087 -6.41679e-20)
(0.863953 0.737569 1.38981e-19)
(0.51206 -0.449621 -2.5807e-19)
(1.05754 0.908151 0)
(0.268434 0.0767597 -4.56114e-20)
(-0.711179 -0.0504325 1.78379e-19)
(1.13365 0.939806 5.79945e-21)
(-0.278418 0.377821 -2.00455e-19)
(1.31779 0.991337 1.76841e-20)
(1.70483 -0.657666 -2.84575e-20)
(-0.0018531 0.00975951 1.82388e-19)
(0.651532 -0.1076 -1.23911e-19)
(1.79342 -0.143938 0)
(1.15077 0.944575 5.09047e-20)
(2.04729 -0.167658 0)
(0.853656 -0.247723 3.41964e-19)
(-0.748043 0.105101 -3.38007e-19)
)
;

boundaryField
{
    frontback
    {
        type            empty;
    }
    Top
    {
        type            noSlip;
    }
    outlet
    {
        type            zeroGradient;
    }
    bottom
    {
        type            noSlip;
    }
    Inlet
    {
        type            fixedValue;
        value           uniform (1 0 0);
    }
    rectangle
    {
        type            noSlip;
    }
}


// ************************************************************************* //
