/*--------------------------------*- C++ -*----------------------------------*\
| =========                 |                                                 |
| \\      /  F ield         | OpenFOAM: The Open Source CFD Toolbox           |
|  \\    /   O peration     | Version:  2306                                  |
|   \\  /    A nd           | Website:  www.openfoam.com                      |
|    \\/     M anipulation  |                                                 |
\*---------------------------------------------------------------------------*/
FoamFile
{
    version     2.0;
    format      ascii;
    arch        "LSB;label=32;scalar=64";
    class       volVectorField;
    location    "15.2";
    object      U;
}
// * * * * * * * * * * * * * * * * * * * * * * * * * * * * * * * * * * * * * //

dimensions      [0 1 -1 0 0 0 0];

internalField   nonuniform List<vector> 
2186
(
(1.336 -0.0630008 1.8026e-19)
(1.63293 -0.956257 -1.05815e-19)
(1.4783 -0.931384 -8.42181e-23)
(0.752229 -0.595975 -1.24281e-19)
(-0.395169 0.563918 -1.97903e-19)
(1.1798 0.0314945 0)
(0.736169 -0.679761 0)
(-0.335484 -0.470135 1.26419e-19)
(1.48939 -0.271441 2.13101e-19)
(0.562685 -0.334821 -2.38439e-21)
(0.662049 0.595258 0)
(0.802469 -0.280929 -1.45919e-19)
(-0.379332 -0.484171 -5.07047e-20)
(1.19025 0.0239685 -3.16589e-19)
(1.82167 -0.7043 -1.12666e-19)
(1.00929 -0.00487883 1.49829e-19)
(0.988321 0.0118964 0)
(-0.65742 0.593282 0)
(1.21817 0.065435 0)
(-0.0701273 0.209013 -6.81413e-20)
(0.479657 0.0608222 -1.01712e-19)
(-0.234315 0.139699 9.27139e-20)
(1.17538 0.0235456 2.61924e-19)
(-0.216488 -0.00113763 5.56687e-21)
(1.02896 0.0102892 -2.05658e-19)
(0.802925 -0.570615 0)
(0.763333 -0.0431025 1.26175e-19)
(0.623099 -0.602149 -1.40626e-19)
(1.1955 0.698815 0)
(0.966091 0.0244944 -2.81265e-19)
(-0.0197147 0.0247534 0)
(1.02522 -0.0128245 9.72648e-21)
(-0.0482028 0.271118 0)
(2.51017 0.163401 2.36154e-19)
(-0.100494 -0.185607 3.39394e-21)
(1.51966 0.768615 4.45732e-20)
(1.83337 0.154934 1.45039e-19)
(0.50354 0.109894 -3.03052e-19)
(1.88116 0.343525 -3.54193e-19)
(1.06182 0.0673753 1.05604e-20)
(-0.415589 -0.476663 0)
(-0.205904 0.105709 0)
(1.89657 -0.900926 9.74954e-20)
(-0.390579 0.140388 0)
(1.1034 0.273846 1.31546e-19)
(0.603865 -0.315979 2.46066e-19)
(0.937453 -0.799211 0)
(1.20563 -0.801146 8.23737e-20)
(2.41146 -0.383409 0)
(-0.360997 0.718921 2.02182e-19)
(-0.00869543 0.0814835 1.00737e-19)
(0.61643 0.568252 6.8961e-20)
(2.09199 -0.787779 1.23225e-19)
(0.584569 0.249321 -2.43446e-19)
(-0.252757 0.136925 3.41607e-20)
(0.77736 -0.662964 0)
(1.6806 -0.985404 1.85763e-20)
(0.59257 -0.552406 0)
(2.3227 0.300548 1.14353e-19)
(1.15367 -0.167101 -2.92148e-19)
(1.84644 -0.110256 1.67071e-19)
(1.33774 0.29725 -1.46538e-19)
(1.33114 0.521454 0)
(0.843778 0.124727 -1.15688e-20)
(1.35052 0.379531 -8.55465e-20)
(1.27174 -0.744248 -1.09641e-19)
(1.15515 0.64913 4.42487e-20)
(0.678562 0.0559826 -4.89272e-19)
(0.821732 0.0480336 0)
(2.15156 -0.227157 -7.66167e-20)
(-0.329911 -0.515587 -1.48269e-19)
(1.97289 -0.377777 -1.53671e-19)
(0.727202 -0.0555104 -2.14921e-19)
(0.886145 -0.528826 0)
(0.824821 0.171695 -7.91981e-20)
(0.560197 -0.522331 -2.54308e-19)
(2.50424 -0.31487 0)
(1.00537 0.00867429 3.089e-19)
(-0.0839676 -0.281923 0)
(1.92809 0.427947 0)
(0.858808 0.473444 1.47464e-19)
(0.822046 0.0942208 -2.16194e-20)
(1.03433 0.00408537 3.41912e-20)
(1.31133 0.416243 2.21103e-20)
(0.970988 0.0261751 3.58088e-19)
(1.04049 0.0282277 -8.4974e-21)
(0.66381 0.159387 -2.92711e-19)
(1.20332 0.00998119 -8.23611e-22)
(0.396497 -0.125708 0)
(-0.0648279 -0.0354185 1.06091e-19)
(0.874938 -0.634714 -1.35922e-19)
(-0.0983179 0.399246 -1.73927e-21)
(1.1237 -0.0820689 2.06984e-19)
(0.818999 -0.201211 0)
(0.974777 0.0215555 3.42937e-20)
(1.35377 0.63856 0)
(1.6453 -0.971078 0)
(1.28939 0.218009 0)
(-0.430101 0.677761 0)
(0.806111 -0.679514 2.43664e-19)
(0.564847 0.249835 -4.59324e-19)
(0.790947 0.345006 2.88724e-19)
(1.53233 0.198089 0)
(1.14727 -0.109157 -1.89216e-19)
(1.10808 0.0237368 1.53129e-19)
(-0.0639292 0.538952 1.23557e-19)
(0.618976 0.482842 0)
(2.22972 -0.186035 -1.51445e-19)
(0.977756 -0.488406 6.8085e-20)
(-1.56312 0.189511 2.14013e-19)
(1.6945 0.316291 1.18408e-19)
(-0.261835 0.693439 -2.89535e-19)
(0.831386 -0.755421 0)
(0.549355 0.322603 1.47835e-19)
(1.68835 -0.273855 -6.13828e-19)
(-0.406726 -0.223422 -4.70844e-19)
(1.26332 0.216322 6.69787e-20)
(2.00908 -0.52373 0)
(-0.0867769 -0.0392559 -3.17859e-19)
(0.710777 -0.0921131 6.79008e-20)
(1.53844 0.871676 0)
(-0.276087 0.81283 -3.23903e-19)
(0.869039 0.744673 -2.3334e-19)
(-0.912856 0.470651 4.9357e-19)
(1.02902 -0.0230521 0)
(1.35378 0.232848 -8.43962e-20)
(-0.340374 0.642854 0)
(0.709461 -0.510941 -9.09193e-20)
(-0.796178 0.505234 -2.6421e-19)
(0.803822 -0.733099 0)
(0.448607 -0.306809 3.59928e-19)
(0.555435 -0.474851 2.39528e-19)
(0.420432 -0.380693 0)
(1.00102 -0.795454 -9.68596e-20)
(0.822677 0.375118 0)
(-0.139281 0.823675 -1.58634e-19)
(0.826025 -0.711082 1.15103e-19)
(2.45249 -0.265524 3.36373e-19)
(2.27782 0.186244 0)
(-0.0950186 -0.206885 0)
(0.671296 0.623236 -2.87609e-19)
(1.80918 -0.645197 2.13478e-20)
(-0.223877 -0.290453 0)
(1.00161 -0.820571 -1.07258e-20)
(1.14958 -0.102272 0)
(1.10233 -0.126422 3.29852e-19)
(2.15556 -0.195227 -1.47207e-19)
(-0.431388 0.571998 0)
(1.24424 -0.560939 -4.2107e-20)
(-0.231834 0.350241 -4.265e-20)
(-0.215838 0.488075 0)
(1.1121 -0.827437 1.242e-20)
(1.00635 0.00407278 -5.16108e-19)
(0.66363 -0.497997 -8.97721e-21)
(0.828342 -0.529483 0)
(1.22021 -0.741662 -6.99729e-20)
(0.647708 0.218371 2.28103e-19)
(1.22418 0.103372 0)
(1.48423 0.104594 -1.64101e-19)
(1.21726 -0.87008 -1.34224e-19)
(-0.0790974 -0.179549 -1.17815e-19)
(-0.295892 -0.354142 -2.16877e-19)
(1.06279 0.000771055 1.93454e-19)
(0.929721 -0.476078 -8.56175e-20)
(1.20462 0.0391108 7.62543e-22)
(1.32931 0.0255797 6.11679e-22)
(0.710802 -0.104255 1.29531e-19)
(-0.205238 -0.0421943 -2.85425e-19)
(1.37903 -0.430352 0)
(1.35498 -0.515823 5.01263e-20)
(1.43114 0.642698 1.02219e-19)
(0.822565 -0.62777 -1.7774e-19)
(0.996103 0.00876802 1.05818e-20)
(0.733973 -0.546658 2.49941e-19)
(1.28506 0.789509 9.73109e-20)
(1.86769 0.103957 2.35613e-20)
(-0.474631 0.510177 0)
(1.07679 0.0511732 -2.00318e-19)
(-0.884629 -0.231545 -3.05396e-19)
(1.06094 0.479745 6.75284e-20)
(0.0374286 -0.103069 1.72475e-19)
(1.14761 0.0267584 -3.65524e-20)
(-0.139667 0.198622 -1.65336e-19)
(1.28444 0.575985 -6.05293e-20)
(1.11854 0.870988 0)
(-0.530794 0.517404 -1.06631e-19)
(-0.147846 -0.0375227 0)
(0.63544 0.54243 -2.40778e-19)
(2.0499 0.270897 -2.5715e-20)
(-0.421309 -0.418432 1.68331e-19)
(-0.798099 0.272884 -6.87208e-19)
(0.725904 0.0596113 2.14825e-19)
(2.16728 0.0427675 -6.9714e-20)
(0.994624 -0.36067 -2.52709e-20)
(-0.0308032 -0.0542682 0)
(-0.985128 -0.0750947 3.55802e-19)
(1.30495 0.957161 -7.33188e-22)
(0.840612 0.0647133 -1.17074e-19)
(0.54085 0.506395 1.67115e-19)
(0.415718 0.188477 0)
(-0.215145 -0.454787 -2.55669e-19)
(-0.568442 -0.103377 1.96709e-19)
(1.31692 -0.973461 1.46732e-22)
(0.989176 -0.0402219 -1.60163e-19)
(-0.176818 -0.137241 7.24365e-21)
(-0.130924 0.176276 1.6157e-19)
(-0.307396 -0.12771 -2.05628e-19)
(2.00617 -0.512982 0)
(1.12624 0.0417135 -2.68565e-19)
(2.30657 0.0835282 2.75852e-19)
(1.29879 -0.630477 7.13939e-20)
(0.320477 -0.0694034 1.81694e-20)
(0.578901 0.303421 0)
(0.92557 0.73317 -1.37327e-20)
(0.668687 0.613989 1.56815e-19)
(0.910775 -0.575397 1.22975e-19)
(0.667403 0.479348 0)
(1.02089 0.00137727 6.87101e-21)
(0.897381 -0.676535 1.74977e-19)
(0.827282 0.410526 -3.93958e-19)
(1.2492 -0.109836 0)
(-0.168636 -0.140683 -3.15994e-19)
(-0.0371984 0.393173 -1.00655e-19)
(1.56932 0.718946 0)
(1.3712 -0.95495 -1.25587e-22)
(-0.651271 0.605556 0)
(-0.367082 0.577276 1.23728e-19)
(0.717945 0.633392 -8.41711e-20)
(0.853979 -0.237698 0)
(-0.211279 -0.206711 0)
(1.60188 -0.474897 0)
(-0.880035 -0.225161 6.44981e-19)
(1.23303 -0.899293 8.82102e-20)
(1.19773 -0.614086 4.67578e-20)
(1.08141 -0.168499 -1.30878e-19)
(0.894776 -0.706715 -1.37378e-19)
(0.189977 -0.19421 0)
(-1.22813 0.255582 0)
(1.01741 -0.521057 1.41983e-19)
(-0.167026 -0.304226 0)
(-0.323166 0.745972 0)
(-0.402339 -0.189623 4.0277e-19)
(0.774283 0.651453 7.30217e-20)
(0.994388 0.777505 0)
(0.678299 0.531713 -7.35124e-20)
(0.833423 -0.0539221 -1.92516e-19)
(0.728111 0.541551 -1.96109e-19)
(0.57521 0.533204 -1.4394e-19)
(-0.281914 -0.552614 2.98252e-21)
(0.732696 -0.656927 0)
(0.892062 0.165669 -2.7668e-19)
(-0.374089 -0.522316 6.78833e-20)
(0.588409 0.544639 3.22217e-19)
(0.938523 0.780051 0)
(-0.823683 -0.0618117 4.97437e-19)
(-0.0507317 -0.492885 3.62247e-19)
(0.0380847 -0.395018 -1.89845e-19)
(0.645047 0.548236 -1.27883e-20)
(0.97178 -0.007564 4.99154e-20)
(-0.417915 -0.426896 0)
(2.35368 -0.00866184 -3.45922e-19)
(1.73528 -0.68804 -1.93256e-19)
(0.66467 -0.615407 -6.2199e-20)
(-0.517574 0.440936 1.793e-20)
(1.18312 0.453841 1.48815e-19)
(0.872469 0.401988 0)
(1.06384 -0.182468 1.57764e-19)
(0.134837 -0.550511 -9.46686e-21)
(-0.0486681 0.0927307 3.84005e-19)
(0.931752 0.0195893 -4.40864e-20)
(1.11631 0.132644 0)
(1.958 -0.0632772 -3.45017e-19)
(1.9428 0.127636 0)
(0.534586 0.227467 -4.01047e-19)
(-0.143186 0.212723 0)
(-0.310336 -0.493368 2.90687e-19)
(0.716371 0.0995452 0)
(0.634351 -0.531401 -1.54234e-19)
(1.13063 0.0168636 1.75199e-19)
(-0.457758 0.631089 4.61809e-20)
(2.16692 -0.108462 8.74914e-22)
(2.1359 -0.283471 -1.54341e-19)
(1.10638 0.224487 -1.84174e-19)
(-0.385581 -0.496471 -1.31771e-19)
(1.09372 -0.865427 0)
(0.80402 0.0132278 -1.27557e-19)
(0.937321 -0.392451 -2.42812e-19)
(1.75399 -0.593076 -9.54127e-21)
(1.75108 0.0223732 3.20256e-19)
(1.07067 -0.00878226 3.22104e-19)
(0.0941269 -0.466798 -1.87751e-19)
(1.00996 -0.450951 -1.0329e-19)
(0.200391 -0.193115 2.18196e-19)
(1.00615 -0.007575 0)
(1.00401 -0.00661324 0)
(1.19446 -0.700456 7.79985e-20)
(-0.0474061 0.744134 -1.05955e-19)
(0.176256 -0.120328 -1.53422e-19)
(1.92763 -0.136751 1.73659e-20)
(1.26959 -0.32684 0)
(2.07462 0.0286211 -1.86093e-19)
(0.96008 -0.835681 -5.38118e-20)
(1.81793 -0.581157 -9.30735e-20)
(1.08574 0.820746 0)
(0.482661 -0.465692 0)
(0.585899 0.495638 -1.53748e-19)
(1.08895 0.277758 -3.38509e-19)
(2.30791 -0.274808 4.99046e-22)
(0.863406 0.151574 1.18902e-19)
(-0.0873476 -0.414397 -5.45136e-19)
(1.05826 -0.191024 -4.11768e-20)
(-0.3533 -0.327886 0)
(-0.0840358 -0.208141 0)
(-0.457672 -0.318365 0)
(1.36242 -0.736527 -5.02225e-20)
(-0.22595 0.493222 -2.30046e-19)
(-0.0564325 0.148463 0)
(1.26631 0.958939 -2.11676e-20)
(1.10467 0.146092 -3.52719e-19)
(1.74977 0.466305 -4.51544e-20)
(1.05961 0.904999 6.07052e-20)
(-0.230165 0.682153 1.48615e-19)
(0.52405 -0.0877623 0)
(-0.460026 -0.254872 -3.48749e-19)
(-0.296606 0.650686 2.80165e-19)
(0.779424 0.0214651 1.57926e-19)
(1.50832 0.934701 2.16722e-20)
(1.5941 0.448346 -1.77581e-20)
(-0.142445 0.366773 -3.55581e-21)
(0.758957 -0.69219 -2.94643e-20)
(1.12945 0.00553507 0)
(1.72932 -0.0629563 0)
(1.0539 0.0533245 0)
(-1.34773 0.263814 -2.06254e-19)
(-0.454524 -0.324694 1.27373e-19)
(1.02704 0.826529 0)
(0.999677 -0.00934808 4.30782e-19)
(0.749419 0.583649 -1.96339e-19)
(-1.72466 0.0681733 -1.95166e-19)
(0.864281 0.0110813 -3.52014e-20)
(0.727681 -0.66371 -1.77958e-19)
(1.36755 0.697892 -2.20441e-20)
(0.576752 -0.471451 -2.49695e-19)
(1.12339 -0.00102789 -3.874e-19)
(0.822297 0.0396668 3.7245e-20)
(1.53867 -0.179225 3.91657e-20)
(1.13455 -0.125113 -4.40379e-20)
(-0.0666011 -0.097291 -2.44875e-22)
(1.06799 0.456769 -2.25049e-19)
(1.29333 0.603219 8.23101e-20)
(-0.0464014 -0.450324 0)
(-0.126598 -0.32952 2.00641e-19)
(-0.229591 -0.163578 1.3296e-19)
(-0.195829 -0.0741414 -1.47134e-19)
(0.457853 0.285108 0)
(1.40823 -0.710027 0)
(0.0284702 -0.0266137 -1.39989e-19)
(-0.327089 -0.546563 -7.44936e-20)
(1.0463 -0.0302067 1.53604e-19)
(-0.424136 0.487779 -4.93701e-20)
(1.67528 -0.333003 -6.44757e-19)
(-0.0697469 0.758628 0)
(0.848138 -0.751337 -2.37395e-19)
(0.793707 -0.141821 6.28325e-20)
(-0.533791 -0.335025 1.8977e-19)
(0.716268 0.146983 2.85042e-19)
(0.617601 0.114665 9.26764e-20)
(0.511737 -0.485443 1.70744e-19)
(-0.248531 -0.34718 -1.53184e-19)
(1.4484 0.47315 0)
(0.374435 0.315927 -1.70526e-19)
(1.02464 -0.0162169 -2.44515e-19)
(-0.890597 0.255002 2.67994e-19)
(1.40459 0.481556 -8.74532e-20)
(-0.193139 -0.37417 -5.81551e-20)
(0.699579 -0.638856 -1.87837e-20)
(0.814098 0.179487 -1.77541e-19)
(0.963193 0.414437 1.93613e-20)
(1.15549 -0.143395 2.83283e-20)
(0.611578 -0.254195 -2.58152e-19)
(2.04245 -0.385784 -2.01509e-19)
(1.32719 -0.192107 0)
(1.34914 0.426935 -3.08293e-20)
(1.76871 0.112079 -2.06316e-20)
(0.921473 -0.255979 1.53065e-19)
(0.905277 0.337067 -1.89455e-19)
(0.893268 0.0785618 3.80638e-20)
(0.401304 0.366721 -2.20339e-19)
(-0.211632 0.491011 3.04934e-19)
(2.00558 -0.183354 0)
(0.930033 0.00467118 0)
(0.888659 -0.785825 4.396e-20)
(-0.0495841 -0.570999 -3.96152e-19)
(-0.971404 0.212084 -3.45386e-19)
(-0.0921691 -0.147171 -2.50385e-19)
(-0.442418 0.776609 -1.95352e-19)
(-0.399085 -0.320772 0)
(-0.0672908 -0.150752 4.46337e-20)
(0.203647 0.484908 -9.41553e-20)
(-0.151484 0.203869 -3.69595e-19)
(0.803628 -0.128814 0)
(1.48413 -0.652142 7.53132e-20)
(-0.232137 -0.230168 0)
(0.99272 0.0238613 3.10567e-19)
(-0.259905 -0.395986 2.26446e-20)
(0.552574 -0.444004 3.34636e-19)
(-0.930154 -0.227406 5.06188e-19)
(-1.69405 0.0453588 0)
(0.257038 0.695891 1.17095e-19)
(1.00546 0.0201359 -9.31899e-21)
(-0.182858 -0.142654 0)
(1.00608 -0.00604605 -4.84276e-20)
(0.875446 -0.738833 -2.3077e-19)
(1.4508 -0.798507 0)
(0.942818 -0.291734 1.73285e-19)
(0.126752 0.775776 2.70662e-19)
(-0.0124566 -0.0119253 0)
(-0.273082 -0.386132 -7.27696e-21)
(0.739023 -0.646193 -3.52591e-19)
(0.965508 -0.0301461 -2.20766e-19)
(-0.075377 -0.588285 5.0351e-19)
(-0.242831 -0.487316 1.78851e-19)
(-0.377587 -0.33405 0)
(0.943063 0.461589 0)
(-0.464785 -0.402382 2.40281e-19)
(1.88424 0.0798586 -2.52154e-19)
(1.05521 0.879551 1.46453e-20)
(1.06484 0.207847 -1.04109e-19)
(1.15796 -0.00320039 -1.81092e-19)
(1.05168 -0.0767962 -6.18285e-20)
(-0.0914517 -0.577783 -4.61875e-19)
(2.03021 0.06497 5.46033e-19)
(0.673268 0.0263633 1.71385e-19)
(1.97247 -0.0961916 1.64949e-19)
(1.0582 -0.140439 0)
(-0.155607 0.419944 4.40911e-19)
(1.13062 0.0260875 -4.20874e-19)
(1.72725 0.620986 -9.55129e-21)
(0.749939 -0.47003 -1.36105e-19)
(-0.0699649 -0.0332493 2.3768e-19)
(0.811324 -0.711525 3.04887e-19)
(1.22704 0.193291 6.03554e-20)
(1.00421 -0.00770516 2.14632e-19)
(0.0110242 -0.436908 -2.05396e-19)
(1.02662 0.0106133 0)
(1.57808 0.165567 -2.16124e-19)
(-0.0230656 -0.018554 0)
(1.02429 0.0143549 -1.26028e-19)
(-1.36216 -0.158073 -7.03819e-19)
(1.67783 0.328875 1.53248e-20)
(-0.352316 -0.135099 1.72793e-19)
(1.61247 0.00633902 -2.39868e-20)
(1.0132 -0.0161871 4.43758e-20)
(1.34637 -0.0882363 0)
(1.47292 -0.621368 -8.36413e-20)
(1.02212 0.0281754 -1.31267e-19)
(1.42239 0.778338 -2.81249e-20)
(1.38623 -0.0587542 0)
(0.707113 -0.145946 -1.45797e-20)
(0.0276434 -0.0288865 0)
(1.36274 0.049573 0)
(-0.445711 -0.383261 0)
(1.23207 0.430076 0)
(1.83145 0.31639 5.60183e-20)
(0.722721 0.596032 3.43943e-19)
(0.29698 -0.298762 -2.02105e-19)
(-0.297747 -0.559931 -4.31388e-19)
(-0.0290111 -0.0559795 0)
(1.54587 -0.524773 8.65549e-20)
(1.30635 0.511121 0)
(1.43642 0.297184 0)
(-0.486665 -0.21673 1.54086e-19)
(0.791567 0.698046 1.07582e-19)
(1.69738 -0.0239562 0)
(-0.377143 -0.443942 9.69357e-20)
(0.897666 0.21321 1.62425e-19)
(1.65958 -0.439706 -4.31868e-20)
(1.22094 0.91221 3.38569e-20)
(0.937097 -0.84322 -2.01749e-20)
(0.961789 -0.186222 -2.18985e-20)
(0.778127 0.702194 1.09819e-19)
(1.15848 0.910822 0)
(2.24698 -0.3961 1.70669e-19)
(1.19435 0.640764 0)
(1.3585 -0.555717 2.69223e-20)
(0.896588 0.0751311 1.87542e-19)
(1.00667 -0.0045057 0)
(-0.122892 0.180017 4.22108e-19)
(0.893282 -0.190204 4.04304e-20)
(0.639993 -0.426926 0)
(0.676886 -0.399821 1.80744e-19)
(1.22664 0.545753 -2.73443e-20)
(0.46038 0.43293 2.40351e-19)
(-0.184813 0.282816 4.41036e-20)
(0.0614035 0.0234909 9.52081e-20)
(0.764935 0.0631124 0)
(1.34362 -0.914801 -3.00426e-20)
(1.04146 -0.0429893 3.40699e-19)
(1.46183 0.323583 1.50165e-19)
(-0.389551 -0.42668 8.37758e-20)
(-0.954835 -0.235305 0)
(1.24609 -0.245781 -9.00391e-20)
(-0.0114131 -0.015035 -2.05366e-19)
(-0.0316494 0.104874 -5.64221e-20)
(-0.124851 0.0308488 -5.0429e-22)
(-0.200189 0.084115 3.10613e-19)
(1.26834 -0.0470383 -8.94361e-22)
(2.39137 -0.0547447 4.63198e-19)
(1.18493 0.454933 -2.39977e-19)
(0.880905 -0.0355639 0)
(1.93006 -0.113003 3.02572e-19)
(1.85917 0.11955 1.42042e-19)
(0.926629 -0.777642 1.11123e-19)
(1.17374 -0.990079 -1.21182e-20)
(0.465285 0.430869 1.60628e-19)
(1.43956 0.352532 0)
(1.73674 0.578065 4.33076e-20)
(-0.0170974 -0.0303089 -4.18482e-19)
(0.867858 0.756001 0)
(1.26657 0.356566 0)
(0.298343 -0.29828 -3.78583e-21)
(0.307601 0.277324 0)
(-1.28513 -0.0776796 -4.81387e-19)
(-0.282023 0.467338 -1.2854e-19)
(1.75075 -0.438899 0)
(1.26691 0.0819681 1.13231e-19)
(-0.693356 0.233201 2.89617e-19)
(0.543548 -0.516224 -3.86006e-19)
(1.99134 -0.0968321 -5.99562e-20)
(0.622138 -0.564972 0)
(1.0257 0.11858 0)
(1.3596 -0.25129 0)
(1.11299 0.223189 -1.94969e-19)
(1.3296 0.109237 2.73978e-19)
(-1.39775 0.0752893 0)
(0.880982 -0.0635248 0)
(2.07832 -0.129085 6.7271e-21)
(-0.0768614 0.17046 1.06929e-19)
(2.58387 -0.148238 -3.65812e-19)
(1.07514 -0.520717 2.14288e-19)
(2.01846 -0.0332187 -3.72591e-19)
(-1.12311 0.291784 -2.22314e-19)
(2.0251 0.135392 -2.56634e-19)
(1.01749 -0.0261352 3.49557e-19)
(1.50398 0.599919 0)
(-0.324411 0.616141 3.44957e-20)
(1.02027 -0.841904 1.30857e-19)
(0.861758 -0.0237073 4.11459e-20)
(0.645058 -0.449294 0)
(1.92974 -0.558145 1.01916e-20)
(1.23028 -0.194608 1.15674e-19)
(1.55517 -0.62487 0)
(0.618465 -0.574068 3.51307e-19)
(0.617382 0.113514 -3.68308e-20)
(2.47223 -0.14873 6.746e-19)
(-0.112022 0.269521 -2.22993e-19)
(1.32009 0.609304 1.16125e-19)
(1.1401 0.396766 3.07024e-21)
(0.892349 0.365465 1.92738e-19)
(1.95791 0.140703 -2.62487e-19)
(-0.130621 -0.544585 -5.69913e-21)
(0.901667 -0.171935 0)
(-0.15366 -0.0960518 3.91158e-19)
(1.10741 -0.964212 0)
(1.07927 -0.661631 1.70439e-20)
(1.20919 0.000877977 -7.42232e-19)
(1.36472 0.0516563 -8.76632e-23)
(-0.674906 -0.179069 -4.37271e-19)
(0.974336 0.471555 1.48745e-19)
(-0.28303 0.279774 2.28163e-19)
(0.703328 -0.0369328 0)
(1.67646 -0.171225 0)
(1.42741 0.157728 2.28574e-20)
(0.765418 -0.0113945 0)
(1.38324 -0.213585 -1.19026e-19)
(-1.64611 0.142855 6.33847e-19)
(1.90705 0.498301 3.62409e-20)
(1.04642 -0.027675 0)
(0.5626 -0.370919 8.86786e-20)
(1.009 0.0229998 1.66669e-19)
(0.71623 0.787637 -2.17476e-19)
(-0.469301 0.781764 0)
(1.12907 -0.484919 3.87419e-19)
(1.51575 -0.107643 -4.14653e-22)
(1.11728 -0.505739 -1.68855e-19)
(2.34435 0.264744 2.0395e-19)
(1.2719 0.778036 0)
(0.864724 0.0209854 0)
(-0.4207 -0.368676 -2.07872e-19)
(0.0290242 -0.0255532 1.57461e-19)
(0.937883 0.360551 -1.77182e-19)
(0.209097 -0.366628 -1.84908e-19)
(0.633575 0.388442 2.11203e-19)
(0.805172 -0.100673 0)
(0.547546 -0.508846 0)
(1.04539 -0.161533 3.4738e-21)
(1.25252 -0.514673 -7.5598e-20)
(0.629645 -0.0372535 1.49656e-20)
(0.731186 -0.173087 1.01676e-19)
(-0.0410159 0.0869029 -2.82455e-19)
(1.36872 0.210799 3.68305e-19)
(0.64633 0.601355 0)
(1.25624 0.683889 0)
(1.58654 0.259277 0)
(-0.480907 -0.294951 -1.9153e-19)
(1.23031 0.549924 2.15584e-19)
(2.01257 0.0857493 5.84828e-20)
(0.935872 -0.00187253 0)
(1.29593 -0.428515 0)
(2.20852 -0.104383 -4.20766e-19)
(0.634236 0.409414 2.49386e-19)
(1.0082 0.00157879 -1.66722e-19)
(1.47839 0.462415 0)
(-0.312598 0.747316 0)
(1.23909 0.315095 2.37409e-19)
(1.00896 0.514673 -1.09466e-19)
(1.06801 0.0215361 0)
(1.70784 0.212131 0)
(1.94645 0.671693 -3.22873e-19)
(-0.115444 0.484397 -2.62329e-21)
(0.998478 0.0135924 0)
(0.693895 0.454099 -2.88731e-20)
(0.950705 -0.837779 0)
(1.01294 0.0162349 3.86493e-20)
(1.02883 -0.41578 4.35929e-20)
(0.910522 -0.337414 2.54941e-19)
(0.991325 -0.193195 -6.03503e-20)
(2.21928 -0.133035 4.27759e-19)
(1.24354 0.136156 8.82921e-20)
(0.779587 -0.0230303 0)
(1.02009 0.0111607 0)
(-0.684204 -0.349818 0)
(0.651933 0.623485 -1.59412e-19)
(-0.00486935 0.0298537 1.90819e-19)
(1.1622 0.339005 -3.81669e-19)
(-0.593646 0.533134 0)
(0.812429 0.624474 1.43946e-19)
(1.01958 -0.350653 0)
(1.00489 -0.00153481 9.75704e-20)
(0.225186 0.0418183 6.48314e-20)
(1.02422 0.397426 2.16436e-19)
(1.4979 0.248344 0)
(2.18815 0.22471 -1.03724e-19)
(0.825938 -0.123812 -3.10157e-19)
(-1.26127 -0.0305512 -6.61789e-19)
(1.11061 0.273531 0)
(0.869673 0.237382 1.5068e-19)
(2.07486 -0.137718 0)
(0.761482 0.503765 3.12591e-19)
(-1.66164 0.11634 2.66136e-19)
(-0.0236489 0.0796731 0)
(0.576497 0.546998 -6.07035e-20)
(1.04053 -0.64915 -1.19771e-19)
(0.489346 -0.273833 -1.05763e-19)
(1.02188 -0.0207112 0)
(-0.42635 0.43672 -2.91773e-19)
(0.649063 -0.58011 6.81984e-20)
(0.893634 0.284023 0)
(1.6278 -0.691201 1.08107e-19)
(0.965959 0.821929 2.00441e-20)
(1.05276 -0.364444 -3.34014e-20)
(0.252719 -0.288379 -2.91608e-19)
(0.238608 -0.0826824 -4.82812e-19)
(-0.126917 -0.288551 1.08223e-20)
(0.807982 0.347763 2.12526e-19)
(-0.242755 0.53605 -5.74044e-21)
(1.43732 -0.660493 3.62298e-21)
(1.02503 0.00605174 -2.8874e-19)
(-0.556426 -0.273798 0)
(1.02901 0.0270829 -3.41574e-19)
(2.13292 0.239001 2.18237e-19)
(0.870714 0.672051 2.39322e-19)
(1.13133 -0.0742543 1.32342e-19)
(1.00201 -0.0348288 1.33696e-19)
(1.42536 0.0588701 1.50018e-22)
(-0.33513 -0.347419 2.11179e-22)
(1.74894 -0.887883 1.53929e-20)
(1.15128 -0.140162 -5.73916e-20)
(0.804218 0.0459134 6.54518e-20)
(0.914974 -0.309304 7.55667e-20)
(0.786168 0.178272 0)
(0.944896 0.717158 0)
(0.716997 0.266107 -7.72957e-20)
(2.06144 0.199875 -3.58103e-20)
(-1.18701 -0.0801223 2.27658e-19)
(1.04264 -0.546156 -4.14892e-19)
(0.627871 -0.54696 3.29465e-19)
(1.21064 0.285609 -1.73243e-19)
(0.314537 -0.453697 2.1202e-20)
(1.43649 -0.356417 0)
(0.753865 0.105076 -5.83453e-21)
(1.42272 -0.49637 -5.31388e-20)
(1.02255 0.745049 0)
(1.26643 -0.499286 0)
(0.597708 0.141283 0)
(-0.240364 -0.392985 -7.06576e-20)
(-0.142502 0.152543 0)
(1.53289 0.685498 2.86545e-19)
(1.21444 0.180361 5.28267e-21)
(-1.20718 0.137901 2.59206e-19)
(1.61533 0.533891 2.11668e-20)
(1.79528 0.475934 -8.54328e-20)
(2.17133 -0.343408 -4.45485e-20)
(-0.17079 -0.00244787 -2.19442e-19)
(-0.277977 -0.371542 5.42708e-21)
(0.935203 0.0892647 0)
(0.681398 -0.0334855 0)
(0.997974 0.00175559 2.35091e-22)
(-0.510717 -0.283582 0)
(1.53308 0.00242346 -1.46796e-19)
(0.680967 -0.0317106 0)
(1.06164 0.00436076 1.05788e-19)
(0.997176 0.0172411 -3.78846e-20)
(1.3148 0.134478 2.27943e-19)
(1.06307 -0.0178316 -7.79629e-22)
(0.953209 -0.208707 -4.56761e-20)
(1.02711 -0.0361628 3.09472e-19)
(0.682727 -0.62141 1.53198e-19)
(-0.733854 -0.180211 -2.62522e-19)
(1.11028 0.364588 3.99696e-20)
(0.0293113 -0.0189936 0)
(1.1082 0.779044 0)
(1.02856 -0.0100285 0)
(1.01766 -0.785291 -8.10238e-20)
(1.05469 -0.903878 1.30503e-20)
(0.74487 0.0579433 -4.39302e-20)
(0.0217722 0.318019 -8.65982e-19)
(1.25541 -0.266395 7.57696e-21)
(0.595539 -0.403003 -5.40288e-19)
(1.13275 0.430261 -5.24862e-20)
(1.03776 -0.0121547 -5.87204e-20)
(2.10217 -0.347025 1.40043e-19)
(0.381799 0.0578008 -3.77603e-20)
(-0.364964 -0.465001 -1.47056e-19)
(1.10212 0.539197 1.63884e-19)
(-0.0573929 -0.394989 0)
(0.0811328 -0.397083 4.47326e-19)
(-0.0705057 -0.121004 6.44174e-23)
(1.03861 -0.0426755 2.7932e-19)
(1.0273 -0.00197282 -7.16829e-21)
(1.10393 -0.0114132 -7.73211e-20)
(1.25766 -0.0264475 -1.05899e-20)
(1.60569 0.315709 3.78859e-20)
(0.408221 -0.384002 -2.66972e-19)
(0.740351 0.00271609 7.99774e-20)
(1.03729 -0.000675352 -2.04089e-19)
(0.916262 0.22622 -4.11412e-20)
(1.19388 -0.0715746 0)
(1.09595 0.577552 -3.06674e-19)
(1.00426 -0.00446223 7.97206e-20)
(0.657996 0.585341 2.23642e-19)
(1.27711 -0.121231 6.43063e-22)
(1.06202 -0.014781 -2.53783e-20)
(1.12448 0.0139747 7.20167e-22)
(2.54202 0.00245338 2.47769e-20)
(0.134463 0.047085 0)
(1.05391 -0.040449 0)
(1.06006 -0.0338352 4.90851e-19)
(1.00202 -0.00414778 0)
(-0.0449092 -0.087805 0)
(0.962278 -0.587719 0)
(1.00188 -0.000970105 -4.63353e-19)
(1.17403 -0.69109 6.18209e-20)
(1.02397 -0.00369785 9.68429e-21)
(1.32251 0.942737 -1.56323e-20)
(1.50349 0.992049 -6.05145e-20)
(1.17601 -0.0942715 -1.18307e-20)
(1.54144 0.281776 2.2709e-19)
(1.22867 0.256869 0)
(0.0169228 0.58316 0)
(2.19029 -0.0257717 5.47792e-19)
(1.2497 -0.682455 0)
(1.00119 -0.00726268 -1.43758e-19)
(1.01 -0.000502487 2.79204e-19)
(1.42435 0.146861 -5.65973e-20)
(-0.000489227 -0.12268 3.02226e-19)
(0.969149 -0.000311732 1.51477e-19)
(0.29817 -0.0571082 4.75513e-20)
(0.309038 0.0824108 -3.67421e-20)
(1.25633 -0.0608076 -1.35731e-22)
(0.928765 0.0170894 -1.52026e-19)
(1.00113 0.00282619 1.80092e-19)
(1.00063 -0.000228521 1.06368e-20)
(0.789084 -0.0137419 0)
(0.724698 -0.0269236 0)
(0.722547 -0.0286541 6.46159e-22)
(0.700645 -0.0292493 0)
(0.573044 -0.147627 0)
(0.0759404 0.000908993 0)
(0.192362 -0.000621548 3.18956e-20)
(0.394506 0.115289 -1.98761e-20)
(1.08152 0.0993789 0)
(1.31667 0.0333274 -4.4251e-22)
(1.25134 -0.0731156 0)
(0.192431 -0.0067698 0)
(0.0233736 -0.00185406 0)
(-0.00315026 0.0286596 2.58383e-21)
(0.442639 0.126684 7.28836e-20)
(0.791695 0.0243636 0)
(0.797173 0.0200304 0)
(0.966542 0.018476 -1.87494e-19)
(0.824366 0.00767523 3.51432e-19)
(1.00622 -0.00136433 0)
(0.999649 -0.00104774 3.32544e-19)
(1.00047 -0.000427643 -3.55966e-22)
(0.797257 0.0235647 2.97557e-19)
(0.99116 -0.00646295 -1.73945e-19)
(0.355524 -0.0426041 0)
(0.0513554 -0.00352049 3.67759e-20)
(1.00071 -0.00260291 -1.68274e-19)
(0.999996 0.000352995 -2.88442e-19)
(1.06401 -0.143938 0)
(1.00062 0.00144206 0)
(0.999488 0.000142284 0)
(1.35813 -0.235819 2.19854e-20)
(1.13769 0.0033193 8.04694e-21)
(0.889475 0.178998 0)
(-0.385419 0.473721 2.30438e-19)
(-0.837393 0.418269 -4.12886e-19)
(1.02136 -0.0137189 -2.23806e-19)
(-0.398898 -0.448025 -1.33914e-19)
(1.02164 0.00149104 -1.79822e-19)
(1.18626 -0.22195 -7.19223e-20)
(0.806166 -0.48383 2.53606e-19)
(-0.0672346 -0.108557 -1.01438e-19)
(1.02735 0.01104 0)
(1.05081 -0.00979972 -4.87564e-20)
(0.862131 0.0236036 0)
(-0.0145404 0.0277416 2.77588e-19)
(1.22716 -0.614591 0)
(-0.505225 -0.285206 -3.32453e-19)
(0.305251 -0.0302232 -4.6521e-20)
(1.6387 0.680211 3.97835e-20)
(-0.051229 -0.0565778 0)
(1.06411 -0.039974 1.51622e-19)
(1.22894 -0.121572 1.38798e-21)
(0.928186 -0.0159484 2.39631e-19)
(1.01235 -0.00972408 -1.52507e-19)
(1.65163 0.855561 5.71868e-20)
(0.506899 0.473754 0)
(0.428349 0.377176 1.78091e-19)
(1.28557 -0.282668 -5.68172e-21)
(1.14303 0.126053 1.61972e-19)
(1.1013 -0.72064 0)
(1.02287 0.00584461 0)
(1.00121 -0.0194935 -3.51855e-19)
(1.0156 0.014105 -3.41822e-19)
(-0.170046 -0.435694 0)
(1.20421 0.807306 -9.93412e-20)
(1.30282 -0.0994905 -6.84623e-22)
(1.01507 0.00420016 1.31765e-19)
(1.00741 0.0140887 -1.65251e-19)
(-0.53947 -0.199176 -3.26274e-20)
(1.21856 0.00644901 -2.82588e-20)
(1.01671 -0.0166835 5.62335e-19)
(1.18699 0.00206132 0)
(1.83457 0.653315 -6.86865e-20)
(1.01479 -0.0152622 -1.75096e-19)
(1.97475 0.127065 -1.50665e-19)
(1.06275 0.00832149 -4.03722e-22)
(1.0092 -0.0117093 3.5085e-20)
(2.1121 -0.244116 -3.51674e-19)
(1.01697 0.00466487 1.69665e-19)
(1.28298 0.197725 7.17045e-21)
(1.01612 0.00141575 0)
(0.923894 0.14126 4.23134e-20)
(-1.36911 0.151907 6.66897e-21)
(0.996933 0.0220522 1.68694e-19)
(1.036 0.0220662 -6.9012e-22)
(1.24555 -0.0545934 -2.58962e-23)
(1.24724 0.309711 3.33714e-19)
(0.999247 0.0162247 1.15632e-19)
(1.01776 -0.0137202 3.23704e-22)
(1.71868 0.260708 -1.01383e-20)
(1.73956 0.927603 -1.08888e-19)
(0.78677 -0.70562 4.57436e-20)
(0.461561 -0.347162 -2.63005e-19)
(1.00818 -0.0102673 0)
(1.0204 0.00339049 4.22242e-20)
(1.01087 -0.00674219 8.89933e-20)
(1.2381 0.118402 3.46016e-21)
(1.01259 0.00460045 -1.7668e-19)
(1.03071 -0.0280199 2.0135e-19)
(1.0104 -0.00680173 -1.66408e-19)
(1.01509 0.00372688 -5.29454e-22)
(1.01391 0.000377203 -3.52186e-22)
(1.02386 0.0133131 1.68918e-19)
(0.901176 0.0769302 4.35715e-19)
(1.74702 0.616651 0)
(0.497825 0.00936421 2.8049e-19)
(1.01287 -0.00370573 0)
(1.02342 -0.0180895 -4.90527e-20)
(1.52355 0.451411 -5.17469e-20)
(1.8263 -0.0118531 0)
(1.97543 -0.422478 -9.04067e-20)
(1.32081 0.613106 -4.59245e-20)
(0.764615 -0.0140683 0)
(1.97473 -0.0505994 0)
(0.344928 0.328556 -1.51046e-19)
(1.34778 0.043814 5.47121e-22)
(1.01736 -0.00387293 -1.78061e-19)
(1.13383 -0.570091 -4.74822e-20)
(1.28334 0.00468088 -4.69698e-21)
(1.51213 0.471034 0)
(1.30193 -0.256307 0)
(1.78622 0.480327 0)
(0.179469 0.566116 1.02017e-19)
(1.36957 0.199955 2.53828e-20)
(-0.11962 0.162947 0)
(-0.0349999 0.683792 -3.57551e-19)
(1.67459 0.958552 -8.40298e-20)
(1.0084 -0.00325787 -3.48097e-19)
(1.34447 0.112257 4.87032e-21)
(1.02227 0.00623998 2.30095e-19)
(0.699309 -0.0396888 0)
(-0.12603 -0.385628 -3.11885e-20)
(0.598719 0.412362 -2.97357e-19)
(1.74801 0.674381 8.47198e-20)
(0.129757 0.733589 0)
(0.793791 0.0901791 6.06229e-20)
(0.505843 0.48208 4.48283e-20)
(1.16859 0.871041 -2.63829e-20)
(-0.0317072 -0.0195291 1.51365e-19)
(1.02114 0.00935345 0)
(1.46358 0.298631 1.55826e-20)
(1.01033 -0.00455722 1.30738e-19)
(2.4634 0.143554 0)
(1.01037 0.00743087 2.1912e-19)
(0.184043 -0.419526 -2.12939e-19)
(1.02028 0.0114528 -1.3551e-19)
(1.43435 0.228295 0)
(1.78801 -0.476501 4.4849e-22)
(1.0086 0.0056582 -9.10335e-20)
(0.993623 -0.035613 2.40607e-19)
(1.0897 0.0953399 -2.47064e-21)
(1.29474 0.279542 -3.1315e-20)
(-0.150846 -0.0663126 3.95621e-19)
(1.95884 0.357225 2.1059e-19)
(0.892572 0.20588 3.63996e-20)
(0.811687 0.0126524 -3.28968e-19)
(0.80423 0.0228716 0)
(0.999462 0.101834 3.82205e-20)
(1.02277 -0.0135788 -2.63495e-20)
(0.971043 0.0181199 0)
(1.04866 0.00043817 -1.6745e-19)
(0.555299 -0.310503 -5.46002e-20)
(-1.62046 0.0594824 2.96699e-19)
(2.17533 -0.607729 0)
(-1.00131 -0.0429567 -9.01402e-19)
(1.53309 -0.349324 0)
(1.03792 -0.0173964 4.91489e-20)
(1.00289 -0.113475 1.47512e-21)
(1.0155 -0.000902644 1.41298e-19)
(-1.1112 0.159834 5.71037e-19)
(1.01786 0.00282926 0)
(0.991621 0.00392966 -3.42106e-19)
(1.00843 0.00698298 1.79777e-19)
(0.906538 0.123773 0)
(0.830669 -0.159576 -6.35948e-21)
(0.962132 -0.00123116 -1.54157e-19)
(-0.329417 -0.487499 4.68146e-19)
(1.0058 -0.00251132 -1.75409e-19)
(0.998863 0.0220676 -4.12921e-19)
(1.67098 -0.618246 9.72997e-22)
(-0.245507 -0.291518 -1.13846e-19)
(0.792512 0.678518 -1.49266e-19)
(0.793272 0.345955 0)
(1.02043 -0.00889816 3.69276e-19)
(1.03527 -0.0103835 1.94326e-19)
(0.834781 0.34649 -4.83388e-20)
(0.0106047 0.123498 2.91155e-20)
(1.08573 0.00873693 -9.70017e-20)
(1.12672 -0.908344 3.76202e-20)
(1.00773 -0.000231157 1.83188e-19)
(0.942882 -0.683133 1.64069e-19)
(-0.553442 0.438768 4.1924e-19)
(-0.213877 -0.291281 -8.9215e-20)
(0.780022 0.00915568 -5.36085e-20)
(0.711176 -0.179297 -5.86566e-19)
(1.02024 -0.0119143 0)
(1.34488 -0.818793 6.73577e-20)
(1.26224 0.688929 1.23687e-19)
(0.851371 0.122907 0)
(0.0589554 -0.457816 0)
(0.211312 0.761336 0)
(1.03415 0.00883015 7.77872e-20)
(2.22381 -0.0862673 0)
(1.05587 -0.0222952 3.09574e-21)
(-1.16967 0.26333 -2.54311e-19)
(-0.0412933 -0.084991 2.52386e-19)
(-0.260457 0.399875 -3.87994e-22)
(1.43316 0.372426 7.53966e-20)
(0.0126646 -0.444281 5.8793e-19)
(1.11873 0.593443 0)
(-0.532901 -0.335678 -7.25379e-21)
(1.01985 0.0177235 4.79765e-20)
(-0.0955783 -0.0704169 -1.55313e-19)
(0.862011 0.69564 -4.75124e-20)
(-0.0844992 -0.118406 5.94795e-20)
(1.35303 -0.986855 -4.20355e-20)
(0.367292 0.0426208 4.54865e-20)
(1.35894 0.0647638 -5.52203e-22)
(0.164717 -0.079981 -2.1979e-20)
(0.893891 0.0132752 0)
(0.762673 -0.161015 5.97504e-20)
(0.736499 -0.307583 -1.21141e-19)
(0.131661 -0.0930389 -1.90782e-20)
(2.06351 0.296448 0)
(1.04577 0.0215808 1.89009e-19)
(-1.16172 -0.0103689 0)
(1.28672 0.0109243 1.25194e-21)
(-0.030505 0.102748 0)
(0.867904 0.326183 -1.89492e-19)
(1.54429 0.612211 -8.61499e-20)
(-0.143506 -0.262851 -1.83132e-20)
(0.942983 0.0282412 -3.82507e-19)
(1.03685 -0.00194603 0)
(1.11391 0.00907424 9.69486e-20)
(1.46271 -0.271392 0)
(1.89008 -0.436713 0)
(1.02033 0.000268803 -3.36257e-20)
(0.989299 0.0331959 -1.63457e-19)
(1.77551 0.551355 -3.24588e-19)
(-0.125052 0.247734 0)
(1.01901 -0.016712 8.17751e-23)
(0.945913 -0.762837 -1.03208e-19)
(0.635027 0.331008 0)
(1.07038 -0.0266674 -2.41383e-19)
(1.90544 -0.575991 1.21878e-19)
(-0.107286 -0.272208 -1.07428e-19)
(-0.161582 0.573481 1.99344e-19)
(-0.703809 -0.199865 2.2862e-20)
(-0.737326 0.432144 -1.96924e-19)
(-0.0492532 -0.0670595 3.4054e-19)
(1.28897 -0.377067 -8.24197e-22)
(0.299309 -0.398252 3.31116e-19)
(0.964483 -0.718541 1.80567e-19)
(1.09398 -0.901807 0)
(1.01396 0.00401669 -3.96031e-19)
(0.756091 0.20166 -6.43427e-20)
(1.01834 -0.00122305 -1.49078e-19)
(-0.147348 -0.0818835 -1.09831e-19)
(-0.219409 -0.439633 3.71291e-19)
(1.01462 0.0165858 -1.90464e-19)
(0.341973 -0.799457 2.7678e-19)
(0.919822 -0.793981 1.27018e-21)
(1.03903 -0.0107984 -3.17652e-19)
(1.70924 -0.0160066 0)
(-0.432563 0.380648 -1.39832e-19)
(-1.3439 0.111653 -5.01545e-19)
(1.35849 0.445544 0)
(1.10388 0.0797007 0)
(1.05161 0.0197153 2.18614e-19)
(1.61485 0.529983 -2.53506e-19)
(1.22615 -0.0174615 -1.87376e-20)
(1.1424 0.615074 1.38337e-19)
(-0.672498 -0.42508 -2.08933e-19)
(1.04855 0.0141586 1.10535e-19)
(-0.0849227 -0.422423 -2.84255e-20)
(1.21564 0.151399 -3.18115e-19)
(0.00359573 0.305567 0)
(1.00992 -0.277065 -1.57421e-19)
(-0.234353 -0.429196 2.16384e-19)
(1.39231 -0.565743 -1.19804e-19)
(1.0139 -0.0221541 -2.22973e-19)
(0.449896 0.433967 -1.22806e-19)
(1.0948 0.0515352 -3.9207e-19)
(-1.28975 -0.024991 3.7085e-19)
(0.887289 0.0341077 -2.59494e-19)
(0.526302 0.0126269 -1.75541e-19)
(1.00747 -0.0064639 -1.86165e-19)
(0.792174 0.584758 -2.04432e-19)
(-1.24817 -0.385401 -2.23944e-19)
(0.459387 -0.443971 -1.17142e-20)
(0.131616 -0.10341 1.12527e-19)
(0.838444 -0.50795 -8.73716e-21)
(1.84687 -0.556182 0)
(1.11115 -0.863807 0)
(0.719308 -0.163746 -1.74908e-20)
(0.897194 0.0461441 0)
(0.735947 -0.414067 1.61352e-19)
(-0.114634 -0.155302 0)
(1.92435 0.371143 3.28293e-19)
(1.02099 0.00598666 0)
(2.36732 0.137735 -9.0821e-20)
(1.10233 -0.397572 2.70674e-19)
(0.977712 -0.00938114 1.64058e-19)
(1.05609 0.0810018 -1.65767e-19)
(1.12969 0.00366778 1.94709e-19)
(1.01068 0.0198516 2.32882e-19)
(1.02986 0.107763 0)
(0.984731 0.00804405 1.90167e-19)
(0.9565 -0.163456 -1.35196e-21)
(0.335839 0.123219 -2.79048e-20)
(1.39596 1.03679 4.06776e-20)
(1.01148 -0.0205365 2.53974e-19)
(0.991531 -0.09528 8.34894e-20)
(1.89317 0.626802 0)
(1.03429 0.644934 0)
(1.00196 -0.136503 -3.6145e-19)
(-0.0617815 0.482122 0)
(0.680253 0.410035 6.18506e-20)
(1.22529 -0.940321 0)
(0.490878 0.330354 0)
(0.614952 0.557525 -4.56078e-19)
(2.08168 0.30651 4.21185e-20)
(1.03702 -0.03198 -1.06121e-19)
(-0.109326 0.257827 1.04775e-19)
(1.04628 0.0506456 0)
(1.0451 -0.0394554 0)
(0.987654 -0.598986 -7.52734e-22)
(0.195043 0.186991 0)
(0.740605 0.45987 3.11129e-20)
(1.042 -0.0108997 4.58441e-22)
(0.598176 0.437701 1.21539e-19)
(1.13656 0.0269248 2.52066e-20)
(1.5927 -0.616802 -1.10458e-20)
(1.07786 0.0334625 1.46661e-19)
(1.04782 -0.00909026 -1.58903e-19)
(1.13327 0.209346 1.70525e-19)
(1.00429 0.0254741 -3.76578e-19)
(0.291076 -0.295346 0)
(-0.532989 0.64046 -4.76454e-20)
(-0.177522 -0.515613 -2.65443e-19)
(0.904363 -0.157986 -2.09948e-19)
(2.21598 0.243378 0)
(0.0329985 -0.204625 3.11172e-20)
(-0.0729045 0.166113 1.13188e-19)
(1.97932 0.396689 -2.09287e-19)
(1.02211 0.475804 2.15401e-20)
(1.231 0.118662 2.40467e-20)
(0.835941 0.696357 3.58946e-19)
(0.88431 0.540945 -2.26773e-21)
(1.1089 -0.0352647 0)
(1.01279 -0.0913696 -1.06415e-19)
(-0.16191 0.325299 1.12745e-19)
(1.79739 -0.243816 -1.38716e-19)
(2.34415 0.196998 0)
(2.41016 -0.0918295 0)
(1.546 0.413506 1.76418e-19)
(-0.0247942 0.0850107 0)
(1.01981 0.0209776 -1.46906e-19)
(0.253071 -0.289217 0)
(0.999001 -0.0161218 1.08323e-19)
(0.670197 -0.341334 -1.87245e-19)
(0.960936 -0.0326929 3.57991e-19)
(1.82134 0.365814 5.46606e-20)
(1.05648 -0.0247387 -3.9441e-19)
(0.832564 0.0201927 4.68129e-20)
(2.34733 0.118529 -2.14099e-19)
(1.08283 -0.0467063 0)
(1.04535 -0.015247 1.17611e-19)
(-0.605295 0.391013 -2.17426e-19)
(1.11319 0.000377177 -1.84917e-19)
(0.858312 0.618705 -3.98823e-19)
(1.1909 -0.0193613 -1.23881e-20)
(2.3373 0.201431 0)
(0.310505 -0.112832 4.63854e-19)
(1.39229 -0.52671 0)
(-1.09872 0.0903053 1.32122e-19)
(-0.412855 -0.39773 2.57279e-19)
(1.10546 -0.918064 0)
(0.754803 0.0307262 9.49701e-20)
(-1.061 0.334334 0)
(1.88841 0.607843 0)
(-0.0207059 -0.0504775 1.34989e-19)
(0.867566 0.0902461 -2.14432e-19)
(-0.209245 -0.595682 1.78508e-19)
(0.917324 0.672223 -3.19594e-19)
(1.00662 0.0378019 -5.34712e-21)
(1.03378 -0.0494621 1.20976e-19)
(2.43886 0.0147922 0)
(1.06588 -0.105015 -4.56617e-20)
(0.735402 -0.145748 7.63699e-19)
(1.02048 -0.0165134 2.46924e-19)
(1.0806 -0.0122413 9.50235e-20)
(1.8439 0.392346 0)
(1.00183 -0.0103303 0)
(0.973421 0.846994 -2.7465e-20)
(1.04448 -0.0296276 -1.47451e-19)
(1.19368 -0.46505 -7.94756e-20)
(-0.540425 0.106581 3.44248e-20)
(1.36417 0.0426905 0)
(1.40186 0.0237968 0)
(1.20801 -0.252748 2.41108e-21)
(0.686883 0.263981 -2.17369e-19)
(0.536602 -0.105757 -2.19368e-20)
(0.983614 0.0576255 2.16118e-19)
(0.428305 0.189982 -1.3497e-19)
(1.94246 0.379717 0)
(0.527458 0.0639956 2.48183e-21)
(1.09889 0.00953536 -9.93028e-20)
(0.271489 0.0151748 0)
(0.809225 -0.000913569 0)
(0.481523 -0.0638194 -1.24763e-20)
(0.256236 -0.0216737 6.2011e-21)
(0.773864 0.000709188 9.97192e-20)
(1.13053 -0.0105741 0)
(0.831521 -0.76721 0)
(-0.0498929 -0.443107 -2.65691e-20)
(0.995557 0.69613 -1.95421e-19)
(0.210055 0.0614339 -1.02087e-19)
(-0.160034 0.701648 9.55279e-21)
(1.88892 0.804374 2.14638e-19)
(0.987421 0.0265205 1.55148e-19)
(1.03209 -0.0635535 8.51657e-20)
(0.33488 -0.246137 -6.09843e-19)
(-0.057168 -0.0320744 0)
(0.188695 -0.360816 -6.14802e-20)
(0.59616 -0.570351 -2.77014e-19)
(-0.528386 -0.248519 3.67257e-19)
(0.928068 0.102833 -1.59382e-19)
(0.96034 0.337086 3.16029e-19)
(1.01703 -0.0901938 1.2154e-21)
(1.02349 0.00506055 -2.82392e-20)
(0.996632 -0.00573105 1.15381e-19)
(-1.15118 -0.000629606 -3.00954e-19)
(-0.0804133 -0.167503 -1.82124e-19)
(-0.506592 -0.295615 0)
(1.1714 0.256832 1.18116e-19)
(1.10091 0.0171186 0)
(-0.526469 0.0322198 -3.7489e-19)
(-0.0622203 0.133645 -1.48809e-19)
(-0.203782 -0.534702 0)
(1.00952 0.010135 1.63643e-19)
(0.987784 -0.0440665 0)
(2.18785 0.292473 -3.23739e-19)
(-1.39984 0.0762499 -4.39453e-21)
(0.976385 -0.0102522 -3.41926e-19)
(0.504198 -0.455245 5.42954e-21)
(1.59795 0.398327 -2.98892e-21)
(0.515995 0.502648 0)
(0.747689 0.652057 1.50028e-19)
(1.30133 0.366078 9.5353e-20)
(-0.451973 -0.327588 2.44632e-19)
(1.9098 0.223207 -3.97661e-21)
(-0.400711 -0.371051 -1.77611e-19)
(1.23409 0.423891 -2.91615e-19)
(1.17827 0.141288 4.44007e-19)
(1.00368 -0.679099 -5.70155e-21)
(0.134686 -0.133998 1.62509e-19)
(0.124234 0.118233 0)
(-0.104431 0.12265 0)
(-0.144749 -0.145426 1.02214e-19)
(1.00133 0.00381029 -1.81585e-19)
(1.0264 -0.00343313 -1.53426e-19)
(-0.647015 0.548605 -2.04988e-19)
(1.71991 -0.51868 -2.49728e-20)
(1.3709 -1.04047 6.20402e-20)
(1.08142 0.728143 0)
(0.913701 0.0457663 -4.77381e-19)
(1.61296 -0.219451 -1.21193e-19)
(1.01204 -0.0214409 -4.56833e-20)
(1.54131 -0.694052 8.74686e-20)
(-0.429166 -0.360433 0)
(2.38613 0.289791 -3.97089e-20)
(-0.982496 0.271694 6.96019e-20)
(-0.160352 0.0302328 -2.97363e-19)
(1.02853 -0.0624254 1.63058e-19)
(-0.116714 -0.125346 0)
(1.65961 -0.0999951 -1.24992e-19)
(0.466405 0.24284 1.06319e-19)
(-0.115033 -0.126011 1.1387e-19)
(1.01774 -0.0147652 2.02056e-19)
(0.680547 0.308688 0)
(-0.0806951 0.165651 1.4082e-19)
(0.457946 -0.446879 0)
(0.136546 -0.137186 -3.01677e-19)
(-0.0505571 0.061829 1.13465e-19)
(0.132772 0.130953 1.5539e-19)
(-0.0945827 -0.103945 -1.25194e-19)
(-0.361923 -0.367593 0)
(0.939132 0.28796 1.65384e-21)
(0.943649 0.376691 2.18134e-21)
(0.695227 -0.626369 1.96026e-19)
(1.01306 -0.0105059 0)
(-0.087631 -0.0970573 0)
(0.958681 -0.084164 1.91676e-19)
(1.51155 -0.72334 -4.92017e-21)
(-1.04273 0.104919 -4.94996e-19)
(0.962691 0.0327598 -2.1536e-19)
(0.637811 -0.583995 3.50241e-19)
(1.37434 -0.702725 -1.2531e-19)
(-0.585736 -0.320547 -5.06349e-19)
(1.08609 0.0682869 0)
(1.01637 -0.00882074 -2.33638e-19)
(-0.0476642 -0.0594892 0)
(-0.0123142 -0.0552551 -5.24111e-19)
(0.142873 0.141426 1.48604e-19)
(-0.0788839 -0.0927451 0)
(1.1367 0.101945 -1.42079e-19)
(1.58094 0.33697 0)
(1.09178 -0.0859053 0)
(-0.147233 -0.123384 1.66611e-19)
(-0.543822 0.360058 -1.67741e-19)
(-0.0207971 -0.0276506 -1.22076e-19)
(-0.0680523 0.0811641 1.11122e-19)
(0.120048 0.109628 0)
(0.98032 -0.105836 -2.3567e-19)
(0.138377 -0.139621 -1.4931e-19)
(0.138474 0.133979 -2.9585e-19)
(0.195194 0.18874 1.09539e-19)
(0.948559 0.00951339 5.75215e-19)
(0.179698 0.171469 -1.20377e-19)
(-0.0156224 -0.0212356 1.15717e-19)
(0.143344 0.143693 -2.81235e-19)
(0.188025 -0.187399 -2.29724e-19)
(-0.0169132 0.0259333 0)
(-0.056271 -0.0659687 2.55198e-19)
(-0.664499 0.382565 5.28076e-19)
(0.145043 0.140217 0)
(0.8693 -0.482984 0)
(-0.333545 -0.407672 0)
(1.10448 -0.313216 1.08533e-20)
(0.213112 0.209819 2.2913e-21)
(-0.0220287 0.0273974 -6.50057e-20)
(-0.127066 0.142238 1.06141e-19)
(0.187708 0.182668 -1.15582e-19)
(0.157398 -0.1523 0)
(-0.0277964 -0.033714 1.2927e-19)
(0.0019334 0.00386679 5.35322e-22)
(-0.346454 -0.451642 -2.39296e-19)
(1.28841 0.054727 -7.50468e-21)
(-0.770956 -0.00409029 4.86159e-19)
(-0.0412625 0.0521192 -1.1063e-19)
(-0.00974643 -0.0152531 0)
(0.210652 0.210069 0)
(0.17455 -0.173474 -5.26143e-20)
(0.00964926 -0.00799347 -1.03354e-19)
(2.19734 0.559943 2.00724e-19)
(1.47968 -0.602295 -4.84737e-19)
(0.194006 0.19704 2.07525e-19)
(-0.300546 -0.37119 9.76016e-20)
(-0.0819288 0.0966959 1.13207e-19)
(-0.00524286 -0.00953169 -3.38271e-19)
(0.207322 -0.206221 1.96033e-19)
(-0.360119 -0.493097 2.68086e-20)
(-0.00339168 0.00971661 0)
(0.1388 -0.138077 -3.10553e-19)
(0.975857 -0.0744043 0)
(1.55303 -0.358922 0)
(0.572897 -0.512746 -3.26705e-19)
(0.67072 -0.341682 5.11808e-20)
(0.180853 -0.173926 1.08739e-19)
(1.01238 0.013501 1.58847e-19)
(0.879551 -0.11307 2.2694e-19)
(0.415106 -0.402977 4.54948e-19)
(1.60502 0.573738 2.41382e-20)
(0.218622 0.207388 8.38289e-20)
(0.821278 0.552352 0)
(0.630423 -0.549392 1.52454e-20)
(-0.00189919 -0.00537503 1.10806e-19)
(0.405878 0.0206366 1.96211e-20)
(1.05616 -0.125888 6.84714e-20)
(1.08882 -0.262657 0)
(0.944754 -0.144058 5.59168e-19)
(-0.00992028 0.0167416 0)
(0.681269 -0.300617 0)
(1.17675 -0.222692 1.49817e-19)
(1.14151 0.355187 1.80584e-19)
(1.12223 0.00366976 0)
(-0.932655 -0.0711139 3.31128e-19)
(-1.51552 0.130748 -5.58338e-21)
(1.03694 0.00194895 -2.22404e-19)
(-0.137289 -0.457159 0)
(1.19341 -0.215978 0)
(1.54319 0.588122 0)
(0.103427 0.098437 3.96319e-19)
(0.000103461 -0.00161828 0)
(0.1897 0.180463 9.90087e-20)
(0.173311 -0.159393 0)
(0.0116299 -0.0114118 -1.00233e-19)
(0.000221695 1.31943e-05 0)
(0.919092 0.491578 2.81186e-19)
(0.847607 -0.431154 -4.58914e-19)
(0.0118324 -0.0112736 3.24194e-22)
(-0.103412 -0.111514 -3.06956e-19)
(0.258633 -0.249294 0)
(0.237979 0.226304 0)
(-0.852396 -0.0920911 3.43012e-19)
(0.935654 0.0461729 3.79695e-21)
(1.11483 -0.372643 -1.58996e-19)
(0.0109741 -0.009619 3.02166e-19)
(-0.136505 0.125935 2.01699e-19)
(1.0551 0.138608 2.11658e-19)
(-0.196046 -0.0393894 0)
(-0.000700883 -9.13074e-05 -1.71291e-22)
(-0.251376 -0.508305 7.51567e-21)
(-0.0876503 0.00494325 0)
(2.31436 -0.0955994 -2.23018e-19)
(1.02179 0.140047 0)
(1.0017 -0.0759889 2.70643e-19)
(-1.46131 0.0463852 0)
(0.234641 -0.218147 -3.84203e-21)
(1.01161 -0.021459 1.39931e-19)
(0.55468 0.138675 3.53726e-19)
(1.3753 -0.788906 1.18333e-19)
(0.301449 0.282164 1.79332e-22)
(1.61201 0.534285 0)
(0.963781 -0.584964 5.83055e-20)
(1.83671 -0.937302 2.16129e-19)
(0.0121048 -0.0122403 1.94155e-19)
(1.71627 -0.73125 4.8763e-20)
(2.31929 0.487997 1.03372e-19)
(0.0101591 -0.0100819 -5.70559e-20)
(1.02317 0.0283374 2.03861e-19)
(-0.113474 0.275885 -2.01263e-19)
(0.325983 0.303712 0)
(-0.0023928 -0.000967948 0)
(0.251448 0.238282 7.12088e-20)
(0.301562 -0.281138 -1.68234e-19)
(0.0125456 -0.0120233 2.0303e-19)
(1.08627 -0.775528 -5.56101e-20)
(0.925896 0.13464 1.96914e-19)
(0.340446 -0.324038 0)
(0.010363 -0.0128493 0)
(0.27015 0.256169 0)
(0.00910042 -0.00158678 -1.18368e-19)
(0.278767 -0.276013 0)
(-0.0137045 -0.00700232 -1.93587e-19)
(0.289032 0.272452 -4.81353e-20)
(0.001702 -0.0106016 0)
(0.261674 -0.256438 0)
(-0.35894 -0.38962 0)
(-0.0165265 0.000892076 0)
(-0.0355266 0.0197208 -5.78989e-20)
(-0.103886 -0.288858 0)
(1.00322 -0.00231097 2.15101e-19)
(0.475843 -0.445997 2.03106e-20)
(-0.0806854 0.0519299 -1.00369e-19)
(-0.0369897 -0.0259603 3.57779e-19)
(0.363113 0.333848 -2.30478e-20)
(1.6532 0.400071 0)
(-0.165601 0.225413 0)
(-0.109976 -0.385294 3.03332e-20)
(-0.125916 0.096935 0)
(0.366793 -0.34555 0)
(-0.0568584 -0.0414803 0)
(0.411101 0.37275 0)
(-0.0908825 -0.0719115 2.17905e-19)
(0.485511 0.449248 4.89105e-20)
(-0.158673 0.148344 -4.51209e-19)
(0.544413 -0.503723 -1.05795e-19)
(1.15344 0.136264 0)
(0.825979 0.0231537 -5.18501e-20)
(-0.741894 -0.166887 -3.52584e-19)
(1.041 0.0595535 -1.98223e-19)
(1.46979 0.018728 0)
(1.21768 -0.384109 -1.31537e-20)
(1.38134 -0.507196 1.09916e-19)
(0.960946 0.0149609 0)
(0.244375 0.511344 6.50701e-19)
(-1.5578 0.0452747 -8.29868e-21)
(-0.0243701 -0.0175902 -1.86956e-22)
(-1.10967 -0.0438913 0)
(1.12904 -0.179383 -1.84608e-19)
(0.356941 0.182948 3.82343e-19)
(2.10157 0.288454 -1.41988e-19)
(1.58587 0.633359 -2.34334e-20)
(1.57953 -0.757936 -1.16e-21)
(-0.35885 -0.359801 -1.02096e-19)
(1.93696 0.298308 2.21137e-20)
(1.90126 -0.743986 2.10053e-19)
(1.04246 0.0857485 -2.67711e-20)
(-0.467735 0.371745 2.11122e-19)
(1.11733 -0.00919487 0)
(2.29183 0.111381 -3.46769e-20)
(0.120482 0.0740863 -2.10697e-21)
(1.30172 -0.239632 0)
(0.130427 -0.125939 -5.17938e-19)
(0.00543237 -0.00113677 0)
(0.525063 -0.488768 0)
(1.90467 0.640293 -9.24655e-20)
(0.904333 -0.434027 0)
(2.31904 -0.106644 2.68434e-19)
(-0.013777 -0.00959793 1.98615e-19)
(0.263113 -0.267472 7.41452e-20)
(1.01947 -0.0547718 0)
(-0.56291 0.143619 0)
(-0.0668278 -0.0467025 1.65023e-19)
(-0.0989628 -0.107724 1.86631e-19)
(1.00319 0.255324 -1.89104e-19)
(0.506455 0.515678 -4.17216e-19)
(1.02752 0.0119218 -7.46928e-21)
(2.3349 0.228367 0)
(-0.219917 -0.533561 2.62201e-19)
(-0.122515 -0.177478 0)
(0.635213 0.0697884 2.97694e-19)
(0.951172 0.156532 -4.19731e-20)
(0.688456 -0.591648 -1.63346e-19)
(0.982753 0.124309 2.93269e-19)
(0.998538 0.0101916 0)
(1.4143 0.545929 -2.03721e-20)
(2.10558 -0.219255 0)
(0.523949 0.473721 0)
(0.706359 -0.0640153 0)
(-0.320266 -0.264305 -4.22873e-20)
(0.307701 0.230655 2.19797e-19)
(-0.141171 0.464975 0)
(1.12303 0.0696469 1.25277e-19)
(1.03709 -0.243666 0)
(0.519912 -0.0319461 1.4296e-19)
(0.375687 -0.19195 1.88081e-19)
(-0.146145 0.585241 2.87794e-19)
(0.404083 -0.3793 -4.01619e-19)
(0.980908 -0.0303496 1.83315e-21)
(1.50993 -0.604266 1.12228e-19)
(1.56391 -1.06893 -2.94674e-20)
(0.0677338 0.0701541 1.42201e-19)
(1.92585 0.519823 0)
(-0.666731 0.259576 0)
(-0.106509 0.234221 0)
(1.3778 -0.118823 1.30726e-19)
(-1.1161 0.0898131 -1.32985e-19)
(0.283226 -0.261987 -1.48797e-19)
(2.29369 0.155033 9.89538e-20)
(0.803613 0.509965 -6.16255e-20)
(0.826545 0.256613 4.57791e-21)
(0.937999 0.225062 5.74126e-20)
(1.49321 0.323041 -7.93341e-20)
(-0.0566918 -0.489751 1.1981e-19)
(-0.589461 -0.136751 0)
(0.924468 -0.0134096 0)
(-0.527929 -0.0778593 1.69555e-19)
(0.155055 0.153219 0)
(1.92057 0.521712 0)
(-0.796592 0.1182 1.42455e-19)
(0.541766 0.452566 -2.03036e-19)
(0.487189 -0.403786 2.61398e-19)
(-0.236844 -0.00498146 0)
(1.38588 0.922299 -1.55215e-20)
(1.07605 0.00825823 0)
(-0.801518 -0.101699 -6.87248e-19)
(-0.81035 0.425271 -2.27028e-19)
(1.28987 -0.398434 6.69597e-20)
(0.444142 0.407513 4.59155e-19)
(0.722783 -0.243302 1.93168e-19)
(-0.425633 0.765881 0)
(1.12833 0.0612442 1.32485e-19)
(0.996973 0.562468 -8.09798e-20)
(-0.158752 -0.0547703 0)
(0.696994 -0.265765 0)
(1.3037 0.840976 4.69269e-20)
(0.00792017 -0.0043971 -2.06282e-19)
(1.8754 -0.695397 -2.51664e-19)
(1.09952 0.0518779 0)
(1.22877 -0.100096 -2.96923e-20)
(0.767125 0.43141 0)
(-0.414248 -0.0202214 -2.43385e-19)
(1.26943 0.909348 -5.93891e-20)
(1.58157 0.242858 -2.4587e-20)
(1.20939 -0.468762 1.02193e-21)
(-0.266165 0.0639278 -1.70982e-21)
(-0.095052 -0.371484 -1.26183e-19)
(1.02504 0.0700002 2.02651e-19)
(-0.0504687 0.246166 0)
(0.965499 0.185242 2.87137e-21)
(1.71344 0.461361 -2.06145e-20)
(1.5193 -0.863115 5.00815e-20)
(1.29602 -0.304309 -9.67788e-20)
(1.6939 -0.331933 2.94553e-20)
(-0.199252 -0.0852347 6.71042e-20)
(0.596899 0.537544 1.44928e-19)
(0.140979 -0.0792092 2.63956e-19)
(1.10928 0.320374 -2.08479e-20)
(1.48875 0.131585 2.06511e-22)
(2.08279 0.217746 8.48318e-20)
(0.879556 0.59342 1.15263e-19)
(-0.727091 -0.338709 7.91337e-19)
(1.29488 -0.0394769 -2.50391e-19)
(0.959701 0.260227 -1.255e-19)
(-0.572311 -0.229113 -1.35065e-19)
(-0.210922 0.332589 0)
(1.00416 0.00452786 4.48933e-19)
(0.772142 -0.240987 0)
(0.862821 0.554393 -1.18966e-19)
(1.21108 -0.00721203 -1.7205e-20)
(-0.143237 -0.546946 -1.77743e-20)
(1.91787 -0.450698 0)
(1.17141 -0.37409 0)
(1.49097 -0.32127 1.27237e-19)
(0.866205 -0.234338 3.5758e-19)
(1.09087 -0.330233 0)
(-0.249776 -0.593972 -2.59932e-19)
(0.934131 -0.0896735 -2.17099e-19)
(0.754294 -0.635917 -5.54162e-20)
(-0.671534 -0.00367075 3.15603e-19)
(-0.205422 -0.228144 -1.12267e-19)
(-0.0899853 -0.0424096 -2.63295e-19)
(0.132352 -0.0918474 -1.66769e-19)
(-1.38732 0.0968438 1.33953e-20)
(0.82315 -0.310525 -1.26422e-19)
(1.42874 0.132718 -8.16212e-21)
(0.672206 0.0100912 0)
(0.800331 0.11111 2.7262e-19)
(1.2211 -0.371592 4.13326e-21)
(0.98931 -0.138382 -5.03257e-21)
(0.58258 0.513101 1.56883e-19)
(1.86268 0.236067 -7.52241e-21)
(1.71252 -0.185917 1.93638e-19)
(1.0701 -0.0296233 3.55124e-20)
(0.829098 -0.388959 1.26627e-19)
(0.50425 -0.233268 0)
(-0.194531 -0.216193 1.1638e-19)
(0.954227 0.0890277 1.3655e-19)
(1.08536 0.689987 7.88542e-20)
(-0.177092 -0.199439 2.49756e-19)
(1.05035 -0.615722 2.37849e-19)
(0.124229 -0.112286 0)
(1.77508 0.88983 0)
(0.226079 0.21824 3.0924e-19)
(1.58581 0.576548 0)
(-0.189182 0.225236 0)
(0.985908 -0.632514 -2.0998e-19)
(-0.162307 -0.180878 3.76973e-19)
(-0.0808389 -0.039402 1.47847e-19)
(1.10964 -0.032107 4.19291e-20)
(1.54531 1.04596 -2.13411e-23)
(0.958601 -0.0446104 -1.51745e-19)
(0.125899 -0.122768 7.5743e-20)
(1.04122 0.139658 -1.48017e-19)
(-0.159261 0.193615 3.39465e-19)
(1.03782 0.358706 0)
(0.233529 0.232645 -1.56655e-19)
(-0.685319 0.570658 1.87005e-19)
(1.96396 0.378911 0)
(-0.878307 0.0606269 -2.88367e-19)
(0.0183851 0.0673077 1.33523e-19)
(-0.601648 -0.063653 0)
(-0.0415563 -0.0401096 -5.54366e-20)
(0.230365 -0.230864 0)
(1.0068 -0.730746 0)
(-0.112135 0.13398 2.28958e-19)
(0.564978 -0.535155 3.87291e-19)
(-0.147362 -0.169547 -2.31324e-19)
(-0.503873 -0.00194863 -2.09358e-19)
(0.237863 -0.239891 -1.521e-19)
(0.241238 0.236486 4.57925e-19)
(-0.0865993 0.359479 -3.38679e-19)
(-0.803181 -0.235588 -1.50996e-19)
(-0.00437678 -0.00188254 0)
(-0.214684 -0.576165 2.13284e-19)
(1.03985 -0.140256 -2.77826e-19)
(-0.0912536 0.109631 1.08015e-19)
(1.63406 -0.537167 5.63758e-21)
(1.30373 0.212548 0)
(2.19536 0.326419 -2.31038e-20)
(0.952988 -0.0457265 0)
(-0.10524 -0.119422 0)
(0.200596 0.197352 0)
(0.961508 0.0615122 0)
(1.115 -0.267066 0)
(0.977321 0.0985411 -2.71267e-19)
(0.23308 0.23143 -1.49124e-19)
(-0.848438 0.084491 -1.97305e-19)
(-0.11979 -0.141715 2.57042e-19)
(0.978284 -0.207806 1.4307e-19)
(0.76965 -0.37759 0)
(-0.264809 0.184526 -2.77332e-19)
(1.01357 -0.0249904 -1.78219e-19)
(-1.66947 0.0953811 8.6846e-19)
(-0.0387756 -0.0492401 0)
(-0.155059 -0.187053 -1.4131e-19)
(0.283244 0.264823 -1.29778e-21)
(0.255343 0.24333 0)
(-0.0516374 -0.0637684 1.274e-19)
(-0.375788 0.549117 2.32679e-19)
(1.31365 -0.498345 1.39592e-19)
(1.78664 -0.428103 1.30869e-20)
(0.938641 0.452007 -3.97858e-19)
(1.03944 0.0443822 0)
(0.332936 0.324416 -2.0827e-19)
(-1.0584 -0.0500792 3.25218e-19)
(0.31492 0.305982 -3.47223e-19)
(0.309459 0.300652 1.11354e-19)
(0.520775 -0.322659 0)
(-0.0492267 0.0658819 6.08417e-20)
(-0.137035 0.161438 0)
(-0.0293198 -0.0362465 3.16428e-19)
(-0.130365 -0.161985 2.8302e-19)
(0.498618 -0.397409 5.56924e-19)
(1.28656 -0.712509 -3.86026e-20)
(0.34058 0.340253 0)
(-0.0691818 0.0765659 2.63204e-19)
(0.234098 -0.239035 3.10265e-19)
(1.22223 0.135421 -4.31002e-21)
(0.336342 0.3367 0)
(1.00116 0.330617 -9.47812e-21)
(-0.524903 0.186834 -1.85408e-20)
(2.32207 0.305893 7.37125e-20)
(-0.0174029 -0.0247417 0)
(1.17931 0.755631 0)
(-0.0112604 0.0182239 -3.19682e-19)
(0.327608 -0.329204 -2.23073e-19)
(0.262705 -0.234757 1.75245e-20)
(1.91119 0.355085 -4.40558e-20)
(1.08649 0.336372 -1.11282e-19)
(0.303597 -0.294884 -2.27965e-19)
(1.03766 -0.0209116 3.02388e-19)
(1.00092 0.068384 0)
(0.788364 0.129754 -7.18793e-22)
(1.07124 0.0197201 1.07638e-19)
(0.677159 -0.147755 8.47841e-21)
(1.41108 -0.507852 0)
(1.18727 0.18349 -9.59842e-20)
(1.91752 0.48591 -1.89267e-19)
(-0.0345046 0.0475583 0)
(-0.163003 0.0984266 3.52012e-19)
(1.71162 0.538243 0)
(1.00517 -0.0037989 4.7941e-20)
(0.327501 -0.316081 -1.05456e-19)
(1.00418 0.00628777 4.9303e-19)
(0.814151 -0.305047 0)
(1.16695 -0.901891 0)
(-0.0106302 -0.0145521 1.13532e-19)
(0.0560833 0.0486878 0)
(1.08284 -0.0258639 6.36678e-20)
(0.522635 0.395195 5.60052e-20)
(0.716957 -0.0185756 -4.06862e-19)
(-0.0228411 0.0311591 0)
(-0.449231 0.156197 2.39498e-19)
(-0.915103 0.056304 0)
(1.81702 0.808085 0)
(-0.0233152 -0.0148412 0)
(-0.0339091 -0.0201597 1.12018e-19)
(1.6859 0.769642 -3.79533e-20)
(1.01775 0.0563518 0)
(-0.211864 0.247788 1.07055e-19)
(0.0129899 -0.0125853 0)
(1.37867 0.0617252 0)
(1.61201 -0.81627 -3.48308e-20)
(0.385071 0.362121 1.70408e-19)
(-1.01423 0.0050381 -4.13171e-19)
(-0.00495123 -0.00759654 -1.19982e-19)
(0.605408 -0.315129 -3.32323e-19)
(1.03333 0.273147 0)
(0.397169 -0.0410476 1.44279e-19)
(1.40757 0.113411 0)
(0.909528 -0.0696289 2.97078e-19)
(0.218251 0.0515259 -1.49819e-19)
(0.404986 0.383155 -8.32216e-20)
(0.741024 0.24052 1.69834e-19)
(-0.271136 0.454541 2.23197e-19)
(1.52269 0.394048 2.27409e-20)
(0.219449 -0.223371 1.69602e-19)
(-0.00287852 -0.00283892 2.68724e-19)
(1.5015 -0.470441 -6.55905e-20)
(-0.00117871 0.0080096 1.06214e-19)
(-0.0250986 -0.0286717 0)
(-0.106789 -0.0880928 -8.46802e-20)
(0.0175371 -0.0181552 1.01871e-19)
(1.02786 -0.202216 0)
(0.39566 -0.36276 1.03566e-19)
(0.257858 0.252994 1.35921e-19)
(0.251353 0.251763 -2.99944e-19)
(1.34748 0.00318517 0)
(0.361889 -0.361459 -1.82387e-19)
(1.69937 0.48292 0)
(1.38712 0.0356459 1.50102e-20)
(-0.00221413 -0.00263466 1.32604e-19)
(0.903566 -0.047633 0)
(0.592646 0.558414 -1.69175e-19)
(1.01936 -0.0126697 -2.2233e-19)
(1.09313 -0.0167217 -1.08928e-19)
(0.379133 -0.0652812 6.74321e-21)
(0.43053 0.0617265 -1.7828e-20)
(1.04704 0.0189651 -2.94147e-19)
(2.51028 0.0375389 -8.88231e-20)
(-0.145269 -0.057708 1.82693e-19)
(0.0169514 -0.0151892 -2.0371e-19)
(-0.0851115 0.00478733 -1.95407e-19)
(1.33833 -0.372556 6.39583e-20)
(0.0190109 -0.0189432 2.30384e-22)
(1.11054 -0.00247258 -1.27432e-19)
(0.42673 -0.413206 6.46462e-20)
(-0.0303718 -0.0536761 3.30556e-19)
(0.2415 -0.231475 0)
(-0.171088 0.304669 7.95227e-22)
(1.59028 0.987105 0)
(0.868117 0.0196871 -1.20041e-19)
(-0.367592 0.0586609 -2.15209e-19)
(-0.497922 -0.124937 -1.97263e-19)
(0.730185 -0.193132 0)
(0.430187 0.405011 -2.20385e-19)
(0.0103559 -0.0067561 1.06157e-19)
(0.560246 0.658016 -2.59556e-19)
(0.542621 0.527565 -1.06132e-19)
(1.04124 -0.0282608 0)
(1.33429 -0.431851 5.39472e-20)
(1.77195 -0.39307 2.4675e-21)
(-0.143629 -0.061523 0)
(-0.00486681 -0.00307259 -1.15333e-19)
(1.00875 -0.64554 4.18245e-20)
(0.311576 0.639397 3.71793e-19)
(1.85054 -0.444745 8.99766e-21)
(0.47565 -0.436544 -1.2985e-19)
(-0.762707 -0.000367529 1.418e-19)
(0.0181502 -0.0193115 -1.15693e-19)
(0.513907 0.418594 -3.14061e-19)
(0.566497 0.518737 -1.08037e-19)
(0.520796 0.483212 5.9801e-21)
(0.020372 -0.0184576 5.44332e-20)
(-0.0745812 -0.0819274 -1.62602e-19)
(1.01392 0.0172438 1.46405e-19)
(0.272085 -0.262176 0)
(0.456932 0.429765 0)
(0.506692 -0.474813 1.07628e-19)
(0.0199605 -0.0207614 -2.02626e-19)
(-0.317363 -0.315635 -6.00654e-20)
(1.88625 -0.351572 2.45755e-20)
(0.489955 0.454937 0)
(0.484493 -0.481632 0)
(0.0116518 -0.0190759 0)
(1.1199 0.0480008 7.34869e-20)
(0.629575 0.564446 0)
(-0.0126502 -0.0106785 2.01403e-19)
(0.193347 0.180011 -5.84148e-19)
(-0.0442392 0.0153218 5.68915e-20)
(1.28311 -0.115187 2.85727e-19)
(-0.0597323 -0.0699008 -1.70052e-19)
(1.14651 0.469398 -1.69791e-19)
(0.149407 -0.130684 -2.41006e-19)
(-0.100851 0.046989 3.36157e-19)
(-0.22349 0.281032 -3.18426e-19)
(-0.0809899 -0.0507597 -2.47491e-19)
(0.697557 -0.659387 0)
(-0.160683 0.101044 -1.98204e-19)
(0.713886 0.622107 0)
(-0.314697 0.357347 9.91784e-20)
(0.66691 -0.0566412 -3.08613e-20)
(0.717503 0.379973 -3.31275e-20)
(-0.20669 0.142006 1.03037e-19)
(0.858122 -0.711034 0)
(-0.118599 -0.0713883 2.34002e-19)
(0.830136 0.698227 -2.55442e-20)
(0.359152 0.329692 -2.29724e-19)
(0.377634 -0.304692 4.42299e-19)
(0.518966 0.449132 1.52261e-19)
(1.00682 0.00209741 0)
(0.461025 0.429351 0)
(1.70292 0.477971 0)
(1.02119 -0.0023836 0)
(-0.0930657 0.133762 -9.4957e-20)
(0.756013 -0.615318 3.61077e-19)
(-0.0541672 -0.0368956 -2.80899e-22)
(1.10543 -0.263207 2.63486e-19)
(0.422004 -0.395242 2.2331e-19)
(2.44478 -0.166952 0)
(1.42581 -0.37817 0)
(0.232132 0.458734 -5.59981e-19)
(0.442361 -0.177327 0)
(1.78655 0.313609 -4.78795e-21)
(0.556126 -0.213574 -2.01287e-20)
(0.693145 0.641995 2.10104e-19)
(1.17483 0.253268 8.97157e-20)
(0.00367267 -0.000687813 0)
(-0.0439394 0.0716546 9.60504e-20)
(-0.0283831 -0.0151801 0)
(0.497914 0.510266 4.62901e-19)
(0.629128 -0.040374 9.9696e-22)
(0.714724 0.337297 0)
(1.02574 0.00300829 1.38784e-19)
(1.3616 -0.266577 1.09164e-19)
(1.02038 -0.01373 -4.33853e-22)
(0.305667 -0.286367 1.35055e-19)
(0.300903 0.296446 0)
(-0.073757 -0.0466189 0)
(-0.16707 -0.613924 7.44033e-20)
(1.47688 0.192761 1.12356e-19)
(1.2475 -0.0154441 7.82668e-21)
(0.133908 0.125288 0)
(1.02859 -0.0140878 4.69265e-19)
(1.43825 -1.01489 2.71972e-20)
(-0.137202 0.352519 3.46281e-19)
(-0.0797597 -0.071227 -2.94137e-19)
(0.48536 -0.384983 1.89717e-19)
(-0.0343835 -0.0265383 2.05536e-19)
(2.17147 -0.250079 0)
(0.368612 -0.340017 -2.83803e-19)
(1.06323 -0.0253024 -5.41341e-20)
(1.00837 -0.00405733 -2.0032e-19)
(0.610981 -0.127682 1.78582e-20)
(0.725461 0.106877 -2.27488e-21)
(1.02547 0.0258606 -1.58782e-19)
(2.09683 0.482146 0)
(-0.0171226 -0.012157 -1.86542e-19)
(0.530213 0.158776 -1.01054e-18)
(-0.356387 -0.387956 8.19833e-20)
(0.32974 0.310675 -1.23789e-19)
(0.0114988 -0.00126133 0)
(0.0190799 -0.0125276 0)
(1.72884 -0.826001 -1.1298e-19)
(1.00382 0.0818575 1.51396e-20)
(0.116653 -0.49999 3.32296e-19)
(-0.150621 -0.209516 -2.26511e-19)
(1.01985 0.0134189 -5.19193e-22)
(0.738436 -0.697855 -5.36475e-20)
(1.16009 -0.0627601 1.38926e-20)
(1.02026 -0.00693232 -7.50933e-20)
(-0.00811165 -0.0046569 0)
(0.937589 0.633558 3.5086e-19)
(0.77035 -0.236627 0)
(0.382704 -0.35427 0)
(-0.0164089 -0.00986803 2.2023e-19)
(1.02621 -0.0186549 2.54352e-19)
(0.509949 -0.478915 0)
(0.777678 0.710594 4.67631e-21)
(-0.646707 0.0748035 -1.7215e-19)
(0.0221547 -0.0193293 9.48962e-20)
(0.314066 0.0973021 2.04429e-19)
(1.45705 -0.231843 -2.44653e-20)
(1.68302 0.282346 -3.76324e-19)
(1.67726 -0.292392 -4.6518e-21)
(0.943273 0.559336 1.18596e-19)
(1.02239 0.216359 1.73011e-19)
(-0.357831 -0.323375 -6.17359e-20)
(-0.76349 -0.216654 2.75258e-19)
(1.04446 -0.0363336 0)
(0.408886 0.281115 1.24758e-19)
(1.28537 -0.474012 1.24467e-19)
(-0.328597 0.447652 0)
(1.36711 0.104521 2.36569e-21)
(1.02192 -0.00170806 3.30513e-20)
(-0.578132 0.676526 0)
(1.02446 0.10567 -1.38845e-20)
(0.647119 -0.241776 0)
(0.559712 -0.537455 -4.11822e-20)
(1.00325 0.189365 1.86087e-19)
(0.809908 0.436659 2.40011e-19)
(0.756161 0.392274 3.45818e-20)
(1.01765 -0.00890982 0)
(-0.944582 -0.0731526 -1.95331e-19)
(1.58637 -1.01463 1.00429e-19)
(0.994564 0.776896 3.85677e-20)
(-0.142314 -0.123367 1.85883e-19)
(1.80725 -0.302995 1.49808e-19)
(0.0267573 -0.0316431 8.61207e-20)
(0.812716 0.257056 0)
(0.829046 0.478177 0)
(-0.272732 -0.320456 2.14764e-19)
(1.04263 -0.171198 0)
(-0.349425 0.261608 -6.51156e-21)
(0.585706 -0.725332 3.35304e-20)
(-0.028168 -0.0261561 8.22442e-22)
(1.81263 0.593385 5.23188e-20)
(1.41171 -0.389508 -5.02685e-21)
(0.541194 -0.300648 0)
(1.02544 -0.00315662 -3.8441e-19)
(0.746895 0.672414 1.56415e-19)
(0.528463 0.676303 -7.53192e-19)
(1.09976 -0.854515 7.8408e-20)
(0.581064 0.0362895 2.93997e-21)
(0.323079 -0.429496 -2.78611e-19)
(1.14418 -0.862757 -9.43694e-20)
(0.572519 -0.195233 1.68929e-19)
(-0.376784 0.506235 0)
(0.540522 0.161611 0)
(0.967008 -0.0819261 -2.8014e-19)
(1.05879 0.605291 0)
(0.849565 -0.354065 2.7355e-19)
(-0.622724 -0.186008 0)
(2.01964 0.389305 1.11888e-19)
(-0.00985993 -0.133743 -1.36216e-19)
(1.79306 0.757939 0)
(-0.313935 -0.373243 0)
(2.19327 0.0890595 1.39505e-19)
(-0.999105 0.387504 0)
(-0.0745609 -0.354676 -4.47875e-19)
(0.915539 0.596739 -1.16875e-19)
(2.12047 -0.387541 -2.35984e-20)
(0.216766 -0.210284 1.53128e-19)
(-0.20041 0.148433 1.16965e-19)
(1.93372 -0.470415 0)
(0.117049 -0.133086 -2.33757e-19)
(0.00652574 -0.037248 0)
(1.09828 -0.178128 -1.15383e-19)
(-0.04389 -0.151419 -3.44115e-19)
(-0.641384 -0.128538 2.87893e-19)
(0.768472 -0.20896 7.84093e-20)
(1.98304 -0.266649 6.48057e-20)
(0.420497 0.403093 0)
(0.703043 -0.316468 -8.65125e-20)
(-0.465791 0.152029 7.50623e-19)
(2.07634 0.450327 0)
(1.0259 0.57103 0)
(-0.117544 -0.0694316 -1.95082e-19)
(1.44852 -0.3267 -1.72113e-19)
(0.874408 -0.258996 -9.48004e-20)
(1.44265 0.376992 6.10975e-19)
(1.75278 -0.0891583 -1.93389e-19)
(0.965785 0.476297 -2.08354e-19)
(1.05549 0.643686 -1.73643e-19)
(1.99134 -0.460104 7.76427e-20)
(-0.277313 -0.31024 -1.40525e-19)
(1.02554 0.00215434 2.72747e-19)
(1.61651 0.16462 9.42297e-21)
(1.22527 0.347879 -2.94926e-19)
(1.01246 0.0504466 7.59959e-21)
(-0.442533 0.21995 1.50783e-19)
(-1.34966 0.104812 0)
(-0.629218 0.669214 0)
(0.63565 0.212795 0)
(1.87064 -0.28868 1.1037e-19)
(-0.385336 -0.426562 -2.41117e-19)
(0.474069 0.367843 0)
(-0.0163869 -0.026377 1.26979e-19)
(1.6388 -0.383991 -3.47141e-20)
(-0.0942477 -0.0602893 -1.99274e-19)
(1.00054 0.667434 2.12294e-19)
(0.950477 0.301911 9.72875e-20)
(-0.563282 0.0717214 9.89492e-20)
(0.876301 0.778943 -1.88439e-19)
(1.24511 -0.285843 6.3651e-20)
(0.963163 -0.0036527 -2.55633e-19)
(1.08964 -0.0547668 -9.2083e-20)
(0.771653 0.275848 0)
(0.128946 -0.0556379 0)
(1.19906 -0.169867 5.17505e-20)
(1.4236 -0.301268 -1.22376e-19)
(-0.922463 0.449249 -1.07175e-20)
(1.04795 0.24856 1.97274e-19)
(1.27001 1.01723 0)
(0.593918 0.189274 -1.0697e-19)
(0.11717 -0.301273 -6.31228e-20)
(0.754248 -0.319805 3.61519e-19)
(0.778432 -0.293486 -1.20075e-19)
(1.42055 0.250762 2.77935e-19)
(-0.533782 0.140874 1.11207e-19)
(-0.729992 -0.101551 -1.21939e-19)
(0.484301 0.470782 4.21867e-19)
(-0.508462 0.294077 -3.62754e-19)
(1.55475 0.0689695 -2.28593e-20)
(1.04813 -0.261001 3.23988e-19)
(0.00203158 0.0305683 -3.38652e-19)
(0.553879 0.375047 -3.14052e-19)
(0.873232 0.481631 0)
(-0.0215007 0.039715 -1.13446e-19)
(-0.269051 0.323657 -2.56985e-19)
(-0.148911 0.351232 -1.98985e-19)
(0.00590709 0.00710651 -1.16725e-19)
(1.07829 0.0317334 -7.7392e-20)
(-0.279737 0.524464 -1.26219e-19)
(0.890821 0.516327 1.07301e-19)
(1.3942 0.82244 2.71987e-20)
(0.707083 0.6534 0)
(0.977805 0.629417 0)
(-0.119836 -0.012437 -1.57209e-19)
(-0.603507 0.221345 0)
(0.931904 0.523472 -1.06668e-19)
(0.0069073 -0.0153849 0)
(1.38815 0.0632116 1.87715e-20)
(0.677554 -0.0266847 5.96005e-19)
(-0.0422842 -0.0668744 2.75541e-22)
(-0.015868 0.0646339 0)
(0.540476 0.511285 0)
(-0.784343 0.556837 2.2943e-19)
(-0.259836 0.318155 1.02116e-19)
(1.89259 -0.335729 -3.01956e-20)
(-0.417398 -0.286552 2.35805e-19)
(0.558441 -0.0802991 -5.01808e-19)
(2.19684 -0.485745 4.35927e-20)
(1.7296 -0.221189 -2.4137e-20)
(-0.0463359 0.0781894 -1.00678e-19)
(0.368229 -0.357469 -3.34729e-19)
(-0.073387 0.109238 1.73566e-19)
(-0.33456 0.402716 0)
(0.760364 0.694179 2.09224e-20)
(1.06901 -0.171893 -3.84671e-19)
(-0.101763 -0.0609201 1.05902e-22)
(0.573309 -0.164973 0)
(0.616371 0.579065 -2.44346e-20)
(0.470234 -0.456971 2.47256e-19)
(-0.273765 0.36021 8.0788e-23)
(0.381821 0.366911 -3.40387e-19)
(1.66096 0.592135 0)
(2.19427 -0.342045 4.34167e-19)
(-0.234011 0.305082 0)
(-0.327968 0.478849 -1.39497e-19)
(-0.103894 0.162471 7.84625e-20)
(0.400165 0.375008 2.66845e-19)
(0.790728 0.723696 -2.23533e-19)
(-0.213317 -0.340088 2.69777e-19)
(-0.0715469 0.120729 -1.77947e-19)
(-0.292756 -0.322661 -2.48156e-19)
(0.822298 0.313848 0)
(-0.30645 0.323917 -1.14473e-19)
(0.452458 -0.41485 2.72245e-19)
(-0.0682376 -0.0449231 -2.3821e-19)
(1.25827 0.23303 -1.56011e-19)
(0.0194981 -0.0130506 5.82206e-20)
(0.774364 0.714226 0)
(0.697211 0.651691 0)
(0.844232 0.759715 -1.83873e-19)
(0.879732 0.789921 5.83008e-20)
(1.43309 -0.827147 -4.54052e-20)
(-0.350712 0.384969 -1.83351e-21)
(0.897058 0.444194 0)
(-0.17764 0.221915 -6.00653e-20)
(1.46415 0.970427 -2.77514e-19)
(1.17601 -0.267093 1.86543e-19)
(1.52738 -0.475387 0)
(0.417354 -0.386334 4.03603e-21)
(1.9541 -0.357098 -2.06957e-19)
(-0.370379 0.469504 -1.79194e-19)
(-0.24877 0.473528 0)
(0.0109579 -0.00127761 -2.57797e-19)
(0.854891 0.764423 7.05349e-20)
(0.773313 0.429294 1.31318e-19)
(0.0198554 -0.00947869 -3.20247e-19)
(0.546241 -0.531105 0)
(1.59732 -0.446026 0)
(-0.0102728 0.0268907 9.7615e-20)
(0.32962 -0.303539 -5.00349e-19)
(-0.321888 -0.362554 -1.61802e-19)
(-1.30864 0.11688 -5.50553e-19)
(0.536065 -0.137825 2.79782e-19)
(0.00658976 0.0153279 1.05947e-19)
(0.921601 0.812535 0)
(-0.369627 0.325994 1.84686e-19)
(0.00917916 -0.028972 -1.0496e-19)
(0.0207613 -0.0197881 4.85708e-20)
(0.395696 -0.347781 1.63284e-19)
(-0.000739923 -0.0761939 -1.95392e-19)
(0.663465 -0.190391 2.69766e-19)
(0.0254177 -0.0233419 -5.37496e-20)
(-0.570154 0.292807 -2.39974e-19)
(0.761939 0.310864 0)
(1.93631 -0.195168 4.59707e-20)
(-0.426944 0.414 1.68505e-19)
(0.966869 0.81143 2.3921e-19)
(-0.400988 -0.322839 3.40989e-19)
(0.97448 0.858699 5.31582e-22)
(2.04431 -0.361034 -6.16426e-21)
(0.00365377 0.0197866 1.58511e-19)
(1.18574 -0.2947 -4.01324e-21)
(-0.116057 -0.501066 2.39065e-19)
(0.000380542 0.0313503 1.56739e-19)
(0.0183237 -0.0349008 1.86459e-19)
(-0.0127673 -0.036439 -1.8538e-19)
(-0.114374 -0.0683849 2.54888e-19)
(1.15484 -0.292712 7.691e-20)
(1.07907 0.931156 6.17992e-21)
(2.05167 -0.282748 2.43366e-20)
(-0.0238005 0.0546499 2.14611e-19)
(0.626017 -0.152417 0)
(1.26124 -0.454196 0)
(-0.299723 0.378974 0)
(1.07013 0.802369 2.23394e-19)
(1.70913 -0.797988 4.25718e-20)
(0.00666431 0.085126 -1.16329e-19)
(-0.0719367 -0.0705985 1.74639e-19)
(-0.0085136 0.0305677 0)
(1.70624 -0.209083 -6.79401e-20)
(0.438168 0.412404 -4.83288e-19)
(-0.200006 0.366697 -1.48134e-19)
(-0.14072 -0.0823261 -2.32813e-19)
(-0.536702 0.644494 2.6723e-19)
(2.03565 -0.334936 0)
(1.33622 1.00998 -4.78954e-21)
(-0.128917 -0.0740393 -1.14225e-19)
(0.477699 -0.123439 0)
(0.605344 -0.0730134 -2.88003e-19)
(1.05746 0.865765 0)
(-0.668529 0.209542 2.14625e-19)
(-0.120093 -0.0671647 2.22758e-19)
(0.935828 0.814832 -8.98767e-20)
(-0.119117 -0.0693865 1.09158e-19)
(0.456154 -0.0801005 -1.76027e-19)
(1.00323 0.864826 0)
(0.485357 -0.459199 -6.16979e-20)
(0.870432 0.741322 1.27857e-19)
(0.502308 -0.440658 -2.48321e-19)
(1.06904 0.917796 0)
(0.272669 0.0779631 -5.06183e-20)
(-0.708528 0.132892 1.91964e-19)
(1.14604 0.949989 -6.34181e-22)
(-0.297762 0.424921 -2.41929e-19)
(1.33153 1.00059 9.91825e-22)
(1.70565 -0.659279 -3.36812e-20)
(0.0120857 9.79224e-05 2.05533e-19)
(0.644347 -0.107459 -1.19143e-19)
(1.79119 -0.142589 0)
(1.1621 0.952681 3.83527e-20)
(2.04047 -0.162703 0)
(0.840762 -0.24652 3.48256e-19)
(-0.735935 0.277195 -3.81033e-19)
)
;

boundaryField
{
    frontback
    {
        type            empty;
    }
    Top
    {
        type            noSlip;
    }
    outlet
    {
        type            zeroGradient;
    }
    bottom
    {
        type            noSlip;
    }
    Inlet
    {
        type            fixedValue;
        value           uniform (1 0 0);
    }
    rectangle
    {
        type            noSlip;
    }
}


// ************************************************************************* //
