/*--------------------------------*- C++ -*----------------------------------*\
| =========                 |                                                 |
| \\      /  F ield         | OpenFOAM: The Open Source CFD Toolbox           |
|  \\    /   O peration     | Version:  2306                                  |
|   \\  /    A nd           | Website:  www.openfoam.com                      |
|    \\/     M anipulation  |                                                 |
\*---------------------------------------------------------------------------*/
FoamFile
{
    version     2.0;
    format      ascii;
    arch        "LSB;label=32;scalar=64";
    class       volVectorField;
    location    "10.3";
    object      U;
}
// * * * * * * * * * * * * * * * * * * * * * * * * * * * * * * * * * * * * * //

dimensions      [0 1 -1 0 0 0 0];

internalField   nonuniform List<vector> 
2186
(
(1.29821 -0.102989 1.65894e-19)
(1.59978 -0.931536 -1.09829e-19)
(1.44725 -0.908907 -8.10892e-22)
(0.737799 -0.581714 -1.16692e-19)
(-0.550564 0.633035 -2.3769e-19)
(1.05148 0.0437438 0)
(0.717682 -0.663654 0)
(-0.293818 -0.527831 1.24545e-19)
(1.48809 -0.261601 2.00274e-19)
(0.55267 -0.307794 -2.2915e-21)
(0.677248 0.612047 0)
(0.829856 -0.278458 -1.47501e-19)
(-0.377286 -0.654157 -5.07707e-20)
(1.16496 0.0172039 -2.89187e-19)
(1.78777 -0.68143 -1.15769e-19)
(1.01125 -0.00666432 1.36035e-19)
(0.984205 0.00555895 0)
(-0.693692 0.473689 0)
(1.06584 0.00962478 0)
(-0.0478999 0.273306 -8.58786e-20)
(0.489363 0.100685 -9.45623e-20)
(-0.232832 0.173791 1.16788e-19)
(1.14763 0.0305438 2.38731e-19)
(-0.220012 -0.00156619 4.18083e-21)
(1.02017 0.0111085 -1.87945e-19)
(0.789092 -0.559275 0)
(0.763354 -0.0279077 1.16834e-19)
(0.608794 -0.589445 -1.30884e-19)
(1.22125 0.716193 0)
(0.985332 0.0200434 -2.56398e-19)
(-0.00102178 0.0509933 0)
(1.02406 -0.00565317 8.87519e-21)
(0.0110848 0.327894 0)
(2.20447 0.27523 1.75126e-19)
(-0.118643 -0.132184 2.82596e-21)
(1.55126 0.781526 1.4884e-21)
(1.63273 0.153936 1.00276e-19)
(0.51654 0.149763 -2.80496e-19)
(1.95904 0.249285 -4.53415e-19)
(1.05406 0.0267756 7.87108e-23)
(-0.446384 -0.717786 0)
(-0.195916 0.155258 0)
(1.86102 -0.874764 9.71682e-20)
(-0.444582 0.213975 0)
(1.11139 0.287369 1.14332e-19)
(0.597008 -0.290011 2.32108e-19)
(0.91325 -0.77855 0)
(1.17874 -0.786184 7.38867e-20)
(2.05805 -0.634872 0)
(-0.389331 0.691959 2.62978e-19)
(0.0163355 0.119046 1.26982e-19)
(0.629237 0.580263 5.76493e-20)
(2.05261 -0.757888 1.2426e-19)
(0.598898 0.282814 -2.23244e-19)
(-0.258008 0.176664 4.3681e-20)
(0.760844 -0.650274 0)
(1.64774 -0.959268 1.78794e-20)
(0.580078 -0.54134 0)
(2.39099 0.19512 1.40861e-19)
(1.13553 -0.1895 -2.68822e-19)
(1.35491 -0.105272 9.18677e-20)
(1.35464 0.294387 -1.17363e-19)
(1.3442 0.53358 0)
(1.06648 0.0382565 -8.62354e-23)
(1.36059 0.379664 -6.27733e-20)
(1.24724 -0.734387 -9.71708e-20)
(1.18013 0.665452 3.5345e-20)
(0.685575 0.0726444 -4.52632e-19)
(0.819401 0.0546634 0)
(2.09411 -0.207137 -7.2412e-20)
(-0.265963 -0.597708 -1.45048e-19)
(1.66188 -0.502117 -8.50924e-20)
(0.727968 -0.0364289 -1.9964e-19)
(0.875031 -0.521753 0)
(0.826188 0.176927 -7.24233e-20)
(0.548104 -0.509588 -2.40083e-19)
(2.02647 -0.385858 0)
(1.00372 0.0118998 2.82299e-19)
(-0.102865 -0.206656 0)
(2.02923 0.42464 0)
(1.00028 0.321978 1.71731e-19)
(0.954964 0.0452956 -8.68354e-22)
(1.03677 0.00836366 3.12221e-20)
(1.31962 0.414471 1.69745e-20)
(0.976253 0.0151018 3.27108e-19)
(1.03892 0.0296899 -7.75371e-21)
(0.672419 0.180842 -2.69177e-19)
(1.07044 0.0270723 8.47828e-23)
(0.473018 0.0155105 0)
(-0.0686895 -0.0291109 1.05466e-19)
(0.858793 -0.624951 -1.26453e-19)
(-0.0809843 0.547849 -1.97023e-21)
(1.09597 -0.0795844 1.89666e-19)
(0.810924 -0.178439 0)
(0.994168 0.0289215 3.12804e-20)
(1.37801 0.649418 0)
(1.6099 -0.944651 0)
(1.30917 0.223722 0)
(-0.540769 0.710977 0)
(0.788743 -0.665778 2.2785e-19)
(0.787791 -0.120713 -4.67514e-19)
(0.964753 0.143237 3.26046e-19)
(1.50947 0.189151 0)
(1.10041 -0.114648 -1.73398e-19)
(1.08275 0.0246704 1.40266e-19)
(0.0346614 0.638425 1.6538e-19)
(0.639824 0.514149 0)
(2.17348 -0.150624 -1.44135e-19)
(0.96383 -0.481931 6.33997e-20)
(-0.937989 0.278262 1.23884e-19)
(1.76444 0.291849 1.54415e-19)
(-0.30026 0.761709 -3.72549e-19)
(0.81028 -0.736824 0)
(0.570143 0.358664 1.34698e-19)
(1.65218 -0.261446 -5.74549e-19)
(-0.588394 -0.422349 -4.81446e-19)
(1.04653 -0.105677 7.81241e-21)
(1.79397 -0.684381 0)
(-0.0929703 -0.0252025 -3.16127e-19)
(0.71103 -0.0718069 6.33929e-20)
(1.57103 0.886572 0)
(-0.292663 0.726702 -4.12563e-19)
(0.886418 0.761193 -1.974e-19)
(-0.939814 0.30296 5.88623e-19)
(1.02705 -0.023883 0)
(1.07257 -0.10725 -9.8423e-21)
(-0.457692 0.737946 0)
(0.696984 -0.49465 -8.56134e-20)
(-0.884386 0.395351 -3.20729e-19)
(0.783556 -0.715656 0)
(0.435098 -0.271649 3.41797e-19)
(0.541643 -0.455763 2.26888e-19)
(0.408975 -0.370109 0)
(0.976923 -0.778138 -8.77271e-20)
(1.02 0.153703 0)
(-0.109878 0.75484 -2.06283e-19)
(0.807865 -0.696993 1.07031e-19)
(2.36855 -0.249822 3.2283e-19)
(2.21219 0.112347 0)
(-0.0400742 -0.119337 0)
(0.68501 0.63561 -2.37392e-19)
(1.77418 -0.624586 2.39124e-20)
(-0.173702 -0.252108 0)
(0.9778 -0.803646 -9.7798e-21)
(1.12884 -0.0987631 0)
(1.08726 -0.13936 3.02946e-19)
(2.08559 -0.165327 -1.40141e-19)
(-0.588649 0.619992 0)
(1.21667 -0.558033 -3.8287e-20)
(-0.202173 0.397812 -5.45264e-20)
(-0.300051 0.683921 0)
(1.08769 -0.811323 1.20282e-20)
(1.00537 0.00858791 -4.71651e-19)
(0.651031 -0.479396 -8.47197e-21)
(0.817104 -0.518207 0)
(1.19614 -0.732892 -6.30021e-20)
(0.661332 0.243548 2.09144e-19)
(1.24789 0.0925548 0)
(1.52064 0.0949176 -7.65283e-20)
(1.19039 -0.851964 -1.16442e-19)
(-0.0314027 -0.101725 -1.16545e-19)
(-0.118864 -0.522172 -2.4992e-19)
(1.06645 0.00334007 1.74686e-19)
(0.92104 -0.466871 -7.97281e-20)
(1.06942 0.0174782 -7.84932e-23)
(1.07903 0.00629145 -1.96336e-21)
(0.730964 -0.113763 1.31637e-19)
(-0.22642 -0.00702573 -2.87057e-19)
(1.0466 -0.0627656 0)
(1.18722 -0.162616 3.46614e-20)
(1.44985 0.65426 6.31552e-20)
(0.806935 -0.615803 -1.66195e-19)
(0.997574 0.00697971 9.6735e-21)
(0.720408 -0.532168 2.354e-19)
(1.31219 0.803859 6.51053e-20)
(1.88033 0.0214174 2.99564e-20)
(-0.643586 0.51066 0)
(1.05734 0.0545364 -1.80305e-19)
(-1.00709 -0.262024 -3.65859e-19)
(1.07697 0.490996 5.77594e-20)
(0.0647465 -0.0941464 1.73409e-19)
(1.12171 0.0246189 -3.33079e-20)
(-0.147181 0.253917 -2.07362e-19)
(1.30682 0.585303 -4.31397e-20)
(1.14091 0.886689 0)
(-0.692551 0.512675 -1.21929e-19)
(-0.243271 -0.117864 0)
(0.654023 0.565658 -2.13178e-19)
(2.05424 0.202843 -3.13935e-20)
(-0.525237 -0.666911 1.73545e-19)
(-1.02712 0.188665 -8.05142e-19)
(0.732101 0.0750315 1.98575e-19)
(2.14781 -0.268494 -6.18646e-20)
(0.976963 -0.342114 -2.34953e-20)
(-0.00137387 -0.0177011 0)
(-0.650509 -0.0970903 1.39057e-19)
(1.33289 0.97454 2.78558e-20)
(0.841645 0.0680173 -1.07288e-19)
(0.554404 0.521082 1.47109e-19)
(0.442173 0.187299 0)
(-0.0216872 -0.760924 -2.61113e-19)
(-0.104091 0.119562 6.1013e-21)
(1.28671 -0.950149 8.77012e-23)
(0.983812 -0.0304733 -1.4682e-19)
(-0.159726 -0.136876 7.20889e-21)
(-0.265996 0.338203 1.93885e-19)
(-0.33993 -0.102665 -2.07384e-19)
(1.77124 -0.685501 0)
(1.10792 0.0491509 -2.40383e-19)
(2.10888 -0.177676 2.04054e-19)
(1.27388 -0.624886 6.35064e-20)
(0.732034 0.0433519 4.0199e-21)
(0.597087 0.338166 0)
(0.944274 0.74948 -1.14842e-20)
(0.682248 0.627301 1.33756e-19)
(0.897754 -0.568562 1.14373e-19)
(0.686024 0.509264 0)
(1.02089 0.00228525 6.2646e-21)
(0.879821 -0.665618 1.62772e-19)
(0.836934 0.431394 -3.52004e-19)
(1.21217 -0.119327 0)
(-0.248709 -0.23924 -3.10669e-19)
(0.0388193 0.498322 -1.27848e-19)
(1.59544 0.729688 0)
(1.33919 -0.931362 -7.50537e-23)
(-0.698596 0.509505 0)
(-0.526282 0.722243 1.5084e-19)
(0.734976 0.653363 -7.33741e-20)
(0.841746 -0.207491 0)
(-0.232494 -0.132993 0)
(1.59989 -0.45616 0)
(-0.397854 -0.349453 3.74331e-19)
(1.20348 -0.878013 7.6577e-20)
(1.17611 -0.612399 4.25195e-20)
(1.04399 -0.177835 -1.21185e-19)
(0.874767 -0.693766 -1.27586e-19)
(0.186632 -0.190654 0)
(-1.24201 -0.0160891 0)
(1.00225 -0.517229 1.3094e-19)
(-0.0943615 -0.209715 0)
(-0.374648 0.709694 0)
(-0.5735 -0.388528 4.09733e-19)
(0.791449 0.67106 6.36636e-20)
(1.01421 0.792997 0)
(0.696825 0.559479 -6.53862e-20)
(0.830394 -0.0391557 -1.78047e-19)
(0.74536 0.567892 -1.73983e-19)
(0.589964 0.550157 -1.2667e-19)
(-0.203132 -0.563683 2.76197e-21)
(0.715594 -0.643057 0)
(0.89603 0.171982 -2.50599e-19)
(-0.337864 -0.725329 6.73211e-20)
(0.601327 0.558022 2.79675e-19)
(0.957007 0.795821 0)
(-0.687688 -0.15646 3.75872e-19)
(-0.0625031 -0.41092 3.5102e-19)
(-0.0115864 -0.34663 -1.77014e-19)
(0.664333 0.574215 -1.13688e-20)
(0.979052 -0.0125857 4.56938e-20)
(-0.474448 -0.734429 0)
(2.28005 0.0904652 -3.31427e-19)
(1.36389 -0.489189 -6.66014e-20)
(0.650066 -0.602917 -5.7997e-20)
(-0.597972 0.222488 2.07014e-20)
(1.19284 0.458025 1.22118e-19)
(0.88263 0.42031 0)
(1.06109 -0.182002 1.46423e-19)
(0.142779 -0.567878 -1.00456e-20)
(-0.0548825 0.138319 4.80999e-19)
(0.927564 0.0156116 -4.0294e-20)
(1.13872 0.121914 0)
(1.89901 -0.0259334 -3.18535e-19)
(1.92515 0.0481737 0)
(0.550679 0.262921 -3.696e-19)
(-0.276661 0.396575 0)
(-0.238492 -0.516432 2.84603e-19)
(0.734904 0.105288 0)
(0.620393 -0.513909 -1.45597e-19)
(1.11307 0.020491 1.59914e-19)
(-0.586867 0.633115 5.6926e-20)
(1.89324 -0.099595 -1.04111e-20)
(2.09441 -0.257488 -1.472e-19)
(1.11447 0.236015 -1.61672e-19)
(-0.370543 -0.781194 -1.35609e-19)
(1.06761 -0.846269 0)
(0.804356 0.0153582 -1.16377e-19)
(0.93129 -0.37167 -2.26182e-19)
(1.71141 -0.566908 -1.00178e-20)
(1.71763 0.0372934 2.94287e-19)
(1.05934 -0.00153293 2.89571e-19)
(0.166406 -0.597879 -1.78934e-19)
(0.990865 -0.435799 -9.56408e-20)
(0.196691 -0.189433 2.0639e-19)
(1.0059 -0.00149586 0)
(1.00744 -0.00599518 0)
(1.24943 -0.690686 6.45651e-21)
(-0.0190981 0.744865 -1.3936e-19)
(0.181959 -0.119032 -1.52837e-19)
(1.42843 -0.177115 2.22045e-20)
(1.40128 -0.665327 0)
(2.16866 -0.295174 -1.35292e-19)
(0.935992 -0.814426 -4.68312e-20)
(1.78727 -0.551429 -9.3842e-20)
(1.10745 0.835977 0)
(0.472146 -0.45412 0)
(0.606709 0.524237 -1.37719e-19)
(1.09301 0.280692 -2.94038e-19)
(2.22153 -0.245417 4.78174e-22)
(0.860724 0.152475 1.08079e-19)
(0.161705 -0.674089 -5.75705e-19)
(0.945932 0.0908969 -7.69104e-21)
(-0.248942 -0.594024 0)
(-0.0436385 -0.123208 0)
(-0.632314 -0.604285 0)
(1.33528 -0.723619 -4.16908e-20)
(-0.316741 0.698487 -2.89903e-19)
(-0.114618 0.267515 0)
(1.29246 0.976075 -5.02189e-21)
(1.11242 0.161524 -3.1007e-19)
(1.34747 0.392007 -2.98036e-20)
(1.08139 0.922046 3.47218e-20)
(-0.24786 0.788561 1.92065e-19)
(0.717621 0.0646133 0)
(-0.640119 -0.50568 -3.6696e-19)
(-0.377464 0.788126 3.58291e-19)
(0.781218 0.0295213 1.45884e-19)
(1.53967 0.948986 6.1164e-20)
(1.12451 -0.0431932 -5.83245e-21)
(-0.138704 0.524276 -2.80404e-21)
(0.740994 -0.677311 -2.7132e-20)
(1.2066 0.0102328 0)
(1.7221 0.0195103 0)
(1.06188 0.0418873 0)
(-0.209011 0.273923 -4.34245e-20)
(-0.550417 -0.632057 1.3983e-19)
(1.04723 0.842109 0)
(0.998145 0.00245377 3.94679e-19)
(0.767002 0.608766 -1.72995e-19)
(-0.785674 0.0446656 -8.58371e-20)
(0.858768 0.0160169 -3.23767e-20)
(0.711461 -0.65055 -1.65244e-19)
(1.39529 0.711553 -1.05282e-20)
(0.562718 -0.449263 -2.3677e-19)
(1.09503 -0.00052035 -3.52051e-19)
(0.832751 0.04122 3.4191e-20)
(1.53967 -0.185164 3.29902e-20)
(0.75082 -0.0426967 -4.19374e-20)
(-0.027233 -0.0486574 -2.08034e-22)
(1.08148 0.468958 -1.93765e-19)
(1.3358 0.619273 1.07778e-19)
(-0.123053 -0.360051 0)
(0.107607 -0.635106 2.16178e-19)
(-0.347449 -0.315088 1.30315e-19)
(-0.218359 -0.0611574 -1.46622e-19)
(0.483314 0.326302 0)
(1.26864 -0.568052 0)
(0.0207665 -0.00878827 -1.75412e-19)
(-0.257684 -0.784901 -7.94465e-20)
(1.04937 -0.022172 1.39202e-19)
(-0.582754 0.523853 -5.57595e-20)
(1.69777 -0.70705 -4.59698e-19)
(0.0184115 0.761961 0)
(0.827765 -0.735064 -2.18164e-19)
(0.677082 0.0492942 7.46772e-20)
(-0.568883 -0.376775 2.23829e-19)
(0.724179 0.162226 2.6192e-19)
(0.630536 0.143222 8.56498e-20)
(0.500935 -0.474564 1.61069e-19)
(-0.195457 -0.328247 -1.51229e-19)
(1.13729 0.00164749 0)
(0.399512 0.355761 -1.56034e-19)
(1.02518 -0.00809586 -2.22012e-19)
(-1.12695 0.156922 3.12888e-19)
(1.42302 0.482712 -5.40354e-20)
(-0.118178 -0.287632 -5.70441e-20)
(0.680811 -0.621313 -1.17585e-20)
(0.81562 0.184661 -1.61194e-19)
(0.974516 0.428025 1.69056e-20)
(1.11366 -0.163667 2.5919e-20)
(0.607662 -0.227384 -2.43507e-19)
(1.98831 -0.356685 -1.97432e-19)
(0.675972 -0.148297 0)
(1.06766 0.273497 -3.11618e-20)
(1.44806 0.237382 -1.91497e-20)
(1.13782 -0.331989 1.68113e-19)
(0.954313 0.355416 -2.36401e-19)
(1.03448 0.0610694 1.77661e-21)
(0.423659 0.395779 -2.00072e-19)
(-0.148607 0.308564 3.72462e-19)
(1.97322 -0.172711 0)
(0.945119 -0.00099265 0)
(0.866138 -0.766683 3.979e-20)
(-0.0502206 -0.515009 -3.83984e-19)
(-1.16605 -0.0702695 -3.84709e-19)
(-0.0435991 -0.0843795 -2.46741e-19)
(-0.475063 0.684638 -2.42515e-19)
(-0.392779 -0.493142 0)
(-0.0279355 -0.0818594 4.4214e-20)
(0.325967 0.592926 -1.25907e-19)
(-0.299023 0.385716 -4.43694e-19)
(0.795649 -0.106628 0)
(1.27926 -0.371641 2.28905e-20)
(-0.322517 -0.362063 0)
(1.01501 0.0205955 2.82525e-19)
(-0.0379825 -0.623706 2.72132e-20)
(0.53889 -0.421002 3.17332e-19)
(-1.0437 -0.29851 6.06419e-19)
(-1.42837 0.129021 0)
(0.347511 0.685127 1.58063e-19)
(1.01709 0.0173408 -8.50097e-21)
(-0.227552 -0.0911722 0)
(1.00129 -0.0108065 -4.4113e-20)
(0.855588 -0.724707 -2.13459e-19)
(1.28506 -0.696492 0)
(0.934492 -0.258461 1.60496e-19)
(0.208282 0.650791 3.44646e-19)
(0.0064663 0.00881324 0)
(-0.0988656 -0.687499 -7.8201e-21)
(0.723484 -0.633177 -3.30704e-19)
(0.974513 -0.0318897 -2.02747e-19)
(-0.0506961 -0.628022 4.73396e-19)
(-0.161336 -0.443086 1.74454e-19)
(-0.329031 -0.573187 0)
(0.957863 0.479029 0)
(-0.45082 -0.596907 2.89588e-19)
(2.13105 0.231799 -2.41817e-19)
(1.07593 0.895564 1.0503e-20)
(1.06611 0.220174 -9.30811e-20)
(1.12511 0.00935786 -1.6808e-19)
(1.0697 -0.0580006 -5.76514e-20)
(-0.00367319 -0.681404 -4.38424e-19)
(1.82394 -0.0271325 4.6301e-19)
(0.730461 0.027201 1.50344e-19)
(1.82135 -0.027923 1.36354e-19)
(1.03207 -0.187928 0)
(0.111012 0.430604 3.34344e-19)
(1.10285 0.0296782 -3.83135e-19)
(1.74969 0.6257 -3.72626e-20)
(0.739849 -0.453962 -1.28089e-19)
(-0.0700578 -0.0155122 2.3648e-19)
(0.792687 -0.696888 2.82629e-19)
(1.23712 0.202048 5.07757e-20)
(1.00374 -0.00547315 1.9551e-19)
(0.212609 -0.721446 -2.00178e-19)
(1.04411 0.0129304 0)
(1.3099 0.130447 -1.3482e-19)
(-0.00161361 0.00596451 0)
(1.02516 0.00877678 -1.15055e-19)
(-1.14766 -0.378396 -3.9686e-19)
(1.70196 0.322361 -6.05899e-21)
(-0.515235 -0.299295 1.727e-19)
(1.62389 0.0453003 -4.19346e-20)
(1.01101 -0.0202185 4.03399e-20)
(1.31905 -0.0966057 0)
(1.44018 -0.609204 -7.0938e-20)
(1.03564 0.0301135 -1.18691e-19)
(1.45033 0.793021 9.11949e-21)
(1.38499 -0.0419889 0)
(1.04068 -0.0419093 4.55828e-22)
(0.0264166 -0.010362 0)
(1.38624 0.0321142 0)
(-0.519024 -0.694242 0)
(1.23705 0.439346 0)
(1.90268 0.281414 7.3944e-20)
(0.740688 0.618702 3.02846e-19)
(0.291483 -0.293289 -1.90674e-19)
(-0.213258 -0.692831 -4.22268e-19)
(0.00105064 -0.0177349 0)
(1.30854 -0.385796 5.27578e-20)
(1.35318 0.519271 0)
(1.46509 0.290289 0)
(-0.696669 -0.465227 1.63806e-19)
(0.807353 0.712079 8.9367e-20)
(1.70442 -0.0305998 0)
(-0.406024 -0.585604 9.69087e-20)
(0.904269 0.219377 1.47073e-19)
(1.21832 -0.240838 -3.17386e-20)
(1.2454 0.927996 2.12135e-20)
(0.912803 -0.821264 -1.67381e-20)
(0.40331 -0.0638684 -3.6082e-20)
(0.793674 0.716 9.004e-20)
(1.18179 0.926748 0)
(1.71143 -0.427059 9.45113e-20)
(1.45171 0.908507 0)
(1.19042 -0.202137 9.13003e-21)
(0.975706 0.0998863 2.43561e-19)
(1.01035 -0.00329148 0)
(0.197732 0.497112 2.14931e-19)
(0.87935 -0.159176 3.74679e-20)
(0.628768 -0.405488 0)
(0.668243 -0.377924 1.70491e-19)
(1.24406 0.55737 -2.18158e-20)
(0.475953 0.450564 2.14476e-19)
(-0.345757 0.482056 5.25254e-20)
(0.132339 0.0326631 1.27658e-19)
(0.795155 0.0583721 0)
(1.31425 -0.893767 -2.0573e-20)
(1.04983 -0.0457976 3.08852e-19)
(1.51022 0.322178 1.87295e-19)
(-0.448676 -0.631192 8.41276e-20)
(-1.09154 -0.309104 0)
(1.18939 -0.234398 -8.20436e-20)
(0.00894148 0.00656153 -2.03392e-19)
(0.361995 0.41578 -5.61522e-20)
(-0.132559 0.0327294 -5.2111e-22)
(-0.210661 0.0910847 3.87367e-19)
(1.08505 0.0333271 -6.44806e-22)
(2.35248 -0.00244168 4.43849e-19)
(1.20025 0.460426 -1.96928e-19)
(0.973518 -0.0247947 0)
(1.83593 -0.0198643 3.04988e-19)
(1.81211 0.157926 1.31286e-19)
(0.904878 -0.762077 1.0218e-19)
(1.14595 -0.965049 -6.64116e-21)
(0.479232 0.445957 1.42276e-19)
(1.7374 0.745143 0)
(1.7698 0.580577 6.90161e-20)
(0.00699202 -0.00158076 -4.145e-19)
(0.884591 0.770236 0)
(1.06846 -0.0990285 0)
(0.292634 -0.292343 -3.74692e-21)
(0.332439 0.315138 0)
(-1.35457 -0.159571 -5.50385e-19)
(-0.432089 0.655731 -1.58351e-19)
(1.73458 -0.414501 0)
(1.30684 0.0369146 4.76055e-20)
(-0.727952 0.0748149 3.24973e-19)
(0.532019 -0.505803 -3.62352e-19)
(1.89133 -0.0756691 -5.22801e-20)
(0.609025 -0.553477 0)
(1.05043 0.112779 0)
(1.36694 -0.223276 0)
(1.1133 0.23918 -1.70351e-19)
(1.30569 0.106207 2.37897e-19)
(-1.17519 0.216982 0)
(0.857642 -0.0563613 0)
(1.69925 -0.105072 1.88737e-20)
(-0.106029 0.270375 1.33105e-19)
(2.23406 -0.299534 -2.71166e-19)
(1.05599 -0.505872 2.13943e-19)
(1.70023 -0.102972 -2.71918e-19)
(-1.23772 0.0893723 -2.63713e-19)
(1.93537 0.0483608 -2.58705e-19)
(1.00274 -0.026394 3.18794e-19)
(1.52916 0.606693 0)
(-0.440596 0.723819 4.20697e-20)
(0.995265 -0.82318 1.18664e-19)
(0.852936 -0.0104317 3.78441e-20)
(0.63286 -0.428904 0)
(1.89176 -0.536578 1.06992e-20)
(1.20749 -0.178768 1.05302e-19)
(1.20034 -0.288076 0)
(0.602949 -0.560409 3.23417e-19)
(0.551268 -0.0488758 -4.11594e-20)
(2.2069 -0.394991 5.37909e-19)
(-0.156906 0.427322 -2.76331e-19)
(1.34148 0.622139 8.27717e-20)
(1.14932 0.403366 2.60665e-21)
(0.901447 0.380498 1.72212e-19)
(2.00441 0.313557 -2.40192e-19)
(-0.01976 -0.733793 -8.07302e-21)
(1.06084 -0.199533 0)
(-0.154874 -0.1004 3.91227e-19)
(1.08088 -0.939677 0)
(1.05948 -0.655978 1.56672e-20)
(1.53773 0.158282 -7.76999e-19)
(1.08294 -0.012175 -1.39424e-21)
(-0.823117 -0.278225 -5.19417e-19)
(0.99063 0.489199 1.29104e-19)
(0.285322 0.450353 4.82644e-20)
(0.727098 -0.0358238 0)
(1.08148 -0.215634 0)
(0.964937 0.175902 1.2996e-20)
(0.747343 -0.0176371 0)
(1.35334 -0.191342 -1.08356e-19)
(-1.85294 -0.0644732 7.21195e-19)
(1.92451 0.494173 7.73258e-20)
(1.05653 -0.0221887 0)
(0.550708 -0.34474 8.37428e-20)
(1.02685 0.0284997 1.51974e-19)
(1.11289 0.973451 -9.15817e-20)
(-0.45992 0.630317 0)
(1.10514 -0.481936 3.5712e-19)
(1.00131 -0.13224 -2.14549e-22)
(1.0902 -0.497043 -1.55723e-19)
(2.35883 0.162723 2.55088e-19)
(1.29808 0.795302 0)
(0.877053 0.0259289 0)
(-0.54101 -0.636164 -2.14086e-19)
(0.0165232 -0.00627826 1.97335e-19)
(0.945529 0.370884 -1.56756e-19)
(0.399502 -0.599743 -1.79457e-19)
(0.649987 0.419823 1.91416e-19)
(0.9841 -0.0367075 0)
(0.534423 -0.497483 0)
(1.14983 0.0131444 1.38076e-21)
(1.22251 -0.508096 -6.91291e-20)
(0.633311 0.0201171 1.42806e-20)
(0.729903 -0.149047 9.49972e-20)
(-0.0555426 0.140839 -3.52647e-19)
(1.57767 -0.0296533 3.66522e-19)
(0.660118 0.615589 0)
(1.28273 0.699563 0)
(1.58467 0.242187 0)
(-0.505449 -0.492232 -2.16841e-19)
(1.27198 0.567795 2.72095e-19)
(1.92181 0.138047 5.10087e-20)
(0.990366 -0.00306991 0)
(1.0666 0.00502437 0)
(2.02345 -0.0914143 -3.64861e-19)
(1.09101 0.726556 1.01739e-19)
(0.999546 0.00677253 -1.51868e-19)
(1.48996 0.473363 0)
(-0.33284 0.629293 0)
(1.24266 0.31586 1.99438e-19)
(1.0287 0.532378 -9.36184e-20)
(1.05676 0.0271898 0)
(2.01342 0.520432 0)
(2.00639 0.676642 -4.11568e-19)
(-0.103267 0.671005 -6.19071e-21)
(1.00013 0.00716453 0)
(0.70981 0.483726 -2.58553e-20)
(0.926498 -0.816851 0)
(1.01151 0.0193221 3.52186e-20)
(1.14901 -0.0856796 3.66606e-20)
(0.901522 -0.311423 2.37236e-19)
(1.14708 0.0164618 -2.74222e-20)
(2.1531 -0.101178 4.07586e-19)
(0.927815 0.132208 5.21027e-20)
(0.74876 -0.0350099 0)
(1.00486 0.0146688 0)
(-0.853453 -0.453896 0)
(0.665046 0.636176 -1.34441e-19)
(-0.0267501 0.0759257 2.3782e-19)
(1.16739 0.348192 -3.22249e-19)
(-0.744208 0.48259 0)
(0.829763 0.647009 1.25775e-19)
(0.998854 -0.325708 0)
(1.00304 0.00696071 8.90753e-20)
(0.806192 0.629363 6.08862e-20)
(1.03563 0.405609 1.86194e-19)
(1.71173 -0.0319291 0)
(2.15433 0.148313 -1.09082e-19)
(0.818525 -0.10575 -2.86818e-19)
(-1.25449 -0.165462 -7.19843e-19)
(1.28409 0.720984 0)
(0.872627 0.242605 1.36262e-19)
(2.1168 -0.0891994 0)
(0.776522 0.530438 2.77434e-19)
(-1.75241 -0.109104 2.82496e-19)
(-0.06011 0.152726 0)
(0.590395 0.56241 -5.30825e-20)
(1.02259 -0.644264 -1.10194e-19)
(0.477542 -0.23919 -1.00654e-19)
(1.01369 -0.015281 0)
(-0.463572 0.283033 -3.44625e-19)
(0.635484 -0.567119 6.42124e-20)
(0.900441 0.292198 0)
(1.43192 -0.561829 3.93494e-20)
(0.984745 0.836868 1.60506e-20)
(1.16969 -0.0329251 -2.81674e-20)
(0.175274 -0.206562 -2.70634e-19)
(0.228665 -0.0190646 -4.5692e-19)
(-0.0657879 -0.187222 1.06542e-20)
(0.816872 0.368018 1.90276e-19)
(-0.34202 0.724286 -7.20804e-21)
(1.40921 -0.649875 3.33909e-21)
(1.01 0.00276378 -2.6323e-19)
(-0.633561 -0.420678 0)
(1.03705 0.02765 -3.08489e-19)
(2.12782 0.455363 1.99702e-19)
(0.888676 0.692111 2.05239e-19)
(1.08743 -0.0782431 1.21507e-19)
(0.996857 -0.0200381 1.21865e-19)
(1.08334 -0.0252452 1.29841e-21)
(-0.413052 -0.496566 -1.87737e-22)
(1.71549 -0.862644 1.48996e-20)
(1.12172 -0.115895 -5.36259e-20)
(0.867233 0.0608808 6.09781e-20)
(0.907898 -0.280566 7.0371e-20)
(0.301799 0.0533352 0)
(0.964091 0.73567 0)
(0.780033 0.435304 -7.25851e-20)
(2.03939 0.199832 -4.55323e-20)
(-1.35062 -0.199821 2.64954e-19)
(1.02613 -0.543522 -3.83866e-19)
(0.614578 -0.531863 3.11215e-19)
(1.45659 0.204928 -2.08266e-19)
(0.36282 -0.59605 2.04541e-20)
(1.12384 0.0230271 0)
(0.757783 0.114994 -5.37475e-21)
(1.12266 -0.0990168 -1.81296e-20)
(1.04349 0.762368 0)
(1.16339 -0.130726 0)
(0.685092 -0.216286 0)
(-0.169461 -0.344146 -6.89793e-20)
(-0.163571 0.152598 0)
(1.45221 0.804202 1.239e-19)
(1.21383 0.185237 4.55574e-21)
(-0.724849 0.360297 1.41226e-19)
(1.15092 0.0784645 1.26976e-20)
(1.83194 0.471288 -1.26437e-19)
(2.09494 -0.308095 -4.22074e-20)
(-0.178369 -0.00526792 -2.75657e-19)
(-0.147158 -0.67866 5.82668e-21)
(0.668087 0.0922195 0)
(0.694222 -0.0358362 0)
(0.998904 -0.0015923 3.33063e-22)
(-0.563299 -0.469643 0)
(1.51377 0.0263764 -1.34358e-19)
(0.688064 -0.0336056 0)
(1.04654 0.00130532 9.71961e-20)
(1.002 0.0147615 -3.45258e-20)
(1.59324 -0.234561 2.2301e-19)
(1.06147 -0.0137795 -7.03921e-22)
(0.95151 -0.180423 -4.23305e-20)
(1.0312 -0.0250489 2.82802e-19)
(0.668415 -0.607936 1.43893e-19)
(0.0117415 -0.456476 -9.58723e-20)
(0.937868 -0.0605272 1.65034e-20)
(0.01512 0.00656616 0)
(1.13147 0.795952 0)
(1.02632 0.00556838 0)
(0.994585 -0.770481 -7.39337e-20)
(1.02837 -0.881427 7.15074e-21)
(0.920065 -0.114526 -5.78587e-21)
(0.107545 0.777161 -6.51066e-19)
(1.13601 0.0327764 3.23632e-21)
(0.583212 -0.377578 -5.11861e-19)
(0.966299 0.0824767 -5.30503e-20)
(1.13948 -0.000183368 -1.67495e-20)
(2.04879 -0.317191 1.3577e-19)
(0.623391 -0.0795184 -3.1784e-20)
(-0.336538 -0.579742 -1.45027e-19)
(1.12095 0.555042 1.35899e-19)
(-0.138067 -0.328952 0)
(0.332574 -0.606366 5.05905e-19)
(-0.044067 -0.0671752 6.08565e-23)
(1.04036 -0.0349693 2.54013e-19)
(1.0168 -0.00109356 -6.53566e-21)
(1.09234 -0.0131368 -7.02958e-20)
(1.07485 -0.0314754 2.09422e-21)
(1.62566 0.304304 1.67934e-20)
(0.397717 -0.372512 -2.53026e-19)
(0.985151 -0.0807375 8.64183e-21)
(1.03448 0.000249673 -1.86523e-19)
(0.883909 -0.103274 -1.69827e-20)
(1.06952 -0.0364227 0)
(1.11775 0.593679 -2.52923e-19)
(1.00516 -0.00059894 7.29275e-20)
(0.675775 0.60729 1.98034e-19)
(1.1088 0.064912 -1.00205e-22)
(1.05877 -0.00803834 -2.28699e-20)
(1.10962 0.0190536 6.50232e-22)
(2.30887 -0.19411 2.22569e-20)
(0.346541 -0.0156902 0)
(1.05269 -0.037469 0)
(1.06933 -0.0335618 4.46985e-19)
(0.999679 -0.00878828 0)
(-0.00987427 -0.037585 0)
(0.945261 -0.571567 0)
(1.00024 0.000457428 -4.23354e-19)
(1.15174 -0.684837 5.56591e-20)
(1.02032 -0.00560092 8.83422e-21)
(1.34918 0.958148 -1.11841e-21)
(1.53427 1.00832 -1.58582e-19)
(1.12532 0.0327901 -5.4481e-21)
(1.63162 0.59209 1.82096e-19)
(0.664977 0.148236 0)
(0.106503 0.688672 0)
(2.14204 0.0382629 5.47448e-19)
(1.15669 -0.332794 0)
(0.999826 -0.00452758 -1.31118e-19)
(1.00552 0.00112105 2.54767e-19)
(1.39814 0.142912 -4.76145e-20)
(0.00701419 -0.125868 3.0143e-19)
(0.979913 0.00617428 1.37588e-19)
(0.75262 -0.037513 6.02205e-21)
(0.763596 0.041443 -3.29109e-21)
(1.0757 -0.0272395 1.65574e-23)
(0.90397 0.015968 -1.38439e-19)
(1.00278 0.00127345 1.64567e-19)
(0.999136 0.00130152 9.71386e-21)
(0.784483 -0.00723174 0)
(0.72912 -0.0192915 0)
(0.728164 -0.0267811 7.79309e-22)
(0.714339 -0.0306556 0)
(0.333311 -0.0104604 0)
(0.516546 0.0182825 0)
(0.625613 0.0068128 6.87868e-22)
(0.789673 0.0144156 -5.73588e-22)
(1.06077 0.0117647 0)
(1.07482 0.00129292 1.14286e-21)
(1.06759 -0.0118729 0)
(0.653309 -0.00905217 0)
(0.549188 -0.0103394 0)
(0.47042 -0.0174864 4.7486e-21)
(0.242585 0.000676412 7.10016e-20)
(0.812391 0.0218024 0)
(0.810064 0.024505 0)
(0.950242 0.0168844 -1.70951e-19)
(0.837271 0.0100044 3.21265e-19)
(1.00544 -0.00154702 0)
(0.999305 -0.00285627 3.03472e-19)
(0.99976 -0.000694586 -3.51774e-22)
(0.813969 0.032824 2.71121e-19)
(0.997734 -0.010028 -1.58204e-19)
(0.79541 -0.016188 0)
(0.572683 0.00880745 3.29406e-21)
(1.0044 0.000354207 -1.53585e-19)
(1.00189 0.00466755 -2.63226e-19)
(1.06973 -0.0148539 0)
(0.995504 0.00110765 0)
(0.99824 -0.00100647 0)
(1.08536 0.0720194 2.73639e-21)
(1.13712 0.000535552 4.96881e-21)
(0.941236 -0.101925 0)
(-0.541093 0.539324 2.61885e-19)
(-0.277396 0.464658 -2.06366e-19)
(1.02455 -0.0132365 -2.03598e-19)
(-0.379518 -0.764657 -1.44862e-19)
(1.01893 0.00922493 -1.64062e-19)
(1.17811 -0.200809 -6.52057e-20)
(0.797134 -0.47166 2.37741e-19)
(-0.0254256 -0.0547776 -1.00052e-19)
(1.0226 0.0169719 0)
(1.0634 0.00200599 -4.37499e-20)
(0.861369 0.0222186 0)
(-0.0207856 0.0650813 3.48114e-19)
(1.13911 -0.252094 0)
(-0.615294 -0.540164 -3.70451e-19)
(0.69658 -0.0626218 -1.04712e-20)
(1.67051 0.687844 1.0958e-19)
(-0.0400119 -0.0616387 0)
(1.07264 -0.0279631 1.37624e-19)
(1.12153 0.0227485 6.25977e-22)
(0.922629 -0.00499925 2.19581e-19)
(1.01564 -0.0116093 -1.38893e-19)
(1.68576 0.867464 9.39227e-20)
(0.52443 0.494767 0)
(0.452603 0.412326 1.62554e-19)
(1.03573 0.0702435 -1.70688e-21)
(1.14254 0.131339 1.41524e-19)
(1.08045 -0.712669 0)
(1.0161 -0.00176508 0)
(1.00189 -0.0201718 -3.19591e-19)
(1.0103 0.0158955 -3.11771e-19)
(-0.103017 -0.33188 0)
(1.22928 0.823803 -6.64596e-20)
(1.08843 0.0540172 1.0668e-22)
(1.02224 0.00384587 1.19857e-19)
(1.00725 0.0197141 -1.50636e-19)
(-0.757615 -0.425584 -3.65166e-20)
(1.10903 0.00927624 -1.04798e-20)
(1.02418 -0.0133734 5.11778e-19)
(1.0648 0.0552824 0)
(1.875 0.659042 -1.09461e-19)
(1.01568 -0.00882517 -1.59272e-19)
(1.85208 0.164631 -1.23994e-19)
(1.05616 0.0108288 -3.65767e-22)
(1.00884 0.00547065 3.19548e-20)
(2.09175 -0.217083 -3.36872e-19)
(1.01832 0.0142898 1.54704e-19)
(1.1403 -0.0404492 2.06708e-21)
(1.02455 0.00103367 0)
(0.935195 0.150503 3.81894e-20)
(-0.909124 0.383328 6.09021e-21)
(0.988421 0.0224005 1.53876e-19)
(1.0282 0.0260401 -6.26028e-22)
(1.09889 0.0361461 -9.90955e-22)
(1.25687 0.315242 2.71255e-19)
(1.0009 0.017003 1.05612e-19)
(1.0211 -0.0126776 8.18094e-23)
(1.74986 0.238976 4.00821e-21)
(1.78948 0.949216 -1.33453e-19)
(0.767343 -0.689482 4.20051e-20)
(0.446896 -0.315579 -2.49895e-19)
(1.01215 -0.0109272 0)
(1.02515 0.00107235 3.8586e-20)
(1.01312 -0.0100267 8.07187e-20)
(1.11949 -0.0214772 1.09261e-21)
(1.01881 0.0115042 -1.61169e-19)
(1.03712 -0.0270063 1.83514e-19)
(1.00389 -0.00630154 -1.51273e-19)
(1.00635 0.0082632 -5.10308e-22)
(1.01838 0.00809052 -1.73096e-22)
(1.02392 0.00949218 1.54036e-19)
(0.903588 0.0874582 3.97634e-19)
(1.52956 0.598675 0)
(0.847444 0.205629 3.10696e-19)
(1.00656 -0.00156423 0)
(1.01943 -0.0203958 -4.46622e-20)
(1.54326 0.446699 -2.19027e-20)
(1.62679 0.0854933 0)
(1.44025 -0.40087 -5.51063e-20)
(1.34998 0.789664 -1.77293e-20)
(0.825632 -0.0181459 0)
(2.10993 0.0242697 0)
(0.949417 0.787043 -3.04235e-20)
(1.07907 -0.00772391 -1.39298e-21)
(1.01113 -0.000238319 -1.62141e-19)
(1.11189 -0.568094 -4.36773e-20)
(1.0937 0.0197785 -2.29698e-21)
(1.19101 -0.000390334 0)
(1.109 0.0718462 0)
(1.31713 0.445068 0)
(0.299509 0.551898 1.38862e-19)
(1.13113 -0.0380811 7.9189e-21)
(0.301526 0.311101 0)
(0.0258183 0.589081 -4.36601e-19)
(1.70894 0.973117 -1.37994e-19)
(1.01307 -0.00697595 -3.17225e-19)
(1.10401 -0.0175806 2.10095e-21)
(1.02476 0.0209329 2.09929e-19)
(0.743395 -0.0422264 0)
(-0.0805561 -0.268653 -3.07303e-20)
(0.618191 0.445488 -2.69063e-19)
(1.44301 0.552954 2.78463e-20)
(0.255034 0.615882 0)
(0.839097 0.0338999 5.65289e-20)
(0.521019 0.499888 3.98287e-20)
(1.19196 0.88649 -1.6529e-20)
(-0.0178865 0.00287338 1.50293e-19)
(1.01884 0.0236538 0)
(1.15629 -0.0439901 6.25054e-21)
(1.00445 0.00238079 1.19038e-19)
(2.37686 -0.0616335 0)
(1.02138 0.00762507 1.9974e-19)
(0.436822 -0.603836 -2.37147e-19)
(1.01539 0.0119819 -1.23391e-19)
(1.11073 -0.0821922 0)
(1.4468 -0.487051 2.32071e-22)
(1.00152 0.00251657 -8.31716e-20)
(0.987409 -0.0289232 2.19669e-19)
(1.09171 0.109087 -2.84068e-21)
(1.15709 -0.0469736 -1.14567e-20)
(-0.170747 -0.0528695 3.94147e-19)
(2.06513 0.303871 2.70504e-19)
(1.18195 0.0079356 1.35343e-20)
(0.819118 0.0125829 -3.00323e-19)
(0.830082 0.0334279 0)
(1.16701 -0.0103808 9.22541e-21)
(1.01527 -0.0183495 -2.39675e-20)
(0.969469 0.0267577 0)
(1.04904 0.00613928 -1.5175e-19)
(1.14045 -0.00340995 -2.77931e-20)
(-1.63338 -0.0669391 3.27976e-19)
(2.13307 -0.578648 0)
(-0.895509 -0.283265 -6.56466e-19)
(1.50594 -0.346802 0)
(1.04127 -0.0155582 4.46872e-20)
(1.04546 -0.0343376 -1.60345e-23)
(1.00406 -0.000100679 1.28892e-19)
(-1.09991 -0.108338 5.77768e-19)
(1.01987 0.00557848 0)
(0.983281 0.00316747 -3.12362e-19)
(1.01553 0.00928083 1.63786e-19)
(1.04028 0.011257 0)
(1.0269 -0.00376982 4.76877e-22)
(0.968324 -0.00134516 -1.40998e-19)
(-0.243996 -0.781232 4.75e-19)
(1.00346 -0.00261181 -1.59855e-19)
(0.989651 0.0241214 -3.76986e-19)
(1.63879 -0.602569 2.90192e-21)
(-0.209903 -0.283527 -1.14045e-19)
(0.809541 0.697584 -1.28585e-19)
(0.799963 0.365044 0)
(1.0202 -0.00774417 3.36233e-19)
(1.03639 -0.00863238 1.76299e-19)
(1.1653 0.0438098 -2.75497e-20)
(1.01591 0.0859377 5.60991e-20)
(1.07199 0.0240242 -8.82978e-20)
(1.09926 -0.887246 3.2746e-20)
(1.00265 -0.00601083 1.67091e-19)
(0.924649 -0.6736 1.51867e-19)
(-0.740029 0.415813 4.76696e-19)
(-0.155005 -0.2405 -8.77046e-20)
(0.814846 0.0163827 -4.76779e-20)
(0.708463 -0.155286 -5.48698e-19)
(1.01771 0.00267642 0)
(1.31493 -0.800744 5.85321e-20)
(1.28726 0.666048 2.32141e-20)
(1.16784 -0.0143116 0)
(0.429042 -0.862716 0)
(0.854015 0.799172 0)
(1.03456 0.0167393 7.08042e-20)
(1.96441 -0.3481 0)
(1.05545 -0.0224043 2.80555e-21)
(-1.30674 0.0880058 -2.99744e-19)
(-0.00630329 -0.0378065 2.49363e-19)
(-0.434469 0.607215 -2.2421e-21)
(1.45009 0.367546 5.45822e-20)
(0.17418 -0.649936 5.67656e-19)
(1.1888 0.636589 0)
(0.753688 -0.137295 -7.33036e-21)
(1.01052 0.0109018 4.374e-20)
(-0.0928723 -0.0322541 -1.54434e-19)
(0.880244 0.714448 -4.08386e-20)
(-0.041595 -0.0670946 5.85624e-20)
(1.32257 -0.962224 -5.00823e-20)
(1.16617 0.0550931 2.6929e-20)
(1.08789 -0.00204855 1.36135e-21)
(0.550661 0.0960396 8.05362e-20)
(0.906705 0.0155864 0)
(1.18037 -0.00346449 2.73297e-20)
(0.768108 -0.286517 -1.17754e-19)
(0.945473 -0.077562 -5.10228e-20)
(2.13941 0.106321 0)
(1.03803 0.0406119 1.72698e-19)
(0.227772 0.107506 0)
(1.08242 0.00721235 3.32128e-21)
(0.313371 -0.354914 0)
(0.872604 0.337618 -1.69305e-19)
(1.30641 0.448507 -2.83152e-20)
(-0.0760685 -0.17172 -1.8048e-20)
(0.939423 0.0396837 -3.50332e-19)
(1.03989 0.00765046 0)
(1.10719 0.014302 8.84148e-20)
(1.43883 -0.26585 0)
(1.87805 -0.409763 0)
(1.01779 0.0111951 -3.05421e-20)
(0.991602 0.0441751 -1.48303e-19)
(1.73223 0.795271 -2.11896e-19)
(-0.227129 0.435257 0)
(1.02495 -0.0137369 -9.31551e-23)
(0.924101 -0.748379 -9.50323e-20)
(0.649787 0.361981 0)
(1.06765 -0.0269619 -2.19102e-19)
(1.63345 -0.639347 5.6451e-20)
(0.240061 -0.138545 4.66311e-20)
(-0.194663 0.779963 2.51343e-19)
(-0.871062 -0.313492 2.5049e-20)
(-0.929631 0.365375 -2.29545e-19)
(-0.0192628 -0.0259234 3.38027e-19)
(1.14571 0.0111413 -6.61144e-21)
(0.441559 -0.532064 3.34186e-19)
(0.944086 -0.70681 1.66618e-19)
(1.06696 -0.878991 0)
(1.00143 0.0120572 -3.61605e-19)
(0.7604 0.216422 -5.89283e-20)
(1.02604 0.0082431 -1.35159e-19)
(-0.164053 -0.0807184 -1.09452e-19)
(-0.0575456 -0.730867 3.79727e-19)
(1.023 0.0271622 -1.73367e-19)
(0.812783 -0.85336 5.24748e-20)
(1.03787 -0.32267 -2.2188e-21)
(1.04851 -0.00450332 -2.90051e-19)
(1.7133 -0.0104359 0)
(-0.582845 0.350907 -1.51181e-19)
(-1.43522 -0.153738 -5.0346e-19)
(1.18306 0.0449207 0)
(1.08312 0.0939522 0)
(1.06941 0.0314049 1.95477e-19)
(1.53684 0.77709 -1.1205e-19)
(1.23185 -0.0695669 -1.71437e-20)
(1.16649 0.631748 1.12024e-19)
(-0.190736 -0.710662 -7.12513e-20)
(1.05482 0.0146691 1.00878e-19)
(0.127298 -0.59101 -3.48334e-20)
(1.20736 0.151023 -2.76742e-19)
(0.0123861 0.32613 0)
(0.999856 -0.254013 -1.45793e-19)
(0.182306 -0.470653 7.37947e-20)
(1.36188 -0.560138 -1.06315e-19)
(1.03309 -0.00583613 -2.02938e-19)
(0.462344 0.44721 -1.09063e-19)
(1.36718 -0.434839 -3.39202e-19)
(-1.43436 -0.21982 4.27125e-19)
(0.945247 0.0318969 -2.27638e-19)
(0.535102 0.0483567 -1.63516e-19)
(1.00371 -0.00464998 -1.6982e-19)
(0.809592 0.608476 -1.78998e-19)
(-0.183913 -0.327543 -6.94871e-21)
(0.447239 -0.428867 -1.11135e-20)
(0.101073 -0.0402308 1.02891e-19)
(1.09629 -0.281183 -5.16025e-20)
(1.8207 -0.539644 0)
(1.08418 -0.843981 0)
(0.868632 -0.554387 -1.5762e-20)
(0.891962 0.0543437 0)
(0.728957 -0.396444 1.51851e-19)
(-0.0648249 -0.0975995 0)
(1.81743 0.648095 2.14257e-19)
(1.02168 0.0127115 0)
(2.29835 -0.0012149 -8.83089e-20)
(1.07571 -0.387477 2.5003e-19)
(0.98422 -0.0056784 1.49731e-19)
(1.04767 0.0889442 -1.48658e-19)
(1.26645 -0.331259 1.56765e-19)
(1.0219 0.03045 2.1196e-19)
(1.05879 0.0189617 0)
(0.987813 0.0112032 1.73934e-19)
(1.06187 -0.0237349 1.46945e-23)
(1.05834 0.24612 -5.37742e-20)
(1.42611 1.05625 9.46888e-20)
(1.02387 -0.0138951 2.30924e-19)
(0.991384 0.0958375 1.03041e-20)
(1.9293 0.625772 0)
(1.16605 0.448461 0)
(1.01927 -0.129167 -3.32902e-19)
(0.849437 0.38343 0)
(0.694794 0.439836 5.59146e-20)
(1.19653 -0.918431 0)
(0.514776 0.37083 0)
(0.628524 0.57201 -3.95821e-19)
(2.14644 0.176596 4.83867e-20)
(1.0608 -0.0203768 -9.68489e-20)
(-0.142258 0.395599 1.30011e-19)
(1.04354 0.0577664 0)
(1.05686 -0.0368324 0)
(1.13771 -0.16974 2.98611e-20)
(0.955274 0.575462 0)
(0.755113 0.487053 2.7862e-20)
(1.04322 -0.0162231 4.15341e-22)
(0.6194 0.470038 1.09763e-19)
(1.12144 0.0364611 2.27151e-20)
(1.56041 -0.601487 -5.2141e-21)
(1.07548 0.0400413 1.31524e-19)
(1.05949 -0.00189348 -1.45217e-19)
(1.13928 0.219373 1.4935e-19)
(1.01231 0.0281874 -3.42516e-19)
(0.287013 -0.305621 0)
(-0.665442 0.599332 -5.87242e-20)
(0.09797 -0.322327 -5.03242e-20)
(0.888007 -0.136276 -1.93914e-19)
(2.08537 0.450857 0)
(0.789649 -0.370642 -7.90916e-20)
(-0.0892721 0.245568 1.42486e-19)
(1.95923 0.664211 -1.67839e-19)
(1.15887 0.360034 -1.04597e-20)
(1.06419 -0.0883283 3.29284e-23)
(0.853012 0.712969 3.0339e-19)
(1.14677 0.202766 -3.07011e-21)
(1.08661 -0.0251964 0)
(1.02372 -0.0955106 -9.72016e-20)
(-0.274341 0.536947 1.37997e-19)
(1.80445 -0.245173 -1.35393e-19)
(2.28788 0.0809471 0)
(2.35826 -0.0675664 0)
(1.69023 0.291807 2.25396e-19)
(-0.0746269 0.176199 0)
(1.01704 0.0190444 -1.33472e-19)
(0.502592 -0.484588 0)
(1.00645 -0.0132336 9.84938e-20)
(0.664378 -0.318107 -1.76626e-19)
(0.959662 -0.0222111 3.27674e-19)
(1.85535 0.341041 9.37408e-20)
(1.04927 -0.026643 -3.59213e-19)
(0.850642 0.027254 4.2006e-20)
(2.26963 0.23364 -1.89562e-19)
(1.07887 -0.0347874 0)
(1.05397 -0.0109078 1.06256e-19)
(-0.789045 0.328961 -2.5262e-19)
(1.09609 0.00300696 -1.67463e-19)
(0.87634 0.640228 -3.44737e-19)
(1.04352 0.0632515 -7.35158e-22)
(2.22002 0.0323257 0)
(0.307756 -0.0574199 4.37855e-19)
(1.35601 -0.832947 0)
(-1.39387 -0.0142489 1.57242e-19)
(-0.423388 -0.732806 2.71607e-19)
(1.07859 -0.895092 0)
(0.774044 0.0199591 8.67406e-20)
(-1.25561 0.199389 0)
(1.60197 0.631094 0)
(-0.012772 -0.0513173 1.69808e-19)
(0.870508 0.0941533 -1.95754e-19)
(0.638831 -0.532307 -6.99986e-20)
(0.936397 0.691482 -2.72128e-19)
(1.00719 0.0351005 -4.84261e-21)
(1.05809 -0.0268617 1.10588e-19)
(2.38886 0.0778129 0)
(1.07045 -0.110386 -4.18481e-20)
(0.997043 -0.657534 5.49279e-19)
(1.02294 -0.0139169 2.24376e-19)
(1.08179 -0.0165892 8.64631e-20)
(1.88401 0.370737 0)
(1.00605 -0.0176729 0)
(0.993036 0.862611 -2.14172e-20)
(1.04813 -0.016071 -1.35157e-19)
(1.16334 -0.458576 -7.31461e-20)
(-0.831811 -0.195327 3.29804e-20)
(1.08133 -0.00126445 0)
(1.07406 -0.00926189 0)
(1.1414 0.0378007 1.45377e-21)
(0.696986 0.288943 -1.98233e-19)
(1.00419 -0.0479195 -1.29056e-21)
(0.989727 0.0732277 1.96147e-19)
(0.445975 0.233004 -1.25316e-19)
(1.44065 0.464884 0)
(0.768919 -0.00155152 1.19715e-23)
(1.10055 0.00859737 -9.10524e-20)
(0.615768 -0.00910763 0)
(0.817395 0.00349184 0)
(0.765495 0.0102359 7.7734e-22)
(0.632588 0.00883482 -2.82661e-22)
(0.770222 0.00317777 9.10585e-20)
(1.12759 -0.0106857 0)
(0.809978 -0.747427 0)
(0.265063 -0.568837 -3.07182e-20)
(1.01651 0.71386 -1.62445e-19)
(0.262343 0.106085 -1.3689e-19)
(-0.138104 0.806877 1.46307e-20)
(1.93082 0.813068 2.73658e-19)
(0.996668 0.0286789 1.41299e-19)
(1.04127 -0.0641958 7.77791e-20)
(0.318911 -0.204555 -5.80161e-19)
(-0.0459158 -0.00510042 0)
(0.757106 -0.621008 1.92731e-20)
(0.581075 -0.556447 -2.54824e-19)
(-0.660446 -0.473873 4.14074e-19)
(0.936815 0.117345 -1.44467e-19)
(0.967451 0.345611 2.80019e-19)
(1.04871 -0.0928845 1.46766e-21)
(1.03229 0.00112792 -2.56145e-20)
(1.00531 -0.0110877 1.05038e-19)
(-1.02916 0.0850073 -3.43973e-19)
(-0.0515132 -0.100835 -1.80723e-19)
(-0.536298 -0.407235 0)
(1.17823 0.264318 1.00673e-19)
(1.08753 0.0231327 0)
(-0.0570865 -0.522173 -2.62074e-19)
(-0.137575 0.261353 -1.82445e-19)
(-0.131934 -0.45772 0)
(1.01162 0.0050542 1.4917e-19)
(0.984793 -0.0502197 0)
(1.98181 0.466543 -2.35767e-19)
(-1.55779 -0.190228 -4.8228e-21)
(0.988852 -0.00610514 -3.11478e-19)
(0.920121 -0.726718 1.88665e-21)
(1.60989 0.402947 -2.1746e-21)
(0.526793 0.512936 0)
(0.763781 0.668733 1.29627e-19)
(1.04196 0.136937 9.60432e-20)
(-0.488584 -0.583041 2.77289e-19)
(1.92004 0.244083 -5.11957e-21)
(-0.524272 -0.600997 -1.81166e-19)
(1.31393 0.451814 -3.79428e-19)
(1.28782 0.244656 4.81447e-19)
(1.12258 -0.827853 -1.98117e-21)
(0.129112 -0.125751 1.55083e-19)
(0.134176 0.130274 0)
(-0.18635 0.201556 0)
(-0.198927 -0.220334 1.0286e-19)
(1.00037 0.00566755 -1.65783e-19)
(1.02257 0.0111983 -1.39733e-19)
(-0.804422 0.46788 -2.49089e-19)
(1.68136 -0.501484 -3.03181e-20)
(1.34041 -1.01505 6.46213e-20)
(1.10445 0.744838 0)
(0.918118 0.0587396 -4.35542e-19)
(1.71299 -0.232781 -1.25428e-19)
(1.01979 -0.022785 -4.14611e-20)
(1.44899 -0.75082 3.13351e-20)
(-0.443507 -0.646841 0)
(2.41677 0.119862 -4.58047e-20)
(-1.20634 0.166013 8.28022e-20)
(-0.167003 0.0343078 -3.69511e-19)
(1.0515 -0.0581221 1.49462e-19)
(-0.147444 -0.171247 0)
(1.70729 -0.0759893 -1.34278e-19)
(0.48642 0.28508 9.761e-20)
(-0.129961 -0.154604 1.15459e-19)
(1.01459 -0.0277941 1.84259e-19)
(0.69249 0.335516 0)
(-0.161699 0.313472 1.72686e-19)
(0.448487 -0.43809 0)
(0.133933 -0.134303 -2.86521e-19)
(-0.111055 0.129133 1.34109e-19)
(0.138412 0.137093 1.40404e-19)
(-0.0948751 -0.113688 -1.26219e-19)
(-0.295734 -0.677893 0)
(0.945497 0.296124 2.00791e-21)
(1.16726 0.132028 2.95314e-21)
(0.680115 -0.613258 1.83726e-19)
(1.01506 -0.0135909 0)
(-0.0793273 -0.095549 0)
(0.946912 -0.0771748 1.76422e-19)
(1.48086 -0.707648 -4.78438e-21)
(-0.852407 0.187428 -5.18061e-19)
(0.976316 0.0435878 -1.96531e-19)
(0.624531 -0.571741 3.28728e-19)
(1.34905 -0.682957 -1.25728e-19)
(-0.647706 -0.402212 -6.03868e-19)
(1.0815 0.0751801 0)
(1.02592 -0.00485763 -2.12473e-19)
(-0.0289436 -0.0407668 0)
(-0.0629865 -0.451388 -4.66781e-19)
(0.150126 0.149697 1.34888e-19)
(-0.0631872 -0.0827321 0)
(1.11587 0.110428 -1.26232e-19)
(1.1195 -0.0913462 0)
(1.08958 -0.0904719 0)
(-0.173918 -0.0736829 1.66206e-19)
(-0.188525 0.476072 -1.77816e-19)
(-0.00910219 -0.0143281 -1.20012e-19)
(-0.139391 0.159237 1.28699e-19)
(0.123174 0.112503 0)
(0.970269 -0.101193 -2.17108e-19)
(0.13516 -0.135722 -1.41997e-19)
(0.143641 0.139417 -2.65941e-19)
(0.199642 0.19316 9.5418e-20)
(0.958484 0.0271835 5.24505e-19)
(0.18429 0.176053 -1.06319e-19)
(-0.00508538 -0.00943578 1.13861e-19)
(0.14765 0.14847 -2.50416e-19)
(0.184704 -0.183998 -2.17086e-19)
(-0.0535383 0.0672725 0)
(-0.0384905 -0.0506537 2.52834e-19)
(-0.866939 0.32515 6.10902e-19)
(0.15424 0.151069 0)
(1.11256 -0.793159 0)
(-0.246133 -0.716619 0)
(1.15872 -0.0044366 7.33555e-21)
(0.217874 0.214544 2.34556e-21)
(-0.057354 0.0651352 -7.84104e-20)
(-0.203836 0.201478 1.10465e-19)
(0.192289 0.187299 -1.01411e-19)
(0.154509 -0.1497 0)
(-0.0144869 -0.0192642 1.27129e-19)
(-0.0176006 0.0261761 4.74502e-22)
(-0.287352 -0.790599 -2.45846e-19)
(1.09384 0.000319585 -2.87005e-21)
(-0.634626 -0.317538 4.36012e-19)
(-0.0949814 0.114389 -1.31534e-19)
(-0.0010813 -0.00559967 0)
(0.215222 0.214689 0)
(0.170784 -0.169802 -4.8812e-20)
(-0.00234594 0.00606408 -1.27824e-19)
(2.24136 0.539588 2.85608e-19)
(1.46184 -0.585313 -4.85162e-19)
(0.198263 0.201397 1.75388e-19)
(-0.274606 -0.396176 9.67001e-20)
(-0.158626 0.177341 1.27918e-19)
(0.00255231 -0.00174317 -3.33871e-19)
(0.203024 -0.202133 1.83005e-19)
(-0.0637501 -0.505056 3.2862e-20)
(-0.0276995 0.0380798 0)
(0.134801 -0.132756 -2.95893e-19)
(0.983009 -0.084493 0)
(1.51694 -0.344659 0)
(0.559488 -0.495275 -3.0938e-19)
(1.11309 -0.0456771 2.09264e-20)
(0.177395 -0.170745 1.01716e-19)
(1.01034 0.01062 1.44321e-19)
(0.866694 -0.0932612 2.09919e-19)
(0.40541 -0.392508 4.31212e-19)
(1.18801 0.180606 9.91091e-21)
(0.223694 0.212071 6.71305e-20)
(0.837124 0.576625 0)
(0.612661 -0.533693 1.25819e-20)
(0.00464432 0.00209374 1.09518e-19)
(0.418178 0.0706597 1.83909e-20)
(1.06074 -0.122804 6.28153e-20)
(1.06811 -0.251075 0)
(0.928338 -0.125895 5.16158e-19)
(-0.0398984 0.0522819 0)
(0.938073 -0.274426 0)
(1.12437 -0.22643 1.37487e-19)
(1.1456 0.355376 1.55175e-19)
(1.10449 0.00914708 0)
(-0.824887 -0.0620496 3.78487e-19)
(-1.41238 0.0391624 2.33471e-20)
(1.03916 0.00936728 -2.02702e-19)
(-0.0912 -0.340532 0)
(1.15125 -0.20974 0)
(1.22921 0.165355 0)
(0.114876 0.113449 3.64841e-19)
(0.00468044 0.00395661 0)
(0.193881 0.184345 8.16749e-20)
(0.168855 -0.155544 0)
(0.00410135 -0.00184554 -1.25271e-19)
(0.00422835 0.00423504 0)
(1.08615 0.320831 3.37235e-19)
(0.840463 -0.416511 -4.30042e-19)
(0.00268846 0.000384958 2.1732e-22)
(-0.0965664 -0.0649351 -3.05454e-19)
(0.251735 -0.242926 0)
(0.243626 0.231557 0)
(-1.10966 -0.172456 4.07896e-19)
(0.945101 0.0681161 3.51896e-21)
(1.08597 -0.356326 -1.46681e-19)
(0.000305374 0.00311573 3.75269e-19)
(-0.187293 0.122604 1.89061e-19)
(1.0469 0.14544 1.88856e-19)
(-0.0307824 0.0733461 0)
(0.00391207 0.00469836 -1.29205e-22)
(-0.153242 -0.81572 1.47644e-20)
(-0.0745006 0.0087144 0)
(2.26513 -0.051705 -2.10774e-19)
(1.03099 0.157903 0)
(1.00011 -0.0839087 2.4815e-19)
(-1.08855 0.467125 0)
(0.228155 -0.212264 -3.70513e-21)
(0.999529 -0.0201414 1.2762e-19)
(0.568676 0.171558 3.2752e-19)
(1.34745 -0.77492 9.97612e-20)
(0.309463 0.289474 1.84817e-22)
(1.64048 0.534628 0)
(0.949467 -0.581057 5.38641e-20)
(1.79969 -0.910172 2.2317e-19)
(0.0057561 -0.00406278 2.43122e-19)
(1.56655 -0.79254 2.01107e-20)
(2.38004 0.459809 1.39363e-19)
(0.00656221 -0.00527875 -7.16397e-20)
(1.0413 0.0268668 1.84332e-19)
(-0.102159 0.379931 -2.51874e-19)
(0.334846 0.311834 0)
(0.00169583 0.00402244 0)
(0.257598 0.243964 5.44056e-20)
(0.293102 -0.273237 -1.51555e-19)
(0.0108357 -0.00856749 2.55173e-19)
(1.06278 -0.762447 -4.99222e-20)
(1.3505 0.496149 2.05591e-19)
(0.330441 -0.314841 0)
(0.01025 -0.0114858 0)
(0.276912 0.262466 0)
(-0.00210269 0.0317838 -1.47919e-19)
(0.270542 -0.267908 0)
(-0.0132618 -0.00303264 -1.92119e-19)
(0.296534 0.279318 -3.04902e-20)
(0.00208729 -0.0109108 0)
(0.255101 -0.25016 0)
(-0.234355 -0.433225 0)
(-0.0179645 0.000942769 0)
(-0.0385003 0.0214865 -7.28355e-20)
(-0.0832741 -0.191498 0)
(1.00464 3.54422e-05 1.96216e-19)
(0.462639 -0.433735 1.27124e-20)
(-0.0862061 0.0563271 -1.25798e-19)
(-0.0399577 -0.0293845 3.56225e-19)
(0.373251 0.343108 1.6498e-20)
(1.66617 0.394247 0)
(-0.161694 0.305991 0)
(-0.0952355 -0.268811 2.98945e-20)
(-0.130852 0.102797 0)
(0.357669 -0.336081 0)
(-0.0577432 -0.0437846 0)
(0.422693 0.383518 0)
(-0.089552 -0.0729863 2.17161e-19)
(0.499458 0.462945 9.03577e-20)
(-0.163897 0.154603 -5.52321e-19)
(0.530959 -0.490225 -1.12756e-19)
(1.13413 0.137746 0)
(0.936903 0.0696859 -5.67186e-21)
(-0.662 -0.107709 -4.18663e-19)
(1.04116 0.0657582 -1.78587e-19)
(1.50375 -0.0557898 0)
(1.0119 0.0466684 -5.31131e-21)
(1.35035 -0.499341 9.75415e-20)
(0.967588 0.0198639 0)
(0.282321 0.412282 7.65175e-19)
(-1.31804 0.282014 1.79898e-20)
(-0.0275151 -0.0196134 -2.69164e-22)
(-1.31985 -0.158948 0)
(1.10837 -0.183873 -1.69418e-19)
(0.377717 0.23397 3.54003e-19)
(1.6839 0.437498 -8.53531e-20)
(1.28164 0.373415 -9.61791e-21)
(1.54574 -0.739382 -3.46049e-21)
(-0.449741 -0.539775 -1.02749e-19)
(1.95957 0.255946 2.98329e-20)
(1.8628 -0.716867 2.17013e-19)
(1.05031 0.100035 -2.39497e-20)
(-0.631516 0.335966 2.27582e-19)
(1.09109 -0.00389779 0)
(2.37512 -0.161123 -3.11361e-20)
(0.141635 0.105599 -2.91534e-21)
(1.30814 -0.22055 0)
(0.121701 -0.112176 -4.94366e-19)
(-0.0110194 0.0166636 0)
(0.512619 -0.474644 0)
(1.94771 0.643531 -1.27491e-19)
(0.895026 -0.420149 0)
(2.25394 -0.0494921 2.53695e-19)
(-0.0153088 -0.0095674 1.97176e-19)
(0.258554 -0.26292 6.9805e-20)
(1.0202 -0.0399617 0)
(-0.404382 -0.159366 0)
(-0.0529319 -0.0134486 1.64156e-19)
(-0.0982376 -0.126258 2.34418e-19)
(1.00973 0.265361 -1.67599e-19)
(0.64566 0.490943 -5.69453e-19)
(1.03272 0.0159006 -6.77207e-21)
(2.39592 0.031041 0)
(-0.10936 -0.740501 2.59322e-19)
(-0.0678259 -0.111663 0)
(0.646335 0.0962842 2.76103e-19)
(0.96619 0.171372 -3.78827e-20)
(0.673837 -0.576263 -1.53722e-19)
(0.997862 0.140567 2.64244e-19)
(1.00081 0.0165046 0)
(1.19982 0.231991 9.89368e-21)
(2.04316 -0.189618 0)
(0.544917 0.501077 0)
(0.927136 0.0124572 0)
(-0.452446 -0.43457 -4.27943e-20)
(0.334371 0.275316 2.03009e-19)
(-0.169048 0.652986 0)
(1.10917 0.0801585 1.11908e-19)
(1.02731 -0.228127 0)
(0.523007 0.00532164 1.33605e-19)
(0.36545 -0.142254 1.78772e-19)
(-0.105389 0.716573 3.70768e-19)
(0.686079 -0.469464 -4.55514e-19)
(0.978304 -0.0293845 1.64901e-21)
(1.47859 -0.594427 9.30094e-20)
(1.53128 -1.04198 -3.1075e-20)
(0.07567 0.0557383 1.79404e-19)
(1.69248 0.63579 0)
(-0.551824 0.624249 0)
(-0.194956 0.411417 0)
(1.3759 -0.0819067 1.19302e-19)
(-1.37238 -0.0511008 -1.58282e-19)
(0.277335 -0.256392 -1.40968e-19)
(2.17803 0.274349 8.55588e-20)
(0.81869 0.534856 -5.46265e-20)
(0.828761 0.266608 4.79283e-21)
(0.945766 0.235188 5.16558e-20)
(1.70795 0.12159 -8.48686e-20)
(-0.0754027 -0.4047 1.17042e-19)
(-0.828092 -0.313417 0)
(0.90967 -0.00207818 0)
(-0.762605 -0.265866 1.78972e-19)
(0.160389 0.158964 0)
(1.97808 0.520057 0)
(-1.05423 0.00743386 1.64843e-19)
(0.564604 0.485439 -1.83352e-19)
(0.471665 -0.37824 2.48576e-19)
(-0.263626 0.0383966 0)
(1.41394 0.938346 -3.52979e-21)
(1.05405 0.00565573 0)
(-1.05913 -0.185358 -8.14046e-19)
(-0.997047 0.32112 -2.74363e-19)
(1.25152 -0.384942 6.14223e-20)
(0.466764 0.437338 4.16624e-19)
(0.720207 -0.219535 1.80759e-19)
(-0.463494 0.669814 0)
(1.11823 0.0610045 1.17703e-19)
(1.0178 0.5816 -6.94726e-20)
(-0.17514 -0.0195845 0)
(0.694406 -0.241021 0)
(1.33041 0.856732 2.40393e-20)
(-0.00644252 0.0115252 -2.5448e-19)
(1.55793 -0.635544 -1.05529e-19)
(1.02523 -0.0709749 0)
(1.0635 0.0785589 -3.69555e-21)
(0.778835 0.457035 0)
(-0.596669 -0.175273 -2.44066e-19)
(1.29467 0.925307 -3.04203e-20)
(1.10116 -0.076113 2.52635e-21)
(1.14417 -0.0651468 8.19733e-21)
(-0.407303 -0.061473 -3.12438e-21)
(-0.1373 -0.29494 -1.23277e-19)
(1.03003 0.0770682 1.82577e-19)
(-0.157178 0.0182862 0)
(0.976604 0.196176 2.5657e-21)
(1.74632 0.449221 -3.99283e-20)
(1.48664 -0.841405 3.50682e-20)
(1.24676 -0.29019 -8.83522e-20)
(1.65033 -0.318329 2.31119e-20)
(-0.227152 -0.0498859 6.70512e-20)
(0.616125 0.554052 1.93644e-19)
(0.141534 -0.0779235 2.62644e-19)
(0.927837 -0.0157613 -1.25032e-20)
(1.0978 -0.042092 -7.66256e-22)
(2.15224 -0.0240317 9.07645e-20)
(0.896911 0.615568 9.93342e-20)
(-0.550309 -0.273753 9.38714e-19)
(1.4441 -0.00708702 -2.69759e-19)
(0.965995 0.268172 -1.11841e-19)
(-0.688074 -0.396718 -1.54202e-19)
(-0.356074 0.537437 0)
(1.00049 0.000418948 4.10036e-19)
(0.738434 -0.257586 0)
(0.879393 0.577275 -1.0437e-19)
(1.06009 -0.0369596 3.02302e-22)
(-0.100443 -0.498102 -1.7242e-20)
(1.86426 -0.421237 0)
(1.13682 -0.360845 0)
(1.48444 -0.281757 1.23683e-19)
(1.09755 -0.271143 3.88929e-19)
(1.06614 -0.31387 0)
(-0.169748 -0.718642 -2.50711e-19)
(0.919999 -0.0793337 -2.00173e-19)
(0.736422 -0.619867 -5.69292e-20)
(-0.95531 -0.139211 3.55704e-19)
(-0.265295 -0.321333 -1.12905e-19)
(-0.0908061 -0.0171714 -2.62066e-19)
(0.115977 -0.0621965 -1.59891e-19)
(-1.42931 -0.0967986 5.2608e-21)
(0.816589 -0.283399 -1.18211e-19)
(1.10758 -0.0488437 -3.09282e-21)
(0.663968 0.0115413 0)
(0.802639 0.115546 2.49655e-19)
(1.18786 -0.358674 3.92746e-21)
(0.995659 -0.123787 -4.87276e-21)
(0.602399 0.539256 1.4052e-19)
(1.88031 0.201897 -2.25287e-20)
(1.84047 -0.534385 1.23052e-19)
(1.07289 -0.0260953 3.25341e-20)
(0.822049 -0.370068 1.18747e-19)
(0.49672 -0.19792 0)
(-0.231158 -0.27767 1.17514e-19)
(0.967244 0.10596 1.23771e-19)
(1.10942 0.708471 6.54697e-20)
(-0.189869 -0.231733 2.52621e-19)
(1.03436 -0.614191 2.19301e-19)
(0.122104 -0.11056 0)
(1.81608 0.902656 0)
(0.241737 0.23694 2.82389e-19)
(1.60393 0.584129 0)
(-0.304776 0.337223 0)
(0.968764 -0.627222 -1.94015e-19)
(-0.158633 -0.190569 3.7932e-19)
(-0.0847448 -0.0462225 1.86085e-19)
(1.07238 -0.019477 3.85439e-20)
(1.58446 1.06703 -2.85499e-23)
(0.945247 -0.0401977 -1.39584e-19)
(0.123745 -0.120886 7.1271e-20)
(1.05285 0.159161 -1.31826e-19)
(-0.277295 0.321002 3.75791e-19)
(1.04655 0.365477 0)
(0.244414 0.244576 -1.41549e-19)
(-0.771211 0.4791 2.27187e-19)
(1.96036 0.365119 0)
(-1.09421 -0.111877 -2.51387e-19)
(0.0174663 0.0669932 1.60228e-19)
(-0.890211 -0.233064 0)
(-0.0173272 -0.0063039 -5.4947e-20)
(0.222266 -0.219802 0)
(0.985882 -0.719678 0)
(-0.214767 0.253385 2.68759e-19)
(0.552277 -0.524047 3.60755e-19)
(-0.131691 -0.161487 -2.30731e-19)
(-0.717808 -0.156439 -2.20482e-19)
(0.232184 -0.233829 -1.44423e-19)
(0.251138 0.246937 4.12375e-19)
(0.028501 0.134237 -3.82336e-19)
(-0.937579 -0.32207 -1.80187e-19)
(-0.00214065 0.00172152 0)
(-0.134751 -0.622907 2.05796e-19)
(1.05054 -0.135564 -2.55225e-19)
(-0.185339 0.218552 1.28351e-19)
(1.59734 -0.524227 1.67467e-21)
(1.44487 0.203532 0)
(2.18769 0.27615 -3.11685e-20)
(0.942794 -0.0368751 0)
(-0.0758506 -0.0877252 0)
(0.218593 0.220343 0)
(0.968966 0.0816669 0)
(1.09009 -0.258111 0)
(0.993988 0.11732 -2.44422e-19)
(0.246022 0.246294 -1.35354e-19)
(-1.14273 -0.0263837 -2.2704e-19)
(-0.0940133 -0.120426 2.55045e-19)
(0.981114 -0.183272 1.3195e-19)
(0.763493 -0.358967 0)
(-0.372753 0.120082 -2.68272e-19)
(1.01285 -0.0219844 -1.63426e-19)
(-1.60821 0.0306862 8.01448e-19)
(-0.017535 -0.025077 0)
(-0.105075 -0.136413 -1.3864e-19)
(0.291045 0.27223 -1.3378e-21)
(0.262382 0.250597 0)
(-0.0280339 -0.0360349 1.25245e-19)
(-0.541087 0.656276 2.75876e-19)
(1.28371 -0.492904 1.27118e-19)
(1.74268 -0.413587 1.69208e-20)
(1.11044 0.287597 -4.73699e-19)
(1.04433 0.0475045 0)
(0.340477 0.331792 -1.80102e-19)
(-1.30275 -0.140206 3.88133e-19)
(0.32232 0.313382 -3.02887e-19)
(0.317199 0.308493 9.7699e-20)
(0.730248 -0.496769 0)
(-0.120769 0.143134 7.33852e-20)
(-0.249438 0.288537 0)
(-0.010575 -0.0151757 3.11653e-19)
(-0.08339 -0.112376 2.78299e-19)
(0.484198 -0.368988 5.28857e-19)
(1.20427 -0.423309 5.6176e-21)
(0.347857 0.347614 0)
(-0.145485 0.164194 3.16053e-19)
(0.227585 -0.231082 2.953e-19)
(1.20056 0.142264 -3.8232e-21)
(0.343339 0.343729 0)
(1.01013 0.339864 -8.35437e-21)
(-0.466847 0.444051 -3.67549e-20)
(1.98218 0.440888 4.96591e-20)
(-0.00168468 -0.00763818 0)
(1.20451 0.771359 0)
(-0.0516288 0.0637165 -3.91296e-19)
(0.320533 -0.322372 -2.07822e-19)
(0.255758 -0.228247 1.46091e-20)
(1.95629 0.313878 -5.81529e-20)
(1.09309 0.344174 -9.46181e-20)
(0.297441 -0.289112 -2.13662e-19)
(1.049 -0.021903 2.76182e-19)
(1.01131 0.0795661 0)
(1.01208 0.0171361 -1.4392e-22)
(1.05331 0.0181433 9.86949e-20)
(0.977652 -0.00889603 -6.36561e-22)
(1.38392 -0.501614 0)
(1.19505 0.187382 -8.22036e-20)
(1.96375 0.479804 -2.55144e-19)
(-0.0941711 0.117738 0)
(-0.169872 0.105389 4.35587e-19)
(1.75608 0.540599 0)
(0.999847 -0.00194441 4.34863e-20)
(0.32058 -0.309751 -9.86439e-20)
(1.00981 0.00914674 4.4956e-19)
(1.09857 -0.314589 0)
(1.14257 -0.879933 0)
(0.00275344 -0.000815732 1.12093e-19)
(0.0600081 0.0278349 0)
(1.07524 -0.0198516 5.77583e-20)
(0.546016 0.431654 5.08527e-20)
(0.708459 -0.0144986 -3.70028e-19)
(-0.0721165 0.0878953 0)
(-0.628772 0.0496137 2.40733e-19)
(-1.20574 -0.0614388 0)
(1.85994 0.816731 0)
(-0.0129017 0.00080255 0)
(-0.0281324 -0.00684508 1.113e-19)
(1.7229 0.779964 -8.60247e-20)
(1.02656 0.0590007 0)
(-0.313552 0.320301 1.0815e-19)
(-0.00744155 0.0102758 0)
(1.08789 -0.0422199 0)
(1.57884 -0.794825 -3.98667e-20)
(0.393906 0.370125 1.38889e-19)
(-0.424224 0.0161396 -2.38977e-19)
(0.0057478 0.00478675 -1.18584e-19)
(0.667168 -0.460038 -3.19671e-19)
(1.04118 0.282192 0)
(0.396641 0.00917765 1.35056e-19)
(1.09257 -0.0273655 0)
(0.893689 -0.0539701 2.73646e-19)
(0.239273 0.11521 -1.40319e-19)
(0.414472 0.391827 -6.66427e-20)
(0.747561 0.259041 1.54833e-19)
(-0.432237 0.666159 2.7342e-19)
(1.14565 -0.0827933 7.46982e-21)
(0.208489 -0.206281 1.61711e-19)
(0.00736862 0.00689386 2.66168e-19)
(1.4696 -0.461765 -5.48201e-20)
(-0.0339202 0.044927 1.30343e-19)
(-0.0136681 -0.0170626 0)
(-0.106381 -0.109039 -1.06831e-19)
(0.0022399 -6.42661e-05 1.26985e-19)
(1.02669 -0.190675 0)
(0.384769 -0.353281 9.51667e-20)
(0.267309 0.262919 1.22058e-19)
(0.2593 0.260409 -2.67672e-19)
(1.07232 -0.00289107 0)
(0.35294 -0.352506 -1.6806e-19)
(1.71791 0.490255 0)
(1.08596 -0.0300765 -2.95255e-21)
(0.00695786 0.00737267 1.31448e-19)
(0.892735 -0.0363815 0)
(0.605053 0.569774 -1.37904e-19)
(1.01462 -0.019943 -2.02769e-19)
(1.09259 -0.0172365 -9.9468e-20)
(0.789872 -0.0154169 -5.32778e-22)
(0.776592 0.00971025 -1.86387e-22)
(1.04647 0.0208244 -2.69136e-19)
(2.28293 0.0990819 -7.42978e-20)
(-0.158521 -0.0297771 1.81858e-19)
(-0.000765515 0.00508107 -2.53368e-19)
(-0.0906884 0.00335624 -2.45484e-19)
(1.29847 -0.364058 5.9139e-20)
(0.00672579 -0.00398208 1.46927e-22)
(1.09842 0.013534 -1.16007e-19)
(0.414923 -0.402161 5.88599e-20)
(-0.00158743 -0.0151882 3.2759e-19)
(0.236464 -0.226677 0)
(-0.299793 0.509813 8.08772e-22)
(1.62531 1.0035 0)
(0.857298 0.0199781 -1.0964e-19)
(-0.515417 -0.0672617 -2.18613e-19)
(-0.74439 -0.320857 -2.07984e-19)
(1.01268 -0.111838 0)
(0.440508 0.41439 -1.6947e-19)
(-0.0130513 0.019854 1.31294e-19)
(0.682964 0.504565 -3.35766e-19)
(0.553901 0.53933 -9.08369e-20)
(1.05282 -0.0308419 0)
(1.14209 -0.0514189 1.9152e-20)
(1.72581 -0.377418 7.14834e-21)
(0.075747 0.00830908 0)
(0.00444542 0.00597071 -1.14364e-19)
(1.08053 -0.508191 -6.08698e-21)
(0.38731 0.51255 4.46222e-19)
(1.79964 -0.423351 9.91726e-21)
(0.462098 -0.424278 -1.1768e-19)
(-1.06262 -0.132747 1.68756e-19)
(0.00904462 -0.00844482 -1.44957e-19)
(0.53732 0.451719 -2.84786e-19)
(0.582063 0.532298 -5.08902e-20)
(0.534562 0.495383 6.20578e-21)
(0.0152032 -0.0102515 6.83439e-20)
(-0.0480077 -0.0538511 -1.59969e-19)
(1.00209 0.0189943 1.33446e-19)
(0.266651 -0.257421 0)
(0.46824 0.439995 0)
(0.492518 -0.46175 9.69433e-20)
(0.0183475 -0.0166301 -2.54705e-19)
(-0.419142 -0.466707 -6.06834e-20)
(1.8601 -0.311869 2.38225e-20)
(0.502422 0.466025 0)
(0.470587 -0.468153 0)
(0.0124638 -0.0181012 0)
(1.12223 0.0520028 6.44279e-20)
(0.647591 0.579781 0)
(-0.0135662 -0.0116891 2.53518e-19)
(0.215488 0.213728 -5.40075e-19)
(-0.0478982 0.016552 7.15711e-20)
(1.53052 -0.0745208 2.99152e-19)
(-0.0350808 -0.0431185 -1.6723e-19)
(1.19074 0.483568 -2.14252e-19)
(0.146064 -0.12807 -2.23462e-19)
(-0.108805 0.0510308 4.21759e-19)
(-0.383453 0.456521 -3.72134e-19)
(-0.0836463 -0.0562254 -2.46711e-19)
(0.678776 -0.64102 0)
(-0.16814 0.109689 -2.47471e-19)
(0.73509 0.639578 0)
(-0.456256 0.439673 1.05849e-19)
(0.946782 -0.0536143 -3.1499e-21)
(0.72904 0.406603 -2.9846e-20)
(-0.213542 0.150054 1.2669e-19)
(0.835605 -0.691783 0)
(-0.117823 -0.0742111 2.33251e-19)
(0.855718 0.718001 -4.69149e-20)
(0.382744 0.363022 -2.09254e-19)
(0.36166 -0.266048 4.20963e-19)
(0.541252 0.478365 1.37421e-19)
(1.00802 -0.00316633 0)
(0.479645 0.451421 0)
(1.76878 0.478529 0)
(1.022 -0.00185146 0)
(-0.205989 0.278659 -1.1539e-19)
(0.740131 -0.601639 3.38679e-19)
(-0.0597456 -0.0414163 -3.51009e-22)
(1.09156 -0.22734 2.4538e-19)
(0.409739 -0.380283 2.12245e-19)
(2.3806 -0.15136 0)
(1.39304 -0.371822 0)
(0.341271 0.260981 -6.54605e-19)
(0.435994 -0.137152 0)
(1.80097 0.323305 -1.82559e-20)
(0.551311 -0.182708 -1.89765e-20)
(0.707936 0.655116 1.61547e-19)
(1.17909 0.268161 7.68343e-20)
(-0.0246482 0.0291055 0)
(-0.120222 0.171459 1.17544e-19)
(-0.0297092 -0.0117085 0)
(0.598918 0.433742 6.00273e-19)
(0.634646 -0.0140845 1.60662e-21)
(0.724423 0.362818 0)
(1.03418 0.0138213 1.25905e-19)
(1.3368 -0.248453 9.95683e-20)
(1.0084 -0.0113108 -4.30181e-22)
(0.29867 -0.280085 1.25535e-19)
(0.307135 0.302616 0)
(-0.0570336 -0.0544194 0)
(-0.119193 -0.628208 7.17218e-20)
(1.52522 0.200485 4.76206e-20)
(1.11201 0.0113375 4.07049e-21)
(0.136811 0.127847 0)
(1.03683 -0.0107069 4.26119e-19)
(1.40575 -0.989305 3.24113e-20)
(-0.188944 0.53685 4.2836e-19)
(-0.07789 -0.0838439 -3.70221e-19)
(0.760783 -0.49829 2.21808e-19)
(-0.0381698 -0.0282923 2.04287e-19)
(2.05109 -0.557898 0)
(0.354235 -0.31785 -2.70164e-19)
(1.05774 -0.0223749 -4.94203e-20)
(1.00294 -0.00772444 -1.82677e-19)
(0.933383 -0.0281179 -5.58434e-22)
(0.952812 0.0184002 1.30905e-22)
(1.03025 0.0229485 -1.45433e-19)
(1.78007 0.642887 0)
(-0.000984115 0.00744576 -1.85196e-19)
(0.696637 0.34046 -1.11355e-18)
(-0.429517 -0.537212 8.30581e-20)
(0.337278 0.317359 -1.0212e-19)
(-0.0234641 0.0407016 0)
(0.0209313 0.011162 0)
(1.69434 -0.80172 -1.182e-19)
(1.0178 0.0965805 1.36317e-20)
(0.382284 -0.517174 3.92359e-19)
(-0.0933539 -0.145791 -2.22418e-19)
(1.01776 0.0227015 -5.60819e-22)
(0.719526 -0.680354 -4.85487e-20)
(1.15885 -0.0511275 1.38546e-20)
(1.02451 0.00160043 -6.82005e-20)
(-0.00143062 0.00329346 0)
(0.956781 0.653842 2.9909e-19)
(0.766659 -0.211438 0)
(0.372965 -0.34575 0)
(-0.0131398 -0.00256625 2.1857e-19)
(1.03407 -0.0164388 2.32447e-19)
(0.49569 -0.464779 0)
(0.794798 0.725509 4.84288e-21)
(-0.89565 -0.0530356 -1.91265e-19)
(-0.00178988 0.0114634 1.18188e-19)
(0.329122 0.152843 1.90999e-19)
(1.45068 -0.244499 -2.1852e-20)
(1.89689 0.142066 -4.42234e-19)
(1.65415 -0.299224 -1.33818e-21)
(0.96133 0.580133 1.01738e-19)
(1.03194 0.230416 1.53337e-19)
(-0.486528 -0.516113 -6.25627e-20)
(-0.877638 -0.275611 3.28431e-19)
(1.0541 -0.0512167 0)
(0.505193 0.24287 1.71614e-19)
(1.26375 -0.462458 1.24381e-19)
(-0.499151 0.599771 0)
(1.07321 -0.0705885 -2.60278e-21)
(1.02454 -0.00987453 2.99793e-20)
(-0.651516 0.612199 0)
(1.02817 0.117033 -1.25015e-20)
(0.644544 -0.216255 0)
(0.548032 -0.525992 -3.87632e-20)
(1.01492 0.207393 1.65725e-19)
(0.821582 0.459795 2.1406e-19)
(0.766251 0.417436 3.11549e-20)
(1.02102 0.00124139 0)
(-1.20024 -0.144784 -2.32858e-19)
(1.5544 -0.988325 1.01125e-19)
(1.02552 0.798778 5.97288e-20)
(-0.138372 -0.121756 1.85169e-19)
(1.79264 -0.272721 1.39511e-19)
(0.026643 -0.022677 1.08313e-19)
(0.815969 0.267844 0)
(0.8422 0.501846 0)
(-0.266421 -0.353929 2.14184e-19)
(1.04689 -0.167039 0)
(-0.482672 0.205607 -1.30419e-20)
(1.05618 -0.102017 9.07898e-20)
(-0.0284487 -0.0289924 8.66219e-22)
(1.33542 0.36263 3.45422e-20)
(1.37434 -0.372574 -4.93306e-21)
(0.734506 -0.394431 0)
(1.031 0.00921724 -3.48694e-19)
(0.762319 0.687779 1.34125e-19)
(0.613807 0.535285 -9.03699e-19)
(1.07481 -0.832711 8.14596e-20)
(0.58744 0.0666769 3.61796e-21)
(0.636192 -0.474882 -3.28868e-19)
(1.12265 -0.608405 -7.81226e-21)
(0.615788 -0.183998 1.63003e-19)
(-0.541893 0.624493 0)
(0.569111 0.168265 0)
(0.957912 -0.080565 -2.56872e-19)
(1.08289 0.623941 0)
(0.843497 -0.331784 2.5565e-19)
(-0.775183 -0.326929 0)
(1.59495 0.442965 6.67537e-20)
(0.00396829 -0.140928 -1.36128e-19)
(1.82908 0.765174 0)
(-0.317783 -0.441408 0)
(2.20649 0.264485 1.26258e-19)
(-1.14301 0.250697 0)
(0.145281 -0.264352 -5.30735e-19)
(0.933891 0.617799 -1.00075e-19)
(2.07392 -0.358802 -2.28743e-20)
(0.201109 -0.180296 1.46152e-19)
(-0.207441 0.152624 1.42348e-19)
(1.89992 -0.433771 0)
(0.128884 -0.137144 -2.33159e-19)
(0.0171562 -0.0305373 0)
(1.08282 -0.179828 -1.05982e-19)
(-0.031917 -0.160968 -3.44441e-19)
(-0.887553 -0.285734 3.32724e-19)
(0.741873 -0.170882 7.18731e-20)
(1.92551 -0.244091 6.41792e-20)
(0.43684 0.421614 0)
(0.698047 -0.292845 -8.12809e-20)
(-0.209371 0.345975 8.2809e-19)
(1.91417 0.635008 0)
(1.04776 0.590038 0)
(-0.115698 -0.0756497 -1.94452e-19)
(1.43556 -0.291912 -1.62457e-19)
(0.864435 -0.229413 -8.82669e-20)
(1.63895 0.17683 7.22644e-19)
(1.88097 -0.504145 -1.72528e-19)
(1.14431 0.358594 -2.71974e-19)
(1.07848 0.661556 -1.41642e-19)
(1.94373 -0.434837 7.77715e-20)
(-0.293601 -0.364546 -1.41147e-19)
(1.02742 0.00513718 2.4739e-19)
(1.64636 0.192681 9.74523e-21)
(1.39335 0.306396 -3.91698e-19)
(1.02495 0.0506262 6.88261e-21)
(-0.606901 0.13112 1.58124e-19)
(-1.61383 -0.0350728 0)
(-0.694693 0.555964 0)
(0.666675 0.222404 0)
(1.82654 -0.278296 1.19492e-19)
(-0.42892 -0.598948 -2.43029e-19)
(0.498424 0.405273 0)
(0.0062009 -0.000798768 1.2568e-19)
(1.6096 -0.380985 -2.69674e-20)
(-0.102531 -0.0661311 -1.98294e-19)
(1.02163 0.686512 1.76462e-19)
(1.07274 0.306991 1.37227e-19)
(-0.792173 -0.0596482 1.0383e-19)
(0.893645 0.793446 -1.4914e-19)
(1.207 -0.270093 5.77383e-20)
(0.956414 0.00277856 -2.34056e-19)
(1.07642 -0.0501704 -8.45003e-20)
(0.777158 0.294056 0)
(0.140274 -0.0584175 0)
(1.13342 -0.169122 4.75629e-20)
(1.39006 -0.281091 -1.11557e-19)
(-1.0837 0.348953 -1.55859e-20)
(1.05418 0.266704 1.73179e-19)
(1.30031 1.04049 0)
(0.710015 0.235268 -1.50902e-19)
(0.399544 -0.245287 -7.46943e-20)
(0.749925 -0.298064 3.39028e-19)
(0.773578 -0.27092 -1.12808e-19)
(1.66177 0.204907 3.77851e-19)
(-0.726551 0.0248674 1.17689e-19)
(-0.998317 -0.226855 -1.35839e-19)
(0.495624 0.482869 3.6836e-19)
(-0.683844 0.229059 -3.87343e-19)
(1.58816 0.0713756 1.47274e-20)
(1.13122 -0.340976 3.2248e-19)
(0.00316874 0.0653993 -4.24664e-19)
(0.575028 0.410384 -2.85574e-19)
(0.887314 0.50365 0)
(-0.0796398 0.112374 -1.39353e-19)
(-0.41402 0.4586 -2.84183e-19)
(-0.218088 0.537946 -2.46514e-19)
(-0.0340334 0.054818 -1.4431e-19)
(1.0858 0.0426474 -6.94204e-20)
(-0.406407 0.714145 -1.57126e-19)
(0.906519 0.538515 9.39825e-20)
(1.42348 0.835933 4.245e-21)
(0.721496 0.666312 0)
(0.998286 0.648892 0)
(-0.112467 -0.024881 -1.98011e-19)
(-0.811934 0.130516 0)
(0.948838 0.544262 -9.22221e-20)
(0.019235 0.00139172 0)
(1.0828 -0.0512895 -3.36255e-22)
(0.682077 -0.00453024 5.5367e-19)
(-0.0104004 -0.0277929 1.55546e-22)
(-0.0606288 0.14133 0)
(0.551993 0.522099 0)
(-0.87893 0.433369 2.80075e-19)
(-0.419381 0.476466 1.17709e-19)
(1.84246 -0.318846 -3.24966e-20)
(-0.579838 -0.527391 2.4722e-19)
(0.561403 -0.0484995 -4.70436e-19)
(2.14495 -0.456829 4.29408e-20)
(1.70424 -0.235288 -2.30716e-20)
(-0.119554 0.17893 -1.23599e-19)
(0.356102 -0.341352 -3.18604e-19)
(-0.169817 0.236492 2.11604e-19)
(-0.488987 0.514412 0)
(0.776038 0.707835 1.6549e-20)
(1.10407 -0.171339 -3.82998e-19)
(-0.112066 -0.0616816 4.66975e-23)
(0.572026 -0.132965 0)
(0.629364 0.590984 -1.93278e-20)
(0.460754 -0.44798 2.31731e-19)
(-0.447123 0.541678 1.34073e-21)
(0.398687 0.386068 -3.06651e-19)
(1.23384 0.24642 0)
(2.13905 -0.32109 4.12671e-19)
(-0.403397 0.500141 0)
(-0.494967 0.641348 -1.66847e-19)
(-0.212972 0.3203 9.52125e-20)
(0.420306 0.398996 2.412e-19)
(0.807306 0.738163 -1.69436e-19)
(-0.138394 -0.271836 2.64802e-19)
(-0.162706 0.250285 -2.16837e-19)
(-0.339121 -0.41613 -2.51271e-19)
(0.826424 0.327533 0)
(-0.423311 0.349824 -1.19196e-19)
(0.438992 -0.396421 2.58694e-19)
(-0.0742884 -0.0439562 -2.36824e-19)
(1.27227 0.234748 -1.28528e-19)
(-0.00878252 0.0206166 7.22954e-20)
(0.792053 0.730046 0)
(0.712426 0.665481 0)
(0.86211 0.774936 -1.31716e-19)
(0.898847 0.806064 3.9375e-20)
(1.40559 -0.808612 -3.10309e-20)
(-0.49328 0.429912 -5.04372e-21)
(0.90987 0.463918 0)
(-0.329207 0.393028 -7.1485e-20)
(1.50034 0.993295 -3.53892e-19)
(1.18732 -0.310238 1.7893e-19)
(1.4998 -0.468816 0)
(0.402623 -0.3645 4.12823e-21)
(1.89314 -0.333828 -2.04762e-19)
(-0.538556 0.569448 -2.03783e-19)
(-0.378884 0.681465 0)
(-0.0212749 0.0438073 -3.20285e-19)
(0.875005 0.781464 3.20025e-20)
(0.797818 0.445213 1.61448e-19)
(-0.00802028 0.0271281 -3.98503e-19)
(0.532911 -0.518959 0)
(1.56375 -0.437392 0)
(-0.0603705 0.0889147 1.20035e-19)
(0.313813 -0.274546 -4.76947e-19)
(-0.357229 -0.459252 -1.62639e-19)
(-1.50927 -0.0834501 -6.37559e-19)
(0.536987 -0.10469 2.62615e-19)
(-0.0349807 0.0675542 1.30944e-19)
(0.943917 0.830983 0)
(-0.506221 0.296273 1.87582e-19)
(0.0106189 -0.026448 -1.3199e-19)
(0.00023078 0.0135319 6.06702e-20)
(0.379924 -0.319765 1.55583e-19)
(0.00145503 -0.0922908 -2.46487e-19)
(0.66238 -0.164026 2.52648e-19)
(0.00800404 0.000898252 -6.7125e-20)
(-0.754562 0.221422 -2.66163e-19)
(0.768675 0.331832 0)
(1.89312 -0.178429 4.51828e-20)
(-0.587137 0.41612 1.81805e-19)
(0.986221 0.826302 1.79188e-19)
(-0.545188 -0.549848 3.4996e-19)
(0.998554 0.879365 1.30402e-20)
(1.97357 -0.329192 -6.664e-21)
(-0.0229967 0.0665338 1.97114e-19)
(1.14852 -0.281452 -3.80014e-21)
(0.000360934 -0.729202 2.30564e-19)
(-0.0308453 0.0877422 1.94789e-19)
(0.0217868 -0.027504 2.34364e-19)
(-0.0103265 -0.0374875 -2.33191e-19)
(-0.116577 -0.0754373 2.54082e-19)
(1.11804 -0.280182 7.0503e-20)
(1.10596 0.953692 1.24898e-20)
(1.98373 -0.256608 2.35779e-20)
(-0.08435 0.135397 2.63303e-19)
(0.625329 -0.125959 0)
(1.25809 -0.442537 0)
(-0.462944 0.528456 0)
(1.10292 0.827037 2.82775e-19)
(1.6733 -0.774074 4.87367e-20)
(0.00360021 0.0905055 -1.43919e-19)
(-0.0562635 -0.0983892 2.20134e-19)
(-0.0569016 0.0957401 0)
(1.68122 -0.218038 -7.43526e-20)
(0.458441 0.437048 -4.36618e-19)
(-0.335706 0.582419 -1.81306e-19)
(-0.139446 -0.08912 -2.32209e-19)
(-0.588149 0.534629 3.31693e-19)
(1.99867 -0.297321 0)
(1.36804 1.03088 -9.68224e-21)
(-0.127032 -0.0816182 -1.13906e-19)
(0.475426 -0.0835361 0)
(0.608796 -0.0439736 -2.68735e-19)
(1.079 0.881542 0)
(-0.888573 0.113994 2.42925e-19)
(-0.124345 -0.0752776 2.22138e-19)
(0.956586 0.831584 -5.14196e-20)
(-0.114972 -0.0781295 1.08845e-19)
(0.458964 -0.0384576 -1.65699e-19)
(1.0259 0.882897 0)
(0.475183 -0.449615 -5.80618e-20)
(0.887658 0.755217 1.01781e-19)
(0.487049 -0.417336 -2.35969e-19)
(1.09357 0.937437 0)
(0.284883 0.0812598 -6.21823e-20)
(-0.962623 0.0263171 2.13553e-19)
(1.17305 0.970728 -1.55533e-20)
(-0.472879 0.6068 -2.8846e-19)
(1.36074 1.01924 -3.76598e-20)
(1.6694 -0.639219 -3.7716e-20)
(-0.00711685 0.0383195 2.56951e-19)
(0.646357 -0.0813452 -1.11235e-19)
(1.75767 -0.141457 0)
(1.18632 0.970551 9.09905e-21)
(1.98929 -0.133399 0)
(0.833768 -0.251855 3.5147e-19)
(-0.959543 0.201042 -4.34995e-19)
)
;

boundaryField
{
    frontback
    {
        type            empty;
    }
    Top
    {
        type            noSlip;
    }
    outlet
    {
        type            zeroGradient;
    }
    bottom
    {
        type            noSlip;
    }
    Inlet
    {
        type            fixedValue;
        value           uniform (1 0 0);
    }
    rectangle
    {
        type            noSlip;
    }
}


// ************************************************************************* //
