/*--------------------------------*- C++ -*----------------------------------*\
| =========                 |                                                 |
| \\      /  F ield         | OpenFOAM: The Open Source CFD Toolbox           |
|  \\    /   O peration     | Version:  2306                                  |
|   \\  /    A nd           | Website:  www.openfoam.com                      |
|    \\/     M anipulation  |                                                 |
\*---------------------------------------------------------------------------*/
FoamFile
{
    version     2.0;
    format      ascii;
    arch        "LSB;label=32;scalar=64";
    class       volVectorField;
    location    "40.3";
    object      U;
}
// * * * * * * * * * * * * * * * * * * * * * * * * * * * * * * * * * * * * * //

dimensions      [0 1 -1 0 0 0 0];

internalField   nonuniform List<vector> 
2186
(
(1.25556 -0.0596446 3.01548e-19)
(1.53869 -0.877307 5.17474e-20)
(1.38636 -0.857008 1.33963e-20)
(0.682157 -0.517376 -1.89368e-19)
(-0.417688 0.779349 -2.22808e-19)
(1.05727 0.411488 0)
(0.673889 -0.621006 0)
(0.0636399 0.14566 3.98104e-20)
(1.43075 -0.06726 2.72489e-20)
(0.504448 -0.224081 -2.00871e-21)
(0.741898 0.672594 0)
(0.859998 -0.246996 -4.45392e-20)
(0.0807401 0.189069 -1.67924e-20)
(1.20069 0.0296151 -4.63324e-19)
(1.71845 -0.627789 3.94196e-20)
(1.01974 0.00381639 2.16131e-19)
(0.978084 0.0133313 0)
(-0.114107 0.737704 0)
(0.90325 -0.0260986 0)
(-0.0878298 0.324349 -6.80622e-20)
(0.501385 0.212873 -1.32017e-19)
(-0.169078 0.238571 9.20341e-20)
(1.19166 0.0324436 3.81365e-19)
(-0.150017 -0.0739828 4.90289e-21)
(1.02572 0.017968 -3.00328e-19)
(0.732794 -0.494834 0)
(0.75665 0.0387057 1.75904e-19)
(0.565786 -0.545193 -2.28365e-19)
(1.29731 0.774179 0)
(0.957993 0.0271405 -4.09507e-19)
(-0.0335791 0.117314 0)
(1.02193 -0.000803625 1.42016e-20)
(-0.100561 0.25318 0)
(2.35135 -0.132844 -2.7119e-20)
(-0.212667 -0.0826102 -1.41375e-21)
(1.64706 0.831884 1.06531e-19)
(1.93514 0.0114366 -1.31965e-20)
(0.535245 0.259333 -3.92719e-19)
(2.09446 0.173375 -2.88182e-19)
(1.62891 0.0443381 2.29348e-20)
(0.0465245 0.179894 0)
(-0.11057 0.221726 0)
(1.79584 -0.805277 2.88514e-20)
(-0.477513 0.278496 0)
(1.16727 0.321134 1.85874e-19)
(0.555654 -0.207092 3.42794e-19)
(0.864335 -0.733714 0)
(1.11719 -0.733395 1.73719e-19)
(1.8752 -0.548757 0)
(-0.240923 0.72916 1.81128e-19)
(-0.0233604 0.184367 1.00626e-19)
(0.687055 0.634395 9.44454e-20)
(1.96844 -0.67874 -1.60625e-21)
(0.634723 0.371354 -3.15786e-19)
(-0.32439 0.0420534 3.61358e-20)
(0.706973 -0.594752 0)
(1.596 -0.896702 1.74853e-20)
(0.536197 -0.496918 0)
(2.49331 0.0959179 9.25149e-20)
(1.09019 -0.145641 -4.87232e-19)
(1.09785 -0.118732 -1.38503e-21)
(1.42731 0.328502 -2.23637e-19)
(1.43594 0.589865 0)
(2.26612 0.128391 -2.51406e-20)
(1.45703 0.421157 -1.38991e-19)
(1.18364 -0.676956 -2.5573e-19)
(1.25313 0.718238 6.38477e-20)
(0.688343 0.150092 -6.55016e-19)
(0.826452 0.118928 0)
(1.92763 -0.0621933 -4.84956e-22)
(0.033718 0.133089 -4.42161e-20)
(2.05321 -0.512307 -7.73573e-21)
(0.719389 0.0407639 -2.91136e-19)
(0.82013 -0.459669 0)
(0.852443 0.244665 -1.07103e-19)
(0.496966 -0.452831 -3.75625e-19)
(1.89587 -0.4958 0)
(1.00653 0.011327 4.45786e-19)
(-0.20953 -0.0652243 0)
(2.20385 0.382528 0)
(0.91661 0.233801 1.05383e-19)
(1.84857 0.240361 4.59324e-21)
(1.0184 0.0122592 4.991e-20)
(1.39842 0.447318 3.45803e-20)
(0.962376 0.0281107 5.24226e-19)
(1.03277 0.0361671 -1.2407e-20)
(0.691913 0.265035 -3.86607e-19)
(0.855915 0.635432 -8.03839e-21)
(1.24469 0.296368 0)
(-0.070428 -0.0671459 3.39744e-20)
(0.803086 -0.564217 -2.19082e-19)
(-0.180369 0.342215 -1.44037e-21)
(1.08101 -0.0525117 3.16488e-19)
(0.787872 -0.121056 0)
(0.968484 0.0248721 4.98474e-20)
(1.46012 0.692087 0)
(1.53905 -0.886766 0)
(1.37653 0.244454 0)
(-0.406935 0.870011 0)
(0.730708 -0.603794 3.81367e-19)
(0.952235 -0.177342 -3.48145e-19)
(0.925472 0.212881 2.20302e-19)
(1.64021 0.197995 0)
(1.12173 -0.0824029 -2.89332e-19)
(1.126 0.0250748 2.20456e-19)
(-0.0616007 0.370283 1.22966e-19)
(0.705736 0.586179 0)
(1.95197 -0.126961 1.9363e-20)
(0.913476 -0.423071 1.06745e-19)
(-0.944325 -1.04252 1.07241e-19)
(1.93763 0.269976 1.1904e-19)
(-0.284637 0.617047 -2.78489e-19)
(0.764489 -0.692779 0)
(0.626251 0.44534 1.88857e-19)
(1.60104 -0.0867732 -9.21298e-20)
(0.203721 0.518269 -2.7156e-19)
(1.22967 0.652685 -5.70265e-20)
(1.72983 -0.775163 0)
(-0.0923524 -0.0898602 -1.01315e-19)
(0.696199 0.00505534 9.26709e-20)
(1.67504 0.945247 0)
(0.017411 0.673554 -2.58266e-19)
(0.961276 0.829186 -3.17527e-19)
(-0.185439 0.621655 4.01788e-19)
(1.03198 -0.0192739 0)
(1.40771 0.738099 7.18843e-20)
(-0.37991 0.687277 0)
(0.642641 -0.427192 -1.35259e-19)
(-0.148019 0.7109 -2.1743e-19)
(0.736891 -0.670547 0)
(0.38027 -0.16698 4.95705e-19)
(0.48336 -0.384679 3.46577e-19)
(0.388061 -0.350575 0)
(0.921608 -0.726869 -1.92035e-19)
(0.967918 0.04586 0)
(-0.0895731 0.672109 -1.42038e-19)
(0.752157 -0.63957 1.87103e-19)
(2.10968 -0.134627 -8.50823e-21)
(2.18132 0.074125 0)
(-0.0291068 0.0352298 0)
(0.746127 0.693038 -3.98396e-19)
(1.68664 -0.563293 -4.85448e-20)
(0.079445 0.104458 0)
(0.921201 -0.749007 -2.02327e-20)
(1.10963 -0.0815291 0)
(1.05432 -0.0976526 5.00142e-19)
(1.92581 -0.108516 2.74888e-20)
(-0.456375 0.958139 0)
(1.15634 -0.508073 -8.14342e-20)
(-0.186733 0.357294 -4.50866e-20)
(-0.286736 0.386823 0)
(1.03275 -0.757353 1.14441e-20)
(1.00691 0.00562342 -7.44572e-19)
(0.594978 -0.409767 -1.31685e-20)
(0.762847 -0.453509 0)
(1.13385 -0.676418 -1.44459e-19)
(0.695467 0.323489 2.9631e-19)
(1.26826 0.123938 0)
(1.60287 0.0743824 -3.34944e-19)
(1.13364 -0.79855 -3.56386e-19)
(-0.047547 0.0217915 -3.44231e-20)
(-0.295023 0.0855855 -5.03422e-20)
(1.09042 0.0195082 2.78475e-19)
(0.86584 -0.407778 -1.34254e-19)
(1.01774 0.220864 7.44285e-21)
(0.685449 0.201996 2.97661e-20)
(0.762192 -0.115766 4.20688e-20)
(-0.0568967 -0.0538977 -9.68807e-20)
(0.870813 0.23591 0)
(1.42916 0.250255 -1.16141e-19)
(1.53977 0.701272 1.7538e-19)
(0.751341 -0.55424 -2.78095e-19)
(0.995118 0.00999381 1.52532e-20)
(0.662952 -0.466899 3.71925e-19)
(1.39864 0.860271 1.5544e-19)
(1.91613 -0.0170983 7.52639e-21)
(-0.420777 0.997165 0)
(1.10103 0.0710798 -2.88781e-19)
(-0.69984 0.381737 -1.30312e-19)
(1.14136 0.538108 9.37645e-20)
(0.209054 -0.11971 5.85369e-20)
(1.16243 0.0318336 -5.30411e-20)
(-0.21337 0.233914 -1.65182e-19)
(1.38257 0.627152 -9.49726e-20)
(1.22462 0.954777 0)
(-0.386981 1.10385 -1.15387e-19)
(0.327691 0.54607 0)
(0.719288 0.627597 -3.14058e-19)
(2.18719 0.140073 -1.55758e-20)
(0.0971775 0.258724 6.37095e-20)
(-0.371761 0.787055 -5.62132e-19)
(0.734551 0.154805 2.87925e-19)
(2.18146 -0.341363 -4.21935e-20)
(0.933061 -0.298298 -3.86709e-20)
(-0.0219182 0.00274579 0)
(-0.688199 -1.45956 2.32981e-19)
(1.43128 1.04578 -3.25961e-20)
(0.852402 0.140231 -1.58943e-19)
(0.608434 0.572525 2.1949e-19)
(0.492959 0.206826 0)
(-0.152391 0.0471736 -6.58163e-20)
(-0.64329 -1.34359 1.48888e-19)
(1.22782 -0.900032 1.10737e-21)
(0.980215 0.000727346 -2.32929e-19)
(-0.111557 -0.147437 4.45571e-21)
(-0.0692635 0.0592276 1.77489e-19)
(-0.194911 -0.193855 -7.02269e-20)
(1.46332 -0.742743 0)
(1.15605 0.0555064 -3.88304e-19)
(2.2283 -0.305162 9.92434e-20)
(1.20702 -0.568207 1.62535e-19)
(1.78745 0.191762 -4.33854e-20)
(0.64391 0.425064 0)
(1.0189 0.814443 -1.88784e-20)
(0.743637 0.686148 2.11385e-19)
(0.841805 -0.506172 1.97087e-19)
(0.751749 0.576804 0)
(1.01855 0.0120841 9.98927e-21)
(0.823796 -0.606082 2.81922e-19)
(0.895899 0.488215 -5.23373e-19)
(1.13506 -0.0978608 0)
(0.21699 0.312796 -2.1609e-19)
(-0.0698446 0.289382 -1.01351e-19)
(1.69772 0.774409 0)
(1.27618 -0.878041 -9.47458e-22)
(-0.0877921 0.699449 0)
(-0.399964 0.579291 1.34189e-19)
(0.803751 0.717834 -1.11636e-19)
(0.823198 -0.158522 0)
(-0.133012 0.00692333 0)
(1.57583 -0.407035 0)
(0.119138 -1.24724 4.9922e-19)
(1.1425 -0.826311 2.32842e-19)
(1.11391 -0.552753 9.04701e-20)
(1.00284 -0.151031 -2.25735e-19)
(0.816252 -0.635106 -2.24973e-19)
(0.170597 -0.172953 0)
(-0.329355 0.571929 0)
(0.945581 -0.4597 2.384e-19)
(0.0198305 0.0719561 0)
(-0.225067 0.793945 0)
(0.132198 0.601587 2.39021e-19)
(0.861816 0.735416 9.69051e-20)
(1.09017 0.858198 0)
(0.764367 0.626775 -9.59618e-20)
(0.823918 0.0202691 -2.65755e-19)
(0.812395 0.631407 -2.57952e-19)
(0.647413 0.605332 -1.88802e-19)
(-0.0190403 0.090515 3.69712e-22)
(0.669574 -0.597878 0)
(0.928502 0.229839 -3.77738e-19)
(-0.00331809 0.122284 1.9779e-20)
(0.657645 0.611309 4.27938e-19)
(1.03377 0.863632 0)
(0.206833 -0.764646 4.63207e-19)
(-0.215406 0.00452406 1.07328e-19)
(-0.192484 0.125238 -5.43478e-20)
(0.73155 0.641061 -1.6612e-20)
(0.969669 -0.00588764 7.19828e-20)
(0.0233564 0.221984 0)
(2.01388 -0.0995482 5.73954e-20)
(0.656039 -0.445074 2.18549e-19)
(0.60195 -0.553999 -9.97976e-20)
(0.191933 0.559576 1.46601e-20)
(1.26702 0.501945 2.1574e-19)
(0.943167 0.475883 0)
(1.00894 -0.143204 2.49638e-19)
(-0.232821 -0.00401121 1.09593e-21)
(-0.136254 0.185697 3.83276e-19)
(0.904164 0.0228643 -6.52681e-20)
(1.16619 0.159214 0)
(1.66881 -0.0148526 1.05453e-19)
(1.95129 0.00872319 0)
(0.58451 0.354435 -5.16467e-19)
(-0.127319 0.095568 0)
(0.0314492 0.112653 8.60639e-20)
(0.662193 0.0914804 0)
(0.561619 -0.444355 -2.27131e-19)
(1.13007 0.0238776 2.58252e-19)
(-0.380935 0.913141 4.6841e-20)
(1.7774 -0.140643 -1.16929e-20)
(1.9102 -0.147378 -6.31556e-21)
(1.16414 0.262203 -2.60856e-19)
(-0.0137349 0.143199 -3.9547e-20)
(1.01068 -0.793785 0)
(0.800669 0.0167293 -1.87755e-19)
(0.881416 -0.322195 -3.64147e-19)
(1.63214 -0.525431 9.56589e-21)
(1.57334 0.0035385 -1.47483e-19)
(1.10163 0.00229229 4.64606e-19)
(-0.193853 0.0395284 -4.63502e-20)
(0.945114 -0.386318 -1.65989e-19)
(0.17766 -0.170145 3.19046e-19)
(1.00834 -0.00471474 0)
(1.00485 -0.00308478 0)
(0.332899 -0.797111 -4.06194e-20)
(-0.0596932 0.554311 -9.66015e-20)
(0.217021 -0.103639 -5.65803e-20)
(1.03191 -0.28139 1.66068e-20)
(1.50791 -0.948173 0)
(2.35369 -0.419351 -7.46843e-20)
(0.886725 -0.767134 -1.41338e-19)
(1.70369 -0.506327 1.21258e-21)
(1.18687 0.901266 0)
(0.425482 -0.402922 0)
(0.671866 0.591982 -1.97935e-19)
(1.15437 0.315595 -4.78057e-19)
(2.06883 -0.183592 -6.42335e-23)
(0.888258 0.212292 1.62448e-19)
(-0.189513 0.0780734 -1.17447e-19)
(1.32072 0.506041 9.28233e-20)
(-0.202879 0.0896964 0)
(-0.0885617 0.0107283 0)
(-0.00238369 0.331159 0)
(1.26892 -0.669816 -1.69028e-19)
(-0.287234 0.397503 -2.28485e-19)
(-0.145081 0.178928 0)
(1.386 1.04708 -4.38131e-20)
(1.15869 0.178825 -5.02917e-19)
(2.5222 0.182269 -4.78991e-20)
(1.16423 0.993556 1.02337e-19)
(-0.267847 0.548218 1.41264e-19)
(1.46798 0.200412 0)
(0.00451989 0.406865 -1.60625e-19)
(-0.368693 0.598162 2.73721e-19)
(0.78558 0.0967838 2.15887e-19)
(1.64465 1.01168 -1.83778e-20)
(1.89381 0.91923 -6.25542e-20)
(-0.192284 0.333803 -2.15432e-21)
(0.693505 -0.630691 -5.14596e-20)
(1.22918 -0.0304526 0)
(1.77514 0.0518741 0)
(0.945191 0.0485048 0)
(-0.442102 -1.27542 -1.30767e-19)
(-0.0777479 0.271422 4.54743e-20)
(1.12704 0.910438 0)
(0.990458 0.0230059 6.24307e-19)
(0.836124 0.674486 -2.57883e-19)
(-0.630608 -1.24742 -1.11764e-19)
(0.870137 0.0715573 -4.89559e-20)
(0.663437 -0.601199 -2.92754e-19)
(1.4791 0.761127 -4.08307e-20)
(0.503594 -0.371405 -3.57246e-19)
(1.13575 0.00671527 -5.58966e-19)
(0.787983 0.0475744 5.63983e-20)
(1.43819 -0.158902 1.3137e-19)
(0.976059 0.187532 7.34418e-20)
(0.0124726 0.0330492 2.69757e-22)
(1.14443 0.523495 -3.13314e-19)
(1.44919 0.678614 7.70752e-20)
(-0.249046 0.0960456 0)
(-0.18701 0.0229925 4.50903e-20)
(0.270498 0.678221 9.53893e-20)
(-0.14955 -0.14645 -4.76827e-20)
(0.542632 0.428681 0)
(0.69026 -0.31002 0)
(-0.0325016 0.0369828 -1.39375e-19)
(-0.0592399 0.0886589 -2.07051e-20)
(1.05222 -0.0251482 2.21632e-19)
(-0.412701 0.977547 -6.18137e-20)
(1.91328 -0.838518 -3.5146e-19)
(-0.0389598 0.522901 0)
(0.776693 -0.685465 -4.21164e-19)
(1.12696 0.218317 -1.78482e-19)
(-0.492981 0.226589 6.62944e-20)
(0.746351 0.237931 3.77004e-19)
(0.645724 0.238811 1.20807e-19)
(0.454697 -0.425372 2.53755e-19)
(0.0864324 0.122874 -4.76981e-20)
(2.10108 0.928303 0)
(0.458806 0.44752 -2.14317e-19)
(1.0322 -0.0084559 -3.52749e-19)
(-0.388456 0.738892 2.2312e-19)
(1.51101 0.51179 -1.50089e-19)
(0.0163699 0.0831329 -1.71799e-20)
(0.646169 -0.58796 -1.31816e-19)
(0.852528 0.249025 -2.38254e-19)
(1.03538 0.480469 2.66203e-20)
(1.11223 -0.110781 4.51118e-20)
(0.572881 -0.143724 -3.599e-19)
(1.88152 -0.267393 4.75453e-20)
(0.382527 -0.0562524 0)
(2.20066 0.214797 -8.30872e-21)
(1.93139 -0.143495 1.35613e-21)
(0.255593 0.216151 1.01387e-20)
(1.08498 0.396805 -1.85716e-19)
(1.97955 0.36021 -1.18586e-20)
(0.477462 0.460733 -2.79316e-19)
(0.231609 0.618306 2.35926e-19)
(1.68664 -0.0176021 0)
(0.950622 0.00967145 0)
(0.816474 -0.719651 8.77162e-20)
(-0.20922 0.0235583 -1.1787e-19)
(0.037847 0.311394 -2.95272e-19)
(0.0183505 0.0477372 -7.2639e-20)
(-0.120003 0.796037 -1.68191e-19)
(-0.326424 0.147717 0)
(-0.0897682 -0.0111815 1.3331e-20)
(0.13701 0.328044 -9.40661e-20)
(-0.06696 0.0612597 -4.06902e-19)
(0.780297 -0.0454887 0)
(1.09751 -0.0869275 -9.77203e-20)
(0.22772 0.408045 0)
(0.991324 0.0249953 4.49457e-19)
(-0.206871 0.0564725 1.21399e-20)
(0.480942 -0.342608 4.79063e-19)
(-0.781681 0.402199 2.16401e-19)
(-0.667314 -0.725421 0)
(0.194783 0.442344 1.0674e-19)
(0.998211 0.0302451 -1.3567e-20)
(-0.020733 -0.0568807 0)
(1.00441 -0.00743284 -6.95986e-20)
(0.800276 -0.669772 -3.90023e-19)
(0.748814 -0.608852 0)
(0.89833 -0.218579 2.60276e-19)
(0.233298 0.537948 2.15714e-19)
(-0.0466128 -0.0347901 0)
(-0.14725 0.0503818 -1.85136e-21)
(0.668506 -0.57493 -5.4409e-19)
(0.931235 -0.020219 -3.34377e-19)
(-0.225835 0.0413631 1.36552e-19)
(-0.0166196 0.077133 5.21354e-20)
(-0.249481 0.131964 0)
(1.01934 0.531729 0)
(-0.368597 0.172736 6.23246e-20)
(1.27984 -0.0929512 3.6691e-20)
(1.15703 0.966603 2.22328e-20)
(1.11058 0.245064 -1.48268e-19)
(1.10209 0.0118556 -2.8657e-19)
(0.981947 -0.0574973 -1.0815e-19)
(-0.179592 0.0321848 -1.25814e-19)
(1.69968 -0.035483 1.70517e-19)
(0.714083 0.0441403 2.52855e-19)
(1.69021 -0.0904591 -2.18964e-20)
(0.98869 -0.125877 0)
(-0.321352 -0.737451 6.78993e-20)
(1.14504 0.0285254 -6.08874e-19)
(1.86232 0.66208 2.36164e-20)
(0.686111 -0.387059 -1.99308e-19)
(-0.0929515 -0.0863404 7.58091e-20)
(0.740935 -0.645183 5.07644e-19)
(1.29859 0.218518 9.12317e-20)
(1.00706 -0.00768767 3.08061e-19)
(-0.214613 0.0405696 -5.13652e-20)
(1.03752 0.0341576 0)
(1.96014 0.0391977 1.79806e-20)
(-0.0690282 -0.0446759 0)
(1.01117 0.0179198 -1.83291e-19)
(-0.201536 -0.960513 -5.33938e-19)
(1.87016 0.333228 5.03587e-20)
(0.197407 0.711537 1.4078e-19)
(1.69235 0.0651139 1.08425e-20)
(1.01769 -0.0139853 6.38694e-20)
(1.20712 -0.0854056 0)
(1.36805 -0.561976 -2.58022e-19)
(1.03404 0.0572954 -1.88122e-19)
(1.54208 0.847825 -7.93854e-20)
(1.21521 -0.0512342 0)
(0.995679 -0.432466 2.95626e-20)
(-0.0408992 0.0439815 0)
(1.23213 0.0515272 0)
(-0.0306564 0.211265 0)
(1.3173 0.494141 0)
(2.06834 0.229041 4.60285e-20)
(0.810073 0.682548 4.52284e-19)
(0.265828 -0.266076 -3.00533e-19)
(-0.0560871 0.0782201 -1.23724e-19)
(-0.0364976 -0.00120464 0)
(1.71898 0.0242555 -7.08521e-20)
(1.48063 0.564975 0)
(1.56687 0.310332 0)
(-0.07531 0.445738 6.98555e-20)
(0.876277 0.774964 1.48344e-19)
(1.5406 -0.00727287 0)
(0.109746 0.206556 3.25462e-20)
(0.946876 0.277798 2.21467e-19)
(1.04263 -0.0039325 1.04856e-19)
(1.33373 0.995697 5.52539e-20)
(0.864066 -0.775241 -6.81926e-20)
(0.558592 0.000802879 1.12132e-19)
(0.862328 0.779097 1.52926e-19)
(1.26829 0.995104 0)
(1.62063 -0.497352 8.59129e-21)
(0.369536 -0.844582 0)
(0.748168 0.228613 -1.38367e-19)
(1.19325 0.118621 1.99332e-19)
(1.00597 -0.001126 0)
(-0.365318 -0.951018 9.85825e-20)
(0.86193 -0.114177 5.88407e-20)
(0.574883 -0.331261 0)
(0.618734 -0.303923 2.57947e-19)
(1.32051 0.606269 -3.9916e-20)
(0.525681 0.499288 3.09999e-19)
(-0.0983124 0.116111 4.98907e-20)
(0.314613 -0.0490826 1.0077e-19)
(0.727839 0.0600936 0)
(1.25476 -0.841547 -1.80969e-19)
(1.0427 -0.0415967 4.91863e-19)
(1.662 0.352809 1.46965e-19)
(0.124443 0.256512 2.77557e-20)
(-0.786736 0.428829 0)
(1.17159 -0.210055 -1.52753e-19)
(-0.0416572 -0.0262199 -6.0787e-20)
(-0.595216 -0.35678 -2.88974e-21)
(-0.15983 0.07112 -9.57951e-22)
(-0.238882 0.124182 3.15428e-19)
(0.356155 0.846086 4.68504e-21)
(1.99603 -0.108793 -7.68907e-20)
(1.26862 0.498943 -3.47942e-19)
(0.956941 -0.0683327 0)
(1.8314 0.0143057 1.32393e-19)
(1.64578 0.0633613 -3.48686e-20)
(0.849971 -0.709098 1.96406e-19)
(1.09206 -0.913063 -1.0249e-19)
(0.528701 0.493253 2.09283e-19)
(0.530176 -0.612003 0)
(1.88704 0.604606 2.0148e-20)
(-0.0475658 -0.0221618 -1.23917e-19)
(0.956277 0.835589 0)
(1.68922 0.798944 0)
(0.264665 -0.26268 -3.47365e-21)
(0.388206 0.402483 0)
(-0.932634 0.301023 -3.00476e-19)
(-0.303609 0.351986 -1.36271e-19)
(1.67494 -0.377013 0)
(1.31169 0.0477304 2.50759e-19)
(0.150714 0.405771 2.46418e-19)
(0.488081 -0.460548 -5.92576e-19)
(1.6647 -0.0311163 1.03075e-20)
(0.562617 -0.506112 0)
(1.08113 0.145355 0)
(1.35342 -0.20337 0)
(1.17117 0.263194 -2.81706e-19)
(1.40781 0.116108 4.02885e-19)
(-0.318243 -0.630386 0)
(0.836709 -0.046526 0)
(1.50636 -0.1488 1.29108e-20)
(-0.170315 0.221414 1.06987e-19)
(2.14391 -0.39023 -1.3688e-19)
(1.04633 -0.468647 5.95278e-20)
(1.48084 -0.149671 -6.94943e-20)
(-0.212262 0.605356 -1.80786e-19)
(1.9404 0.00914684 -1.06055e-19)
(1.01251 -0.00467846 5.08525e-19)
(1.62364 0.640157 0)
(-0.371299 0.608993 3.71449e-20)
(0.939279 -0.771963 2.58013e-19)
(0.851693 0.0416746 5.72206e-20)
(0.577219 -0.356036 0)
(1.79402 -0.463041 -1.02129e-20)
(1.15354 -0.169829 2.06308e-19)
(0.358011 -0.172005 0)
(0.563154 -0.521067 6.13985e-19)
(1.51588 0.18112 4.3522e-20)
(2.14423 -0.406735 3.39913e-19)
(-0.196544 0.268423 -2.23223e-19)
(1.42318 0.669958 1.82297e-19)
(1.21901 0.45184 4.33546e-21)
(0.959002 0.43534 2.59762e-19)
(1.22349 -0.125997 4.56072e-20)
(-0.175522 0.0378539 4.46381e-22)
(0.361811 0.0686527 0)
(-0.119116 -0.0987883 1.23938e-19)
(1.03154 -0.891679 0)
(0.998967 -0.597938 3.00549e-20)
(0.305256 -0.0435196 8.33941e-20)
(0.204444 0.126264 -8.66627e-20)
(-0.395644 0.383919 -1.78439e-19)
(1.05511 0.541904 2.02548e-19)
(-0.292771 -0.945144 1.4434e-19)
(0.715398 -0.0419567 0)
(0.657944 -0.202664 0)
(1.95519 -0.0518312 -7.3222e-21)
(0.752231 -0.0120462 0)
(1.29365 -0.184931 -2.12289e-19)
(-0.506166 0.484547 5.00492e-19)
(2.04613 0.520977 -9.73353e-21)
(1.06392 -0.0305665 0)
(0.497584 -0.261222 1.29253e-19)
(1.00728 0.0267036 2.40919e-19)
(0.362545 -0.941702 -1.13728e-19)
(0.0342049 0.764884 0)
(1.04787 -0.429752 6.61867e-19)
(0.915243 0.0784737 6.81665e-23)
(1.04088 -0.445287 -2.87587e-19)
(2.45554 0.102466 1.4772e-19)
(1.37889 0.854617 0)
(0.89457 0.0270855 0)
(0.0913719 0.317829 -7.91044e-20)
(-0.0350551 0.038912 1.56859e-19)
(1.00658 0.420759 -2.41853e-19)
(-0.166609 0.0292328 -3.56705e-20)
(0.705728 0.492928 2.71471e-19)
(0.929001 -0.247511 0)
(0.495747 -0.46006 0)
(0.0802654 1.09917 -2.76327e-21)
(1.16409 -0.458129 -1.41048e-19)
(0.798751 0.0317622 4.73595e-21)
(0.715929 -0.0736785 1.41187e-19)
(-0.134456 0.170592 -2.81513e-19)
(1.75783 -0.167395 2.7418e-19)
(0.721962 0.674112 0)
(1.36028 0.751107 0)
(1.70433 0.266279 0)
(-0.233477 0.21206 -6.00142e-20)
(1.38587 0.630448 2.12764e-19)
(1.79251 0.0177522 -1.00586e-20)
(0.995137 -0.0181367 0)
(1.30668 0.387652 0)
(1.94981 -0.100091 -1.39245e-19)
(0.472203 -0.566723 1.40968e-19)
(1.005 0.00798219 -2.40671e-19)
(1.5993 0.524581 0)
(0.072155 0.717833 0)
(1.31242 0.350083 3.4755e-19)
(1.09322 0.584467 -1.51913e-19)
(1.08444 0.0380431 0)
(0.845485 -0.239571 0)
(2.17967 0.717892 -2.99595e-19)
(-0.197158 0.39167 -4.72956e-22)
(0.993017 0.017498 0)
(0.771537 0.552204 -3.77093e-20)
(0.874825 -0.768176 0)
(0.999275 0.0197554 5.6084e-20)
(0.183911 0.25726 -7.89641e-20)
(0.860274 -0.267591 3.8543e-19)
(0.351512 0.950693 1.11864e-19)
(1.93851 -0.0760247 -6.12964e-20)
(1.9671 0.108764 3.00026e-22)
(0.753388 -0.0213002 0)
(0.993944 0.0162987 0)
(-0.554875 0.342895 0)
(0.72497 0.694518 -2.16985e-19)
(-0.101322 0.118291 1.90131e-19)
(1.23422 0.391169 -5.56423e-19)
(-0.361591 0.980549 0)
(0.900213 0.711781 1.91333e-19)
(0.959483 -0.281158 0)
(1.00555 0.00162649 1.40733e-19)
(-0.293561 -0.621 -4.78413e-21)
(1.09845 0.453388 3.01465e-19)
(1.74116 0.0144882 0)
(2.24306 0.0836396 -5.64126e-20)
(0.81236 -0.047421 -4.3707e-19)
(-0.836175 0.256694 -4.10139e-19)
(0.609734 -0.566933 0)
(0.919903 0.301506 2.02924e-19)
(1.73912 -0.0837708 0)
(0.841354 0.593901 4.10877e-19)
(-0.65927 0.301841 2.04667e-19)
(-0.120926 0.148846 0)
(0.647479 0.617111 -8.02556e-20)
(0.964692 -0.584447 -2.09102e-19)
(0.423698 -0.138837 -1.4483e-19)
(1.01773 0.000466716 0)
(0.247552 0.457736 -2.22846e-19)
(0.581838 -0.509101 1.02244e-19)
(0.952673 0.348177 0)
(1.22899 -0.267396 -1.05597e-19)
(1.06172 0.90524 2.84388e-20)
(-0.148227 0.580839 4.95607e-20)
(0.101013 0.147774 -8.28993e-20)
(0.177043 0.14967 -6.33931e-19)
(-0.0326248 0.0511282 3.15386e-21)
(0.874439 0.426885 2.82409e-19)
(-0.307642 0.432065 -5.74052e-21)
(1.33565 -0.595339 2.9228e-21)
(1.01904 0.0277324 -4.20169e-19)
(-0.403751 0.250832 0)
(1.0442 0.0546788 -4.9182e-19)
(1.66877 -0.240085 -3.79237e-20)
(0.960508 0.756504 3.23611e-19)
(1.10952 -0.0511022 1.99796e-19)
(0.997525 -0.00410538 1.94366e-19)
(0.334196 0.0924119 8.39265e-20)
(0.180941 0.26713 1.5898e-21)
(1.65539 -0.804804 1.44239e-20)
(1.05808 -0.116583 -1.09266e-19)
(0.73436 0.0466017 1.26746e-19)
(0.869929 -0.238557 1.1067e-19)
(1.86577 0.181068 0)
(1.03762 0.800778 0)
(0.0483887 -0.425022 5.70522e-21)
(2.05933 0.201645 -1.14398e-20)
(-0.718565 0.422835 1.54069e-19)
(0.972592 -0.48474 -6.83579e-19)
(0.558813 -0.468541 4.83952e-19)
(1.69708 0.0815725 -1.35218e-19)
(-0.222998 0.0103511 4.68309e-21)
(0.0320385 0.758293 0)
(0.767829 0.193929 -7.83329e-21)
(0.179024 0.154862 2.92551e-19)
(1.11826 0.826381 0)
(-0.0638277 0.333102 0)
(0.785282 0.0406296 0)
(0.0511063 0.107606 -2.06351e-20)
(-0.124578 0.173957 0)
(1.33604 -0.453532 1.56925e-19)
(1.27664 0.202224 7.77981e-21)
(-0.423587 -1.20726 1.95714e-19)
(2.14366 0.765563 1.67175e-20)
(1.96014 0.470786 -5.128e-20)
(1.96791 -0.253542 1.04475e-21)
(-0.204586 0.0312298 -2.2085e-19)
(-0.200619 0.0530603 1.38011e-21)
(1.83156 0.155199 0)
(0.691989 -0.0357841 0)
(1.00083 0.00198497 1.90789e-22)
(-0.290003 0.246458 0)
(1.31881 0.012168 8.20316e-20)
(0.689046 -0.0317073 0)
(1.03126 0.0181401 1.60771e-19)
(0.987433 0.0177254 -5.47841e-20)
(1.71203 -0.17405 1.71744e-19)
(1.07701 -0.00914916 -1.12548e-21)
(0.915349 -0.145595 -6.64772e-20)
(1.01509 -0.0102662 4.53119e-19)
(0.613844 -0.547803 2.33488e-19)
(-0.240378 -1.47736 -1.98296e-19)
(1.75993 0.839125 1.46839e-20)
(-0.0434408 0.0564664 0)
(1.20851 0.859109 0)
(1.01692 0.0163176 0)
(0.939915 -0.715542 -1.50584e-19)
(0.977131 -0.835226 1.10311e-19)
(1.50387 0.522613 -1.25486e-20)
(-0.802894 -0.950652 -1.31469e-19)
(0.0696929 0.838348 1.31138e-20)
(0.527246 -0.296168 -7.65085e-19)
(1.98598 0.545815 -2.3216e-21)
(0.730831 1.03293 5.24421e-20)
(1.91597 -0.210555 -2.27709e-20)
(0.989618 0.279268 5.01275e-20)
(0.0903464 0.164932 -4.57632e-20)
(1.18593 0.608747 2.32962e-19)
(-0.282917 -0.0672829 0)
(-0.143336 0.0166845 8.29678e-20)
(-0.1333 -0.0472653 6.52849e-23)
(1.03258 -0.041926 4.02968e-19)
(1.01774 0.0180839 -1.04217e-20)
(1.11316 -0.00594679 -1.11381e-19)
(0.57647 -0.421396 1.23773e-19)
(1.7353 0.331664 7.851e-20)
(0.350984 -0.322731 -3.85129e-19)
(1.45481 0.251662 5.29908e-21)
(1.02378 0.019969 -2.98696e-19)
(1.9438 0.608452 -1.51272e-20)
(0.823746 -0.301589 0)
(1.18658 0.646512 -4.36981e-19)
(1.00279 -0.00146332 1.14829e-19)
(0.742124 0.670933 2.91476e-19)
(0.315962 0.872159 -2.2016e-21)
(1.08471 0.000890196 -3.66367e-20)
(1.14141 0.0233874 1.03964e-21)
(2.21608 -0.26582 1.3174e-20)
(0.702023 0.273977 0)
(1.04618 -0.0384661 0)
(1.04888 -0.0335903 7.04499e-19)
(1.0026 -0.00131522 0)
(-0.0668851 -0.00961237 0)
(0.933906 -0.544859 0)
(1.00086 0.00102895 -6.67999e-19)
(1.08953 -0.626812 1.27619e-19)
(1.02139 0.00384409 1.40988e-20)
(1.44389 1.02515 -3.57019e-20)
(1.63976 1.07572 3.69447e-20)
(0.20176 0.882131 -2.59896e-20)
(0.851603 -0.290895 -2.57769e-20)
(2.06681 0.0895531 0)
(-0.0419548 0.416078 0)
(1.66611 -0.0741032 -7.08657e-20)
(0.0788613 -0.0666968 0)
(0.999509 -0.00422601 -2.0611e-19)
(1.01053 -0.000989999 4.00825e-19)
(1.51433 0.148423 -8.55544e-20)
(0.0355896 -0.106136 1.01105e-19)
(0.984941 0.00302032 2.18306e-19)
(0.538465 -0.251342 2.6751e-20)
(2.11027 0.104915 5.62021e-20)
(0.428662 -0.484938 1.21794e-21)
(0.920651 0.0195716 -2.21549e-19)
(1.00337 0.00488607 2.59658e-19)
(1.00005 0.000225711 1.5328e-20)
(0.790193 -0.0130824 0)
(0.731696 -0.0264298 0)
(0.728898 -0.0269037 8.30197e-22)
(0.707328 -0.0294357 0)
(0.902082 0.180845 0)
(1.67663 0.243348 0)
(2.14919 0.0417968 -2.53119e-20)
(2.2903 -0.0256396 1.73481e-20)
(1.41644 -0.268622 0)
(0.416794 -0.109203 -3.67474e-20)
(-0.0253733 0.012608 0)
(0.349999 0.00190197 0)
(-0.0752311 0.086579 0)
(0.0447752 0.121636 -2.31332e-20)
(1.43514 0.284683 -8.99874e-20)
(0.769813 0.024599 0)
(0.783225 0.0198669 0)
(0.961375 0.0227192 -2.72716e-19)
(0.813453 0.00763557 5.06156e-19)
(1.00852 -0.00131939 0)
(1.00029 -0.000484873 4.79682e-19)
(1.00029 -0.000489298 -2.6566e-22)
(0.780512 0.0225462 4.33257e-19)
(1.00111 -0.00413915 -2.50583e-19)
(0.726743 -0.290087 0)
(1.99662 0.180905 -5.62571e-20)
(1.00081 -0.000511493 -2.42141e-19)
(0.999847 0.00226876 -4.16067e-19)
(0.568888 -0.388617 0)
(0.99897 0.00179277 0)
(0.999689 0.000489305 0)
(0.605577 0.736207 -4.34005e-20)
(0.400005 1.03088 4.24795e-21)
(1.75293 0.696348 0)
(-0.346995 0.69722 2.88012e-19)
(-0.430058 -0.957853 -9.96847e-20)
(1.02225 -0.0054893 -3.23603e-19)
(-0.0631137 0.127565 -4.07977e-20)
(1.01661 0.0158711 -2.6099e-19)
(1.10271 -0.193883 -1.57575e-19)
(0.744276 -0.406596 3.80317e-19)
(-0.00136135 0.0315566 -2.93942e-20)
(1.02517 0.0213587 0)
(1.08305 -0.0062318 -7.05486e-20)
(0.8365 0.0296483 0)
(-0.10562 0.12838 2.76301e-19)
(-0.212415 -0.112699 0)
(-0.120353 0.28076 -1.21624e-19)
(0.55403 0.01282 -9.23682e-22)
(1.77614 0.727134 -3.94618e-20)
(-0.0739985 0.0109157 0)
(1.05367 -0.0366131 2.18e-19)
(0.244165 1.0229 1.17347e-21)
(0.931356 0.0345024 3.38669e-19)
(1.01482 -0.0014996 -2.20204e-19)
(1.79653 0.921382 2.70108e-20)
(0.579935 0.550008 0)
(0.512373 0.491327 2.24381e-19)
(1.18167 0.457374 1.78917e-20)
(1.19679 0.145702 2.34057e-19)
(1.02174 -0.655051 0)
(1.02534 0.0136016 0)
(1.0011 -0.0154191 -5.06073e-19)
(1.01677 0.021635 -4.95382e-19)
(-0.0651619 0.0443801 0)
(1.3101 0.886463 -1.58642e-19)
(0.295417 0.845488 2.34329e-21)
(1.01628 0.0123285 1.90521e-19)
(1.01085 0.0177638 -2.38828e-19)
(-0.160272 0.451729 -1.36254e-20)
(0.505045 1.10397 -3.20147e-20)
(1.02108 -0.00672386 8.11745e-19)
(0.894485 0.620628 0)
(2.00794 0.690089 -3.19584e-20)
(1.01727 -0.00356792 -2.53024e-19)
(1.84129 -0.0214789 1.88781e-20)
(1.07331 0.0188557 -5.82766e-22)
(1.00951 -0.00662307 5.04753e-20)
(1.82411 -0.105864 2.34754e-20)
(1.01581 0.0105594 2.45758e-19)
(1.3216 1.21406 -9.74326e-21)
(1.01765 0.0145943 0)
(0.964924 0.198563 5.85467e-20)
(-0.762433 -0.780532 3.60657e-21)
(0.996197 0.0239884 2.44028e-19)
(1.039 0.022465 -5.45911e-22)
(0.404429 0.899056 -5.28584e-22)
(1.33496 0.347689 5.04564e-19)
(0.992112 0.0217277 1.68267e-19)
(1.0186 -0.00727896 5.13277e-22)
(1.8685 0.240476 -3.3312e-20)
(1.93704 1.03047 -1.11691e-19)
(0.720468 -0.644049 8.18727e-20)
(0.388807 -0.219171 -3.66776e-19)
(1.00961 -0.00557271 0)
(1.01946 0.00831941 6.10127e-20)
(1.01185 -0.00316998 1.28527e-19)
(0.912638 1.14532 2.30082e-21)
(1.01334 0.0145164 -2.55916e-19)
(1.02091 -0.00674349 2.94553e-19)
(1.00966 -0.00272467 -2.40144e-19)
(1.01412 0.0133233 -5.51532e-22)
(1.01308 0.0095368 -3.83087e-22)
(1.02185 0.0216412 2.45238e-19)
(0.919605 0.141485 6.03472e-19)
(2.03245 0.0661833 0)
(-0.112127 -0.145219 1.083e-21)
(1.00927 0.00477775 0)
(1.02497 -0.00503052 -7.09824e-20)
(1.6329 0.468551 -1.11384e-19)
(1.66515 -0.117789 0)
(1.27268 -0.192024 7.40102e-20)
(1.35124 -0.212309 -3.72166e-20)
(0.809436 -0.0221952 0)
(1.52417 -0.0701988 0)
(0.487965 -0.450243 -2.23573e-19)
(0.298864 0.304066 -7.16457e-21)
(1.01801 0.00525098 -2.57668e-19)
(1.05497 -0.51293 -8.26568e-20)
(0.533286 1.04875 -1.30845e-21)
(1.40621 1.12721 0)
(0.583526 0.787089 0)
(2.28345 0.137873 0)
(0.0258458 0.267639 9.4134e-20)
(0.881424 1.17396 7.18006e-20)
(-0.178632 -0.921743 0)
(0.310669 0.475254 -2.77287e-19)
(1.82344 1.03541 -3.96682e-20)
(1.00678 0.00283778 -5.03626e-19)
(0.704544 0.989188 1.89519e-20)
(1.01974 0.0231521 3.33956e-19)
(0.722284 -0.0473323 0)
(-0.127719 0.0103137 -9.29135e-21)
(0.678522 0.52123 -3.83612e-19)
(1.93454 0.109284 1.81278e-19)
(0.20619 0.422664 0)
(0.733731 0.0722028 1.05995e-19)
(0.573341 0.551842 5.81065e-20)
(1.27495 0.95224 -4.30378e-20)
(-0.0766894 -0.0641658 4.6663e-20)
(1.02739 0.0289275 0)
(1.15342 1.04719 -2.44207e-20)
(1.01147 0.00573105 1.88993e-19)
(2.35087 -0.150441 0)
(1.01076 0.0144953 3.17115e-19)
(-0.0962729 0.0664114 -3.70801e-20)
(1.01937 0.0208884 -1.96425e-19)
(1.62185 1.10797 0)
(1.92341 -0.360348 -7.37324e-23)
(1.00889 0.00958291 -1.31587e-19)
(0.996349 0.00323828 3.46454e-19)
(1.13307 0.120914 -3.82194e-21)
(1.63397 1.12646 9.77251e-20)
(-0.112449 -0.119001 1.27678e-19)
(2.2269 0.22788 1.78261e-19)
(0.81252 1.12461 -1.13511e-19)
(0.797696 0.0143961 -4.75494e-19)
(0.836585 0.0332765 0)
(0.542045 1.1307 -2.1364e-20)
(1.02669 0.000776932 -3.81212e-20)
(0.971369 0.0610994 0)
(1.05861 0.0104191 -2.41611e-19)
(0.436565 0.729885 1.12356e-19)
(-0.783597 -0.10594 1.45388e-19)
(2.03315 -0.489701 0)
(-0.0299778 -0.765112 -8.12208e-19)
(1.4256 -0.311236 0)
(1.04276 -0.0135955 7.08584e-20)
(1.09698 -0.515761 -3.73698e-21)
(1.01131 0.00964648 2.04666e-19)
(-0.0792374 0.230026 5.17969e-19)
(1.02025 0.0112805 0)
(0.993986 0.00374604 -4.88925e-19)
(1.00774 0.0127981 2.60001e-19)
(1.96699 -0.245964 0)
(1.18414 -0.570517 1.76829e-20)
(0.956331 -0.00108568 -2.21813e-19)
(-0.0976285 0.0733895 1.31485e-19)
(1.00357 0.00191851 -2.53448e-19)
(0.997812 0.0504027 -5.95439e-19)
(1.55128 -0.543911 -3.84083e-20)
(0.0951113 0.122823 -3.61888e-20)
(0.880022 0.763187 -2.00027e-19)
(0.851037 0.42543 0)
(1.02332 0.00200572 5.35023e-19)
(1.04436 -0.00449478 2.80558e-19)
(1.1008 0.920292 2.00393e-19)
(0.443988 0.0903116 -2.34111e-19)
(1.06194 0.0194685 -1.43671e-19)
(1.04213 -0.836339 9.8873e-20)
(1.00672 0.00470675 2.64706e-19)
(0.868349 -0.614286 2.73609e-19)
(-0.35784 1.05353 4.45058e-19)
(0.0702277 0.105292 -2.65546e-20)
(0.818796 0.0188685 -7.83822e-20)
(0.687019 -0.0802973 -8.14702e-19)
(1.02605 0.011816 0)
(1.25 -0.748529 1.77552e-19)
(1.35656 -0.309081 1.93868e-19)
(0.797557 1.06788 0)
(0.805088 -1.21413 0)
(0.435544 -0.852253 0)
(1.01569 0.0198594 1.14634e-19)
(2.19338 -0.469695 0)
(1.06516 -0.0189229 4.47058e-21)
(-0.526821 0.662624 -2.04382e-19)
(-0.0219356 0.0140042 7.3466e-20)
(-0.20602 0.229962 2.88219e-21)
(1.53082 0.400607 1.23822e-19)
(-0.194369 0.0305988 1.43732e-19)
(1.27208 0.0521456 0)
(-0.206485 -0.697259 6.81401e-20)
(1.01986 0.0294343 6.94568e-20)
(-0.163699 -0.0885255 -4.81925e-20)
(0.955279 0.781781 -6.3854e-20)
(0.0280753 0.0467205 1.72209e-20)
(1.26612 -0.911451 1.34074e-19)
(0.58913 0.726441 -1.94879e-19)
(0.593714 0.804555 9.98117e-21)
(0.184243 -0.237512 -1.85428e-19)
(0.920107 0.0179588 0)
(0.380113 1.09519 -1.14103e-19)
(0.910479 -0.222147 -3.21777e-20)
(0.0898396 0.0925254 1.48482e-19)
(2.23774 0.0362395 0)
(1.03652 0.0375425 2.77585e-19)
(-0.231388 -1.33464 0)
(0.554549 0.707817 -7.04796e-21)
(0.915365 -0.460084 0)
(0.926665 0.393512 -2.55326e-19)
(2.03297 0.364916 -1.84291e-19)
(0.00184733 0.0610083 -5.35002e-21)
(0.942876 0.0761962 -5.41992e-19)
(1.01669 0.00691453 0)
(1.10467 0.017147 1.43743e-19)
(1.36692 -0.244477 0)
(1.84414 -0.334299 0)
(1.02268 0.0277645 -4.84088e-20)
(1.00021 0.0731001 -2.31594e-19)
(1.31137 -0.489059 -2.54118e-20)
(-0.180345 0.20141 0)
(1.0235 -0.0013231 1.10436e-22)
(0.867369 -0.691647 -1.79482e-19)
(0.699241 0.437291 0)
(1.07391 -0.0246833 -3.47078e-19)
(1.66803 -0.471066 -1.96854e-20)
(-0.187055 -1.32433 -1.15364e-19)
(-0.252938 0.448431 1.97975e-19)
(-0.497979 0.411142 1.32482e-20)
(-0.348865 0.897508 -1.88585e-19)
(-0.10254 -0.044361 1.02909e-19)
(-0.0316567 0.85231 -4.8987e-20)
(-0.106122 0.177485 6.44491e-20)
(0.888049 -0.649456 3.09281e-19)
(1.01623 -0.833271 0)
(1.00673 0.0314703 -5.7536e-19)
(0.789663 0.288824 -8.55336e-20)
(1.02422 0.00734932 -2.15215e-19)
(-0.113875 -0.105685 -3.51353e-20)
(-0.181119 0.0478165 8.95089e-20)
(1.01846 0.0322909 -2.76006e-19)
(0.806801 -1.33792 1.18271e-19)
(-0.0893186 -0.675509 2.46321e-21)
(1.02394 0.000469133 -4.67204e-19)
(1.5353 -0.00606274 0)
(-0.345839 1.1499 -1.79781e-19)
(-0.255101 0.0880349 -4.571e-19)
(1.7413 0.995915 0)
(1.13714 0.105444 0)
(1.09057 0.0316523 3.16293e-19)
(1.49289 -0.372951 -1.25023e-19)
(1.1631 -0.0212955 -2.98407e-20)
(1.23736 0.684807 1.99419e-19)
(0.421817 -1.33408 -1.29794e-19)
(1.03668 0.0279044 1.6256e-19)
(-0.285532 0.0819599 -4.70198e-21)
(1.27282 0.177848 -4.67936e-19)
(-0.219487 0.174153 0)
(0.959176 -0.213973 -2.3642e-19)
(0.573039 -1.47182 1.34413e-19)
(1.29565 -0.513629 -2.87696e-19)
(1.02191 -0.00084625 -3.22509e-19)
(0.508459 0.49154 -1.593e-19)
(1.53983 -0.513048 -2.84278e-19)
(-0.793581 0.469981 1.87652e-19)
(0.944143 0.0309828 -3.82853e-19)
(0.537978 0.151802 -2.31781e-19)
(1.00947 -0.00507713 -2.67854e-19)
(0.878649 0.671074 -2.71221e-19)
(-0.13157 -1.56753 -1.69549e-19)
(0.394395 -0.367128 -1.68459e-20)
(0.189019 0.020734 3.08882e-20)
(0.0279997 -0.102657 8.14137e-20)
(1.76029 -0.483093 0)
(1.02694 -0.793157 0)
(1.27087 -0.822263 -4.62688e-20)
(0.898685 0.102871 0)
(0.679115 -0.327969 2.36295e-19)
(0.0417524 0.0603728 0)
(1.59876 -0.263109 2.57175e-20)
(1.02793 0.0205132 0)
(2.27756 -0.0604502 -4.24389e-20)
(1.031 -0.34565 4.40623e-19)
(0.976776 -0.00710854 2.34697e-19)
(1.08653 0.106307 -2.37642e-19)
(1.59044 -0.380074 1.40837e-19)
(1.01767 0.0376844 3.36851e-19)
(1.71292 -0.00528905 0)
(0.976465 0.00863463 2.73626e-19)
(0.904772 -0.628199 3.42559e-21)
(0.558859 0.32424 2.24385e-19)
(1.52959 1.13278 -1.08375e-20)
(1.01994 0.00315846 3.66295e-19)
(1.56873 0.467136 -1.49084e-19)
(2.05746 0.656302 0)
(1.32896 0.000182968 0)
(0.972132 -0.094882 -5.34081e-19)
(0.464268 -0.362825 0)
(0.751915 0.508122 8.01534e-20)
(1.13855 -0.868051 0)
(0.572863 0.46786 0)
(0.687279 0.627701 -6.05426e-19)
(2.24779 0.115289 2.98716e-20)
(1.01721 -0.0133469 -1.56068e-19)
(-0.195573 0.270117 1.04821e-19)
(1.07216 0.0761794 0)
(1.0509 -0.0388633 0)
(-0.325847 0.0104693 -3.27858e-20)
(0.59135 -0.13979 0)
(0.817728 0.549811 4.06365e-20)
(1.0529 0.000132433 6.61753e-22)
(0.683327 0.542936 1.55419e-19)
(1.15887 0.0363829 3.63892e-20)
(1.48118 -0.546326 -1.20723e-19)
(1.11224 0.0502808 2.10258e-19)
(1.03142 0.014361 -2.33724e-19)
(1.1933 0.238999 2.43579e-19)
(1.01187 0.0461654 -5.42689e-19)
(-0.0725624 0.119805 0)
(-0.333867 0.986426 -4.84178e-20)
(-0.0211123 -1.68504 -1.13377e-19)
(0.881167 -0.0918875 -3.037e-19)
(1.78339 -0.156475 0)
(-0.145667 -0.250184 1.29429e-19)
(-0.164012 0.224893 1.12861e-19)
(1.4186 -0.377099 2.37499e-20)
(1.19196 0.403401 2.23533e-19)
(1.21757 0.467295 -2.47755e-20)
(0.924264 0.777153 4.88233e-19)
(1.24733 0.49493 2.90895e-20)
(1.08865 -0.0122078 0)
(0.988842 -0.0529485 -1.57056e-19)
(-0.219481 0.24882 1.16793e-19)
(1.58731 -0.0374186 -4.52596e-21)
(2.36633 -0.00259493 0)
(1.95038 -0.0652655 0)
(1.80141 0.167659 1.57465e-19)
(-0.111838 0.13628 0)
(1.02558 0.0409369 -2.10565e-19)
(0.855438 -1.37933 0)
(1.00805 0.0116016 1.55786e-19)
(0.620386 -0.242108 -2.67322e-19)
(0.964467 0.0112953 5.09496e-19)
(2.02778 0.323203 -8.9689e-22)
(1.06115 -0.022993 -5.66155e-19)
(0.863251 0.0293225 6.77373e-20)
(1.90908 -0.108297 3.44736e-20)
(1.04897 -0.0177753 0)
(1.06382 0.00408045 1.69439e-19)
(-0.331021 0.987279 -2.23734e-19)
(1.12674 0.0101032 -2.67045e-19)
(0.946576 0.70222 -5.36572e-19)
(1.13351 0.47137 6.25493e-21)
(2.30826 -0.0959771 0)
(0.293397 0.0977926 6.09483e-19)
(1.70942 -1.07066 0)
(-0.438083 0.646099 9.38376e-20)
(-0.0855877 0.156172 7.78068e-20)
(1.02499 -0.845532 0)
(0.722402 0.0269142 1.39697e-19)
(-0.346274 0.708913 0)
(2.07299 -0.0935299 0)
(-0.0632582 0.0215246 1.34389e-19)
(0.886942 0.15266 -2.95394e-19)
(-0.0381744 -1.35119 1.48665e-19)
(1.00797 0.753839 -4.35681e-19)
(1.01938 0.0647772 -7.62942e-21)
(1.009 -0.0221226 1.78192e-19)
(2.00807 -0.0987642 0)
(1.03292 -0.0687478 -6.84432e-20)
(1.18686 -0.841868 5.69642e-19)
(1.0254 -0.0131893 3.54608e-19)
(1.08369 -0.0109959 1.36035e-19)
(2.02732 0.346325 0)
(1.00483 -0.00675421 0)
(1.0717 0.931628 -3.95626e-20)
(1.02214 0.00256515 -2.17696e-19)
(1.11501 -0.416083 -1.36031e-19)
(0.36852 0.078896 3.16061e-20)
(0.257492 -0.104875 0)
(0.115232 -0.0554627 0)
(0.150099 0.895149 1.20464e-20)
(0.734849 0.363543 -2.8558e-19)
(1.00507 -0.184284 1.40487e-20)
(1.00627 0.0980315 3.06283e-19)
(0.480465 0.346717 -1.70957e-19)
(2.62645 -0.021534 0)
(2.08288 -0.11077 3.05272e-22)
(1.10074 0.0108558 -1.41987e-19)
(2.1504 -0.0384931 0)
(0.798409 -0.00385664 0)
(1.22398 -0.243108 4.29711e-20)
(0.727931 -0.00897326 -2.84343e-20)
(0.774311 0.000194951 1.42005e-19)
(1.13176 -0.0100662 0)
(0.764917 -0.703779 0)
(-0.151544 0.0689145 -4.44554e-21)
(1.08993 0.775554 -2.72249e-19)
(0.418798 0.187038 -1.08047e-19)
(-0.199672 0.526262 4.02209e-21)
(2.07154 0.864692 1.99323e-19)
(0.997272 0.0570391 2.21637e-19)
(1.01004 -0.0259899 1.2672e-19)
(0.260386 -0.0867313 -8.30282e-19)
(-0.107644 -0.08142 0)
(-0.139382 -1.167 -2.34059e-20)
(0.54376 -0.518993 -4.8931e-19)
(-0.196446 0.349484 1.38541e-19)
(0.953791 0.16439 -2.22037e-19)
(1.02729 0.396898 4.31993e-19)
(0.993259 -0.0569399 1.79565e-21)
(1.03146 0.0167391 -4.07793e-20)
(0.97774 -0.000639631 1.71584e-19)
(-1.12741 -0.0885965 -8.55126e-20)
(-0.136824 -0.0306643 -5.49322e-20)
(-0.42416 0.200201 0)
(1.23777 0.293323 1.70848e-19)
(1.13944 0.0289842 0)
(0.74847 -0.798438 -2.9686e-19)
(-0.133745 0.152385 -1.50592e-19)
(-0.0641845 0.057792 0)
(1.01156 0.00975982 2.36504e-19)
(0.973265 -0.00614286 0)
(2.17208 -0.220203 3.36064e-20)
(-0.428955 0.405471 -3.36071e-20)
(0.988774 0.0303529 -4.87443e-19)
(0.569066 -1.3293 1.37506e-21)
(1.7361 0.435455 -2.79788e-21)
(0.575764 0.560313 0)
(0.832231 0.731488 2.00546e-19)
(2.25106 0.429234 1.39097e-20)
(-0.181212 0.204833 7.64169e-20)
(1.98109 0.256711 -7.61203e-21)
(0.126862 0.349103 -7.91903e-20)
(1.50969 0.458573 -3.01281e-19)
(0.32766 -0.154204 -3.8181e-20)
(1.22155 -1.33951 -1.4437e-21)
(0.106037 -0.0955441 2.25023e-19)
(0.151476 0.151597 0)
(0.0402462 -0.0156191 0)
(0.133382 0.177709 5.01298e-20)
(1.00222 0.00355438 -2.62072e-19)
(1.02275 0.0149442 -2.22792e-19)
(-0.327275 0.947178 -1.97633e-19)
(1.59819 -0.437196 1.2087e-19)
(1.28702 -0.964362 -3.04102e-20)
(1.18018 0.805326 0)
(0.930076 0.100271 -6.65338e-19)
(1.31901 -0.0140099 5.15937e-21)
(1.0158 -0.0186398 -6.57651e-20)
(0.796475 -0.779316 -3.33616e-20)
(-0.132915 0.157857 0)
(2.49967 -0.00412766 -2.87043e-20)
(-0.47133 0.696726 5.69128e-20)
(-0.19552 0.0593177 -3.02449e-19)
(1.00611 -0.031275 2.40743e-19)
(0.0901536 0.113806 0)
(1.22893 0.0064692 8.49212e-21)
(0.530371 0.393408 1.37042e-19)
(0.0760022 0.0915765 4.54148e-20)
(1.01862 -0.010391 2.91278e-19)
(0.740093 0.408133 0)
(-0.149537 0.169719 1.43488e-19)
(0.410076 -0.399206 0)
(0.119778 -0.118811 -4.3241e-19)
(0.0187981 -0.0203477 1.30135e-19)
(0.150713 0.149145 1.9711e-19)
(0.0563088 0.0674874 -4.37188e-20)
(-0.168463 0.100418 0)
(1.00046 0.344934 2.75753e-21)
(1.07235 0.683634 -2.79799e-20)
(0.626644 -0.55746 3.03067e-19)
(1.01311 -0.00539909 0)
(0.0491387 0.0572713 0)
(0.938224 -0.0365482 2.7787e-19)
(1.40815 -0.654581 -4.45635e-21)
(-0.895224 -0.188199 -2.30431e-19)
(0.978406 0.0747318 -3.03533e-19)
(0.574456 -0.518046 5.3749e-19)
(1.31185 -0.638486 -2.61624e-20)
(-0.511998 0.231746 -1.53747e-19)
(1.12418 0.0920116 0)
(1.01879 -0.00146096 -3.37273e-19)
(0.0283584 0.0325774 0)
(0.610198 -0.347747 -4.83237e-19)
(0.164435 0.164991 1.87442e-19)
(0.0430608 0.0503639 0)
(1.17924 0.128677 -2.05674e-19)
(1.71689 1.21172 0)
(1.05755 -0.0536856 0)
(-0.186953 -0.0805553 5.38675e-20)
(-0.66765 -0.513792 -3.63028e-20)
(0.0137725 0.0176728 -3.5146e-20)
(0.0226414 -0.0240568 1.32702e-19)
(0.134065 0.121676 0)
(0.957944 -0.0632734 -3.41953e-19)
(0.118628 -0.116849 -2.12464e-19)
(0.156283 0.151381 -3.78065e-19)
(0.218699 0.211527 1.44957e-19)
(0.9646 0.0590045 8.12534e-19)
(0.20157 0.192254 -1.57174e-19)
(0.00942875 0.0137813 3.32789e-20)
(0.161106 0.162177 -3.63511e-19)
(0.167664 -0.166003 -3.38158e-19)
(0.00566094 -0.00904239 0)
(0.0315727 0.0375722 7.83362e-20)
(-0.344746 0.936868 5.01815e-19)
(0.171097 0.170531 0)
(0.902502 -1.23938 0)
(-0.138769 0.0821743 0)
(0.044015 1.15738 -1.61951e-20)
(0.238869 0.23511 2.49061e-21)
(0.0122492 -0.0137471 -7.01758e-20)
(0.0143918 0.0268815 1.53807e-19)
(0.210824 0.205195 -1.51967e-19)
(0.142505 -0.137872 0)
(0.0177507 0.0208811 3.77012e-20)
(-0.00349926 0.00318654 9.8425e-22)
(-0.10879 0.0892236 -6.69002e-20)
(0.588111 1.22195 -2.61745e-20)
(0.437704 -0.240953 4.49826e-19)
(0.0118559 -0.0128076 -1.24846e-19)
(0.00435973 0.00930611 0)
(0.236006 0.235734 0)
(0.159003 -0.15752 -8.74622e-20)
(-0.00560433 0.00548333 -1.03719e-19)
(2.38921 0.543898 1.38104e-19)
(1.42782 -0.538696 -1.1084e-19)
(0.217352 0.221457 2.81969e-19)
(0.105454 0.150507 3.07336e-20)
(0.0306957 -0.0280273 1.41477e-19)
(-0.00161522 0.00434158 -9.76273e-20)
(0.188287 -0.186892 3.11274e-19)
(-0.349864 0.138041 4.42821e-21)
(-0.00229811 0.000865439 0)
(0.115724 -0.109965 -4.36302e-19)
(0.920863 -0.0556037 0)
(1.44324 -0.317995 0)
(0.502759 -0.427193 -4.72994e-19)
(0.18078 0.532514 -1.02886e-19)
(0.164265 -0.157632 1.70696e-19)
(1.01521 0.0450135 2.27684e-19)
(0.86417 -0.0476202 3.18594e-19)
(0.361159 -0.34511 6.57818e-19)
(2.25753 0.700724 7.70646e-20)
(0.244807 0.232188 1.18733e-19)
(0.904676 0.638074 0)
(0.579062 -0.503287 5.24965e-20)
(-0.00651608 -0.00176213 3.22094e-20)
(0.42718 0.209918 2.55961e-20)
(1.02456 -0.0896475 1.00229e-19)
(1.03868 -0.208789 0)
(0.9181 -0.0869862 8.09092e-19)
(0.000794725 -0.00431246 0)
(-0.0315902 0.04413 0)
(1.11657 -0.183746 2.37458e-19)
(1.213 0.394936 2.56386e-19)
(1.09677 0.0158097 0)
(-0.830059 0.180664 9.40981e-20)
(-0.721225 -0.116389 -7.73319e-20)
(1.03026 0.0214141 -3.25354e-19)
(-0.122252 0.0292385 0)
(1.12929 -0.178655 0)
(1.59805 0.727572 0)
(0.134748 0.142832 4.92663e-19)
(-0.00970857 -0.00598675 0)
(0.21176 0.201216 1.37087e-19)
(0.157952 -0.145698 0)
(-0.00569783 0.00609006 -9.99994e-20)
(-0.0111634 -0.00921492 0)
(0.862213 0.105949 2.04057e-19)
(0.790745 -0.353766 -6.85767e-19)
(-0.00616937 0.00628142 3.63008e-22)
(-0.175956 -0.0711813 -9.58277e-20)
(0.235757 -0.227374 0)
(0.266276 0.253318 0)
(-0.526415 0.517231 1.81726e-19)
(0.954669 0.100482 3.24237e-21)
(1.04279 -0.314198 -2.60545e-19)
(-0.00596305 0.00610551 3.02312e-19)
(-0.103546 0.356691 3.73143e-19)
(1.09028 0.171368 3.01496e-19)
(-0.558189 0.028766 0)
(-0.0157915 -0.013352 2.62194e-22)
(-0.130657 0.054948 1.36227e-23)
(-0.0781841 0.0596736 0)
(1.98839 -0.109992 3.26292e-20)
(1.05875 0.183307 0)
(0.986115 -0.0422469 3.95861e-19)
(-1.08473 -0.59037 0)
(0.214173 -0.199154 -3.50369e-21)
(1.00889 0.00484775 2.02142e-19)
(0.58943 0.268235 4.57072e-19)
(1.28094 -0.720732 3.69008e-19)
(0.337524 0.315651 2.07118e-22)
(1.74759 0.553232 0)
(0.893229 -0.519679 9.5867e-20)
(1.72827 -0.848849 -8.22094e-20)
(-0.00600269 0.00630255 1.93702e-19)
(1.12059 -0.827534 -7.04221e-21)
(2.53898 0.441356 8.50883e-20)
(-0.00372035 0.00415567 -5.68984e-20)
(1.03553 0.0517166 2.9216e-19)
(-0.17722 0.294369 -2.00977e-19)
(0.364995 0.339963 0)
(-0.0186776 -0.0166249 0)
(0.281402 0.266613 1.03982e-19)
(0.275556 -0.256272 -3.47831e-19)
(-0.00375367 0.00423481 2.02538e-19)
(1.00528 -0.707625 -1.16426e-19)
(0.165812 -0.216653 -2.49098e-20)
(0.31048 -0.295748 0)
(-0.00666112 0.00463423 0)
(0.302185 0.28669 0)
(-0.0735338 0.0892939 -1.17888e-19)
(0.254831 -0.25204 0)
(-0.0260689 -0.0259067 -6.12214e-20)
(0.323709 0.304829 -7.75589e-20)
(-0.0130941 0.00643671 0)
(0.237637 -0.232327 0)
(-0.589192 0.149732 0)
(-0.0287306 0.015657 0)
(-0.046389 0.0308572 -5.83084e-20)
(-0.182136 -0.0307289 0)
(1.00231 -0.00158529 3.09486e-19)
(0.438822 -0.411074 1.4247e-19)
(-0.0940742 0.0654952 -1.01409e-19)
(-0.0346248 -0.0247708 1.1688e-19)
(0.406634 0.374408 -7.17193e-20)
(1.75762 0.411796 0)
(-0.211624 0.244916 0)
(-0.18675 -0.00278277 9.04694e-21)
(-0.140205 0.112475 0)
(0.342073 -0.32033 0)
(-0.0549724 -0.0397085 0)
(0.459786 0.418883 0)
(-0.0857612 -0.0710214 7.79443e-20)
(0.543067 0.506488 1.4107e-20)
(-0.178797 0.169188 -4.60355e-19)
(0.508656 -0.468448 9.56045e-20)
(1.20454 0.159727 0)
(1.8241 0.373916 8.34769e-20)
(-0.89347 0.0733105 -7.31314e-20)
(1.06352 0.0841822 -2.82662e-19)
(1.51153 -0.0738952 0)
(0.978192 0.521231 5.90799e-20)
(1.28366 -0.452069 2.63952e-19)
(0.942971 0.0194247 0)
(0.546341 0.422608 4.85709e-19)
(-1.02736 -0.476879 -9.5309e-20)
(-0.0238609 -0.0206592 -2.0428e-22)
(-0.597285 0.491102 0)
(1.06789 -0.139332 -2.92649e-19)
(0.420434 0.370951 4.85614e-19)
(2.53593 -0.118239 -6.5363e-21)
(1.79587 0.407482 -7.48574e-20)
(1.47302 -0.687651 4.58255e-20)
(0.185511 0.307329 -4.0624e-20)
(2.11316 0.216992 9.6519e-21)
(1.78073 -0.653998 -9.68364e-20)
(1.07618 0.118068 -3.80375e-20)
(-0.335319 1.13355 2.39536e-19)
(1.0875 0.00756436 0)
(2.52101 -0.260697 -1.84267e-20)
(0.183388 0.192242 -4.42347e-21)
(1.21358 -0.208981 0)
(0.0904769 -0.0693415 -7.07732e-19)
(-0.00467982 0.0040912 0)
(0.458893 -0.414988 0)
(2.09618 0.672127 -7.02339e-20)
(0.845817 -0.363106 0)
(2.01121 -0.0860793 -3.92926e-20)
(-0.0175121 -0.0174468 6.37907e-20)
(0.237871 -0.240843 1.11721e-19)
(1.00689 -0.0242799 0)
(0.597354 0.0289146 0)
(-0.125742 -0.0781162 5.14175e-20)
(-0.113923 -0.0834748 1.8784e-19)
(1.06013 0.301671 -2.63284e-19)
(0.565228 0.181944 -3.93896e-19)
(1.03685 0.0327826 -1.07734e-20)
(2.51056 -0.0877516 0)
(-0.131322 0.0484948 7.10452e-20)
(0.0346615 0.0636891 0)
(0.650207 0.186012 3.94739e-19)
(0.994011 0.210177 -5.80779e-20)
(0.615505 -0.509315 -2.44899e-19)
(1.02383 0.172929 4.1065e-19)
(0.995007 0.0144351 0)
(1.93208 0.718968 -2.11399e-19)
(1.88718 -0.169768 0)
(0.606203 0.566024 0)
(-0.0456309 0.0121996 0)
(0.237553 0.453368 -2.29699e-20)
(0.393806 0.384426 2.7346e-19)
(-0.226877 0.384768 0)
(1.1598 0.0885881 1.81858e-19)
(0.985616 -0.186314 0)
(0.510556 0.113032 1.91317e-19)
(0.322055 -0.006867 2.54696e-19)
(-0.183069 0.441491 2.77365e-19)
(-0.0354894 0.0279083 -4.20644e-20)
(0.971416 0.00825904 2.02994e-21)
(1.4066 -0.546962 4.04928e-19)
(1.4727 -0.984224 2.15235e-20)
(0.117055 0.0814754 1.42069e-19)
(1.97747 -0.14042 0)
(-0.744566 -0.522026 0)
(-0.176414 0.212057 0)
(1.29012 -0.094638 2.56717e-19)
(-0.531763 0.611672 -9.4355e-20)
(0.248341 -0.228366 -2.15691e-19)
(2.03659 -0.13776 -1.6296e-20)
(0.883982 0.594882 -8.13542e-20)
(0.87054 0.33001 5.34054e-21)
(0.989291 0.279744 7.86172e-20)
(1.84192 -0.0657382 -5.59751e-20)
(-0.226245 0.00243682 3.78956e-20)
(-0.231441 0.509675 0)
(0.9132 0.0423926 0)
(-0.0858315 0.621656 9.7924e-20)
(0.175085 0.173637 0)
(2.15074 0.521989 0)
(-0.392907 0.715938 1.12343e-19)
(0.628748 0.560421 -2.59605e-19)
(0.410625 -0.294367 3.6749e-19)
(-0.165332 -0.102472 0)
(1.50791 1.00328 -3.31429e-20)
(1.05001 0.0178406 0)
(-0.461847 0.524544 -3.61152e-19)
(-0.372041 0.800998 -2.02082e-19)
(1.20452 -0.356768 1.14726e-19)
(0.523477 0.504095 5.82963e-19)
(0.692734 -0.149352 2.69626e-19)
(-0.167191 0.870592 0)
(1.17419 0.0754271 1.91819e-19)
(1.0844 0.636562 -1.10902e-19)
(-0.175987 -0.11164 0)
(0.662152 -0.167604 0)
(1.41731 0.918575 8.33586e-20)
(-0.00538169 0.0055356 -2.07733e-19)
(1.2004 -0.55267 5.89121e-20)
(1.07874 0.390565 0)
(0.907944 0.747654 5.86018e-20)
(0.839229 0.518946 0)
(0.139969 0.780429 -1.89768e-19)
(1.38218 0.991899 -1.05456e-19)
(1.64812 1.12175 3.18593e-20)
(-0.059638 0.683209 6.07059e-20)
(0.323674 0.944956 2.15423e-20)
(-0.238979 -0.0744598 -3.99319e-20)
(1.04214 0.098184 2.88975e-19)
(0.491136 0.289461 0)
(1.01516 0.238589 3.99418e-21)
(1.86417 0.445215 -1.84904e-21)
(1.41762 -0.787177 2.88305e-19)
(1.20638 -0.265013 -1.79228e-19)
(1.57669 -0.283277 1.39534e-19)
(-0.190759 -0.115174 2.21596e-20)
(0.673192 0.604737 1.2475e-19)
(0.157818 -0.0759818 1.16431e-19)
(2.12061 0.571045 -1.64624e-20)
(1.06116 0.641249 -2.43168e-20)
(2.22257 -0.100764 5.98628e-20)
(0.965779 0.676312 1.55176e-19)
(-0.604881 0.172362 1.33822e-19)
(0.511547 0.0717076 1.73861e-20)
(1.01744 0.315791 -1.72114e-19)
(-0.263363 0.355536 -5.12658e-20)
(-0.223069 0.216166 0)
(1.00146 0.00578621 6.47381e-19)
(0.717417 0.0814951 0)
(0.946816 0.636529 -1.59709e-19)
(0.990646 -0.134382 7.87007e-20)
(-0.154205 0.0286451 -5.17887e-21)
(1.77773 -0.385186 0)
(1.1003 -0.324933 0)
(1.50057 -0.172588 3.38041e-20)
(0.129217 0.0869978 -6.02089e-22)
(1.02885 -0.274337 0)
(-0.101466 0.0556327 -7.31783e-20)
(0.921676 -0.0388231 -3.09254e-19)
(0.711308 -0.595316 1.17632e-20)
(-0.24629 0.661835 1.98132e-19)
(0.17112 0.243463 -5.52268e-20)
(-0.118512 -0.102862 -8.38484e-20)
(0.0584951 0.0138306 -2.26245e-19)
(-0.3018 -0.199995 2.92599e-20)
(0.784161 -0.227938 -1.82351e-19)
(1.30473 0.889393 -2.4033e-20)
(0.66724 0.00465029 0)
(0.819148 0.185504 3.69617e-19)
(1.13711 -0.322834 4.14732e-21)
(0.960026 -0.0893032 -5.0508e-21)
(0.666037 0.603757 2.01899e-19)
(1.99168 0.17711 8.99408e-21)
(1.9754 -0.693439 8.99752e-20)
(1.04642 -0.00278935 5.29602e-20)
(0.776527 -0.309992 1.90257e-19)
(0.455314 -0.0933898 0)
(0.135636 0.173639 4.90421e-20)
(0.98635 0.140712 1.90222e-19)
(1.18055 0.767881 1.10345e-19)
(0.1085 0.135636 9.19903e-20)
(0.976497 -0.552137 4.08856e-19)
(0.110381 -0.100109 0)
(1.9475 0.964193 0)
(0.272962 0.272377 3.8805e-19)
(1.70355 0.625517 0)
(-0.0210935 0.037256 0)
(0.911148 -0.566873 -3.55614e-19)
(0.0890703 0.107634 1.30289e-19)
(-0.12231 0.00954637 1.4743e-19)
(1.0752 -0.00815872 6.2937e-20)
(1.70921 1.14627 -1.82293e-23)
(0.945935 0.00101385 -2.17518e-19)
(0.113873 -0.111454 1.14894e-19)
(1.0866 0.178444 -2.07542e-19)
(0.00363084 -0.000216454 4.43881e-19)
(1.10678 0.414987 0)
(0.269189 0.268935 -1.98725e-19)
(-0.259903 0.854068 1.80422e-19)
(2.0698 0.375652 0)
(0.0345518 -0.368168 -2.75272e-19)
(0.00627837 0.067141 1.36467e-19)
(-0.206069 0.619313 0)
(-0.0964852 -0.0554 -1.65268e-20)
(0.187173 -0.176073 0)
(0.929429 -0.662419 0)
(0.00263379 -0.0127138 2.67455e-19)
(0.511513 -0.48343 6.25389e-19)
(0.076741 0.0905759 -7.53475e-20)
(-0.0997092 0.760271 -1.5604e-19)
(0.204499 -0.204017 -2.17639e-19)
(0.276203 0.270718 5.84011e-19)
(0.624172 0.119928 -2.58249e-19)
(-0.708133 0.38935 -7.5174e-20)
(-0.0176095 -0.016179 0)
(-0.104494 0.0481766 5.99115e-20)
(1.01016 -0.097918 -4.16772e-19)
(0.00188151 -0.00822181 1.21963e-19)
(1.5198 -0.485095 8.20964e-20)
(1.65208 0.165818 0)
(2.27971 0.250218 -1.00845e-20)
(0.944401 0.00401771 0)
(0.0524342 0.0615717 0)
(0.253304 0.264682 0)
(0.980235 0.112953 0)
(1.04972 -0.214137 0)
(1.01045 0.148711 -3.79852e-19)
(0.273055 0.274912 -1.88075e-19)
(-0.359833 0.662894 -1.26309e-19)
(0.0618852 0.0750584 7.99063e-20)
(0.941285 -0.145736 2.11333e-19)
(0.716377 -0.29325 0)
(0.0736974 1.04608 -4.03074e-19)
(1.00248 0.00878718 -2.60255e-19)
(-0.57804 -0.481624 7.20279e-19)
(0.020456 0.0274027 0)
(0.0614173 0.075505 -4.18061e-20)
(0.320439 0.298589 -1.35152e-21)
(0.28707 0.273811 0)
(0.0284752 0.0341932 3.6679e-20)
(-0.374721 0.630293 2.67847e-19)
(1.22647 -0.451215 2.83648e-19)
(1.65871 -0.382444 -8.38035e-20)
(1.11148 0.127698 -3.04026e-19)
(1.05746 0.0628997 0)
(0.373637 0.363891 -2.77542e-19)
(-0.589839 0.536676 1.86428e-19)
(0.35391 0.343883 -4.59015e-19)
(0.348411 0.338486 1.46396e-19)
(-0.1004 0.0232136 0)
(0.000194037 0.0038114 6.56928e-20)
(0.00163021 -0.0165341 0)
(0.0123734 0.0191859 9.09742e-20)
(0.0528126 0.0689435 8.40395e-20)
(0.425819 -0.279139 7.81112e-19)
(-0.0415827 -0.395804 3.27513e-20)
(0.380953 0.380827 0)
(-0.00418203 -0.0106437 2.90387e-19)
(0.196909 -0.195616 4.3832e-19)
(1.26654 0.16234 -6.27305e-21)
(0.374865 0.37615 0)
(1.06651 0.388211 -1.30395e-20)
(-0.824942 -0.18322 6.88247e-21)
(2.21774 -0.136453 -4.23547e-21)
(0.001875 0.0106441 0)
(1.2847 0.830011 0)
(-0.0185801 0.0151802 -3.27058e-19)
(0.298161 -0.29897 -3.59765e-19)
(0.243061 -0.216566 5.81489e-20)
(2.09873 0.274879 -3.61978e-20)
(1.15274 0.388829 -1.59143e-19)
(0.274154 -0.265492 -3.53604e-19)
(1.03423 -0.0197001 4.31825e-19)
(1.02329 0.108966 0)
(2.22704 -0.0962129 5.05448e-22)
(1.08389 0.0209123 1.53905e-19)
(1.13155 -0.512249 -2.36216e-20)
(1.31683 -0.461831 0)
(1.25551 0.206566 -1.40092e-19)
(2.1176 0.484253 -1.55742e-19)
(-0.0111059 0.00318611 0)
(-0.201626 0.127252 3.58394e-19)
(1.89543 0.57494 0)
(1.00319 0.0024711 6.92466e-20)
(0.29658 -0.285772 -1.65538e-19)
(1.00436 0.00873341 7.1213e-19)
(0.109805 0.0338638 0)
(1.10801 -0.841244 0)
(-0.00649079 0.00113922 3.27254e-20)
(0.10293 0.0470007 0)
(1.0858 -0.0202322 9.16463e-20)
(0.609438 0.516059 7.13195e-20)
(0.722493 -0.0190342 -5.83573e-19)
(-0.0177837 0.0111291 0)
(-0.0513861 0.999706 2.40548e-19)
(-0.456863 0.642698 0)
(1.99627 0.867721 0)
(-0.0627595 -0.0551322 0)
(-0.0642668 -0.0628175 3.54267e-20)
(1.83989 0.825854 1.37374e-20)
(1.0355 0.0811979 0)
(-0.0450379 0.123491 1.64743e-19)
(-0.0175196 0.01612 0)
(0.841285 0.334736 0)
(1.50964 -0.739168 9.16817e-20)
(0.431616 0.4055 2.38389e-19)
(-0.588992 -1.17382 -2.0727e-19)
(-0.0139827 -0.00726231 -3.48765e-20)
(0.136936 0.197926 -4.89128e-20)
(1.09582 0.323346 0)
(0.375432 0.148497 1.91082e-19)
(0.788616 0.976065 0)
(0.89388 -0.0119527 4.2346e-19)
(0.269009 0.292947 -1.93218e-19)
(0.453405 0.428826 -1.17861e-19)
(0.78701 0.329668 2.23329e-19)
(-0.279427 0.3194 2.40436e-19)
(2.0455 1.17114 8.00851e-20)
(0.16603 -0.146955 2.33449e-19)
(-0.0206362 -0.0148459 7.95304e-20)
(1.39592 -0.411626 -2.29491e-19)
(-0.0180782 0.0162349 1.07961e-19)
(0.016485 0.0188892 0)
(-0.110699 -0.0483671 -8.47115e-20)
(-0.0157358 0.0152545 1.01757e-19)
(0.989863 -0.147902 0)
(0.358999 -0.329514 1.84526e-19)
(0.293894 0.288368 1.73958e-19)
(0.283981 0.284942 -3.86958e-19)
(0.297506 -0.0690988 0)
(0.330404 -0.32855 -3.16829e-19)
(1.82339 0.52089 0)
(0.4748 -0.120021 -1.74842e-19)
(-0.0246569 -0.0220218 3.9977e-20)
(0.894932 0.00943071 0)
(0.659596 0.621642 -2.36858e-19)
(1.02243 -0.0130819 -3.19377e-19)
(1.09526 -0.0160218 -1.55119e-19)
(0.878499 -0.249725 -1.591e-20)
(2.26845 -0.0642276 1.19622e-20)
(1.04889 0.0209069 -4.23226e-19)
(2.29063 -0.0977092 1.35743e-20)
(-0.154244 -0.120926 5.81848e-20)
(-0.0163729 0.0160329 -2.03638e-19)
(-0.12372 0.0446609 -1.96436e-19)
(1.24361 -0.328606 1.2487e-19)
(-0.0145955 0.0147362 2.71862e-22)
(1.09702 0.0113707 -1.89502e-19)
(0.388612 -0.376207 1.23373e-19)
(-0.0690242 -0.0271032 9.79871e-20)
(0.211168 -0.201438 0)
(-0.202572 0.215315 2.08323e-21)
(1.74059 1.07268 0)
(0.858684 0.0183802 -1.7657e-19)
(0.0156933 0.974063 -2.05782e-19)
(-0.0469468 0.578806 -1.14102e-19)
(0.0403349 0.10039 0)
(0.481461 0.45297 -3.20582e-19)
(-0.0173064 0.0168393 1.06532e-19)
(0.470319 0.340382 -2.16094e-19)
(0.605559 0.590577 -1.42769e-19)
(1.03567 -0.0271116 0)
(0.496866 0.501563 -2.78938e-19)
(1.64441 -0.325759 -1.09827e-19)
(-0.427654 0.0387643 0)
(-0.0317813 -0.0279799 -3.50658e-20)
(-0.311903 -0.551382 -3.5485e-20)
(0.511735 0.455095 2.70969e-19)
(1.71647 -0.354857 -2.36155e-20)
(0.433183 -0.396937 -2.57517e-19)
(-0.372263 0.636656 8.57065e-20)
(-0.013547 0.01136 -1.15436e-19)
(0.599582 0.526936 -3.99212e-19)
(0.636529 0.580987 -1.94022e-19)
(0.584082 0.540475 6.89229e-21)
(-0.00973358 0.0128579 5.42836e-20)
(0.0402003 0.0466228 -4.80788e-20)
(1.00993 0.0389161 2.12305e-19)
(0.244185 -0.236136 0)
(0.511596 0.480614 0)
(0.463507 -0.433795 2.22897e-19)
(-0.0120353 0.00962322 -2.0193e-19)
(0.213911 0.326622 -2.49474e-20)
(1.78818 -0.256575 3.28419e-21)
(0.548725 0.508544 0)
(0.443288 -0.44077 0)
(-0.017311 0.0115561 0)
(1.17283 0.0549856 1.08268e-19)
(0.708665 0.633479 0)
(-0.0373113 0.0173409 2.01921e-19)
(0.256849 0.285401 -7.27126e-19)
(-0.0677086 0.0392039 5.72972e-20)
(0.568121 0.0608523 -3.54766e-20)
(0.0328833 0.0381774 -4.95899e-20)
(1.29542 0.539257 -1.67395e-19)
(0.136551 -0.120143 -4.03255e-19)
(-0.124724 0.0703122 3.3918e-19)
(-0.0784488 0.0802053 -3.76711e-19)
(-0.0772295 -0.0460489 -8.13306e-20)
(0.645377 -0.607555 0)
(-0.183625 0.126535 -2.00929e-19)
(0.804604 0.698898 0)
(-0.211534 0.371655 1.37529e-19)
(1.10687 -0.0390466 -8.15292e-21)
(0.784486 0.473372 -4.34695e-20)
(-0.233433 0.164877 1.04874e-19)
(0.796927 -0.656709 0)
(-0.112834 -0.0667787 7.99974e-20)
(0.936611 0.783153 -7.70447e-21)
(0.436895 0.437445 -2.88998e-19)
(0.301819 -0.153958 6.03773e-19)
(0.603519 0.545815 1.94282e-19)
(1.00895 0.00464644 0)
(0.532734 0.505173 0)
(1.94648 0.50929 0)
(1.02998 0.0106573 0)
(-0.0737547 0.0587985 -9.98841e-20)
(0.6818 -0.539029 5.53265e-19)
(-0.0501934 -0.0377883 -2.91795e-22)
(1.15633 -0.063113 7.34918e-20)
(0.357458 -0.321572 3.18927e-19)
(2.05241 -0.10111 0)
(1.32459 -0.333769 0)
(0.496155 0.224114 -4.05563e-19)
(0.403168 -0.0211278 0)
(1.89927 0.337477 1.32561e-20)
(0.515689 -0.0887043 -2.77439e-20)
(0.769082 0.712291 3.05691e-19)
(1.24715 0.290042 1.30937e-19)
(-0.0191058 0.0165157 0)
(-0.0682492 0.0669451 9.8465e-20)
(-0.038115 -0.0376682 0)
(0.231295 0.24181 3.95408e-19)
(0.629527 0.0765422 2.98574e-21)
(0.773879 0.431 0)
(1.03631 0.0314816 2.0012e-19)
(1.27347 -0.240208 2.07277e-19)
(1.01693 0.00835833 -5.03126e-22)
(0.278262 -0.260563 2.21498e-19)
(0.334774 0.330485 0)
(-0.0707165 0.0106079 0)
(-0.143165 0.0373853 2.10225e-20)
(1.6191 0.222507 2.19983e-19)
(0.373542 1.14378 3.02963e-21)
(0.149445 0.138954 0)
(1.03518 -0.0101112 6.74913e-19)
(1.34424 -0.934425 -8.68124e-20)
(-0.219893 0.317097 3.4732e-19)
(-0.108998 -0.0121319 -2.93576e-19)
(-0.012334 0.102247 2.72509e-20)
(-0.0365227 -0.0353238 6.61695e-20)
(2.11109 -0.684695 0)
(0.297989 -0.243309 -3.97766e-19)
(1.06581 -0.0250162 -7.73694e-20)
(1.01319 0.00411961 -2.88775e-19)
(0.937689 -0.352496 -3.62206e-20)
(2.06387 -0.0596974 -8.85565e-22)
(1.02526 0.0249835 -2.28659e-19)
(2.08883 -0.148338 0)
(-0.0601779 -0.0482072 -5.75108e-20)
(-0.239264 -0.166975 1.23125e-20)
(0.157679 0.265384 3.05057e-20)
(0.370637 0.347352 -1.71422e-19)
(-0.0496367 0.0524642 0)
(-0.060243 0.0782843 0)
(1.6245 -0.743333 8.00761e-20)
(1.03386 0.119528 2.14347e-20)
(-0.205317 0.0566447 3.17676e-20)
(0.051662 0.0757963 -6.67319e-20)
(1.01621 0.034603 -5.46825e-22)
(0.676906 -0.637875 -1.06971e-19)
(1.0851 -0.0486839 1.11031e-20)
(1.02497 0.00226953 -1.08439e-19)
(-0.0341875 -0.0306713 0)
(1.02668 0.714382 4.78877e-19)
(0.73784 -0.148871 0)
(0.346701 -0.321126 0)
(-0.0378801 -0.0381244 6.96306e-20)
(1.02392 -0.00752481 3.7144e-19)
(0.468304 -0.437335 0)
(0.861333 0.786837 5.3525e-21)
(-0.265911 0.756207 -1.2969e-19)
(-0.0413695 0.0438742 9.47268e-20)
(0.356687 0.298353 2.59587e-19)
(1.35382 -0.211613 -2.6856e-20)
(2.0657 -0.0120958 -2.82532e-19)
(1.55619 -0.259561 -1.10518e-19)
(1.02801 0.636946 1.62376e-19)
(1.07709 0.261423 2.40863e-19)
(0.206398 0.394925 -2.90171e-20)
(-0.550951 0.353186 1.11563e-19)
(0.918969 -0.0552961 0)
(0.488057 0.175469 1.15985e-19)
(1.24333 -0.419015 3.22905e-20)
(-0.265068 0.359265 0)
(1.35126 0.527729 -8.61909e-21)
(1.0315 0.00662375 4.77282e-20)
(-0.281574 0.899829 0)
(1.05004 0.143474 -1.96577e-20)
(0.614748 -0.136215 0)
(0.499813 -0.474194 -6.21402e-20)
(1.05182 0.237504 2.60963e-19)
(0.882081 0.517781 3.19067e-19)
(0.822631 0.48014 4.53751e-20)
(1.02422 0.00284257 0)
(-0.580382 0.524878 -1.27312e-19)
(1.50185 -0.932431 1.35676e-20)
(1.1181 0.869078 2.39845e-20)
(-0.122216 -0.114422 6.85375e-20)
(1.75337 -0.130216 3.63805e-20)
(-0.0285917 0.0282425 8.59604e-20)
(0.863715 0.329999 0)
(0.905331 0.560336 0)
(0.11108 0.145019 7.01911e-20)
(1.0044 -0.129286 0)
(-0.119845 1.04396 8.99057e-21)
(-0.112085 -0.232813 -2.45107e-19)
(-0.0696025 0.0232409 6.87982e-22)
(2.29635 0.424149 5.55022e-20)
(1.31298 -0.350829 -4.1912e-21)
(-0.0231443 0.151377 0)
(1.03694 0.0169084 -5.54649e-19)
(0.830447 0.751294 2.10063e-19)
(0.408468 0.399973 -5.47856e-19)
(1.03631 -0.792633 -3.30858e-20)
(0.584878 0.160917 4.79179e-21)
(-0.0680669 0.0765354 -2.71514e-20)
(0.110719 -0.649322 4.91652e-20)
(0.2878 0.0670059 2.56128e-20)
(-0.331997 0.534714 0)
(0.625139 0.201877 0)
(0.960882 -0.0362762 -4.03919e-19)
(1.15173 0.67903 0)
(0.804426 -0.275774 4.0411e-19)
(-0.352113 0.400513 0)
(2.27931 -0.0411953 9.76582e-21)
(0.0310307 -0.10993 -4.28393e-20)
(1.94853 0.808981 0)
(0.124247 0.174415 0)
(1.73688 -0.151172 -2.19647e-20)
(-0.418583 0.710507 0)
(-0.397972 0.0638931 -5.91654e-20)
(1.00229 0.676865 -1.59234e-19)
(2.00164 -0.259058 -3.15339e-21)
(0.145571 -0.0901656 2.08656e-19)
(-0.231684 0.162483 1.19801e-19)
(1.80411 -0.379623 0)
(0.175411 -0.114101 -7.82363e-20)
(-0.0446145 0.0415667 0)
(1.05456 -0.138846 -1.76463e-19)
(0.0192992 -0.140364 -1.127e-19)
(-0.313473 0.512575 1.4795e-19)
(0.862846 -0.0505065 1.01383e-20)
(1.80753 -0.215004 -4.5568e-20)
(0.483824 0.468588 0)
(0.656879 -0.21992 -1.23402e-19)
(-0.712053 -0.0149436 6.71641e-20)
(1.88247 -0.252692 0)
(1.11657 0.64564 0)
(-0.101457 -0.0601794 -6.67043e-20)
(1.45895 -0.162176 -3.23072e-20)
(0.836178 -0.179838 -1.38784e-19)
(1.67074 0.143176 4.62696e-19)
(2.00339 -0.573034 -1.17968e-19)
(1.23341 0.17601 -1.83583e-19)
(1.14891 0.718006 -2.4657e-19)
(1.84682 -0.362224 -3.42496e-20)
(0.126571 0.164425 -4.7547e-20)
(1.03523 0.0196285 3.93665e-19)
(1.72699 0.220761 1.12709e-20)
(1.54038 0.200408 -2.78782e-19)
(1.0275 0.0816772 1.08434e-20)
(-0.164003 1.12225 1.70223e-19)
(-0.4888 0.585703 0)
(-0.237122 0.864112 0)
(0.729941 0.254742 0)
(1.72117 -0.231229 -3.34155e-19)
(0.127897 0.225589 -8.5144e-20)
(0.560251 0.492575 0)
(-0.0283486 -0.0101635 3.74326e-20)
(1.52446 -0.345102 -1.697e-19)
(-0.0834606 -0.0629596 -6.45782e-20)
(1.09179 0.747072 2.95693e-19)
(1.29445 0.263066 1.11042e-19)
(-0.120436 0.812304 6.38518e-20)
(0.967078 0.859588 -2.6893e-19)
(1.16879 -0.252014 1.0855e-19)
(0.953802 0.0436643 -3.64679e-19)
(1.05674 -0.0270285 -1.37764e-19)
(0.820167 0.362511 0)
(0.145203 -0.0423761 0)
(1.14201 -0.137164 8.4175e-20)
(1.32451 -0.266389 -2.53601e-19)
(-0.343006 0.786402 -9.14066e-21)
(1.09761 0.297654 2.79471e-19)
(1.39789 1.1219 0)
(0.906404 0.129438 -1.22069e-19)
(-0.220905 0.0828545 -5.61513e-21)
(0.708386 -0.233208 5.17955e-19)
(0.736906 -0.207794 -1.71296e-19)
(1.95022 0.103569 2.70886e-19)
(-0.189583 0.925031 9.38931e-20)
(-0.377667 0.560242 -6.72224e-20)
(0.543359 0.529923 5.573e-19)
(-0.236265 1.08408 -4.10717e-19)
(1.65302 0.0613121 -9.60603e-20)
(0.802456 0.0985998 2.62951e-20)
(-0.0845893 0.127954 -3.37136e-19)
(0.633109 0.492596 -4.01246e-19)
(0.950832 0.559846 0)
(-0.0571837 0.05618 -1.15087e-19)
(-0.125446 0.157144 -3.37067e-19)
(-0.229947 0.305431 -2.0004e-19)
(-0.048261 0.04993 -1.17246e-19)
(1.12062 0.0442668 -1.11588e-19)
(-0.327745 0.416522 -1.30794e-19)
(0.972151 0.595766 1.43215e-19)
(1.51746 0.891626 5.99406e-20)
(0.783727 0.725287 0)
(1.06771 0.70762 0)
(-0.0766502 0.0246155 -1.5605e-19)
(-0.232472 0.924695 0)
(1.01437 0.600014 -1.4633e-19)
(-0.0492265 0.0713706 0)
(0.98305 0.150406 -8.53892e-20)
(0.677831 0.0773988 8.05572e-19)
(-0.00342464 0.0188346 2.84376e-23)
(-0.102779 0.122972 0)
(0.604511 0.572301 0)
(-0.297962 0.802854 2.03288e-19)
(-0.104651 0.117926 1.24477e-19)
(1.74511 -0.292138 7.70846e-20)
(0.0698036 0.459835 1.09757e-19)
(0.549955 0.0512297 -6.7207e-19)
(2.03875 -0.364389 -5.98104e-21)
(1.59894 -0.190337 -1.94533e-20)
(-0.0882286 0.0830847 -1.0199e-19)
(0.305882 -0.280326 -4.7303e-19)
(-0.0795712 0.0727963 1.79605e-19)
(-0.215398 0.338129 0)
(0.84173 0.769005 2.98842e-20)
(0.907083 0.0111538 -3.12005e-20)
(-0.0885775 -0.076796 2.53511e-22)
(0.546049 -0.0351738 0)
(0.684305 0.643856 -3.49089e-20)
(0.425146 -0.410751 3.8344e-19)
(-0.136618 0.159898 -2.3728e-21)
(0.443285 0.43135 -4.33989e-19)
(2.31624 0.505282 0)
(2.00563 -0.16564 3.44528e-20)
(-0.111045 0.103766 0)
(-0.28632 0.37894 -1.58586e-19)
(-0.114657 0.0994064 8.25887e-20)
(0.470563 0.453263 3.39778e-19)
(0.874886 0.801197 -3.2831e-19)
(0.0449763 0.0926243 7.95383e-20)
(-0.0996459 0.0954076 -1.84187e-19)
(0.149531 0.199545 -9.05541e-20)
(0.877195 0.383384 0)
(-0.233038 0.637163 -1.66417e-19)
(0.382953 -0.327841 3.86687e-19)
(-0.0677858 -0.0642534 -7.68089e-20)
(1.33973 0.258578 -2.33859e-19)
(-0.0412527 0.0431829 5.82142e-20)
(0.858323 0.792138 0)
(0.773124 0.723293 0)
(0.932762 0.839633 -2.79042e-19)
(0.97221 0.872415 9.13543e-20)
(1.33916 -0.75114 -2.7694e-19)
(-0.257748 0.595689 5.06397e-21)
(0.971487 0.517814 0)
(-0.0554229 0.0495512 -6.79534e-20)
(1.61124 1.07452 -2.57925e-19)
(1.11479 0.0196715 2.66162e-20)
(1.42276 -0.432048 0)
(0.344055 -0.288423 4.0703e-21)
(1.79591 -0.263217 1.68922e-19)
(-0.297927 0.545711 -2.23044e-19)
(-0.292001 0.353362 0)
(-0.0600991 0.0627458 -2.5806e-19)
(0.948098 0.846706 1.28087e-19)
(0.860385 0.49563 1.31905e-19)
(-0.0537663 0.0595343 -3.19607e-19)
(0.495595 -0.481628 0)
(1.48425 -0.381306 0)
(-0.0579532 0.0597833 9.8756e-20)
(0.254805 -0.18461 -6.90593e-19)
(0.140253 0.200031 -5.67875e-20)
(-0.548523 0.613583 -3.98146e-19)
(0.520123 -0.00308976 3.76696e-19)
(-0.063408 0.0703215 1.064e-19)
(1.02304 0.89971 0)
(-0.202662 1.08368 2.48419e-19)
(-0.0371257 0.0236841 -1.04764e-19)
(-0.0499906 0.0540377 4.8445e-20)
(0.319708 -0.230617 2.26249e-19)
(0.00589972 -0.0644034 -1.95199e-19)
(0.639425 -0.081404 3.73559e-19)
(-0.0337607 0.036767 -5.35718e-20)
(-0.299289 1.00613 -2.44287e-19)
(0.817585 0.397984 0)
(1.75567 -0.139889 -4.71004e-20)
(-0.366677 1.01454 2.15892e-19)
(1.06408 0.893726 3.54214e-19)
(0.143306 0.406717 1.52447e-19)
(1.08027 0.953038 -1.33391e-20)
(1.88164 -0.297452 -8.64742e-21)
(-0.0852342 0.0993667 1.58108e-19)
(1.11148 -0.248104 -3.41238e-21)
(-0.188873 0.0400191 6.24678e-20)
(-0.0917888 0.109991 1.57059e-19)
(-0.037213 0.0302978 1.85966e-19)
(-0.0615683 0.021107 -1.8464e-19)
(-0.104878 -0.0608925 8.37608e-20)
(1.09298 -0.246056 1.26524e-19)
(1.19447 1.03202 4.52234e-22)
(1.85953 -0.186489 -8.22689e-21)
(-0.0776796 0.0824759 2.17535e-19)
(0.601468 -0.0398439 0)
(1.24582 -0.400147 0)
(-0.167004 0.215823 0)
(1.19723 0.90247 2.09254e-19)
(1.59851 -0.718127 -1.12132e-19)
(-0.0200135 0.107644 -1.18587e-19)
(-0.0302459 -0.0614524 1.74407e-19)
(-0.0712943 0.0732704 0)
(1.56836 -0.178635 2.30963e-19)
(0.511516 0.493616 -6.15753e-19)
(-0.231953 0.257785 -1.54589e-19)
(-0.115517 -0.0752419 -7.48712e-20)
(-0.0788704 0.786261 2.29478e-19)
(1.87911 -0.217304 0)
(1.47409 1.1083 -3.5086e-22)
(-0.114481 -0.0623358 -3.73438e-20)
(0.449395 0.0316582 0)
(0.596175 0.0506079 -3.87606e-19)
(1.16155 0.950201 0)
(-0.298318 0.860632 1.86429e-19)
(-0.105951 -0.0630195 7.17728e-20)
(1.03371 0.898608 -1.51706e-19)
(-0.092472 -0.0529755 3.56855e-20)
(0.44998 0.0800236 -2.31183e-19)
(1.10788 0.952642 0)
(0.433252 -0.406718 -9.34122e-20)
(0.960515 0.819446 1.82126e-19)
(0.426515 -0.337497 -3.52721e-19)
(1.18009 1.01107 0)
(0.304093 0.0904096 -5.13629e-20)
(-0.273418 0.782581 1.44191e-19)
(1.26502 1.04641 1.58953e-20)
(-0.224714 0.271232 -2.74429e-19)
(1.46216 1.09251 4.39746e-20)
(1.59174 -0.58899 7.6512e-20)
(-0.0760445 0.0891564 2.0505e-19)
(0.629164 0.00564571 -1.62609e-19)
(1.6266 -0.117335 0)
(1.27506 1.04326 7.93905e-20)
(1.82447 -0.0980262 0)
(0.837357 -0.226396 1.07627e-19)
(-0.329548 0.84528 -3.3795e-19)
)
;

boundaryField
{
    frontback
    {
        type            empty;
    }
    Top
    {
        type            noSlip;
    }
    outlet
    {
        type            zeroGradient;
    }
    bottom
    {
        type            noSlip;
    }
    Inlet
    {
        type            fixedValue;
        value           uniform (1 0 0);
    }
    rectangle
    {
        type            noSlip;
    }
}


// ************************************************************************* //
