/*--------------------------------*- C++ -*----------------------------------*\
| =========                 |                                                 |
| \\      /  F ield         | OpenFOAM: The Open Source CFD Toolbox           |
|  \\    /   O peration     | Version:  2306                                  |
|   \\  /    A nd           | Website:  www.openfoam.com                      |
|    \\/     M anipulation  |                                                 |
\*---------------------------------------------------------------------------*/
FoamFile
{
    version     2.0;
    format      ascii;
    arch        "LSB;label=32;scalar=64";
    class       volVectorField;
    location    "28.3";
    object      U;
}
// * * * * * * * * * * * * * * * * * * * * * * * * * * * * * * * * * * * * * //

dimensions      [0 1 -1 0 0 0 0];

internalField   nonuniform List<vector> 
2186
(
(1.28557 -0.0620729 2.60996e-19)
(1.60271 -0.924529 -1.43505e-20)
(1.44587 -0.901923 8.01417e-21)
(0.72593 -0.564124 -1.67484e-19)
(-0.223071 0.364107 -1.61803e-19)
(1.62003 -0.234006 0)
(0.715492 -0.660491 0)
(-0.0246615 0.035819 6.65836e-20)
(1.59544 -0.0427915 1.10716e-19)
(0.540452 -0.284236 -2.28661e-21)
(0.697576 0.631068 0)
(0.871449 -0.278 -8.89338e-20)
(-0.012394 0.0813486 -2.62673e-20)
(1.20457 0.026089 -4.2158e-19)
(1.78975 -0.670285 -2.4747e-20)
(1.0146 -0.000150662 1.9839e-19)
(0.980498 0.0122057 0)
(-0.0228925 0.582107 0)
(1.40476 -0.12716 0)
(-0.0846861 0.275394 -5.38967e-20)
(0.489747 0.130177 -1.24865e-19)
(-0.19363 0.203545 7.28589e-20)
(1.19296 0.0292569 3.47594e-19)
(-0.190573 -0.105364 6.20519e-21)
(1.03094 0.0121439 -2.73635e-19)
(0.776714 -0.539904 0)
(0.760687 -0.0086153 1.6164e-19)
(0.60456 -0.583996 -1.97819e-19)
(1.2385 0.735171 0)
(0.963836 0.0251476 -3.73264e-19)
(-0.0259459 0.0889292 0)
(1.02424 -0.00706792 1.29405e-20)
(-0.0956441 0.219418 0)
(2.07734 -0.115483 7.93566e-20)
(-0.190819 -0.170346 -8.37532e-22)
(1.57134 0.798073 1.14068e-19)
(1.91015 0.00785338 7.33583e-20)
(0.518992 0.177765 -3.72349e-19)
(1.94824 0.271784 -2.25751e-19)
(1.53579 -0.225054 -1.21199e-20)
(-0.035623 0.0829842 0)
(-0.153517 0.177906 0)
(1.87307 -0.857804 5.91087e-20)
(-0.414243 0.20716 0)
(1.12761 0.294868 1.76262e-19)
(0.586837 -0.266867 3.13266e-19)
(0.913178 -0.776918 0)
(1.17097 -0.774381 1.39787e-19)
(2.39456 -0.140546 0)
(-0.215857 0.393382 1.40336e-19)
(-0.0189055 0.15091 7.96785e-20)
(0.646019 0.596643 9.20301e-20)
(2.05847 -0.726904 5.2746e-20)
(0.607829 0.304371 -3.00449e-19)
(-0.285168 0.0627264 2.81206e-20)
(0.75186 -0.637708 0)
(1.66412 -0.95243 1.85966e-20)
(0.574287 -0.53429 0)
(2.3567 0.245079 7.35833e-20)
(1.12126 -0.159707 -4.22053e-19)
(2.01503 -0.0817055 1.54661e-19)
(1.37873 0.315944 -2.14335e-19)
(1.375 0.553869 0)
(1.56372 -0.22445 1.32774e-20)
(1.39348 0.401874 -1.34833e-19)
(1.23606 -0.718136 -2.00781e-19)
(1.197 0.683439 6.23308e-20)
(0.682672 0.0964911 -6.12315e-19)
(0.820794 0.0772058 0)
(2.17956 -0.0655318 -3.4312e-20)
(-0.0550664 0.0282039 -7.84091e-20)
(2.48124 -0.149289 -1.4503e-19)
(0.724838 -0.0128533 -2.70429e-19)
(0.862039 -0.501295 0)
(0.835438 0.20073 -1.00388e-19)
(0.537835 -0.496421 -3.35705e-19)
(2.37037 -0.151872 0)
(1.00698 0.00967118 4.07882e-19)
(-0.197787 -0.171763 0)
(2.0527 0.397913 0)
(0.612909 0.269336 7.10219e-20)
(1.44163 -0.176461 1.22588e-20)
(1.02247 0.00848381 4.54627e-20)
(1.34473 0.433739 3.3421e-20)
(0.969169 0.0254179 4.76931e-19)
(1.03829 0.0310126 -1.13052e-20)
(0.675772 0.203851 -3.64707e-19)
(1.32891 -0.111396 3.81545e-21)
(1.35303 -0.0988283 0)
(-0.0741081 -0.078812 6.65321e-20)
(0.8478 -0.607277 -1.90268e-19)
(-0.166443 0.259381 -1.67792e-21)
(1.10596 -0.0677631 2.8244e-19)
(0.810021 -0.16373 0)
(0.973379 0.0237178 4.54715e-20)
(1.39554 0.665403 0)
(1.60811 -0.934145 0)
(1.33059 0.231172 0)
(-0.246636 0.428917 0)
(0.777752 -0.650434 3.34285e-19)
(0.213719 0.290886 -2.468e-19)
(0.590173 0.221154 1.37627e-19)
(1.60255 0.201678 0)
(1.14179 -0.0943479 -2.58199e-19)
(1.12454 0.023899 2.01693e-19)
(-0.128968 0.287904 9.92555e-20)
(0.659503 0.532268 0)
(2.08042 -0.120763 -5.07561e-20)
(0.95344 -0.462249 9.36497e-20)
(-1.16805 -0.404275 1.31066e-19)
(1.77346 0.33358 9.25456e-20)
(-0.228578 0.339911 -2.1892e-19)
(0.808782 -0.734429 0)
(0.584991 0.379676 1.81362e-19)
(1.74105 -0.113213 -3.37613e-19)
(0.111041 0.325525 -2.9816e-19)
(1.47343 0.935228 1.02327e-20)
(2.02848 -0.159862 0)
(-0.0984168 -0.111891 -1.98706e-19)
(0.706376 -0.0489676 8.56394e-20)
(1.5928 0.904353 0)
(-0.130855 0.407606 -1.87748e-19)
(0.909848 0.783775 -3.08469e-19)
(0.0024478 0.614903 2.60135e-19)
(1.0307 -0.023091 0)
(1.59337 0.940665 -1.28986e-20)
(-0.237433 0.348505 0)
(0.684281 -0.475499 -1.20621e-19)
(-0.0104558 0.625725 -1.41593e-19)
(0.780972 -0.712223 0)
(0.420456 -0.242785 4.54571e-19)
(0.527678 -0.436592 3.11957e-19)
(0.410719 -0.371586 0)
(0.972002 -0.770277 -1.57012e-19)
(0.2298 0.253564 0)
(-0.177964 0.371368 -1.1e-19)
(0.799228 -0.684787 1.62039e-19)
(2.22296 -0.123335 1.32179e-19)
(2.24387 0.188553 0)
(-0.100894 -0.0573303 0)
(0.702083 0.652408 -3.88749e-19)
(1.76419 -0.599586 -1.96645e-20)
(-0.00963522 0.0107492 0)
(0.971388 -0.794145 -1.67665e-20)
(1.13618 -0.0921481 0)
(1.07446 -0.113142 4.46655e-19)
(2.0013 -0.107138 -4.62635e-20)
(-0.236953 0.456188 0)
(1.20706 -0.540829 -6.70724e-20)
(-0.187562 0.352691 -3.50922e-20)
(-0.197692 0.235414 0)
(1.08247 -0.801264 1.22409e-20)
(1.00673 0.00460692 -6.81292e-19)
(0.637766 -0.46011 -1.17983e-20)
(0.805105 -0.498599 0)
(1.18633 -0.71676 -1.16834e-19)
(0.669206 0.263904 2.81768e-19)
(1.25678 0.118522 0)
(1.53212 0.0907855 -3.34009e-19)
(1.18571 -0.843078 -2.71808e-19)
(-0.110024 -0.0704779 -6.892e-20)
(-0.424763 0.0484865 -9.33924e-20)
(1.07695 0.0110155 2.56828e-19)
(0.906477 -0.447495 -1.17773e-19)
(1.37956 -0.14422 -3.53232e-21)
(0.631488 0.229494 -5.84942e-20)
(0.777345 -0.137261 8.05992e-20)
(-0.0662948 -0.112091 -1.87098e-19)
(1.72182 -0.251796 0)
(2.33964 -0.281019 8.32146e-20)
(1.47605 0.669021 1.7521e-19)
(0.795923 -0.598661 -2.43811e-19)
(0.994715 0.00895662 1.39563e-20)
(0.707485 -0.513434 3.31637e-19)
(1.33298 0.822797 1.55474e-19)
(1.90576 0.061879 8.1343e-21)
(-0.21424 0.51112 0)
(1.09052 0.0625114 -2.66798e-19)
(-0.647035 0.36515 -1.30604e-19)
(1.09449 0.507956 9.01767e-20)
(0.193275 -0.161764 1.13059e-19)
(1.16241 0.0289249 -4.84351e-20)
(-0.179675 0.219747 -1.30777e-19)
(1.32168 0.602211 -9.3934e-20)
(1.16381 0.90871 0)
(-0.184996 0.621295 -8.43976e-20)
(0.165963 0.288311 0)
(0.674115 0.583396 -3.03171e-19)
(2.15939 0.206262 -1.45984e-20)
(0.0157726 0.149308 8.93492e-20)
(-0.138275 0.648004 -4.46755e-19)
(0.728393 0.0994743 2.69121e-19)
(2.04907 0.112734 -4.11611e-20)
(0.970113 -0.331344 -3.42334e-20)
(-0.0772216 -0.0642841 0)
(-1.08579 -0.517049 2.83426e-19)
(1.35542 0.99413 -4.13445e-20)
(0.843836 0.0948854 -1.48534e-19)
(0.570569 0.536321 2.11885e-19)
(0.432059 0.193152 0)
(-0.2319 0.0172789 -1.25424e-19)
(-1.14819 -0.758874 2.50205e-19)
(1.28609 -0.946127 7.2824e-22)
(0.987629 -0.0209804 -2.12261e-19)
(-0.142393 -0.172705 4.90272e-21)
(-0.0496977 0.0504975 1.32816e-19)
(-0.195796 -0.240067 -1.30998e-19)
(2.01771 -0.257745 0)
(1.14078 0.0502652 -3.59607e-19)
(2.54608 0.111436 2.00407e-19)
(1.25983 -0.604186 1.28353e-19)
(1.0514 -0.0622084 4.71691e-21)
(0.609191 0.358802 0)
(0.96702 0.771567 -1.83699e-20)
(0.700438 0.645527 2.05229e-19)
(0.885353 -0.548155 1.71565e-19)
(0.706364 0.525947 0)
(1.02214 0.00541639 9.11651e-21)
(0.869871 -0.649449 2.44902e-19)
(0.857149 0.443973 -5.0049e-19)
(1.19299 -0.104193 0)
(0.103826 0.173469 -2.22528e-19)
(-0.0805721 0.251456 -8.06819e-20)
(1.62093 0.744 0)
(1.33718 -0.924389 -6.23218e-22)
(-0.0442587 0.54413 0)
(-0.222204 0.285669 1.00043e-19)
(0.757128 0.673499 -1.07926e-19)
(0.843322 -0.198676 0)
(-0.190458 -0.144857 0)
(1.64063 -0.444862 0)
(0.00453294 0.147373 5.00761e-19)
(1.19983 -0.87104 1.77751e-19)
(1.16344 -0.589888 7.44946e-20)
(1.03965 -0.161914 -1.93466e-19)
(0.86504 -0.679311 -1.94391e-19)
(0.184856 -0.188307 0)
(-0.138096 0.614745 0)
(0.989635 -0.496436 2.0476e-19)
(-0.0674604 -0.0265932 0)
(-0.200402 0.421322 0)
(0.0807686 0.389134 2.59596e-19)
(0.814167 0.691585 9.3656e-20)
(1.03637 0.815113 0)
(0.718312 0.577479 -9.24501e-20)
(0.83016 -0.0222424 -2.45333e-19)
(0.766794 0.584706 -2.48223e-19)
(0.607413 0.566441 -1.82392e-19)
(-0.0986086 -0.00872449 -4.58201e-22)
(0.711113 -0.636816 0)
(0.909931 0.192819 -3.54838e-19)
(-0.0853738 0.0304359 3.46755e-20)
(0.6181 0.574099 4.14321e-19)
(0.980374 0.818617 0)
(-0.061895 -0.136869 3.6485e-19)
(-0.258091 -0.0884386 2.19337e-19)
(-0.212963 0.0241986 -1.18256e-19)
(0.685322 0.592988 -1.60301e-20)
(0.968877 -0.00751536 6.60058e-20)
(-0.042829 0.13129 0)
(2.00595 -0.0229775 -9.58034e-20)
(1.62249 -0.514197 -2.31525e-19)
(0.643973 -0.595064 -8.67639e-20)
(0.138499 0.564156 9.02594e-21)
(1.21552 0.476818 2.08156e-19)
(0.904354 0.433637 0)
(1.03883 -0.16156 2.20097e-19)
(-0.268833 -0.101822 4.06538e-21)
(-0.105141 0.15493 3.03573e-19)
(0.913996 0.020333 -5.91379e-20)
(1.14902 0.147577 0)
(1.73444 0.0194193 -7.81182e-20)
(1.96257 0.08157 0)
(0.558294 0.285586 -4.91731e-19)
(-0.0784262 0.0713724 0)
(-0.0603147 0.00622314 1.53876e-19)
(0.680219 0.0950425 0)
(0.606315 -0.494751 -2.03216e-19)
(1.13729 0.0206166 2.34389e-19)
(-0.228782 0.469697 3.43029e-20)
(2.15695 -0.0680274 4.38791e-21)
(2.05374 -0.153685 -7.24625e-20)
(1.13029 0.241015 -2.45873e-19)
(-0.0860904 0.0622973 -6.52043e-20)
(1.06288 -0.838848 0)
(0.809703 0.0169562 -1.70501e-19)
(0.916673 -0.359893 -3.24575e-19)
(1.70062 -0.561871 1.49596e-21)
(1.65469 -0.0125945 4.61036e-20)
(1.08789 -0.00343416 4.29415e-19)
(-0.210853 -0.0359488 -1.00578e-19)
(0.983927 -0.422423 -1.44613e-19)
(0.19381 -0.186249 2.86098e-19)
(1.00807 -0.00694033 0)
(1.00467 -0.00581712 0)
(0.627189 -0.381345 5.93205e-20)
(-0.176027 0.332824 -7.65356e-20)
(0.201213 -0.112938 -1.00161e-19)
(2.01075 -0.0558082 -5.27836e-22)
(1.2266 0.00317922 0)
(1.94828 0.0956408 -1.25609e-19)
(0.935634 -0.812343 -1.07923e-19)
(1.78187 -0.548928 -3.98282e-20)
(1.12943 0.857853 0)
(0.462732 -0.442717 0)
(0.626061 0.542038 -1.90964e-19)
(1.11607 0.294197 -4.53528e-19)
(2.15158 -0.17606 1.78943e-22)
(0.871636 0.176231 1.52255e-19)
(-0.300015 0.017074 -2.61987e-19)
(1.55578 -0.134783 -6.46528e-21)
(-0.26929 0.115499 0)
(-0.142965 -0.0807615 0)
(-0.039109 0.237072 0)
(1.32537 -0.708822 -1.23174e-19)
(-0.2053 0.247242 -1.81013e-19)
(-0.10155 0.130711 0)
(1.31467 0.99603 -4.66664e-20)
(1.12687 0.16066 -4.7288e-19)
(2.5592 0.0599815 -1.16563e-19)
(1.10216 0.941841 1.04591e-19)
(-0.22661 0.319115 1.11307e-19)
(1.21927 -0.0287401 0)
(-0.019375 0.290245 -1.96611e-19)
(-0.242911 0.318629 2.14624e-19)
(0.7801 0.0524431 2.00213e-19)
(1.56363 0.968876 -3.23219e-20)
(1.64052 0.753823 -1.01211e-19)
(-0.186593 0.24947 -2.28361e-21)
(0.737161 -0.671739 -4.36001e-20)
(1.153 -0.0148992 0)
(1.75198 -0.0364852 0)
(0.98886 0.0474945 0)
(-0.775965 -0.405159 -2.19208e-19)
(-0.0977884 0.212815 6.32958e-20)
(1.07036 0.864845 0)
(0.996937 0.00603845 5.69416e-19)
(0.789275 0.627426 -2.48929e-19)
(-1.13211 -0.560675 -1.23998e-19)
(0.865524 0.035849 -4.52073e-20)
(0.705311 -0.642132 -2.52598e-19)
(1.41363 0.728647 -4.18456e-20)
(0.548135 -0.427863 -3.22847e-19)
(1.12902 0.00381416 -5.13573e-19)
(0.799959 0.0400909 5.06357e-20)
(1.48845 -0.16506 9.54191e-20)
(1.60255 -0.0928653 -8.23013e-20)
(-0.0535747 -0.0416399 -2.697e-22)
(1.09891 0.48669 -3.00113e-19)
(1.34781 0.632459 5.87708e-20)
(-0.236377 -0.00443862 0)
(-0.331385 0.0284668 9.58337e-20)
(0.160068 0.356424 9.57831e-20)
(-0.149203 -0.188062 -9.26081e-20)
(0.497276 0.351665 0)
(1.7119 -0.45116 0)
(-0.00821759 0.0123425 -1.10449e-19)
(-0.129812 0.00923034 -3.40293e-20)
(1.04908 -0.0288016 2.03582e-19)
(-0.196671 0.448414 -4.2874e-20)
(1.45321 0.0511356 -4.38792e-19)
(-0.1637 0.317462 0)
(0.823164 -0.728547 -3.55119e-19)
(1.36294 -0.0708466 1.17402e-19)
(-0.569174 0.169935 7.86037e-20)
(0.727716 0.184482 3.55581e-19)
(0.631179 0.168669 1.14291e-19)
(0.492243 -0.464062 2.26328e-19)
(-0.0104152 0.024052 -8.08785e-20)
(1.97641 0.730594 0)
(0.413843 0.378634 -2.06817e-19)
(1.03012 -0.0133792 -3.2379e-19)
(-0.117514 0.649919 1.78144e-19)
(1.44589 0.499382 -1.4992e-19)
(-0.0700532 -0.0197429 -3.20113e-20)
(0.68361 -0.623057 -8.72179e-20)
(0.827828 0.206367 -2.24962e-19)
(0.995188 0.443111 2.54354e-20)
(1.14187 -0.129879 3.96396e-20)
(0.599131 -0.203218 -3.28799e-19)
(1.98684 -0.292126 -6.38401e-20)
(1.69499 -0.0485759 0)
(2.25539 -0.0167964 -7.90647e-20)
(1.80777 -0.122871 8.12757e-21)
(0.643353 0.16167 6.32289e-20)
(0.951329 0.361538 -1.47399e-19)
(1.66121 -0.178262 -2.09736e-20)
(0.437062 0.411656 -2.69442e-19)
(0.0467876 0.441729 1.551e-19)
(1.96701 0.0442928 0)
(0.943892 0.00809819 0)
(0.86384 -0.763294 7.15681e-20)
(-0.246164 -0.0772308 -2.40801e-19)
(0.166083 0.587222 -1.84765e-19)
(-0.0562102 -0.0379481 -1.42041e-19)
(-0.13745 0.486539 -1.16148e-19)
(-0.378137 0.122878 0)
(-0.143121 -0.0967488 2.68187e-20)
(0.0517529 0.320146 -7.59777e-20)
(-0.0494072 0.0527387 -3.03377e-19)
(0.798051 -0.0895375 0)
(1.51142 -0.475919 9.09022e-20)
(0.116148 0.213883 0)
(0.994445 0.0240104 4.10631e-19)
(-0.348843 0.0416471 9.58232e-21)
(0.524588 -0.399641 4.3282e-19)
(-0.651408 0.377264 2.16785e-19)
(-1.00853 -0.398139 0)
(-0.00540941 0.276433 8.39059e-20)
(1.00199 0.0252609 -1.23782e-20)
(0.00543132 -0.152122 0)
(1.0049 -0.00866674 -6.38442e-20)
(0.847523 -0.713468 -3.337e-19)
(1.52623 -0.575942 0)
(0.926226 -0.25455 2.32242e-19)
(-0.0723403 0.339083 1.56665e-19)
(-0.0783597 -0.0774407 0)
(-0.238523 0.0415363 -3.40777e-21)
(0.713085 -0.619159 -4.78979e-19)
(0.94276 -0.0203133 -3.00073e-19)
(-0.263393 -0.0719396 2.88734e-19)
(-0.0969568 -0.0258481 9.73466e-20)
(-0.309426 0.150321 0)
(0.977646 0.493638 0)
(-0.47485 0.046041 9.66825e-20)
(1.46053 -0.104803 -5.76908e-20)
(1.09771 0.917061 2.21592e-20)
(1.08421 0.2244 -1.38405e-19)
(1.11904 0.00765938 -2.52653e-19)
(1.02758 -0.0634766 -9.22903e-20)
(-0.247207 -0.0589096 -2.5574e-19)
(1.98131 0.0628855 3.76351e-19)
(0.700976 0.039745 2.36712e-19)
(1.67853 -0.0233682 5.77967e-20)
(1.03259 -0.138432 0)
(-0.0825959 -0.193028 1.84724e-19)
(1.14396 0.0267838 -5.56349e-19)
(1.78514 0.639092 3.18318e-20)
(0.727553 -0.434611 -1.78805e-19)
(-0.103255 -0.113029 1.48577e-19)
(0.786521 -0.68817 4.36327e-19)
(1.26084 0.204443 8.62645e-20)
(1.00706 -0.00814259 2.8268e-19)
(-0.279693 0.0341743 -1.04336e-19)
(1.0286 0.0235998 0)
(1.97051 -0.0119322 -1.56477e-19)
(-0.099779 -0.0939166 0)
(1.01392 0.0148683 -1.67295e-19)
(-0.822269 -0.562103 -5.38728e-19)
(1.7708 0.327421 5.28037e-20)
(0.136206 0.431272 1.30941e-19)
(1.65057 0.0250016 1.25771e-20)
(1.0152 -0.0169441 5.86681e-20)
(1.26528 -0.0871908 0)
(1.42649 -0.594392 -1.90854e-19)
(1.02664 0.043273 -1.7356e-19)
(1.47092 0.810621 -8.69348e-20)
(1.26974 -0.0443735 0)
(0.506278 0.475916 2.82262e-20)
(-0.0120533 0.015386 0)
(1.29201 0.0539322 0)
(-0.0845159 0.144409 0)
(1.2667 0.461677 0)
(1.90843 0.300154 3.61468e-20)
(0.762972 0.637896 4.36583e-19)
(0.28795 -0.289271 -2.67952e-19)
(-0.130895 -0.0139595 -2.25736e-19)
(-0.0899067 -0.0733468 0)
(2.42608 -0.337339 1.23306e-19)
(1.36373 0.534135 0)
(1.4912 0.303523 0)
(-0.0595451 0.346919 8.5538e-20)
(0.827984 0.732403 1.44583e-19)
(1.61517 -0.00493276 0)
(0.0152637 0.0889356 5.07774e-20)
(0.921345 0.239327 2.08159e-19)
(2.00421 -0.211505 -7.27707e-20)
(1.26825 0.949282 5.58472e-20)
(0.913177 -0.820635 -4.95597e-20)
(1.48165 -0.105994 -4.09047e-20)
(0.813661 0.735635 1.49363e-19)
(1.20357 0.94678 0)
(2.26947 -0.206181 1.61021e-19)
(0.327807 -0.315556 0)
(1.5001 -0.278011 5.20666e-20)
(1.00871 0.105981 1.49116e-19)
(1.00574 -0.00421622 0)
(-0.484198 -0.43481 1.91112e-19)
(0.883064 -0.152926 5.31444e-20)
(0.615461 -0.384696 0)
(0.656577 -0.357427 2.33559e-19)
(1.26452 0.575461 -3.88574e-20)
(0.489911 0.463682 2.99336e-19)
(-0.0670097 0.0846352 3.65672e-20)
(0.153466 -7.1784e-05 7.71128e-20)
(0.742314 0.0581104 0)
(1.31051 -0.886309 -1.21673e-19)
(1.03577 -0.0437205 4.52171e-19)
(1.53278 0.345724 1.16767e-19)
(0.0305831 0.13537 4.30652e-20)
(-0.744573 0.383933 0)
(1.21693 -0.226734 -1.31121e-19)
(-0.0793847 -0.0729525 -1.23178e-19)
(-0.723096 -0.527266 -1.60917e-20)
(-0.133828 0.0443711 -6.59315e-22)
(-0.210843 0.0945529 2.5136e-19)
(0.728929 0.0420816 -1.90986e-20)
(2.12487 -0.0556027 1.28332e-19)
(1.21717 0.478278 -3.35683e-19)
(0.889815 -0.0567544 0)
(1.9176 -0.0955401 1.78018e-19)
(1.71578 0.0464187 3.64281e-20)
(0.898384 -0.752771 1.6578e-19)
(1.14764 -0.963592 -6.6747e-20)
(0.493489 0.459284 2.0204e-19)
(0.630608 -0.0641291 0)
(1.79589 0.595559 8.92872e-21)
(-0.0901121 -0.0822364 -2.50497e-19)
(0.905622 0.79124 0)
(1.69966 0.822945 0)
(0.288308 -0.287242 -3.76135e-21)
(0.34524 0.336601 0)
(-0.723881 0.308095 -2.36894e-19)
(-0.169569 0.193743 -1.03323e-19)
(1.73921 -0.418842 0)
(1.30212 0.0757187 2.48147e-19)
(0.067365 0.537805 1.53536e-19)
(0.525308 -0.497883 -5.2274e-19)
(1.70529 0.00440525 -1.79099e-20)
(0.602449 -0.54511 0)
(1.05872 0.132285 0)
(1.38091 -0.26142 0)
(1.13354 0.239258 -2.64867e-19)
(1.38065 0.114625 3.78154e-19)
(-0.863333 -0.149195 0)
(0.8681 -0.0498324 0)
(2.11862 -0.0978017 -7.98339e-21)
(-0.130541 0.172081 8.48625e-20)
(2.42563 -0.0223459 -2.62484e-19)
(1.08216 -0.503732 1.28063e-19)
(1.99776 -0.00659516 -2.77591e-19)
(0.0312919 0.616518 -1.12099e-19)
(2.02185 0.0781238 -1.4895e-19)
(1.01603 -0.0150432 4.63978e-19)
(1.54997 0.621805 0)
(-0.235988 0.313229 2.7972e-20)
(0.990648 -0.816447 2.11181e-19)
(0.856021 0.00323518 5.28407e-20)
(0.619298 -0.408362 0)
(1.88181 -0.494542 -1.59757e-21)
(1.19187 -0.185637 1.74573e-19)
(1.51841 -0.236255 0)
(0.600263 -0.556997 5.20161e-19)
(1.77333 0.146042 -5.12317e-20)
(2.43796 -0.0118211 4.28568e-19)
(-0.150336 0.192145 -1.77659e-19)
(1.36163 0.638863 1.80248e-19)
(1.17092 0.423349 4.15999e-21)
(0.923183 0.394009 2.47151e-19)
(1.57024 -0.022429 -4.88163e-20)
(-0.244377 -0.0360904 5.20066e-22)
(0.715082 0.0453617 0)
(-0.125204 -0.112704 2.41953e-19)
(1.08491 -0.94084 0)
(1.04862 -0.637341 2.54009e-20)
(0.423973 0.047649 -8.0206e-20)
(1.58045 0.887507 -2.69834e-20)
(-0.314768 0.355203 -2.03282e-19)
(1.01024 0.504564 1.94743e-19)
(-0.855647 -0.65893 2.42005e-19)
(0.702732 -0.0411736 0)
(1.92037 -0.0521696 0)
(1.76665 -0.154068 -9.5389e-21)
(0.773505 -0.00841217 0)
(1.33392 -0.196519 -1.79634e-19)
(-0.215067 0.588535 3.50566e-19)
(1.97255 0.514973 -2.19912e-20)
(1.05092 -0.0324735 0)
(0.537543 -0.321239 1.16088e-19)
(1.00882 0.0262932 2.20211e-19)
(0.12864 -0.671651 -1.72361e-19)
(-0.0476869 0.537171 0)
(1.09248 -0.460738 5.65339e-19)
(1.83079 -0.0832019 -4.9929e-22)
(1.08504 -0.481105 -2.45876e-19)
(2.38557 0.257567 1.22931e-19)
(1.31654 0.813737 0)
(0.8813 0.0239183 0)
(0.0155944 0.200045 -1.10809e-19)
(-0.0104095 0.0131195 1.24278e-19)
(0.968945 0.385759 -2.30121e-19)
(-0.288956 -0.0540902 -9.873e-20)
(0.666702 0.436589 2.60705e-19)
(0.673874 0.494168 0)
(0.531248 -0.49366 0)
(-0.257243 0.11225 -5.97374e-22)
(1.21441 -0.491341 -1.17469e-19)
(0.847155 -0.0536558 1.08711e-20)
(0.728103 -0.127459 1.29533e-19)
(-0.102667 0.138894 -2.23148e-19)
(1.082 0.13981 2.07027e-19)
(0.678738 0.633519 0)
(1.29957 0.716953 0)
(1.65617 0.269091 0)
(-0.255742 0.216787 -8.84176e-20)
(1.28599 0.580465 1.68092e-19)
(1.84823 0.0333098 1.74766e-20)
(0.95329 -0.0155291 0)
(2.29379 -0.25955 0)
(2.17149 -0.0705726 -2.85232e-19)
(0.154736 -0.526149 2.14023e-19)
(1.00515 0.00461382 -2.20316e-19)
(1.5305 0.494013 0)
(-0.0951112 0.453871 0)
(1.26796 0.333975 3.30993e-19)
(1.04627 0.548153 -1.46143e-19)
(1.07525 0.0318105 0)
(1.06453 -0.0841341 0)
(2.03557 0.692299 -2.36743e-19)
(-0.187137 0.279181 -1.21441e-21)
(0.994212 0.0141178 0)
(0.729324 0.499845 -3.6217e-20)
(0.924905 -0.814012 0)
(1.00182 0.0167436 5.12137e-20)
(-0.601467 -0.423827 -6.23455e-20)
(0.892441 -0.303724 3.42609e-19)
(-0.165644 -0.694192 2.87882e-20)
(2.00418 -0.0465038 1.40724e-19)
(2.03681 0.0650417 9.24316e-20)
(0.778855 -0.0189696 0)
(1.00629 0.0120712 0)
(-0.629502 0.258917 0)
(0.682061 0.653433 -2.11032e-19)
(-0.0665087 0.0870374 1.50753e-19)
(1.19035 0.364392 -5.29465e-19)
(-0.174555 0.588955 0)
(0.852422 0.666581 1.84719e-19)
(0.995439 -0.316012 0)
(1.00541 -0.000342501 1.28923e-19)
(-0.209837 -0.188216 1.88551e-20)
(1.05565 0.422687 2.8884e-19)
(1.34411 0.218458 0)
(2.26965 0.157886 -6.33747e-20)
(0.821766 -0.0902021 -4.00126e-19)
(-0.797274 0.242537 -3.16914e-19)
(0.381613 -0.14721 0)
(0.893288 0.262102 1.91815e-19)
(1.89275 -0.0298189 0)
(0.797609 0.546219 3.95394e-19)
(-0.528618 0.394269 1.45402e-19)
(-0.0835802 0.11243 0)
(0.607577 0.578579 -7.75261e-20)
(1.01202 -0.625019 -1.77327e-19)
(0.463912 -0.211177 -1.33026e-19)
(1.02 -0.00841853 0)
(0.0650712 0.528727 -1.4158e-19)
(0.624645 -0.553048 9.0925e-20)
(0.922066 0.309093 0)
(1.78842 -0.315635 1.26224e-19)
(1.00646 0.858447 2.78695e-20)
(0.665968 -0.194939 3.16752e-20)
(0.235169 0.046978 -1.95744e-19)
(0.216693 0.0249921 -5.94263e-19)
(-0.102665 -0.0472198 6.15173e-21)
(0.836309 0.381215 2.69747e-19)
(-0.207714 0.252788 -4.51219e-21)
(1.39445 -0.631802 3.45745e-21)
(1.02214 0.0174251 -3.83373e-19)
(-0.379178 0.246222 0)
(1.03465 0.0425499 -4.53404e-19)
(1.8018 -0.152249 4.05916e-20)
(0.911333 0.712657 3.1328e-19)
(1.12642 -0.0606638 1.79296e-19)
(1.00296 -0.0183207 1.77332e-19)
(1.56176 0.952038 2.35375e-20)
(0.0751324 0.133972 6.9686e-22)
(1.72323 -0.852253 1.52995e-20)
(1.1122 -0.124264 -9.08623e-20)
(0.765294 0.0444523 1.04888e-19)
(0.897968 -0.273553 9.95588e-20)
(1.95906 0.118871 0)
(0.986279 0.75711 0)
(0.0645212 -0.26882 -2.2487e-20)
(2.05944 0.201389 -1.23633e-20)
(-0.516965 0.410871 1.1758e-19)
(1.01574 -0.522673 -5.90337e-19)
(0.602103 -0.515334 4.33388e-19)
(1.27505 0.206449 -1.07402e-19)
(-0.1899 -0.011509 1.17215e-20)
(1.58395 -0.234485 0)
(0.758531 0.140425 -7.33095e-21)
(1.62679 -0.174875 -1.01032e-19)
(1.06462 0.783771 0)
(0.66827 -0.237223 0)
(0.678227 0.443445 0)
(-0.0422824 0.00285987 -3.76973e-20)
(-0.144614 0.173166 0)
(0.902236 -0.522281 2.40787e-19)
(1.2433 0.188635 7.31458e-21)
(-0.732642 -0.374711 1.93485e-19)
(1.93988 0.564969 5.69472e-20)
(1.86514 0.477924 -3.23624e-20)
(2.05415 -0.268917 -1.83784e-20)
(-0.178684 0.00873446 -1.74765e-19)
(-0.28048 0.0538362 2.54179e-21)
(1.95428 0.14913 0)
(0.682378 -0.0356201 0)
(1.00073 0.000819058 2.12026e-22)
(-0.291903 0.259733 0)
(1.36847 0.0395816 -1.30432e-20)
(0.68124 -0.0320383 0)
(1.04333 0.00987137 1.44249e-19)
(0.989827 0.0157233 -5.0075e-20)
(1.15401 0.196203 1.23842e-19)
(1.06848 -0.0145629 -1.03675e-21)
(0.939111 -0.175176 -6.00404e-20)
(1.02068 -0.0231814 4.11967e-19)
(0.657715 -0.593691 2.06498e-19)
(-0.851618 -0.561288 -2.53047e-19)
(1.76242 0.53074 2.0632e-20)
(-0.0142616 0.0275685 0)
(1.15153 0.81679 0)
(1.02446 0.00337792 0)
(0.98799 -0.75895 -1.2532e-19)
(1.02927 -0.880496 7.18657e-20)
(1.41873 0.588532 4.6444e-20)
(-0.850388 -0.489061 -3.61614e-19)
(0.260886 0.179693 1.53091e-20)
(0.569725 -0.354969 -6.94378e-19)
(2.08922 0.240512 -1.31099e-19)
(-0.0889664 0.0835801 1.55745e-20)
(2.03585 -0.227529 4.92058e-20)
(1.45549 0.134865 -2.65817e-20)
(-0.0106241 0.0540346 -7.67004e-20)
(1.13694 0.572336 2.25261e-19)
(-0.267481 -0.181421 0)
(-0.328691 -0.0331545 1.95411e-19)
(-0.169477 -0.130915 -4.87315e-23)
(1.02844 -0.0444194 3.70192e-19)
(1.02267 0.00810396 -9.51103e-21)
(1.10825 -0.00853907 -1.0225e-19)
(1.19749 0.745542 8.39138e-21)
(1.66972 0.328838 7.86129e-20)
(0.38772 -0.361114 -3.47082e-19)
(0.983637 0.562305 -9.23664e-20)
(1.03141 0.00999644 -2.71649e-19)
(1.94853 0.610779 -2.12546e-20)
(1.03562 0.778266 0)
(1.13433 0.611434 -4.23164e-19)
(1.0026 -0.00355653 1.05175e-19)
(0.696564 0.62609 2.81444e-19)
(1.0389 -0.189587 -2.63948e-21)
(1.07362 -0.00584053 -3.38101e-20)
(1.13168 0.0191546 9.57679e-22)
(2.39488 0.057668 1.52406e-20)
(1.38482 0.284877 0)
(1.04335 -0.0402801 0)
(1.04812 -0.0346572 6.4674e-19)
(1.00258 -0.00259658 0)
(-0.119867 -0.0884448 0)
(0.965403 -0.577354 0)
(1.00079 -0.000404634 -6.11752e-19)
(1.14048 -0.666669 1.03219e-19)
(1.02285 -0.000670067 1.28634e-20)
(1.3726 0.978942 -3.84258e-20)
(1.55901 1.02826 7.24069e-20)
(0.300688 -0.151793 -2.46453e-20)
(1.05368 -0.126814 6.26769e-20)
(1.99766 -0.0526008 0)
(-0.146797 0.298 0)
(1.87561 0.0865262 9.36844e-20)
(1.0784 -0.223429 0)
(0.999735 -0.00483927 -1.8918e-19)
(1.01083 -0.00113361 3.67732e-19)
(1.48531 0.149269 -8.08953e-20)
(0.0168614 -0.110655 1.90579e-19)
(0.980847 0.00218678 2.00532e-19)
(0.613724 0.11192 -5.78506e-20)
(0.941538 -0.0541942 5.58883e-21)
(1.16403 0.770342 4.83072e-23)
(0.927465 0.0182202 -2.01852e-19)
(1.0037 0.00411154 2.3761e-19)
(1.0003 -0.000422544 1.40395e-20)
(0.789751 -0.013384 0)
(0.72847 -0.0269393 0)
(0.724122 -0.027317 7.1568e-22)
(0.700853 -0.029793 0)
(1.32266 -0.0640633 0)
(1.21163 -0.108069 0)
(0.902133 -0.0695766 -2.37347e-20)
(0.823542 -0.0699723 1.28701e-20)
(1.62149 -0.295841 0)
(1.24328 0.409807 3.43763e-20)
(1.25013 0.624123 0)
(0.292014 0.222922 0)
(0.538932 0.106192 0)
(0.962371 0.256378 9.91461e-21)
(1.75321 0.220953 7.65749e-20)
(0.774277 0.0241481 0)
(0.785878 0.0200464 0)
(0.966072 0.0210785 -2.48687e-19)
(0.814814 0.00769371 4.63001e-19)
(1.00777 -0.00123688 0)
(1.00011 -0.000467089 4.39191e-19)
(1.00028 -0.000621051 -3.27978e-22)
(0.783934 0.0226245 3.94893e-19)
(0.998498 -0.00475166 -2.30131e-19)
(0.303266 0.154773 0)
(1.06649 -0.0866305 -5.59298e-21)
(1.00062 -0.00116753 -2.2196e-19)
(0.999682 0.00105626 -3.80947e-19)
(0.721933 0.450262 0)
(0.998959 0.00158374 0)
(0.999652 0.0003118 0)
(1.67216 -0.271207 -1.12138e-20)
(0.208189 0.380719 4.01852e-20)
(1.41528 0.613357 0)
(-0.172353 0.3151 1.99437e-19)
(-0.315348 -0.206478 -1.88592e-19)
(1.0202 -0.0113051 -2.96395e-19)
(-0.128212 0.0715519 -6.39212e-20)
(1.01851 0.00821182 -2.38573e-19)
(1.14941 -0.208141 -1.26216e-19)
(0.784253 -0.451705 3.38492e-19)
(-0.0688297 -0.0501926 -5.8479e-20)
(1.02953 0.0152113 0)
(1.0663 -0.00972764 -6.52483e-20)
(0.8453 0.0243194 0)
(-0.0699466 0.0931924 2.18798e-19)
(1.11069 -0.408834 0)
(-0.136837 0.241409 -1.64285e-19)
(1.01161 0.129279 4.31393e-20)
(1.69288 0.703859 -6.16899e-20)
(-0.0546943 -0.00986553 0)
(1.05198 -0.0378616 2.00113e-19)
(-0.0978799 0.258217 3.28074e-21)
(0.929419 0.00755551 3.11886e-19)
(1.0125 -0.00633384 -2.01892e-19)
(1.71065 0.885168 1.08198e-20)
(0.540348 0.509691 0)
(0.467761 0.431903 2.16521e-19)
(2.11452 -0.252978 -2.32146e-21)
(1.16738 0.133416 2.20053e-19)
(1.07142 -0.696325 0)
(1.02396 0.00736995 0)
(0.999943 -0.0174985 -4.64372e-19)
(1.01842 0.0174962 -4.52748e-19)
(-0.131606 -0.0555877 0)
(1.24906 0.844279 -1.58701e-19)
(1.17246 -0.136489 2.8101e-21)
(1.01616 0.00686281 1.7449e-19)
(1.0118 0.0145785 -2.18432e-19)
(-0.116643 0.363846 -1.6848e-20)
(0.201595 0.0503198 -6.84031e-20)
(1.01895 -0.0109105 7.44176e-19)
(1.43372 -0.124475 0)
(1.89704 0.671791 -1.41619e-20)
(1.01612 -0.00821281 -2.31751e-19)
(1.87015 0.00293407 -5.47645e-20)
(1.06523 0.013702 -5.36072e-22)
(1.00959 -0.00916808 4.63051e-20)
(1.95078 -0.0737824 -1.26845e-19)
(1.01617 0.00751377 2.24645e-19)
(0.887693 0.846156 9.479e-21)
(1.01822 0.00766951 0)
(0.944601 0.167729 5.48062e-20)
(-0.844632 -0.188752 3.09314e-21)
(0.998628 0.0227075 2.22955e-19)
(1.0398 0.0213781 -5.96412e-22)
(0.799302 -0.145577 -1.84673e-20)
(1.28203 0.328143 4.82383e-19)
(0.994549 0.0178927 1.5354e-19)
(1.0172 -0.0116958 4.79214e-22)
(1.7943 0.259076 -3.49313e-20)
(1.8126 0.968134 -9.06236e-20)
(0.764269 -0.684966 6.8836e-20)
(0.431836 -0.289198 -3.34667e-19)
(1.00754 -0.00865999 0)
(1.02013 0.00485023 5.57913e-20)
(1.0114 -0.00741445 1.17768e-19)
(0.990029 0.780895 1.80515e-20)
(1.01457 0.0089641 -2.33959e-19)
(1.026 -0.0170148 2.6811e-19)
(1.00813 -0.0070098 -2.20118e-19)
(1.01368 0.00816706 -5.04388e-22)
(1.01291 0.00441367 -3.47025e-22)
(1.02476 0.016609 2.24021e-19)
(0.908245 0.106223 5.61295e-19)
(1.69734 -0.212659 0)
(-0.350263 -0.0903035 4.46771e-20)
(1.01105 -0.000496238 0)
(1.0224 -0.0126929 -6.50038e-20)
(1.56911 0.460874 -1.10827e-19)
(1.63237 -0.0540046 0)
(2.14798 -0.210499 -1.288e-19)
(1.03612 -0.369629 -5.67792e-20)
(0.777558 -0.0196005 0)
(1.73114 -0.0235568 0)
(-0.237268 -0.544421 -3.48643e-19)
(1.4411 0.642307 -4.42183e-20)
(1.01787 -0.000590724 -2.35816e-19)
(1.10151 -0.548392 -7.01649e-20)
(0.291816 -0.00106943 -5.36316e-20)
(0.833362 0.757861 0)
(1.43344 -0.214011 0)
(2.15126 -0.09948 0)
(-0.0646973 0.200068 7.33578e-20)
(0.842238 0.711861 -1.32099e-22)
(-1.07726 -0.878578 0)
(-0.00430062 0.377164 -1.82035e-19)
(1.73484 0.992663 -1.58951e-20)
(1.00765 -0.00105108 -4.60608e-19)
(0.794325 0.648852 3.9338e-20)
(1.02106 0.013834 3.05272e-19)
(0.70267 -0.0450276 0)
(-0.180734 -0.0854369 -1.87047e-20)
(0.635894 0.463571 -3.68171e-19)
(1.69542 -0.0603233 3.03185e-19)
(-0.0592164 0.319088 0)
(0.764999 0.0750162 9.04716e-20)
(0.536164 0.514374 5.61254e-20)
(1.21378 0.907707 -4.35106e-20)
(-0.0950086 -0.100384 9.31393e-20)
(1.02393 0.0197635 0)
(0.798105 0.697122 -3.42213e-20)
(1.01204 0.000547168 1.72989e-19)
(2.38919 0.134725 0)
(1.01216 0.00973362 2.90021e-19)
(-0.194341 6.28354e-05 -9.41422e-20)
(1.01855 0.0145045 -1.79729e-19)
(1.59575 1.10406 0)
(2.47692 -0.296434 5.40004e-22)
(1.00903 0.00507384 -1.204e-19)
(0.996821 -0.0163673 3.17418e-19)
(1.10645 0.106696 -2.93162e-21)
(0.908231 0.749625 8.23758e-20)
(-0.109914 -0.146974 2.48437e-19)
(2.0609 0.287146 1.35737e-19)
(0.102769 0.396725 -9.45007e-20)
(0.799575 0.0146138 -4.34547e-19)
(0.822362 0.031532 0)
(0.377085 0.325425 6.75222e-21)
(1.0229 -0.00807613 -3.4932e-20)
(0.971802 0.0401161 0)
(1.05285 0.00597571 -2.21933e-19)
(-1.03099 0.0156832 5.8414e-20)
(-0.741059 0.124251 1.24165e-19)
(2.13371 -0.529807 0)
(-0.141632 -0.0055068 -6.57725e-19)
(1.48417 -0.331992 0)
(1.04127 -0.0165944 6.50103e-20)
(0.707453 0.556282 -9.67868e-22)
(1.01335 0.00304338 1.87106e-19)
(-0.0740531 0.500807 3.38232e-19)
(1.01982 0.00522944 0)
(0.994472 0.00363607 -4.49048e-19)
(1.00875 0.00878695 2.37814e-19)
(1.36621 -0.26116 0)
(0.197454 0.243392 6.68667e-21)
(0.956411 -0.00124065 -2.03025e-19)
(-0.166444 0.0145949 2.32627e-19)
(1.00386 -0.00109048 -2.31894e-19)
(0.999009 0.0357477 -5.4515e-19)
(1.62144 -0.578173 -2.26993e-20)
(0.00412609 0.0270885 -5.86401e-20)
(0.832046 0.718643 -1.93704e-19)
(0.818209 0.378972 0)
(1.02289 -0.00443151 4.89637e-19)
(1.04085 -0.0101683 2.57587e-19)
(-0.330412 0.340056 1.50246e-19)
(-1.03882 -0.0768547 -2.41189e-19)
(1.07078 0.012631 -1.30189e-19)
(1.09618 -0.88206 7.54692e-20)
(1.00694 0.000534194 2.42274e-19)
(0.914369 -0.656767 2.3514e-19)
(-0.153261 0.634926 3.30882e-19)
(-0.0193955 0.00493542 -4.78463e-20)
(0.804217 0.0180452 -7.29544e-20)
(0.705455 -0.133125 -7.47116e-19)
(1.02155 0.00111504 0)
(1.30779 -0.789582 1.3564e-19)
(0.818566 -0.454257 3.02864e-19)
(-0.37163 0.160723 0)
(-0.0205672 -0.188448 0)
(-0.372224 -0.441884 0)
(1.02329 0.0154918 1.04018e-19)
(2.5657 0.042618 0)
(1.05921 -0.0226223 4.11194e-21)
(-0.16394 0.628012 -1.37745e-19)
(-0.0829931 -0.0628441 1.47158e-19)
(-0.121828 0.142965 9.10164e-22)
(1.47495 0.388176 1.20246e-19)
(-0.282768 -0.0276218 3.09644e-19)
(0.699673 -0.154373 0)
(-1.23761 -0.0416614 9.24751e-20)
(1.01935 0.0216283 6.35985e-20)
(-0.167782 -0.153143 -9.59318e-20)
(0.904403 0.737065 -6.1857e-20)
(-0.0420518 -0.0302182 3.34508e-20)
(1.32646 -0.959375 6.26191e-20)
(-0.487776 0.238029 -1.45723e-19)
(0.812421 0.553919 4.34044e-20)
(-1.16926 -0.661097 -2.52621e-19)
(0.910057 0.0157141 0)
(0.168368 0.0584676 -2.95148e-20)
(0.968871 -0.261477 -8.21671e-20)
(-1.06806 0.146126 1.787e-19)
(2.07576 0.226068 0)
(1.0443 0.0306229 2.52226e-19)
(-1.02994 -0.364468 0)
(0.710316 0.309474 9.64058e-20)
(0.287514 0.308883 0)
(0.894737 0.352563 -2.42966e-19)
(1.63899 0.0873229 -3.08183e-19)
(-0.075938 -0.0392322 -1.04229e-20)
(0.942714 0.0515339 -4.98717e-19)
(1.02297 0.00395546 0)
(1.11372 0.0137597 1.30234e-19)
(1.41819 -0.262029 0)
(1.93613 -0.370934 0)
(1.01826 0.0132532 -4.44538e-20)
(0.992624 0.0524874 -2.14289e-19)
(1.10815 -0.293403 -1.41128e-19)
(-0.117462 0.133508 0)
(1.02286 -0.00904031 1.68625e-22)
(0.916203 -0.736321 -1.5224e-19)
(0.664151 0.378855 0)
(1.07252 -0.0262691 -3.18609e-19)
(2.05118 -0.190343 1.27042e-19)
(-0.951406 -0.825885 -2.1829e-19)
(-0.211017 0.283531 1.56789e-19)
(-0.389899 0.364293 1.57916e-20)
(-0.115679 0.642844 -1.41458e-19)
(-0.140231 -0.119496 2.0699e-19)
(0.740463 -0.199166 2.61689e-20)
(-0.140444 0.100807 1.67013e-19)
(0.935473 -0.692141 2.636e-19)
(1.06972 -0.878567 0)
(1.01093 0.0167422 -5.2486e-19)
(0.769534 0.236446 -8.06441e-20)
(1.01969 0.00135118 -1.97649e-19)
(-0.111026 -0.120593 -6.86608e-20)
(-0.247928 0.00478718 1.80517e-19)
(1.01738 0.0245314 -2.52616e-19)
(-0.0468667 -0.407133 3.21879e-19)
(-0.311837 -0.264646 1.31199e-20)
(1.0319 -0.0057854 -4.24307e-19)
(1.6147 -0.0121551 0)
(-0.156282 0.591612 -1.25103e-19)
(-0.170257 0.431808 -2.99349e-19)
(1.0905 0.694838 0)
(1.12158 0.09335 0)
(1.07205 0.024336 2.93086e-19)
(1.1982 -0.239362 -1.92195e-19)
(1.18683 -0.0216885 -2.6219e-20)
(1.18242 0.649226 1.93798e-19)
(-0.496683 -0.47918 -2.13022e-19)
(1.04678 0.020572 1.47506e-19)
(-0.472271 0.0410694 -1.09014e-20)
(1.23768 0.163181 -4.38975e-19)
(-0.151722 0.166858 0)
(0.990233 -0.244747 -2.10967e-19)
(0.250657 -0.316022 2.20583e-19)
(1.35143 -0.544895 -2.24136e-19)
(1.02032 -0.010496 -2.95412e-19)
(0.475429 0.459549 -1.53868e-19)
(1.09911 0.156034 -2.40886e-19)
(-0.646028 0.42739 1.64143e-19)
(0.908382 0.0324976 -3.58407e-19)
(0.533493 0.0768891 -2.17344e-19)
(1.00937 -0.00634299 -2.45599e-19)
(0.831587 0.626383 -2.61758e-19)
(-0.924152 -0.552181 -2.84895e-19)
(0.435382 -0.413917 -1.51935e-20)
(0.26822 -0.0855269 7.38448e-20)
(-0.541972 -0.474557 3.02673e-19)
(1.8286 -0.519817 0)
(1.08039 -0.837589 0)
(0.636298 0.296549 -4.97806e-21)
(0.895895 0.0708773 0)
(0.716551 -0.376402 2.11977e-19)
(-0.0325812 -0.020435 0)
(1.64385 -0.0955841 1.42806e-19)
(1.02523 0.0135423 0)
(2.31212 0.146854 -5.51847e-20)
(1.07242 -0.375037 3.82385e-19)
(0.976212 -0.00769229 2.15495e-19)
(1.07004 0.0909673 -2.20491e-19)
(0.838745 0.191483 1.23825e-19)
(1.016 0.0295701 3.08545e-19)
(1.62072 -0.289025 0)
(0.978164 0.00822892 2.5045e-19)
(0.627254 0.490307 8.86791e-22)
(-0.266647 0.274347 2.3112e-19)
(1.44876 1.0761 -3.13217e-20)
(1.0178 -0.00964358 3.3591e-19)
(1.78534 -0.187948 -6.47225e-21)
(1.95803 0.646417 0)
(0.423201 -0.0827564 0)
(0.992686 -0.118591 -4.81073e-19)
(-0.827082 -0.13028 0)
(0.712744 0.455046 7.68415e-20)
(1.19427 -0.913712 0)
(0.529116 0.394162 0)
(0.646309 0.589055 -5.86321e-19)
(2.12038 0.245668 2.60085e-20)
(1.02702 -0.0221886 -1.41615e-19)
(-0.157566 0.207153 8.34081e-20)
(1.05994 0.062974 0)
(1.04119 -0.0406644 0)
(1.05612 -0.816571 -2.01436e-19)
(-0.369176 -0.205234 0)
(0.775447 0.501726 3.90275e-20)
(1.04707 -0.00610084 6.08729e-22)
(0.63779 0.487847 1.49774e-19)
(1.14678 0.031486 3.35815e-20)
(1.54763 -0.580902 -7.68221e-20)
(1.09324 0.0402451 1.95081e-19)
(1.04226 0.0043836 -2.11929e-19)
(1.16053 0.223667 2.2935e-19)
(1.00961 0.0343692 -4.97759e-19)
(-0.0530192 -0.00543786 0)
(-0.193653 0.555332 -3.53703e-20)
(-0.779058 -0.972209 -3.08662e-19)
(0.894596 -0.126994 -2.75369e-19)
(1.90514 -0.0329788 0)
(-0.469056 -0.314086 1.7672e-19)
(-0.131611 0.186247 8.95466e-20)
(1.38177 -0.183187 -5.7754e-20)
(0.370846 0.316485 3.19131e-19)
(1.3678 0.910604 -8.59962e-21)
(0.875327 0.734305 4.74628e-19)
(-0.0660881 0.223462 3.23146e-20)
(1.10234 -0.0219297 0)
(1.00731 -0.0763409 -1.41895e-19)
(-0.142496 0.163169 9.08547e-20)
(1.77531 -0.0187131 -5.94449e-20)
(2.4238 0.145573 0)
(2.11418 -0.00986785 0)
(1.61027 0.258257 1.20272e-19)
(-0.0756652 0.0972616 0)
(1.02011 0.0292938 -1.93874e-19)
(0.142604 -0.1325 0)
(1.00517 -0.00499746 1.4303e-19)
(0.65346 -0.296609 -2.42004e-19)
(0.963524 -0.0105845 4.68023e-19)
(1.92212 0.338868 -1.099e-20)
(1.06085 -0.0241115 -5.19708e-19)
(0.848009 0.026515 6.26477e-20)
(2.01421 -0.0293975 -4.72048e-20)
(1.0664 -0.0294047 0)
(1.05539 -0.00324871 1.56073e-19)
(-0.127615 0.65284 -1.64602e-19)
(1.11864 0.00667175 -2.45566e-19)
(0.8982 0.659166 -5.18559e-19)
(1.75153 -0.216857 6.44417e-21)
(2.47215 0.140494 0)
(0.302403 -0.0170201 5.71193e-19)
(1.27302 -0.0921081 0)
(-0.191304 0.606521 7.38409e-20)
(-0.135363 0.118334 1.25026e-19)
(1.07874 -0.892695 0)
(0.729864 0.0271211 1.26861e-19)
(-0.0807218 0.644206 0)
(1.88144 -0.145863 0)
(-0.0377915 -0.00359338 1.06531e-19)
(0.874378 0.118181 -2.75272e-19)
(-0.753244 -0.295024 3.40878e-19)
(0.957966 0.71163 -4.22035e-19)
(1.01005 0.0495608 -7.04627e-21)
(1.02127 -0.0326361 1.61456e-19)
(2.13881 -0.0365896 0)
(1.0489 -0.0879073 -6.14149e-20)
(0.69277 -0.0931544 5.12526e-19)
(1.02372 -0.0136764 3.25627e-19)
(1.0828 -0.0115465 1.24983e-19)
(1.93381 0.363164 0)
(1.00399 -0.00889061 0)
(1.01402 0.882901 -3.89968e-20)
(1.03468 -0.010495 -1.96959e-19)
(1.16114 -0.446859 -1.16278e-19)
(0.311104 0.527646 2.14131e-20)
(1.32911 0.570046 0)
(1.71446 0.956198 0)
(0.554218 -0.0698117 5.21369e-21)
(0.707865 0.306456 -2.71081e-19)
(0.515897 0.3914 2.96099e-20)
(0.994475 0.0784257 2.83307e-19)
(0.453152 0.26147 -1.63474e-19)
(2.77516 -0.0265897 0)
(0.637777 -0.0538723 -2.13616e-21)
(1.10037 0.0108445 -1.30114e-19)
(0.555058 -0.0458653 0)
(0.799681 -0.00373283 0)
(-0.172151 0.111834 2.81944e-20)
(0.0292233 -0.0463424 -1.27151e-20)
(0.774329 0.000313882 1.30553e-19)
(1.13177 -0.0101823 0)
(0.809421 -0.746234 0)
(-0.335263 0.00731299 -1.13031e-20)
(1.03735 0.734547 -2.6456e-19)
(0.292912 0.140298 -8.26764e-20)
(-0.209639 0.314619 1.78078e-21)
(1.95873 0.829897 1.57425e-19)
(0.993914 0.0405519 2.03871e-19)
(1.02435 -0.045276 1.14063e-19)
(0.304076 -0.172875 -7.6516e-19)
(-0.124207 -0.126334 0)
(-0.414838 -1.05806 -1.03293e-19)
(0.579224 -0.554095 -4.13014e-19)
(-0.168212 0.316355 1.81286e-19)
(0.941528 0.133317 -2.06717e-19)
(0.990366 0.360971 4.10444e-19)
(1.01005 -0.0746789 1.3857e-21)
(1.02527 0.0105037 -3.74542e-20)
(0.984959 -0.00252364 1.55166e-19)
(-0.79686 0.0172765 -9.52183e-20)
(-0.174435 -0.119666 -1.10378e-19)
(-0.432096 0.186549 0)
(1.19805 0.274533 1.62307e-19)
(1.11924 0.0223463 0)
(0.312726 -0.00194666 -2.5381e-19)
(-0.0898222 0.106304 -1.18823e-19)
(-0.132907 -0.042856 0)
(1.01119 0.00787046 2.16306e-19)
(0.984837 -0.0280011 0)
(2.31168 -0.175534 -1.10852e-19)
(-0.316707 0.486509 -1.22355e-20)
(0.98497 0.010021 -4.48691e-19)
(0.315425 -0.992577 6.13847e-21)
(1.65909 0.417642 -3.37288e-21)
(0.539889 0.525802 0)
(0.785318 0.688975 1.94148e-19)
(2.41753 0.317545 2.42651e-19)
(-0.202414 0.200924 1.1258e-19)
(1.93494 0.237041 -5.63767e-21)
(0.0496529 0.212686 -1.01566e-19)
(1.3374 0.434239 -2.29819e-19)
(0.404376 -0.0461037 3.78006e-20)
(0.461364 -0.42555 -6.44492e-21)
(0.124319 -0.11891 2.05835e-19)
(0.137498 0.134817 0)
(0.00161322 0.00595209 0)
(0.0620649 0.0926848 6.1142e-20)
(1.0024 0.00250329 -2.39853e-19)
(1.02439 0.0067657 -2.03671e-19)
(-0.134092 0.625246 -1.39009e-19)
(1.67358 -0.465467 6.07056e-20)
(1.34673 -1.01433 8.36567e-21)
(1.12448 0.765247 0)
(0.92122 0.0714238 -6.17436e-19)
(1.49328 0.0299673 -3.75884e-20)
(1.01382 -0.0208523 -6.03715e-20)
(1.51585 -0.330887 1.01254e-19)
(-0.17491 0.139622 0)
(2.38522 0.227478 -2.45497e-20)
(-0.176549 0.643996 4.33593e-20)
(-0.172025 0.0354311 -2.42157e-19)
(1.02013 -0.0455035 2.17809e-19)
(0.0375173 0.0527976 0)
(1.59964 0.142386 -2.96801e-20)
(0.49643 0.311707 1.30623e-19)
(0.0273375 0.0375459 6.24591e-20)
(1.01778 -0.0130927 2.67151e-19)
(0.706724 0.352136 0)
(-0.100495 0.116429 1.12626e-19)
(0.442985 -0.431908 0)
(0.131679 -0.131733 -3.90452e-19)
(-0.000674805 0.000879 9.44247e-20)
(0.140768 0.139224 1.90457e-19)
(0.0157197 0.0232989 -6.57981e-20)
(-0.214182 0.103506 0)
(0.967912 0.310657 2.02364e-21)
(0.209628 0.476462 -3.1086e-20)
(0.670797 -0.601197 2.66734e-19)
(1.01267 -0.00882883 0)
(0.00926176 0.0152929 0)
(0.951066 -0.064568 2.52523e-19)
(1.46907 -0.692053 -4.77737e-21)
(-0.708783 -0.0166312 -2.05249e-19)
(0.973187 0.0553657 -2.80498e-19)
(0.61561 -0.560325 4.74287e-19)
(1.36872 -0.682618 -6.97516e-20)
(-0.526473 0.180138 -2.06931e-19)
(1.10135 0.0794066 0)
(1.01569 -0.00648838 -3.09266e-19)
(-0.00610604 -0.00227724 0)
(0.408621 0.261958 -3.4742e-19)
(0.152762 0.152494 1.8116e-19)
(0.0037143 0.00949821 0)
(1.15793 0.114874 -1.91663e-19)
(1.47573 0.979548 0)
(1.0784 -0.0693096 0)
(-0.187954 -0.143112 1.0616e-19)
(-0.716646 -0.324352 -5.15253e-20)
(-0.0138128 -0.0115091 -6.7307e-20)
(-0.000760152 0.000960912 9.42065e-20)
(0.125825 0.114582 0)
(0.971171 -0.0871793 -3.10419e-19)
(0.132286 -0.132194 -1.92345e-19)
(0.146244 0.141701 -3.65106e-19)
(0.204577 0.197932 1.40246e-19)
(0.958588 0.0347251 7.50382e-19)
(0.188685 0.180099 -1.51818e-19)
(-0.0176408 -0.015355 6.50243e-20)
(0.150789 0.151521 -3.51062e-19)
(0.182467 -0.181314 -3.02575e-19)
(-0.000544946 0.00108769 0)
(-0.00212463 0.0027792 1.33607e-19)
(-0.125987 0.649776 3.81646e-19)
(0.15733 0.154898 0)
(0.731555 -0.102236 0)
(-0.202323 0.0659331 0)
(-0.527574 0.0308073 -2.57162e-21)
(0.223345 0.219959 2.35004e-21)
(0.000758666 -0.000524012 -5.27641e-20)
(-0.00358248 0.0246943 1.01402e-19)
(0.197102 0.191927 -1.46866e-19)
(0.153646 -0.148723 0)
(-0.0101072 -0.00816021 7.02916e-20)
(-0.00224204 0.00278951 5.33551e-22)
(-0.169525 0.0490384 -1.17327e-19)
(1.14215 0.635828 -4.87826e-20)
(0.242431 0.334599 3.22571e-19)
(-0.0020913 0.0025175 -9.13866e-20)
(-0.0204452 -0.0179732 0)
(0.220512 0.220204 0)
(0.170482 -0.169299 -7.52025e-20)
(-0.000830824 0.00144071 -8.20172e-20)
(2.28806 0.563994 9.35051e-20)
(1.48704 -0.579112 -2.74752e-19)
(0.202956 0.206491 2.74102e-19)
(0.00799664 0.0437146 5.10985e-20)
(0.000883301 0.000504821 9.82663e-20)
(-0.0233544 -0.0208959 -1.96349e-19)
(0.202223 -0.20116 2.71525e-19)
(-0.463786 0.193659 1.02649e-20)
(-0.00255534 0.00264238 0)
(0.131212 -0.128076 -3.96859e-19)
(0.940011 -0.0598684 0)
(1.49745 -0.334364 0)
(0.546268 -0.477346 -4.25694e-19)
(-0.357919 -0.425151 -4.4313e-20)
(0.176667 -0.169887 1.49453e-19)
(1.00892 0.027233 2.09634e-19)
(0.87627 -0.0834431 2.92071e-19)
(0.396501 -0.382304 5.92125e-19)
(2.11582 0.395346 1.43849e-19)
(0.228501 0.216813 1.16431e-19)
(0.858754 0.593022 0)
(0.614515 -0.534954 3.80408e-20)
(-0.0256931 -0.02449 6.5353e-20)
(0.419729 0.106596 2.4097e-20)
(1.04445 -0.10986 9.05939e-20)
(1.06903 -0.23685 0)
(0.934265 -0.117857 7.33808e-19)
(-0.00213476 0.00152663 0)
(-0.0592875 0.2303 0)
(1.15422 -0.202485 2.08611e-19)
(1.16941 0.373381 2.44081e-19)
(1.11037 0.00740619 0)
(-0.612055 0.296552 1.04788e-19)
(-0.81246 0.0983713 -4.20512e-20)
(1.03656 0.0132368 -2.96145e-19)
(-0.175116 -0.069562 0)
(1.16444 -0.196275 0)
(0.992663 0.566358 0)
(0.119362 0.120541 4.76823e-19)
(-0.0234677 -0.0225821 0)
(0.19807 0.188335 1.33835e-19)
(0.168988 -0.155785 0)
(0.00108462 1.54487e-05 -7.92774e-20)
(-0.0211343 -0.0207336 0)
(0.354296 0.180803 1.48266e-19)
(0.828441 -0.397839 -6.11185e-19)
(0.000288182 0.00046789 2.69046e-22)
(-0.181518 -0.153158 -1.91097e-19)
(0.251928 -0.242989 0)
(0.248579 0.236471 0)
(-0.358984 0.487762 1.73493e-19)
(0.946247 0.0752632 3.6855e-21)
(1.08372 -0.344271 -2.25663e-19)
(-0.000177924 0.0011201 2.39423e-19)
(-0.0517915 0.161223 2.30413e-19)
(1.07044 0.152535 2.81488e-19)
(-0.660378 0.0364261 0)
(-0.024196 -0.0241666 3.00531e-22)
(-0.197207 0.000425287 -3.74283e-22)
(-0.0734168 0.053844 0)
(2.11274 -0.0807954 -6.96262e-20)
(1.03869 0.159885 0)
(0.996332 -0.059794 3.5924e-19)
(-1.12144 -0.389269 0)
(0.228669 -0.212719 -3.79002e-21)
(1.01082 -0.0102852 1.84975e-19)
(0.571402 0.196811 4.33853e-19)
(1.33738 -0.761194 2.7265e-19)
(0.314827 0.294602 1.91281e-22)
(1.66783 0.54598 0)
(0.937606 -0.560049 8.28739e-20)
(1.80218 -0.896504 4.3443e-20)
(0.00117866 5.74698e-05 1.53557e-19)
(1.73023 -0.367576 4.99635e-20)
(2.42609 0.474102 6.29905e-20)
(0.00207891 -0.00131732 -4.5098e-20)
(1.02509 0.0387067 2.69542e-19)
(-0.16328 0.241176 -1.59466e-19)
(0.340422 0.317118 0)
(-0.0246204 -0.0248592 0)
(0.262652 0.248901 1.02762e-19)
(0.293796 -0.273753 -2.81105e-19)
(0.00270448 -0.00210079 1.60449e-19)
(1.05486 -0.749658 -9.38434e-20)
(0.190308 -0.165925 2.57493e-20)
(0.331288 -0.315319 0)
(0.000794891 -0.00246792 0)
(0.282079 0.267551 0)
(-0.0403067 0.0568044 -9.3489e-20)
(0.271576 -0.268803 0)
(-0.0282528 -0.0307114 -1.20901e-19)
(0.301952 0.284531 -7.85682e-20)
(-0.0051561 -0.00152461 0)
(0.254834 -0.2495 0)
(-0.684817 0.253034 0)
(-0.0203723 0.0074996 0)
(-0.0380558 0.0229502 -4.60092e-20)
(-0.222327 -0.120302 0)
(1.00189 -0.00313013 2.83772e-19)
(0.464773 -0.435184 9.42953e-20)
(-0.0839894 0.0551868 -8.02922e-20)
(-0.0334721 -0.0232622 2.25248e-19)
(0.379205 0.348833 -8.17694e-20)
(1.69901 0.406347 0)
(-0.193539 0.218126 0)
(-0.229426 -0.0961095 1.82111e-20)
(-0.130606 0.100993 0)
(0.360056 -0.338703 0)
(-0.0558136 -0.0390347 0)
(0.429052 0.389694 0)
(-0.0909387 -0.0715646 1.40742e-19)
(0.506644 0.470191 -3.65793e-21)
(-0.166437 0.155494 -3.75359e-19)
(0.535301 -0.494653 1.20564e-20)
(1.1799 0.146346 0)
(1.49204 -0.136825 7.43053e-21)
(-0.741026 0.233379 -1.089e-19)
(1.04815 0.0697839 -2.6206e-19)
(1.509 -0.0104565 0)
(1.66381 -0.216883 -1.525e-20)
(1.34119 -0.482653 2.05638e-19)
(0.95126 0.0173626 0)
(0.212252 0.470696 3.12753e-19)
(-0.947491 -0.240181 -4.44837e-20)
(-0.0226621 -0.0203968 -1.22821e-22)
(-0.481769 0.461006 0)
(1.09802 -0.157796 -2.57077e-19)
(0.38752 0.268279 4.64326e-19)
(2.72589 -0.0936091 -9.34071e-20)
(1.38094 0.275842 -1.3972e-19)
(1.53577 -0.726487 2.70695e-20)
(0.0788378 0.168125 -5.59763e-20)
(2.03834 0.258161 8.52473e-21)
(1.85829 -0.695398 3.20506e-20)
(1.05538 0.100575 -3.54717e-20)
(-0.144905 0.643893 1.80214e-19)
(1.10402 0.0012064 0)
(2.2271 0.134512 -2.13328e-20)
(0.15165 0.126386 -3.22376e-21)
(1.26897 -0.226775 0)
(0.114589 -0.101605 -6.51032e-19)
(-0.00200398 0.00237215 0)
(0.500884 -0.46006 0)
(1.9713 0.653381 -4.9349e-20)
(0.883455 -0.403569 0)
(2.05851 -0.0364392 8.38305e-20)
(-0.0174204 -0.0185898 1.24954e-19)
(0.256347 -0.260422 9.91781e-20)
(1.01399 -0.0394945 0)
(0.256856 0.372823 0)
(-0.143979 -0.138507 1.02174e-19)
(-0.0988136 -0.0988183 1.48639e-19)
(1.02956 0.274743 -2.48355e-19)
(0.363956 0.163838 -3.03894e-19)
(1.02938 0.0237084 -9.90664e-21)
(2.32628 0.177645 0)
(-0.201521 -0.0280666 1.33987e-19)
(-0.0440847 -0.0251806 0)
(0.642735 0.121453 3.70042e-19)
(0.972956 0.181173 -5.43663e-20)
(0.660599 -0.558264 -2.17786e-19)
(1.00164 0.14804 3.83157e-19)
(0.994951 0.012396 0)
(1.44077 0.415954 -3.01845e-19)
(2.00087 -0.174174 0)
(0.562233 0.517857 0)
(-0.159947 0.13867 0)
(0.126643 0.259334 -2.63175e-20)
(0.347855 0.302973 2.6435e-19)
(-0.197956 0.259542 0)
(1.13993 0.0807471 1.69047e-19)
(1.01767 -0.213096 0)
(0.518326 0.0347756 1.78224e-19)
(0.354084 -0.105657 2.35242e-19)
(-0.195154 0.300949 2.23527e-19)
(-0.156914 -0.0228344 -1.69001e-19)
(0.978078 -0.0108734 1.78983e-21)
(1.46723 -0.581041 2.90587e-19)
(1.53951 -1.03752 3.0281e-22)
(0.076029 0.0739403 1.11087e-19)
(1.68522 -0.26593 0)
(-0.805398 -0.403237 0)
(-0.119469 0.145857 0)
(1.32867 -0.099378 2.11845e-19)
(-0.318562 0.576994 -7.42632e-20)
(0.2724 -0.251324 -1.93972e-19)
(2.12804 -0.0707641 2.30481e-20)
(0.839733 0.549989 -7.82326e-20)
(0.844505 0.285048 4.78245e-21)
(0.963368 0.247576 7.40478e-20)
(1.33316 0.187541 -4.48569e-20)
(-0.242664 -0.105262 7.62728e-20)
(-0.142616 0.431946 0)
(0.918725 0.0112306 0)
(-0.0325029 0.463494 1.05171e-19)
(0.163646 0.162147 0)
(2.00784 0.522365 0)
(-0.165619 0.614286 9.22738e-20)
(0.582477 0.504163 -2.50188e-19)
(0.456145 -0.355269 3.34278e-19)
(-0.180066 -0.150792 0)
(1.43611 0.957921 -3.49809e-20)
(1.0615 0.0124353 0)
(-0.321765 0.46496 -3.50017e-19)
(-0.11666 0.651136 -1.4529e-19)
(1.24824 -0.384102 9.79974e-20)
(0.481341 0.453931 5.62183e-19)
(0.714728 -0.199833 2.46715e-19)
(-0.166255 0.492245 0)
(1.14903 0.0666009 1.78752e-19)
(1.03579 0.598402 -1.06977e-19)
(-0.17871 -0.165918 0)
(0.687274 -0.220576 0)
(1.35112 0.876606 8.55205e-20)
(-0.00143069 0.00233252 -1.64022e-19)
(1.8588 -0.490746 -2.71489e-19)
(1.17402 0.780437 0)
(1.55047 -0.120904 1.51428e-20)
(0.799147 0.470896 0)
(0.0977181 0.517942 -1.79761e-19)
(1.31666 0.946064 -1.08215e-19)
(1.39652 1.0416 -4.68566e-21)
(0.565365 -0.4199 -3.24383e-20)
(0.163974 0.538932 6.54634e-21)
(-0.219921 -0.202263 -8.0343e-20)
(1.03052 0.0818445 2.67914e-19)
(0.38801 0.479994 0)
(0.988873 0.208178 3.75175e-21)
(1.78139 0.45313 4.52769e-21)
(1.48109 -0.830033 1.94751e-19)
(1.25607 -0.284257 -1.49897e-19)
(1.6368 -0.293998 9.63637e-20)
(-0.189627 -0.169214 4.29473e-20)
(0.624528 0.562123 9.46962e-20)
(0.150768 -0.0772213 1.83852e-19)
(2.23837 0.52479 -5.60655e-20)
(1.41131 1.08244 -1.5934e-21)
(2.02559 0.179479 4.7963e-20)
(0.918348 0.633084 1.50101e-19)
(-0.559987 0.396111 2.32192e-19)
(0.774449 0.128899 -5.059e-20)
(0.986427 0.282071 -1.62819e-19)
(-0.22776 0.3321 -6.58442e-20)
(-0.130004 0.132709 0)
(1.00203 0.00362172 5.92768e-19)
(0.89089 -0.0107613 0)
(0.900551 0.593586 -1.53531e-19)
(1.11992 0.810363 1.88572e-20)
(-0.204632 -0.0738732 -1.04741e-20)
(1.84976 -0.41331 0)
(1.13969 -0.353379 0)
(1.58531 -0.217817 8.63323e-20)
(0.250817 0.214808 1.04212e-19)
(1.06497 -0.303421 0)
(-0.167983 -0.0317698 -1.40373e-19)
(0.931422 -0.0678465 -2.82455e-19)
(0.746211 -0.625927 -1.67226e-20)
(-0.116128 0.533092 1.88421e-19)
(0.0771593 0.120527 -6.73062e-20)
(-0.130716 -0.142141 -1.644e-19)
(0.102632 -0.0419483 -2.08511e-19)
(-0.383383 0.318783 2.45186e-20)
(0.811169 -0.271415 -1.64784e-19)
(1.62287 1.15989 6.75312e-21)
(0.681984 0.00961151 0)
(0.805783 0.140527 3.45765e-19)
(1.18399 -0.347814 4.22896e-21)
(0.980631 -0.116345 -5.08474e-21)
(0.621322 0.556526 1.94826e-19)
(1.93015 0.212701 1.40096e-20)
(1.4943 -0.0120535 1.39701e-19)
(1.06029 -0.0143418 4.77298e-20)
(0.811528 -0.353869 1.69196e-19)
(0.485949 -0.169104 0)
(0.0549632 0.0772344 6.5139e-20)
(0.971005 0.11584 1.77101e-19)
(1.12684 0.727688 1.07152e-19)
(0.0370381 0.053419 1.331e-19)
(1.02292 -0.592442 3.48267e-19)
(0.120384 -0.109143 0)
(1.84125 0.921629 0)
(0.248287 0.24473 3.74961e-19)
(1.63603 0.600004 0)
(-0.0292846 0.0374829 0)
(0.957416 -0.607356 -3.04166e-19)
(0.0230019 0.0355076 1.97862e-19)
(-0.0925139 -0.0135299 1.16678e-19)
(1.0906 -0.0150891 5.65864e-20)
(1.60765 1.08604 -1.3825e-23)
(0.95364 -0.0243565 -1.98565e-19)
(0.122945 -0.120156 1.01749e-19)
(1.06122 0.156936 -1.94727e-19)
(-0.0182795 0.019577 3.02584e-19)
(1.0662 0.382955 0)
(0.249831 0.249552 -1.92011e-19)
(-0.112103 0.592055 1.26809e-19)
(2.01543 0.398624 0)
(-0.0205149 0.206869 -1.96821e-19)
(0.0134597 0.0679076 1.13818e-19)
(-0.102601 0.479807 0)
(-0.129905 -0.11777 -3.34106e-20)
(0.214837 -0.210009 0)
(0.976975 -0.704768 0)
(-0.0145992 0.0126708 1.92152e-19)
(0.547834 -0.518747 5.42675e-19)
(0.0130986 0.022368 -1.20768e-19)
(-0.0139907 0.524732 -1.46886e-19)
(0.22693 -0.22813 -1.96643e-19)
(0.256908 0.252078 5.63983e-19)
(0.205541 0.341013 -1.61389e-19)
(-0.58891 0.359142 -7.11854e-20)
(-0.0206275 -0.020514 0)
(-0.17023 -0.047887 1.14137e-19)
(1.03172 -0.1223 -3.73575e-19)
(-0.0132639 0.0125422 8.92662e-20)
(1.58392 -0.517367 5.14202e-20)
(1.42966 0.209583 0)
(2.24422 0.338853 -8.90666e-21)
(0.949727 -0.0233867 0)
(-0.00464697 0.00143528 0)
(0.226117 0.23086 0)
(0.970823 0.08844 0)
(1.08589 -0.237574 0)
(0.993241 0.123061 -3.54415e-19)
(0.251738 0.252231 -1.81782e-19)
(-0.177661 0.578379 -1.14672e-19)
(0.00265723 0.0115632 1.3396e-19)
(0.964793 -0.176755 1.90136e-19)
(0.752074 -0.340047 0)
(0.0054028 0.52415 -2.77772e-19)
(1.0117 -0.00836636 -2.36385e-19)
(-0.690992 -0.0863108 5.15385e-19)
(-0.0256725 -0.0211916 0)
(-0.0152569 -0.00516258 -7.72514e-20)
(0.29886 0.27917 -1.3071e-21)
(0.268886 0.256311 0)
(-0.0190969 -0.0152572 7.02462e-20)
(-0.204624 0.294138 1.93265e-19)
(1.27774 -0.482489 2.3081e-19)
(1.73104 -0.40874 -4.40463e-20)
(0.605773 0.176223 -2.20925e-19)
(1.04588 0.0519748 0)
(0.349503 0.34056 -2.68784e-19)
(-0.418553 0.50905 1.62677e-19)
(0.330861 0.321702 -4.43974e-19)
(0.325725 0.316589 1.41488e-19)
(-0.0122673 0.0280646 0)
(-0.00773174 0.0126087 4.93908e-20)
(-0.0169484 0.0133117 0)
(-0.0311337 -0.0277258 1.79516e-19)
(-0.0196967 -0.0106953 1.53425e-19)
(0.469094 -0.344163 7.11141e-19)
(1.33418 -0.0120653 -6.404e-20)
(0.356673 0.356657 0)
(-0.0125911 0.00815979 2.15775e-19)
(0.221519 -0.223692 3.97897e-19)
(1.24003 0.148254 -5.84832e-21)
(0.351548 0.352279 0)
(1.0299 0.354689 -1.23923e-20)
(-0.762161 -0.285594 8.4411e-21)
(2.05096 -0.113948 2.72172e-20)
(-0.0363197 -0.0323221 0)
(1.22448 0.791069 0)
(-0.0121206 0.0119612 -2.55653e-19)
(0.319279 -0.320791 -3.12292e-19)
(0.256953 -0.229601 4.23969e-20)
(1.9958 0.305291 -2.84273e-20)
(1.1131 0.359701 -1.51903e-19)
(0.29556 -0.286743 -3.1084e-19)
(1.0338 -0.0199016 3.96707e-19)
(1.00979 0.0872202 0)
(1.29117 -0.222738 -1.06606e-22)
(1.08267 0.0205105 1.41036e-19)
(0.10804 0.266357 -8.88087e-21)
(1.37236 -0.493803 0)
(1.21929 0.195492 -1.32544e-19)
(1.99038 0.495923 -1.15316e-19)
(-0.0113409 0.0104846 0)
(-0.177133 0.105524 2.88509e-19)
(1.77473 0.562457 0)
(1.00367 0.000196614 6.34021e-20)
(0.318636 -0.307734 -1.44939e-19)
(1.00507 0.00645172 6.5163e-19)
(0.0937192 0.19102 0)
(1.15719 -0.886849 0)
(-0.0406291 -0.0379468 6.60151e-20)
(0.0650269 0.049065 0)
(1.0829 -0.0223598 8.41235e-20)
(0.563287 0.452347 6.8674e-20)
(0.720899 -0.0192341 -5.35958e-19)
(-0.0130838 0.011762 0)
(0.0111708 0.637506 2.00777e-19)
(-0.265261 0.582736 0)
(1.88724 0.836766 0)
(-0.0771951 -0.0792483 0)
(-0.0748364 -0.081823 6.98039e-20)
(1.74451 0.796384 3.0084e-20)
(1.02254 0.0659424 0)
(-0.0421251 0.0904413 1.07481e-19)
(-0.00632056 0.00661501 0)
(1.42385 1.03411 0)
(1.57469 -0.781626 4.00532e-20)
(0.402979 0.378947 2.33062e-19)
(-0.992293 -0.545144 -2.53198e-19)
(-0.0419427 -0.0410082 -7.0769e-20)
(0.366795 0.107543 -1.72269e-19)
(1.06009 0.294331 0)
(0.390254 0.0454866 1.78688e-19)
(1.67429 1.08369 0)
(0.90196 -0.0450793 3.86956e-19)
(0.247292 0.158927 -1.82905e-19)
(0.42343 0.400705 -1.15583e-19)
(0.759632 0.277068 2.11944e-19)
(-0.163832 0.184305 1.80394e-19)
(1.79378 0.97838 1.2958e-19)
(0.198911 -0.192057 2.14069e-19)
(-0.0433303 -0.0406782 1.61133e-19)
(1.45969 -0.437979 -1.6547e-19)
(-0.0106568 0.0109584 8.46921e-20)
(-0.00593565 -0.00476731 0)
(-0.0975042 -0.0644983 -6.67814e-20)
(-0.00301879 0.00337579 8.06495e-20)
(1.01523 -0.17605 0)
(0.384487 -0.35286 1.5535e-19)
(0.27375 0.268836 1.67972e-19)
(0.265458 0.26627 -3.73597e-19)
(1.75358 0.726869 0)
(0.352669 -0.352037 -2.68868e-19)
(1.75346 0.506568 0)
(1.29394 0.85654 -1.18044e-20)
(-0.0425757 -0.0441559 8.06778e-20)
(0.899486 -0.0232234 0)
(0.619401 0.584039 -2.31452e-19)
(1.02178 -0.0144925 -2.93037e-19)
(1.09503 -0.0163449 -1.4261e-19)
(-0.0507924 0.211189 -1.64851e-20)
(0.734743 -0.0728912 1.58815e-20)
(1.04894 0.0203395 -3.87245e-19)
(2.07568 -0.0400205 -2.79066e-20)
(-0.162645 -0.166036 1.14045e-19)
(-0.00426917 0.00518138 -1.61336e-19)
(-0.0956217 0.0216686 -1.55328e-19)
(1.29709 -0.351292 1.03168e-19)
(-0.00115393 0.00201896 2.20728e-22)
(1.10662 0.00551749 -1.71371e-19)
(0.415105 -0.401961 1.01886e-19)
(-0.114133 -0.0978168 1.97969e-19)
(0.231959 -0.222278 0)
(-0.126628 0.137606 9.86447e-22)
(1.64923 1.02324 0)
(0.866881 0.0179205 -1.60348e-19)
(0.059359 0.591385 -1.75931e-19)
(-0.0126171 0.409807 -1.22595e-19)
(-0.00170879 0.316543 0)
(0.449695 0.423308 -3.16473e-19)
(-0.00745657 0.00837839 8.42417e-20)
(0.157663 0.293255 -1.62266e-19)
(0.568945 0.554424 -1.38472e-19)
(1.0353 -0.0275226 0)
(1.51121 -0.153116 7.92679e-20)
(1.71585 -0.342271 -6.39989e-20)
(-0.468896 0.325164 0)
(-0.0454605 -0.0458233 -7.05536e-20)
(-0.602798 -0.268343 6.94708e-20)
(0.0922019 0.307621 1.87387e-19)
(1.79815 -0.377995 -9.95813e-21)
(0.462461 -0.424332 -2.10397e-19)
(-0.195127 0.538202 7.54006e-20)
(-0.00139834 -0.000241901 -9.15267e-20)
(0.553961 0.47026 -3.84908e-19)
(0.592677 0.542098 -2.01497e-19)
(0.544519 0.504803 6.29719e-21)
(0.00227771 0.000607881 4.30251e-20)
(-0.009453 -0.00646463 -8.69498e-20)
(1.0117 0.0276403 1.94091e-19)
(0.264356 -0.255137 0)
(0.477596 0.449089 0)
(0.493214 -0.462005 1.80061e-19)
(0.00097223 -0.00279575 -1.59931e-19)
(0.0993573 0.176869 -3.33524e-20)
(1.89036 -0.29234 1.38908e-20)
(0.512156 0.475224 0)
(0.471829 -0.468972 0)
(-0.00328838 -0.0014764 0)
(1.1454 0.0495822 1.01318e-19)
(0.659035 0.590282 0)
(-0.0222694 0.00314622 1.59504e-19)
(0.22525 0.23195 -7.02654e-19)
(-0.0508957 0.0245045 4.52083e-20)
(0.925082 0.0546699 5.12276e-20)
(-0.0129767 -0.0102718 -9.24639e-20)
(1.19445 0.494952 -1.32334e-19)
(0.145968 -0.128099 -3.45946e-19)
(-0.106945 0.0531763 2.68199e-19)
(-0.0590612 0.0632692 -2.68785e-19)
(-0.077516 -0.0439754 -1.55676e-19)
(0.682905 -0.643941 0)
(-0.167604 0.107087 -1.59935e-19)
(0.747459 0.65076 0)
(-0.111392 0.177303 9.22647e-20)
(1.01548 0.506542 3.66689e-20)
(0.747114 0.42143 -4.15657e-20)
(-0.216593 0.148624 8.5093e-20)
(0.842214 -0.695166 0)
(-0.117825 -0.0667868 1.48948e-19)
(0.869315 0.72986 1.50269e-21)
(0.395604 0.381157 -2.79237e-19)
(0.34626 -0.235736 5.55829e-19)
(0.558449 0.495514 1.87416e-19)
(1.00882 0.000667382 0)
(0.494111 0.465263 0)
(1.79394 0.491207 0)
(1.02536 0.0032394 0)
(-0.0495831 0.0468561 -7.6717e-20)
(0.728159 -0.58495 4.88513e-19)
(-0.0482512 -0.0367715 -2.07018e-22)
(1.2024 -0.145495 1.76927e-19)
(0.397815 -0.365937 2.88286e-19)
(2.14805 -0.0557248 0)
(1.37983 -0.355936 0)
(0.0293123 0.343431 -2.67529e-19)
(0.426956 -0.106109 0)
(1.83439 0.329456 1.6451e-20)
(0.541397 -0.15616 -2.54677e-20)
(0.723337 0.670229 3.01759e-19)
(1.20247 0.269403 1.23886e-19)
(-0.00978172 0.00975892 0)
(-0.0444496 0.0465808 7.67948e-20)
(-0.0400655 -0.0427576 0)
(0.0597415 0.159088 2.93424e-19)
(0.631244 0.0122689 1.79951e-21)
(0.74048 0.377797 0)
(1.03024 0.0197816 1.84014e-19)
(1.31802 -0.256343 1.72122e-19)
(1.01881 -0.00193941 -4.54691e-22)
(0.297866 -0.279319 1.91245e-19)
(0.314054 0.309562 0)
(-0.0664045 0.00208262 0)
(-0.197789 -0.0634565 4.11906e-20)
(1.53753 0.204076 2.24216e-19)
(0.131343 0.320741 7.18763e-20)
(0.1398 0.130419 0)
(1.03368 -0.0123718 6.19316e-19)
(1.40661 -0.983439 -4.05276e-20)
(-0.168591 0.218774 2.76151e-19)
(-0.0835717 -0.0373709 -2.32182e-19)
(-0.0419527 0.106914 8.14835e-20)
(-0.0359352 -0.0367707 1.29168e-19)
(2.09576 0.0123659 0)
(0.340729 -0.298649 -3.62187e-19)
(1.06576 -0.0256042 -7.10719e-20)
(1.00999 -9.78005e-05 -2.64856e-19)
(0.205328 0.292596 -3.45597e-20)
(1.32805 -0.209538 2.69342e-21)
(1.02533 0.0248399 -2.09183e-19)
(1.96069 -0.0825596 0)
(-0.0834335 -0.0830862 -1.14817e-19)
(-0.271308 -0.16994 -1.55325e-19)
(0.0582175 0.131954 4.35819e-20)
(0.345526 0.324868 -1.67341e-19)
(-0.0262721 0.0312132 0)
(-0.0280868 0.0436621 0)
(1.6932 -0.787966 -3.53613e-22)
(1.01558 0.100723 1.99334e-20)
(-0.29973 0.153605 1.11099e-19)
(-0.0306371 -0.0132655 -1.23691e-19)
(1.01758 0.0250807 -5.09837e-22)
(0.718228 -0.678435 -8.73196e-20)
(1.11496 -0.0532195 1.28489e-20)
(1.02088 -0.00403639 -9.95091e-20)
(-0.0426174 -0.0422639 0)
(0.977464 0.672531 4.63525e-19)
(0.761823 -0.195163 0)
(0.372066 -0.344576 0)
(-0.0431661 -0.047138 1.37498e-19)
(1.02666 -0.0148806 3.38424e-19)
(0.497041 -0.466167 0)
(0.810661 0.740909 4.90695e-21)
(-0.103432 0.572702 -1.15098e-19)
(-0.0169861 0.020803 7.50457e-20)
(0.33486 0.190194 2.47884e-19)
(1.41811 -0.228714 -2.67849e-20)
(1.73183 0.178924 -2.25991e-19)
(1.63552 -0.279607 -6.74386e-20)
(0.981124 0.596598 1.56653e-19)
(1.04673 0.23527 2.27213e-19)
(0.102968 0.228263 -3.6018e-20)
(-0.486553 0.315551 1.2488e-19)
(1.01481 0.74332 0)
(0.313979 0.186365 8.79818e-20)
(1.28675 -0.450623 7.27577e-20)
(-0.140675 0.179518 0)
(1.46635 1.02416 1.29742e-20)
(1.02587 0.000145957 4.38366e-20)
(-0.176268 0.52956 0)
(1.03431 0.122922 -1.82808e-20)
(0.637679 -0.19312 0)
(0.539518 -0.515348 -5.51341e-20)
(1.02664 0.209584 2.44841e-19)
(0.84196 0.472999 3.05318e-19)
(0.78537 0.430881 4.33894e-20)
(1.02083 -0.00389704 0)
(-0.441063 0.469637 -1.0389e-19)
(1.56502 -0.984727 5.13998e-20)
(1.03959 0.811105 1.35037e-20)
(-0.137983 -0.121046 1.21339e-19)
(1.89205 -0.145563 9.20284e-20)
(-0.00461654 0.00489789 6.80168e-20)
(0.83387 0.285622 0)
(0.86281 0.515645 0)
(0.0190769 0.0445893 1.12422e-19)
(1.02973 -0.151257 0)
(-0.0572031 0.573866 2.95407e-21)
(-1.32787 -0.0458887 -3.48835e-19)
(-0.0438826 0.000119527 6.7555e-22)
(2.11137 0.112958 1.35091e-19)
(1.36186 -0.374115 -4.68899e-21)
(0.0365058 0.0535128 0)
(1.02979 0.00891103 -5.09739e-19)
(0.783553 0.708316 2.03725e-19)
(0.152005 0.387007 -3.88221e-19)
(1.08642 -0.83695 1.37739e-20)
(0.583983 0.0925789 3.74263e-21)
(-0.149646 0.185108 -9.61171e-20)
(0.490985 -0.297622 -7.18095e-20)
(0.487553 -0.0399227 8.63319e-20)
(-0.176455 0.254183 0)
(0.565957 0.173382 0)
(0.967866 -0.0595109 -3.68468e-19)
(1.09963 0.641486 0)
(0.834982 -0.317982 3.61952e-19)
(-0.257457 0.37636 0)
(2.13923 -0.134295 7.56743e-20)
(0.00015706 -0.115563 -8.33087e-20)
(1.85585 0.78176 0)
(0.0246605 0.0654525 0)
(1.91503 -0.0601993 2.91232e-20)
(-0.095128 0.642247 0)
(-0.582922 0.305089 -1.24765e-19)
(0.954431 0.635426 -1.53937e-19)
(2.12218 -0.293665 -1.33403e-20)
(0.18775 -0.157285 1.92145e-19)
(-0.211966 0.15398 9.82465e-20)
(1.90015 -0.419187 0)
(0.14016 -0.122565 -1.47432e-19)
(-0.0186415 0.0120183 0)
(1.08118 -0.159905 -1.57057e-19)
(-0.0247926 -0.157801 -2.13987e-19)
(-0.201138 0.44101 1.52621e-19)
(0.997822 -0.0737792 4.368e-20)
(1.9064 -0.231464 1.57946e-21)
(0.44937 0.433614 0)
(0.688296 -0.272603 -1.11845e-19)
(-0.59278 0.00762122 1.66167e-19)
(1.72796 -0.248638 0)
(1.0657 0.607573 0)
(-0.110664 -0.0577728 -1.24192e-19)
(1.56138 -0.19367 -1.00751e-19)
(0.862276 -0.219947 -1.24876e-19)
(1.42098 0.246656 3.5262e-19)
(1.48292 0.127001 -1.10341e-19)
(0.965365 0.215847 -1.34904e-19)
(1.09643 0.680178 -2.4e-19)
(1.94057 -0.389084 1.52113e-20)
(0.0347596 0.0625439 -7.34977e-20)
(1.02971 0.010616 3.61696e-19)
(1.66248 0.185863 1.02815e-20)
(1.33898 0.225146 -2.13101e-19)
(1.01661 0.0623482 1.00145e-20)
(-0.0397123 0.667853 1.30161e-19)
(-0.193123 0.587484 0)
(-0.125207 0.568822 0)
(0.664318 0.225391 0)
(1.7968 -0.241797 -1.457e-19)
(0.0274358 0.105569 -1.26542e-19)
(0.514491 0.426634 0)
(-0.0729997 -0.0656471 7.56662e-20)
(1.59088 -0.367684 -1.16722e-19)
(-0.0817347 -0.0640322 -1.25277e-19)
(1.04092 0.70597 2.87374e-19)
(1.11752 0.2819 8.27864e-20)
(-0.0273452 0.572471 6.53462e-20)
(0.914127 0.813455 -2.64322e-19)
(1.20722 -0.271714 9.30317e-20)
(0.959516 0.0183842 -3.34528e-19)
(1.07349 -0.0379386 -1.24013e-19)
(0.792041 0.310866 0)
(0.1329 -0.0551707 0)
(1.17709 -0.154366 7.34352e-20)
(1.37569 -0.282877 -2.05666e-19)
(-0.0872883 0.643741 -1.55416e-21)
(1.066 0.268707 2.63385e-19)
(1.3188 1.05779 0)
(0.723893 0.120885 -9.10052e-20)
(-0.311188 0.268359 -1.86704e-20)
(0.739803 -0.279988 4.68907e-19)
(0.765844 -0.253843 -1.55255e-19)
(1.58488 0.204598 2.05112e-19)
(-0.0497126 0.619133 8.24227e-20)
(-0.231754 0.491387 -7.05014e-20)
(0.509572 0.49652 5.38932e-19)
(-0.086065 0.671063 -3.10974e-19)
(1.59816 0.0616285 -9.7756e-20)
(1.03703 0.0260676 1.5922e-19)
(-0.0501643 0.0921826 -2.66945e-19)
(0.59075 0.430188 -3.85659e-19)
(0.908015 0.517635 0)
(-0.0361737 0.0383532 -9.05327e-20)
(-0.0764217 0.0929607 -2.29402e-19)
(-0.163109 0.201466 -1.58594e-19)
(-0.0271059 0.0308767 -9.27122e-20)
(1.09947 0.0380035 -1.036e-19)
(-0.20221 0.235073 -1.00048e-19)
(0.927402 0.553412 1.3799e-19)
(1.4453 0.854512 6.38468e-20)
(0.738186 0.682975 0)
(1.01772 0.667485 0)
(-0.0888155 0.0229563 -1.23539e-19)
(-0.0713109 0.63463 0)
(0.968787 0.559787 -1.40597e-19)
(-0.0223763 0.0398183 0)
(1.26503 0.926101 -2.04361e-20)
(0.678366 0.0196077 7.4892e-19)
(-0.0629166 -0.0507728 -3.48858e-22)
(-0.068128 0.0885867 0)
(0.566496 0.536272 0)
(-0.0942988 0.617743 1.41228e-19)
(-0.070552 0.0788133 8.77164e-20)
(1.83096 -0.315325 3.16685e-20)
(0.0374284 0.302492 1.33768e-19)
(0.556971 -0.0203693 -6.25294e-19)
(2.14923 -0.397419 1.66868e-20)
(1.66157 -0.197481 -2.2511e-20)
(-0.0577846 0.0580424 -8.03494e-20)
(0.344496 -0.326498 -4.29326e-19)
(-0.0519342 0.0522536 1.39553e-19)
(-0.118584 0.176333 0)
(0.793301 0.724894 2.93659e-20)
(1.14569 0.0354013 -1.89024e-19)
(-0.0874284 -0.0835137 2.60241e-22)
(0.564596 -0.105235 0)
(0.643227 0.604918 -3.42987e-20)
(0.456456 -0.442891 3.37122e-19)
(-0.0872283 0.101919 -8.37517e-22)
(0.410165 0.397199 -4.19081e-19)
(2.20771 0.259882 0)
(2.14043 -0.19172 2.17971e-19)
(-0.075459 0.0780757 0)
(-0.157265 0.19618 -1.15031e-19)
(-0.0725143 0.0709256 6.34476e-20)
(0.433024 0.412294 3.27819e-19)
(0.82449 0.755129 -3.24722e-19)
(-0.0468504 -0.00932059 1.47704e-19)
(-0.064915 0.0672651 -1.43129e-19)
(0.0526493 0.0881488 -1.31454e-19)
(0.845491 0.341172 0)
(-0.127442 0.311387 -1.09899e-19)
(0.425805 -0.378921 3.50289e-19)
(-0.0685853 -0.0709344 -1.49722e-19)
(1.29661 0.248428 -2.2305e-19)
(-0.0184799 0.0224444 4.61077e-20)
(0.806922 0.744607 0)
(0.726984 0.679948 0)
(0.87967 0.792092 -2.78285e-19)
(0.916379 0.822968 9.17485e-20)
(1.39777 -0.795124 -1.86031e-19)
(-0.136056 0.289517 1.86e-21)
(0.931216 0.476919 0)
(-0.0469889 0.048958 -4.98148e-20)
(1.51927 1.01106 -2.05321e-19)
(1.20492 -0.0601914 9.80353e-20)
(1.48319 -0.461073 0)
(0.38837 -0.344854 4.24706e-21)
(1.88173 -0.283294 7.40896e-21)
(-0.153658 0.246053 -1.55285e-19)
(-0.18677 0.214399 0)
(-0.0330175 0.03831 -2.04339e-19)
(0.890923 0.796506 1.33319e-19)
(0.803569 0.453186 1.07396e-19)
(-0.0254904 0.0343738 -2.53292e-19)
(0.530429 -0.515928 0)
(1.55162 -0.404919 0)
(-0.0350587 0.0392364 7.78546e-20)
(0.299474 -0.250984 -6.32709e-19)
(0.0418111 0.0854798 -8.54392e-20)
(-0.330932 0.582953 -2.93817e-19)
(0.531473 -0.0765621 3.49522e-19)
(-0.0363112 0.0459273 8.41448e-20)
(0.960712 0.846432 0)
(-0.110635 0.545778 1.73892e-19)
(-0.013427 0.00196981 -8.29938e-20)
(-0.0222058 0.0272817 3.83881e-20)
(0.364995 -0.296112 2.06909e-19)
(8.51079e-05 -0.0745796 -1.52639e-19)
(0.657557 -0.139801 3.42836e-19)
(-0.010355 0.0135053 -4.24627e-20)
(-0.105767 0.656228 -1.88303e-19)
(0.785447 0.347086 0)
(1.83806 -0.141508 -7.25981e-21)
(-0.171421 0.494631 1.51359e-19)
(1.00735 0.84693 3.50813e-19)
(0.0661574 0.250545 1.93789e-19)
(1.01483 0.894917 -1.7192e-20)
(1.95626 -0.314809 -7.94502e-21)
(-0.0518277 0.0694076 1.25345e-19)
(1.15094 -0.269221 -3.81771e-21)
(-0.258057 -0.0221604 1.26172e-19)
(-0.0580405 0.0777771 1.24321e-19)
(-0.0110312 0.00531128 1.4732e-19)
(-0.033724 -0.00244455 -1.46346e-19)
(-0.10717 -0.059253 1.60329e-19)
(1.12684 -0.270808 1.09643e-19)
(1.12295 0.969801 -2.06089e-21)
(1.94479 -0.201003 5.85062e-21)
(-0.0488443 0.0566609 1.71365e-19)
(0.61807 -0.10094 0)
(1.29258 -0.434579 0)
(-0.0963751 0.121575 0)
(1.11568 0.839038 1.6797e-19)
(1.66804 -0.759533 -4.89693e-20)
(-0.0027018 0.0905535 -9.54397e-20)
(-0.0469745 -0.0551881 1.37668e-19)
(-0.0443958 0.0489146 0)
(1.65949 -0.194369 1.04393e-19)
(0.472321 0.451128 -5.94079e-19)
(-0.144558 0.1608 -1.1953e-19)
(-0.121579 -0.0788373 -1.45323e-19)
(-0.0928492 0.53325 1.58234e-19)
(2.00968 -0.242701 0)
(1.38945 1.04907 1.59787e-21)
(-0.123131 -0.0593593 -7.15542e-20)
(0.468247 -0.052378 0)
(0.604236 -0.016921 -3.60347e-19)
(1.10021 0.901629 0)
(-0.102863 0.625086 1.51688e-19)
(-0.106937 -0.0627792 1.39225e-19)
(0.974452 0.848331 -1.54935e-19)
(-0.104822 -0.0485923 6.83835e-20)
(0.455233 -0.00663312 -2.16745e-19)
(1.0443 0.899705 0)
(0.468526 -0.441874 -8.27947e-20)
(0.908351 0.775462 1.78658e-19)
(0.471804 -0.395686 -3.19526e-19)
(1.11237 0.954606 0)
(0.282788 0.0817157 -4.18021e-20)
(-0.0983403 0.605935 1.27878e-19)
(1.19207 0.987819 2.05009e-20)
(-0.12816 0.149957 -2.00767e-19)
(1.38333 1.03846 5.58677e-20)
(1.65999 -0.623832 3.10097e-20)
(-0.0426706 0.0577858 1.62505e-19)
(0.640833 -0.0557398 -1.50271e-19)
(1.72358 -0.132557 0)
(1.20786 0.990331 8.45567e-20)
(1.90569 -0.0921992 0)
(0.855029 -0.249147 2.12828e-19)
(-0.104178 0.644248 -2.69421e-19)
)
;

boundaryField
{
    frontback
    {
        type            empty;
    }
    Top
    {
        type            noSlip;
    }
    outlet
    {
        type            zeroGradient;
    }
    bottom
    {
        type            noSlip;
    }
    Inlet
    {
        type            fixedValue;
        value           uniform (1 0 0);
    }
    rectangle
    {
        type            noSlip;
    }
}


// ************************************************************************* //
