/*--------------------------------*- C++ -*----------------------------------*\
| =========                 |                                                 |
| \\      /  F ield         | OpenFOAM: The Open Source CFD Toolbox           |
|  \\    /   O peration     | Version:  2306                                  |
|   \\  /    A nd           | Website:  www.openfoam.com                      |
|    \\/     M anipulation  |                                                 |
\*---------------------------------------------------------------------------*/
FoamFile
{
    version     2.0;
    format      ascii;
    arch        "LSB;label=32;scalar=64";
    class       volVectorField;
    location    "5.9";
    object      U;
}
// * * * * * * * * * * * * * * * * * * * * * * * * * * * * * * * * * * * * * //

dimensions      [0 1 -1 0 0 0 0];

internalField   nonuniform List<vector> 
2186
(
(1.24476 -0.030831 1.98141e-19)
(1.61352 -0.927679 -9.32995e-20)
(1.45376 -0.905301 9.19969e-22)
(0.749304 -0.587108 -1.27028e-19)
(-0.670549 0.584454 -2.83522e-19)
(1.02545 -0.00861621 0)
(0.721099 -0.668763 0)
(-0.502305 -0.668335 1.57071e-19)
(1.93818 -0.136318 2.46202e-19)
(0.55468 -0.300965 -2.1724e-21)
(0.675911 0.611072 0)
(0.911827 -0.243073 -1.39253e-19)
(-0.549412 -0.698233 -6.3872e-20)
(1.07693 0.0173359 -3.18363e-19)
(1.81266 -0.659958 -9.7423e-20)
(1.01166 -0.0134412 1.49834e-19)
(1.00388 0.00942218 0)
(-1.06743 0.156048 0)
(1.03525 0.00490819 0)
(-0.103098 0.39596 -8.62127e-20)
(0.480209 0.0864413 -1.00228e-19)
(-0.185761 0.132022 1.1341e-19)
(1.07848 0.0198544 2.64928e-19)
(-0.284526 -0.0165211 8.19772e-21)
(1.02338 -0.00750921 -2.08044e-19)
(0.7986 -0.563676 0)
(0.7495 -0.0392835 1.25911e-19)
(0.615593 -0.598272 -1.44083e-19)
(1.20746 0.708537 0)
(0.95406 0.00503279 -2.84462e-19)
(-0.0206076 0.0656884 0)
(1.02867 -0.00628693 9.8047e-21)
(0.0689844 0.606799 0)
(1.44643 0.328249 4.67094e-20)
(-0.0741404 -0.42734 1.24494e-20)
(1.55547 0.759596 1.96938e-20)
(1.18573 0.116272 3.30257e-20)
(0.509066 0.133381 -2.97927e-19)
(2.10681 0.0663533 -4.24343e-19)
(1.0418 -0.0138224 -5.92946e-22)
(-0.633153 -0.714489 0)
(-0.176932 0.117669 0)
(1.88964 -0.856497 9.32591e-20)
(-0.303425 0.223492 0)
(1.09909 0.277107 1.2625e-19)
(0.598467 -0.282999 2.47397e-19)
(0.915981 -0.780059 0)
(1.17755 -0.791045 8.6974e-20)
(1.35649 -0.423611 0)
(-0.693495 0.741617 3.43219e-19)
(-0.00458648 0.173798 1.27607e-19)
(0.628662 0.5794 6.37796e-20)
(2.06226 -0.727837 1.084e-19)
(0.595483 0.263998 -2.38222e-19)
(-0.14214 0.573792 4.22353e-20)
(0.77133 -0.663202 0)
(1.67645 -0.955898 1.87763e-20)
(0.589012 -0.551238 0)
(2.29337 0.085883 1.40036e-19)
(1.08863 -0.16454 -3.19911e-19)
(1.01116 -0.0245112 2.67891e-20)
(1.3247 0.302382 -1.36251e-19)
(1.32962 0.524365 0)
(1.07571 -0.0155479 6.49631e-22)
(1.35037 0.369036 -7.70376e-20)
(1.23522 -0.732526 -1.19245e-19)
(1.1693 0.656731 4.01287e-20)
(0.673168 0.0593347 -4.83405e-19)
(0.814667 0.0547296 0)
(2.46937 -0.0144722 -6.69768e-20)
(-0.496838 -0.739313 -1.8342e-19)
(1.23717 -0.191447 -1.57186e-20)
(0.709626 -0.0503323 -2.13191e-19)
(0.877194 -0.518288 0)
(0.825902 0.169935 -7.7802e-20)
(0.558223 -0.517649 -2.59564e-19)
(1.33953 -0.247726 0)
(1.01302 0.0062586 3.102e-19)
(-0.0789945 -0.561918 0)
(2.07039 0.3856 0)
(1.31055 -0.480399 1.90104e-19)
(1.00917 0.00826447 2.35371e-21)
(1.05686 0.000505969 3.43598e-20)
(1.31202 0.400707 2.01449e-20)
(0.956289 0.00368635 3.60127e-19)
(1.03993 0.0182939 -8.56582e-21)
(0.670502 0.164186 -2.87418e-19)
(1.02383 -0.0064389 2.83559e-22)
(0.751912 0.0156663 0)
(0.0262784 0.0544752 1.04148e-19)
(0.866042 -0.63503 -1.39246e-19)
(-0.152345 0.777761 -7.96954e-21)
(1.09093 -0.0885228 2.12168e-19)
(0.804073 -0.188035 0)
(0.974707 0.0402025 3.45706e-20)
(1.37343 0.636556 0)
(1.61704 -0.936453 0)
(1.3087 0.190062 0)
(-0.721799 0.690629 0)
(0.800593 -0.679244 2.49304e-19)
(0.802655 -0.972473 -2.55602e-19)
(1.08392 -0.910745 2.4464e-19)
(1.45559 0.161914 0)
(1.07569 -0.125802 -1.93973e-19)
(1.07466 0.0295704 1.53777e-19)
(-0.0159161 0.741216 1.97118e-19)
(0.638629 0.510285 0)
(2.13903 -0.0782969 -1.21989e-19)
(0.95571 -0.478057 6.96079e-20)
(0.609962 0.163149 -2.60499e-20)
(1.84519 0.299427 1.33643e-19)
(-0.4522 0.787037 -4.55959e-19)
(0.812518 -0.740235 0)
(0.567349 0.345385 1.43842e-19)
(1.88572 -0.280379 -6.87939e-19)
(-0.573519 -0.381613 -5.89198e-19)
(1.03681 0.00699142 -6.11407e-21)
(1.25622 -0.30552 0)
(-0.00192885 0.0512385 -3.14007e-19)
(0.692205 -0.0869454 6.75652e-20)
(1.57529 0.874573 0)
(-0.378734 0.605372 -5.45064e-19)
(0.884303 0.758849 -2.17384e-19)
(-1.07449 -0.0913363 5.1351e-19)
(1.01165 -0.00712076 0)
(1.04077 0.00101173 7.70316e-21)
(-0.633932 0.754221 0)
(0.707714 -0.491959 -9.27414e-20)
(-0.960737 0.0218235 -3.0251e-19)
(0.786608 -0.720806 0)
(0.434378 -0.269599 3.62545e-19)
(0.549469 -0.455974 2.43955e-19)
(0.410622 -0.371248 0)
(0.982244 -0.787366 -1.00952e-19)
(1.06462 -0.700385 0)
(-0.27419 0.785327 -2.69189e-19)
(0.818537 -0.710974 1.17924e-19)
(2.24937 -0.0504615 3.00265e-19)
(2.05429 0.0425675 0)
(-0.17223 -0.400391 0)
(0.684591 0.634764 -2.64156e-19)
(1.80056 -0.599974 1.50135e-20)
(-0.332902 -0.432735 0)
(0.984016 -0.81496 -1.11222e-20)
(1.07598 -0.0858147 0)
(1.05726 -0.102953 3.3746e-19)
(2.08529 -0.122572 -1.21771e-19)
(-0.680564 0.558195 0)
(1.19396 -0.555052 -4.45259e-20)
(0.00921812 0.545225 -5.27987e-20)
(-0.46517 0.810332 0)
(1.08906 -0.821388 1.19886e-20)
(1.00058 -0.000999571 -5.18329e-19)
(0.66054 -0.476515 -9.14489e-21)
(0.8254 -0.515268 0)
(1.18661 -0.735454 -7.39803e-20)
(0.658356 0.225008 2.23194e-19)
(1.22054 0.109674 0)
(1.56457 0.0474622 -1.19961e-19)
(1.18984 -0.858092 -1.47219e-19)
(-0.143779 -0.338787 -1.27466e-19)
(-0.564126 -0.278043 -3.70991e-19)
(1.04392 0.00721137 1.92087e-19)
(0.920662 -0.455594 -8.75382e-20)
(1.02948 -0.00120984 -2.62517e-22)
(1.03546 0.00883193 -1.34574e-21)
(0.749215 -0.0820488 1.23166e-19)
(-0.0348958 0.000212333 -2.43977e-19)
(1.06011 -0.0169172 0)
(1.07692 0.0194025 -1.52468e-21)
(1.43206 0.630988 8.32998e-20)
(0.817218 -0.62464 -1.81855e-19)
(0.994893 0.00806874 1.06341e-20)
(0.731595 -0.534238 2.55014e-19)
(1.3056 0.790671 8.03568e-20)
(1.78738 -0.0910151 2.0788e-20)
(-0.685357 0.405691 0)
(1.04799 0.0617933 -1.9892e-19)
(-1.1354 0.196789 -3.08961e-19)
(1.06569 0.476446 6.37722e-20)
(0.167058 -0.019289 1.47394e-19)
(1.08489 0.0268009 -3.67305e-20)
(-0.0822126 0.498206 -2.15523e-19)
(1.30224 0.575258 -5.19207e-20)
(1.13762 0.881942 0)
(-0.702282 0.396531 -1.38718e-19)
(-0.230121 -0.112549 0)
(0.653109 0.565036 -2.3008e-19)
(1.98171 0.0292944 -2.50361e-20)
(-0.621963 -0.626623 2.13496e-19)
(-0.948967 0.0666573 -8.31727e-19)
(0.722522 0.0662172 2.12196e-19)
(1.83057 -0.655503 -2.24044e-20)
(0.981009 -0.334398 -2.57221e-20)
(-0.0133271 -0.0664898 0)
(0.707985 0.146842 -4.57734e-20)
(1.33829 0.969824 1.81246e-20)
(0.836784 0.0662467 -1.15299e-19)
(0.553989 0.520878 1.5915e-19)
(0.534783 0.186181 0)
(-0.385923 -0.881281 -3.68266e-19)
(0.843596 0.0192079 -3.34071e-20)
(1.2921 -0.950618 2.07754e-22)
(0.981617 -0.0403605 -1.61697e-19)
(-0.287163 -0.0927635 5.92433e-21)
(-0.368587 0.443263 2.29083e-19)
(-0.393486 -0.182823 -1.98745e-19)
(1.22954 -0.304763 0)
(1.07866 0.0548528 -2.66681e-19)
(1.67386 -0.429301 7.6802e-20)
(1.2555 -0.618102 7.7378e-20)
(1.00945 0.0152763 -9.83934e-22)
(0.593694 0.322565 0)
(0.940509 0.745516 -1.27137e-20)
(0.681379 0.626135 1.46665e-19)
(0.901203 -0.57143 1.25941e-19)
(0.682946 0.504182 0)
(1.02199 -0.015433 6.92027e-21)
(0.887652 -0.677507 1.79246e-19)
(0.825984 0.419763 -3.7969e-19)
(1.29041 -0.114253 0)
(-0.244372 -0.224726 -3.92288e-19)
(0.0118745 0.790133 -1.44014e-19)
(1.58527 0.709327 0)
(1.34446 -0.930235 -1.77794e-22)
(-1.04849 0.335552 0)
(-0.671541 0.74207 1.80624e-19)
(0.733158 0.652393 -7.97346e-20)
(0.841572 -0.216757 0)
(0.0652827 -0.478393 0)
(1.65411 -0.420729 0)
(0.534394 -0.320787 -6.18286e-20)
(1.20702 -0.879851 9.62877e-20)
(1.15447 -0.611795 4.94516e-20)
(1.09726 -0.129439 -1.4009e-19)
(0.884302 -0.708486 -1.4081e-19)
(0.190041 -0.194311 0)
(-0.828787 -0.510057 0)
(0.991907 -0.514391 1.46188e-19)
(-0.277957 -0.507455 0)
(-0.675962 0.630392 0)
(-0.556154 -0.352774 5.02374e-19)
(0.788516 0.669148 6.91815e-20)
(1.01013 0.788271 0)
(0.694712 0.556921 -7.04955e-20)
(0.813795 -0.0481228 -1.91473e-19)
(0.74114 0.564524 -1.87899e-19)
(0.589384 0.549999 -1.37039e-19)
(-0.45131 -0.79094 8.01069e-21)
(0.721976 -0.651943 0)
(0.890152 0.166135 -2.70599e-19)
(-0.592166 -0.782864 8.67485e-20)
(0.600781 0.557517 3.04346e-19)
(0.954198 0.792556 0)
(0.437207 -0.479157 -1.45359e-20)
(-0.0800823 -0.784079 4.08901e-19)
(0.162329 -0.705835 -2.27211e-19)
(0.663155 0.573132 -1.2251e-20)
(0.993555 -0.0103645 5.09822e-20)
(-0.631736 -0.680813 0)
(1.92281 0.367827 -1.85653e-19)
(1.09645 -0.0533338 9.56929e-21)
(0.659097 -0.613886 -6.36966e-20)
(-0.851022 -0.1454 1.61737e-20)
(1.1823 0.447848 1.37436e-19)
(0.866766 0.409132 0)
(1.06599 -0.211703 1.61414e-19)
(0.183182 -0.812088 -1.77344e-20)
(-0.073121 0.300379 5.01216e-19)
(0.960293 0.0196844 -4.45492e-20)
(1.13439 0.128458 0)
(1.77645 0.151992 -1.86114e-19)
(1.78364 -0.0683177 0)
(0.544575 0.246029 -3.93127e-19)
(-0.398821 0.528663 0)
(-0.484424 -0.70937 3.58388e-19)
(0.878013 0.0338234 0)
(0.63087 -0.516219 -1.57337e-19)
(1.04189 -0.000525765 1.76517e-19)
(-0.780683 0.509347 6.63577e-20)
(1.46659 -0.0962875 -8.61529e-21)
(2.18348 -0.183199 -1.42665e-19)
(1.10177 0.220925 -1.77759e-19)
(-0.581808 -0.782347 -1.73862e-19)
(1.07201 -0.853938 0)
(0.825461 0.0172479 -1.28388e-19)
(0.931392 -0.353698 -2.46352e-19)
(1.72342 -0.559967 -7.75096e-21)
(1.70192 -0.0769767 1.85239e-19)
(1.05487 0.000780937 3.19804e-19)
(0.0382142 -0.789293 -2.68629e-19)
(0.983854 -0.429476 -1.06049e-19)
(0.199742 -0.191926 2.22604e-19)
(1.00657 0.0081354 0)
(1.00013 -0.0229591 0)
(1.04389 -0.110988 -9.42866e-21)
(-0.177003 0.712783 -1.7738e-19)
(0.199488 -0.115992 -1.48506e-19)
(0.855014 -0.0813684 7.17465e-21)
(1.21472 -0.534825 0)
(1.74117 -0.70839 -3.84607e-20)
(0.938655 -0.816428 -5.82987e-20)
(1.82851 -0.527841 -8.18547e-20)
(1.10315 0.830116 0)
(0.480601 -0.460561 0)
(0.605885 0.522331 -1.47964e-19)
(1.09049 0.271797 -3.24697e-19)
(2.1169 -0.120789 4.15392e-22)
(0.862478 0.147745 1.16599e-19)
(-0.157652 -0.636104 -8.99951e-19)
(1.02452 -0.00478713 2.58208e-21)
(-0.753986 -0.58873 0)
(-0.149072 -0.423272 0)
(-0.708935 -0.551934 0)
(1.32799 -0.71809 -5.93819e-20)
(-0.493262 0.8433 -3.49009e-19)
(-0.221181 0.481132 0)
(1.29526 0.970817 -1.14439e-20)
(1.08798 0.148389 -3.41544e-19)
(1.11783 0.0128076 -9.09103e-22)
(1.08198 0.920081 4.59866e-20)
(-0.435131 0.894385 2.35595e-19)
(1.01111 -0.00744921 0)
(-0.704066 -0.448889 -4.39808e-19)
(-0.562453 0.867021 4.36781e-19)
(0.773527 0.0251947 1.56555e-19)
(1.54383 0.931444 4.81372e-20)
(1.05603 0.0109142 4.23771e-21)
(-0.236002 0.752157 -4.11521e-21)
(0.7471 -0.685987 -3.03075e-20)
(1.29434 -0.0497776 0)
(1.66409 0.123007 0)
(1.18899 0.0589568 0)
(0.893907 0.0637057 3.05224e-20)
(-0.73274 -0.579673 1.68245e-19)
(1.04412 0.838252 0)
(0.982208 -0.0159987 4.33323e-19)
(0.763795 0.606649 -1.87136e-19)
(0.771589 0.022419 2.31168e-20)
(0.85546 0.014861 -3.49773e-20)
(0.719587 -0.661789 -1.8242e-19)
(1.39254 0.69457 -1.57642e-20)
(0.569926 -0.446896 -2.53718e-19)
(1.03327 -0.014284 -3.8668e-19)
(0.901621 0.00232593 3.73024e-20)
(1.5048 -0.124327 4.83885e-20)
(0.941423 0.0189282 -3.73827e-21)
(-0.0874209 -0.152156 7.5635e-22)
(1.07286 0.456669 -2.13338e-19)
(1.39404 0.620678 1.04933e-19)
(0.172719 -0.748239 0)
(-0.142909 -0.559694 3.31403e-19)
(-0.33601 -0.293295 1.64856e-19)
(-0.191325 -0.0799217 -1.43635e-19)
(0.479284 0.316018 0)
(1.04992 -0.0767099 0)
(0.0773533 -0.07686 -1.81262e-19)
(-0.504231 -0.847668 -1.08735e-19)
(1.01359 -0.00395102 1.5331e-19)
(-0.604332 0.455188 -6.52697e-20)
(1.30409 -0.59183 -4.12325e-20)
(-0.067119 0.802422 0)
(0.833235 -0.743934 -2.44509e-19)
(0.964707 0.0150093 1.67475e-21)
(-0.878492 -0.0242567 2.4192e-19)
(0.723187 0.150864 2.79794e-19)
(0.621012 0.12523 9.11056e-20)
(0.510297 -0.482804 1.74396e-19)
(-0.369779 -0.505388 -1.89142e-19)
(1.04984 0.0146671 0)
(0.396982 0.349337 -1.66058e-19)
(1.02913 -0.00477268 -2.44553e-19)
(-1.03921 0.0615415 3.28999e-19)
(1.42267 0.455726 -7.12673e-20)
(-0.321682 -0.584008 -6.91241e-20)
(0.684839 -0.623543 -2.54441e-20)
(0.819461 0.176279 -1.73276e-19)
(0.960289 0.41192 1.84974e-20)
(1.08458 -0.129724 2.97185e-20)
(0.604656 -0.222378 -2.5959e-19)
(2.01578 -0.321533 -1.65813e-19)
(0.693797 -0.0119108 0)
(1.04449 0.00111435 -8.70121e-22)
(0.845233 0.10482 -6.0861e-21)
(1.66546 0.377519 2.41848e-19)
(1.13466 0.301308 -2.162e-19)
(1.05817 0.0012045 -4.44031e-21)
(0.422791 0.392929 -2.13716e-19)
(-0.643496 0.0681343 4.73046e-19)
(2.4604 0.263139 0)
(0.982827 -0.00305529 0)
(0.868911 -0.770914 4.58e-20)
(-0.147049 -0.814993 -4.46203e-19)
(-0.819607 -0.305354 -2.14995e-19)
(-0.1365 -0.242551 -2.83209e-19)
(-0.762633 0.589528 -2.80515e-19)
(-0.726313 -0.480502 0)
(-0.114902 -0.329399 4.66244e-20)
(0.41497 0.745807 -1.48318e-19)
(-0.405945 0.492764 -5.24081e-19)
(0.783094 -0.1271 0)
(1.06901 -0.0304078 -5.04949e-21)
(-0.329917 -0.347029 0)
(1.00949 0.0298776 3.09792e-19)
(-0.309812 -0.475319 2.40048e-20)
(0.544632 -0.417303 3.40087e-19)
(-1.05268 0.0246759 5.13015e-19)
(0.28651 0.0452274 0)
(0.319985 0.700836 2.1441e-19)
(1.05381 0.025883 -9.40253e-21)
(0.0265958 -0.24121 0)
(1.01027 -0.0204278 -4.86325e-20)
(0.863997 -0.737894 -2.36978e-19)
(1.03959 -0.122021 0)
(0.937687 -0.257307 1.75629e-19)
(-0.113246 0.523533 4.55075e-19)
(0.0539158 0.0495963 0)
(-0.563383 -0.74668 -1.1161e-20)
(0.734919 -0.644557 -3.60646e-19)
(1.04602 -0.0408451 -2.23597e-19)
(-0.195123 -0.905756 6.19469e-19)
(-0.405087 -0.716005 2.16749e-19)
(-0.734863 -0.626156 0)
(0.943312 0.463953 0)
(-0.442158 -0.170984 3.68241e-19)
(1.85762 0.780899 -1.07236e-19)
(1.0747 0.892401 1.24529e-20)
(1.04847 0.206258 -1.01917e-19)
(1.14549 -0.0195197 -1.85301e-19)
(1.11619 -0.0585786 -6.47998e-20)
(-0.167196 -0.878496 -5.7672e-19)
(1.39599 -0.125627 2.03043e-19)
(0.825119 0.0413151 1.6949e-19)
(1.50338 0.190906 6.53835e-20)
(1.08511 -0.119418 0)
(0.791635 0.549992 -1.59767e-20)
(1.09254 0.00990855 -4.19619e-19)
(1.72734 0.591772 -2.5948e-20)
(0.75004 -0.446016 -1.38273e-19)
(0.0221077 0.0530788 2.34994e-19)
(0.800668 -0.708404 3.12758e-19)
(1.23266 0.187483 5.72801e-20)
(0.999297 -0.0205215 2.15053e-19)
(0.0729047 -0.81191 -3.01356e-19)
(1.01838 0.0124834 0)
(0.98228 0.0370053 -4.67753e-20)
(0.0484078 0.0390653 0)
(1.03974 0.0224222 -1.26957e-19)
(0.60161 -0.149018 7.55696e-20)
(1.66681 0.248366 6.11227e-21)
(-0.487199 -0.280658 2.13655e-19)
(1.60459 0.0824905 -2.66067e-20)
(0.997784 -0.0182153 4.4024e-20)
(1.32598 -0.0857549 0)
(1.44253 -0.597956 -9.78159e-20)
(0.995193 0.0170526 -1.304e-19)
(1.44395 0.780869 -6.23567e-21)
(1.33821 -0.0182838 0)
(1.06442 -0.00773716 1.46451e-21)
(0.0690989 -0.0747498 0)
(1.45346 0.0882496 0)
(-0.725143 -0.665527 0)
(1.22453 0.43802 0)
(2.01549 0.257496 6.97247e-20)
(0.738342 0.617568 3.27746e-19)
(0.296727 -0.298544 -2.06432e-19)
(-0.486995 -0.833547 -5.41671e-19)
(-0.000913201 -0.0661053 0)
(1.1059 -0.0270688 2.75055e-21)
(1.45969 0.492153 0)
(1.46693 0.255205 0)
(-0.732136 -0.419237 1.94864e-19)
(0.806003 0.71002 9.91717e-20)
(1.71998 0.0324478 0)
(-0.544317 -0.626946 1.21572e-19)
(0.895193 0.210452 1.58779e-19)
(1.0878 0.00445577 1.1853e-21)
(1.2429 0.921243 2.68536e-20)
(0.915194 -0.82291 -2.27978e-20)
(0.694211 -0.00236171 1.89385e-21)
(0.792762 0.714471 1.00482e-19)
(1.18167 0.921874 0)
(1.16774 -0.132149 1.74516e-20)
(1.02487 0.279094 0)
(1.03048 -0.0214176 -5.32157e-21)
(0.951042 0.0764099 1.99962e-19)
(1.01268 -0.01084 0)
(0.846511 0.378227 -3.91545e-20)
(0.872641 -0.177987 4.07135e-20)
(0.636735 -0.398219 0)
(0.675365 -0.367954 1.82807e-19)
(1.22845 0.546487 -2.48269e-20)
(0.476127 0.45073 2.30696e-19)
(-0.458868 0.579595 6.21729e-20)
(0.354262 0.379579 1.18309e-19)
(0.848271 0.0549038 0)
(1.31741 -0.894913 -4.04812e-20)
(1.0584 -0.00704572 3.39307e-19)
(1.55839 0.26117 1.71166e-19)
(-0.557553 -0.618533 1.05621e-19)
(-0.639242 0.397405 0)
(1.14504 -0.222496 -9.48399e-20)
(0.0525304 0.0358509 -2.13741e-19)
(0.746651 1.05087 -5.47676e-21)
(-0.148757 0.0247685 -4.29453e-22)
(-0.234311 0.10156 3.89383e-19)
(1.03165 0.00099251 -5.58665e-22)
(2.04145 0.191226 2.48725e-19)
(1.19271 0.450103 -2.21629e-19)
(1.07818 -0.0833849 0)
(1.65288 0.0903827 1.80947e-19)
(1.65614 0.0629465 7.31213e-20)
(0.911409 -0.773924 1.14429e-19)
(1.1511 -0.965449 -1.75804e-20)
(0.47921 0.446081 1.53499e-19)
(1.15288 0.483893 0)
(1.78635 0.540432 5.96263e-20)
(0.0393786 -0.00782514 -4.37301e-19)
(0.883183 0.767844 0)
(1.03274 -0.0136051 0)
(0.297739 -0.297099 -3.73708e-21)
(0.329795 0.309742 0)
(-0.963452 0.172309 -2.64696e-19)
(-0.565618 0.720418 -1.89337e-19)
(1.76221 -0.357231 0)
(1.27899 0.0294552 8.60628e-20)
(-0.293888 -0.835228 1.87996e-19)
(0.541379 -0.515606 -3.94837e-19)
(1.6228 0.133673 -2.50404e-20)
(0.618658 -0.564069 0)
(1.08264 0.115153 0)
(1.29404 -0.247353 0)
(1.10237 0.2215 -1.89404e-19)
(1.25293 0.0651242 2.66015e-19)
(0.198833 -0.0870553 0)
(0.915672 -0.062657 0)
(1.18793 -0.0758563 8.94171e-21)
(-0.182294 0.505977 1.43903e-19)
(1.622 -0.373785 -9.84013e-20)
(1.0886 -0.51259 2.05153e-19)
(1.14679 -0.155853 -9.54643e-20)
(-1.16872 -0.293911 -2.32211e-19)
(1.70649 -0.102458 -1.5198e-19)
(1.00442 -0.0162101 3.50789e-19)
(1.53647 0.58058 0)
(-0.628219 0.758047 4.998e-20)
(0.99997 -0.831329 1.36319e-19)
(0.847031 -0.0115545 4.08839e-20)
(0.641361 -0.423295 0)
(1.93067 -0.504528 8.27803e-21)
(1.21168 -0.208005 1.23717e-19)
(1.05045 -0.0372239 0)
(0.607376 -0.56634 3.61242e-19)
(0.938229 -0.0186815 -5.91721e-22)
(1.59298 -0.606943 1.65937e-19)
(-0.274787 0.650081 -3.14523e-19)
(1.32674 0.608149 9.96151e-20)
(1.14421 0.398621 2.89113e-21)
(0.884035 0.37012 1.86169e-19)
(1.59233 0.793968 -6.41601e-20)
(-0.225442 -0.911046 -2.3286e-20)
(1.80797 0.333677 0)
(-0.190373 -0.0168002 3.77492e-19)
(1.08838 -0.942548 0)
(1.05459 -0.663119 1.76222e-20)
(1.49519 1.02981 -3.47266e-19)
(1.04394 -0.014832 -5.58606e-22)
(-1.07174 -0.294806 -5.66538e-19)
(0.977842 0.474281 1.41344e-19)
(0.900565 0.162505 -3.37084e-20)
(0.788049 -0.0257262 0)
(0.744255 -0.0525237 0)
(0.652619 0.0241164 5.99959e-21)
(0.768199 -0.00717877 0)
(1.31906 -0.180903 -1.27309e-19)
(-0.831382 -0.0989765 3.71002e-19)
(1.86992 0.446296 6.01e-20)
(1.02312 -0.0132874 0)
(0.553988 -0.338615 9.0268e-20)
(1.02207 0.0186138 1.66062e-19)
(0.980707 0.124202 1.77051e-20)
(-0.417819 0.278077 0)
(1.08647 -0.484191 4.00849e-19)
(0.947024 0.00146461 -4.60582e-23)
(1.07094 -0.501783 -1.74664e-19)
(2.19603 0.0864578 2.2402e-19)
(1.28556 0.787037 0)
(0.930545 0.0240307 0)
(-0.627264 -0.577556 -2.6332e-19)
(0.0846721 -0.0686249 2.03807e-19)
(0.932322 0.35857 -1.70593e-19)
(0.361088 -0.630394 -3.04817e-19)
(0.647574 0.408203 2.04865e-19)
(1.02214 -0.0152308 0)
(0.540382 -0.504403 0)
(1.03077 -0.000879342 6.59952e-22)
(1.20145 -0.505721 -7.97681e-20)
(0.600381 -0.29542 1.49723e-20)
(0.718268 -0.160059 1.01563e-19)
(-0.0949105 0.341445 -3.71499e-19)
(1.66575 -0.7938 1.98759e-19)
(0.65921 0.614819 0)
(1.27314 0.688393 0)
(1.53895 0.235816 0)
(-0.932052 -0.57125 -2.7336e-19)
(1.32278 0.573746 2.72387e-19)
(1.67943 0.194057 2.44473e-20)
(1.03315 -0.0357563 0)
(1.05636 0.00150933 0)
(1.70179 -0.0447905 -1.66436e-19)
(0.997137 0.218525 -2.11876e-20)
(1.00895 0.00450273 -1.66792e-19)
(1.47001 0.467783 0)
(-0.599131 0.414441 0)
(1.23153 0.31849 2.24817e-19)
(1.01695 0.517879 -1.03376e-19)
(1.03573 0.0214334 0)
(1.46101 0.727861 0)
(2.04419 0.647255 -3.97619e-19)
(-0.223205 0.865992 -1.71845e-20)
(0.996431 0.00895747 0)
(0.705918 0.475322 -2.78206e-20)
(0.928942 -0.819721 0)
(1.01644 0.0594276 3.88372e-20)
(1.03054 0.00352378 1.54133e-20)
(0.906214 -0.299182 2.58973e-19)
(1.03643 -0.00227709 -1.21242e-20)
(2.10704 0.0637055 3.47965e-19)
(0.960656 -0.00170109 1.76012e-20)
(0.832169 -0.0036196 0)
(1.037 -0.000961445 0)
(-0.607508 0.216651 0)
(0.664604 0.635425 -1.48163e-19)
(-0.013855 0.162192 2.51617e-19)
(1.15173 0.347696 -3.62099e-19)
(-0.820758 0.331237 0)
(0.825345 0.64414 1.36667e-19)
(1.00431 -0.316618 0)
(1.00638 -0.0104631 9.78946e-20)
(0.902307 0.662533 4.41297e-21)
(1.02966 0.393241 2.05078e-19)
(2.08193 -0.695151 0)
(2.02345 -0.0332751 -7.19268e-20)
(0.808153 -0.120825 -3.09987e-19)
(-0.384536 0.576128 -1.90274e-19)
(1.08091 0.415223 0)
(0.863004 0.234249 1.4676e-19)
(2.26004 0.395219 0)
(0.770154 0.523657 2.99565e-19)
(-0.648294 0.00840907 6.53859e-20)
(-0.105875 0.316184 0)
(0.589842 0.562262 -5.75852e-20)
(1.01719 -0.65067 -1.23983e-19)
(0.474897 -0.236654 -1.06516e-19)
(1.00643 -0.0099336 0)
(-0.192706 -0.434063 -3.55631e-19)
(0.646638 -0.576236 6.96643e-20)
(0.884667 0.282587 0)
(1.11615 -0.0810998 -4.10998e-21)
(0.983185 0.834017 1.81056e-20)
(1.02949 -0.00706089 -1.34217e-20)
(0.480038 -0.678863 -3.27503e-19)
(0.226282 -0.0238713 -4.81562e-19)
(-0.235332 -0.51326 1.2341e-20)
(0.809349 0.355267 2.0509e-19)
(-0.515574 0.828383 -8.70901e-21)
(1.40528 -0.635587 3.30617e-21)
(0.993601 0.0275745 -2.90031e-19)
(-0.926826 -0.421558 0)
(1.02239 0.0387936 -3.39558e-19)
(1.54813 0.501295 5.33491e-20)
(0.883776 0.688353 2.2491e-19)
(1.07811 -0.0574369 1.34482e-19)
(1.00241 -0.0345007 1.33307e-19)
(1.03873 0.0148152 4.80319e-22)
(-0.473137 -0.494744 4.50582e-22)
(1.73772 -0.856104 1.5562e-20)
(1.2064 -0.165865 -5.8155e-20)
(0.918529 0.0222405 6.68616e-20)
(0.908675 -0.269333 7.63604e-20)
(0.672091 0.00664327 0)
(0.95925 0.73107 0)
(1.06707 0.895631 -5.26102e-21)
(1.97904 0.189862 -3.15974e-20)
(-1.12757 0.218797 1.71681e-19)
(1.01265 -0.544592 -4.26118e-19)
(0.625171 -0.536869 3.36066e-19)
(1.89525 0.0813156 -2.1307e-19)
(0.555785 -0.807757 3.27337e-20)
(1.02129 -0.00556273 0)
(0.756603 0.108335 -5.75197e-21)
(1.03964 -0.0126384 1.02822e-20)
(1.03781 0.756963 0)
(1.03412 0.00399407 0)
(0.793447 -1.08163 0)
(-0.37374 -0.588048 -8.66797e-20)
(-0.00707076 0.0847479 0)
(1.06972 0.128541 -1.00318e-20)
(1.19366 0.176783 5.0901e-21)
(0.479744 -0.01331 -3.08007e-20)
(1.06135 0.0170346 -1.34456e-21)
(1.85109 0.427997 -1.05164e-19)
(2.02233 -0.277657 -3.66682e-20)
(-0.206947 -0.0173833 -2.75577e-19)
(-0.579894 -0.766745 8.33451e-21)
(0.95547 -0.0237701 0)
(0.761425 -0.0200275 0)
(0.999898 -0.00127326 -4.23289e-22)
(-0.901508 -0.451425 0)
(1.43111 0.140235 -8.65304e-20)
(0.741759 -0.0185059 0)
(1.01773 -0.0316019 1.0739e-19)
(1.01379 0.0268896 -3.7818e-20)
(1.71666 -0.977058 9.99449e-20)
(1.05763 -0.00822207 -7.78418e-22)
(0.946451 -0.185839 -4.59972e-20)
(1.01766 -0.0237855 3.10383e-19)
(0.680075 -0.618926 1.56636e-19)
(0.727357 -0.111921 3.63577e-20)
(1.02675 0.00494448 -1.71646e-21)
(0.0836258 -0.0358562 0)
(1.12486 0.789997 0)
(1.01635 -0.0164366 0)
(0.999032 -0.782913 -8.40476e-20)
(1.03227 -0.882887 1.89288e-20)
(1.01565 0.01576 2.69386e-21)
(0.642075 0.449342 3.3156e-20)
(1.05337 -0.00252793 2.64937e-21)
(0.587961 -0.370779 -5.47297e-19)
(1.03208 0.00322895 3.84524e-22)
(1.03138 0.00729092 -8.72258e-21)
(2.09528 -0.267004 1.15599e-19)
(0.958446 -0.00963607 5.61633e-22)
(-0.528541 -0.66275 -1.83424e-19)
(1.10676 0.543076 1.52036e-19)
(0.164423 -0.596285 0)
(0.115864 -0.391507 8.0116e-19)
(-0.0987032 -0.296181 2.41212e-22)
(1.07001 -0.0115815 2.78886e-19)
(0.992845 -0.0116427 -7.21964e-21)
(1.06294 -0.019213 -7.71128e-20)
(1.03278 0.00856254 1.48969e-21)
(1.58792 0.30836 3.00759e-20)
(0.403698 -0.376325 -2.71964e-19)
(1.02931 0.0276049 -5.08404e-21)
(1.02748 0.025877 -2.04698e-19)
(1.02229 -0.00624518 1.76653e-21)
(1.02848 0.00377298 0)
(1.10452 0.58241 -2.83552e-19)
(0.999942 -0.0145671 8.0384e-20)
(0.674874 0.606969 2.13715e-19)
(1.01775 0.00369079 -3.87701e-22)
(1.06041 0.0144147 -2.52165e-20)
(1.08258 0.0241192 7.19045e-22)
(1.84141 -0.385022 1.04278e-20)
(0.698517 0.000726778 0)
(1.08235 -0.0345066 0)
(1.05911 -0.0195125 4.90499e-19)
(0.997151 0.00723765 0)
(-0.0454658 -0.164158 0)
(0.97022 -0.581999 0)
(1.0027 0.0102405 -4.65421e-19)
(1.14033 -0.687057 6.53532e-20)
(1.0307 -0.0130126 9.77107e-21)
(1.34937 0.947721 -6.91235e-21)
(1.53653 0.997473 -1.26785e-19)
(1.03423 0.00525248 -4.66717e-21)
(1.24229 0.636286 1.88726e-20)
(0.690557 -0.00273609 0)
(0.0782369 0.805556 0)
(1.88357 0.741128 2.46024e-19)
(1.03792 -0.0473545 0)
(1.00181 -0.0125114 -1.43729e-19)
(1.00596 0.0010674 2.79387e-19)
(1.33166 0.113428 -5.37155e-20)
(0.0138323 -0.10616 2.91318e-19)
(1.00464 0.0178533 1.50935e-19)
(0.929502 0.00888801 -1.82994e-21)
(0.946326 0.00305298 3.47464e-21)
(1.03636 -0.00452273 2.15382e-23)
(0.916169 0.010268 -1.52955e-19)
(1.0022 0.000164199 1.80893e-19)
(0.993192 -0.00199357 1.06816e-20)
(0.814579 0.00625747 0)
(0.736781 -0.0173302 0)
(0.72254 -0.00515907 7.71375e-22)
(0.728823 -0.0098594 0)
(0.715505 0.0259562 0)
(0.742299 -0.0315265 0)
(0.755384 -0.00249994 -3.21481e-21)
(0.925811 -0.0164785 2.27388e-21)
(1.051 -0.00108957 0)
(1.02684 0.00131048 1.17935e-21)
(1.03912 -0.00281294 0)
(0.777254 -0.00969765 0)
(0.715043 0.0126422 0)
(0.722321 0.0153484 -2.78756e-22)
(0.684465 -1.18134e-05 -1.70045e-23)
(0.858633 0.0118081 0)
(0.834112 0.0404524 0)
(0.946337 0.00130664 -1.8861e-19)
(0.814701 -0.00281877 3.52962e-19)
(1.00072 0.000639087 0)
(1.00006 -0.00295634 3.33376e-19)
(0.994289 -0.000381698 -4.36127e-22)
(0.846301 0.0124524 2.99274e-19)
(1.00309 -0.0167567 -1.73451e-19)
(0.922353 -0.000148712 0)
(0.738574 -0.000675226 -3.47756e-21)
(1.01832 -0.00601135 -1.68448e-19)
(1.00153 -0.00644039 -2.89164e-19)
(1.04296 -0.000598445 0)
(0.999425 0.00420834 0)
(0.996184 -0.000787367 0)
(1.0249 -0.0222928 -2.83642e-21)
(1.04076 0.00268426 3.46939e-21)
(1.02676 -0.0098518 0)
(-0.591046 0.487285 3.081e-19)
(0.822356 0.219958 3.89567e-20)
(1.01885 -0.0100656 -2.24423e-19)
(-0.699088 -0.771082 -1.83272e-19)
(1.02116 0.00220261 -1.79985e-19)
(1.19419 -0.212907 -7.85966e-20)
(0.804356 -0.463239 2.58204e-19)
(-0.0900611 -0.173986 -1.11962e-19)
(1.04067 0.0401913 0)
(1.05259 0.0115768 -4.8489e-20)
(0.92111 0.00520733 0)
(0.00116538 0.109383 3.57777e-19)
(1.03226 -0.0241242 0)
(-0.850109 -0.551233 -4.40586e-19)
(0.958074 -0.00968939 1.96229e-21)
(1.68342 0.657506 8.25699e-20)
(-0.0843462 -0.0980459 0)
(1.07093 -0.034372 1.50274e-19)
(1.04772 -0.00814332 4.25947e-22)
(0.910611 -0.000458024 2.38434e-19)
(1.0359 -0.00872546 -1.53494e-19)
(1.69456 0.841883 8.31818e-20)
(0.524322 0.494643 0)
(0.451278 0.407751 1.73205e-19)
(1.0673 -0.00751141 4.79683e-22)
(1.11675 0.113668 1.57344e-19)
(1.07538 -0.720771 0)
(1.01686 0.00948237 0)
(1.02024 -0.0272462 -3.51708e-19)
(1.03496 -0.00523289 -3.43247e-19)
(-0.312829 -0.679583 0)
(1.22209 0.81615 -8.20296e-20)
(1.03608 0.013923 4.12766e-22)
(1.00446 0.018736 1.32191e-19)
(1.01843 0.0266485 -1.6533e-19)
(-0.8287 -0.408004 -4.22924e-20)
(1.02579 -0.00309408 -7.3579e-21)
(1.02073 -0.011831 5.62979e-19)
(1.03343 -0.00554969 0)
(1.89377 0.643794 -9.45652e-20)
(1.01856 -0.000856743 -1.75066e-19)
(1.46048 0.096041 -6.29055e-20)
(1.02664 0.030784 -4.02584e-22)
(1.02156 0.0177433 3.50005e-20)
(2.15443 0.112192 -2.89576e-19)
(1.01116 0.0186792 1.70046e-19)
(1.0271 0.00457285 2.01403e-22)
(1.01561 0.00773901 0)
(0.926838 0.147374 4.14249e-20)
(0.242651 0.311059 -9.96303e-23)
(0.99956 -0.00259203 1.69324e-19)
(1.05163 0.0168183 -8.295e-22)
(1.026 -0.00644263 -1.24537e-21)
(1.24338 0.30093 3.11645e-19)
(1.02838 0.0148423 1.16513e-19)
(1.01667 -0.0157702 -6.17665e-22)
(1.72718 0.211057 -4.04289e-21)
(1.83501 0.946473 -1.33796e-19)
(0.77154 -0.696169 4.71504e-20)
(0.446826 -0.313052 -2.65887e-19)
(1.02486 -0.023455 0)
(1.03244 0.00182072 4.2687e-20)
(1.0073 -0.00391931 8.86124e-20)
(1.03334 -0.00387751 4.2207e-22)
(0.984096 -0.00966664 -1.78218e-19)
(1.03838 -0.0166522 2.01821e-19)
(0.997759 -0.0021625 -1.654e-19)
(1.02531 -0.00097106 -5.38487e-22)
(1.01939 0.00233843 -2.54112e-22)
(1.03967 -0.00239491 1.69814e-19)
(0.900936 0.0856081 4.29869e-19)
(1.09665 0.0632172 0)
(0.979294 1.19313 8.67311e-20)
(0.987446 -0.00036065 0)
(1.02993 -0.0268753 -4.90452e-20)
(1.52598 0.422146 -4.20912e-20)
(1.07063 0.111325 0)
(1.1102 -0.0308612 -2.87314e-21)
(1.06724 0.107369 2.48599e-21)
(0.917253 -0.0210092 0)
(2.11627 0.661408 0)
(0.981082 0.0940268 1.88363e-20)
(1.04055 0.0135267 -1.2586e-21)
(1.02835 -0.00836954 -1.78533e-19)
(1.09233 -0.570536 -4.92312e-20)
(1.03089 -0.00476373 -6.93753e-22)
(1.03956 0.0140738 0)
(1.03944 -0.000929477 0)
(1.0907 0.0146666 0)
(0.434477 0.635146 1.97444e-19)
(1.02607 -0.000929393 7.03656e-21)
(0.950226 0.0437515 0)
(-0.00560638 0.217363 -5.53611e-19)
(1.71342 0.959194 -1.2221e-19)
(1.01925 -0.00110314 -3.49422e-19)
(1.02966 -0.0136667 1.26514e-21)
(1.00641 0.00331396 2.30301e-19)
(0.814049 -0.0370736 0)
(-0.250193 -0.641599 -3.39196e-20)
(0.616267 0.436805 -2.88224e-19)
(1.08011 0.0591675 -5.40249e-21)
(0.0894369 0.444275 0)
(0.90868 0.178145 6.35773e-20)
(0.520916 0.500026 4.29129e-20)
(1.18783 0.879711 -2.09239e-20)
(0.0588839 0.0565479 1.52954e-19)
(1.00825 0.00188349 0)
(1.02837 -0.00252788 4.70581e-21)
(1.0202 0.0155467 1.31004e-19)
(2.07117 -0.357224 0)
(0.982222 0.0156804 2.201e-19)
(0.317722 -0.364308 -3.84273e-19)
(1.01572 0.0016328 -1.35733e-19)
(1.04148 -2.53741e-05 0)
(1.1547 -0.0753487 4.98221e-23)
(1.00466 0.0135156 -9.15341e-20)
(0.989616 -0.0250921 2.40586e-19)
(1.05642 0.0853266 -3.3299e-21)
(1.03317 0.0114304 -6.5316e-21)
(-0.113607 -0.0027063 3.85752e-19)
(2.12816 0.239376 2.5482e-19)
(1.02437 0.0129971 7.43515e-21)
(0.816045 0.031455 -3.29933e-19)
(0.901445 0.0419981 0)
(1.0354 0.000405182 4.29641e-21)
(1.01965 -0.00663984 -2.63595e-20)
(0.962179 0.0346274 0)
(1.02779 3.65944e-05 -1.67129e-19)
(1.02475 0.00584151 -9.02912e-21)
(-0.535496 0.18605 8.82151e-20)
(2.13652 -0.553782 0)
(0.209545 -0.355648 3.43019e-20)
(1.50519 -0.305764 0)
(1.02161 0.000143425 4.92748e-20)
(1.03601 0.0181467 -1.19243e-22)
(0.990134 -0.00145456 1.42527e-19)
(-0.473889 -0.497356 1.68558e-19)
(1.0073 -0.00334208 0)
(0.993671 0.00313799 -3.42577e-19)
(0.994587 -0.00105218 1.8035e-19)
(1.03492 -0.00463043 0)
(1.02684 0.00367393 6.34091e-22)
(0.97528 -0.00500207 -1.548e-19)
(-0.61352 -0.822427 6.27341e-19)
(1.01296 0.00271928 -1.76211e-19)
(1.00084 0.0159221 -4.13123e-19)
(1.65528 -0.578725 -2.6766e-21)
(-0.359416 -0.420836 -1.41708e-19)
(0.807217 0.695919 -1.40419e-19)
(0.793351 0.352039 0)
(1.0279 -0.0142245 3.69828e-19)
(1.03432 -0.0010149 1.94276e-19)
(1.01642 0.000185711 -1.0285e-20)
(1.01172 -0.00878292 1.31421e-20)
(1.05139 -0.0263112 -9.76794e-20)
(1.10288 -0.892131 4.07624e-20)
(1.0179 -0.00661011 1.83955e-19)
(0.929352 -0.686127 1.68519e-19)
(-0.696669 0.319353 5.42038e-19)
(-0.324663 -0.43492 -1.08215e-19)
(0.876945 0.0119608 -5.3441e-20)
(0.698678 -0.163382 -5.86331e-19)
(1.00939 -0.0053155 0)
(1.31425 -0.80028 7.4065e-20)
(1.03161 0.0715177 -1.5548e-20)
(1.0289 -0.0031535 0)
(0.7823 -0.345646 0)
(0.977615 0.048703 0)
(1.01246 0.0013934 7.82051e-20)
(1.41856 -0.360447 0)
(1.03727 -0.017855 3.08347e-21)
(-1.02929 -0.0666053 -2.36251e-19)
(-0.0345471 -0.129296 2.74163e-19)
(-0.558601 0.685858 -3.13677e-21)
(1.4266 0.365883 6.76668e-20)
(-0.000593805 -0.855596 8.58104e-19)
(1.04161 0.0710014 0)
(0.997922 -0.00404454 -3.09668e-22)
(1.01123 0.0200417 4.76508e-20)
(-0.0919048 -0.183437 -1.56027e-19)
(0.876899 0.711365 -4.46619e-20)
(-0.121602 -0.183621 6.79564e-20)
(1.33323 -0.959931 -3.00056e-20)
(1.0207 0.00571313 9.87313e-21)
(1.03687 -0.00113826 1.21504e-21)
(0.981071 0.00400807 1.90817e-20)
(0.948595 0.0100249 0)
(1.02332 -0.0062475 1.20362e-20)
(0.743222 -0.188291 -1.00988e-19)
(1.01184 -0.00574107 -1.44049e-20)
(2.24493 -0.289434 0)
(1.05098 0.0270165 1.90466e-19)
(0.959662 0.00494236 0)
(1.04012 -0.00775221 1.74555e-21)
(0.469874 -0.99951 0)
(0.858228 0.328495 -1.83034e-19)
(1.04717 0.0369282 5.49234e-21)
(-0.247863 -0.442727 -2.08392e-20)
(0.928736 0.0404074 -3.80865e-19)
(1.06494 -0.013248 0)
(1.06405 -0.0239004 9.76611e-20)
(1.44547 -0.227239 0)
(1.87234 -0.395341 0)
(1.00344 -0.00478716 -3.35193e-20)
(0.988287 0.0355385 -1.61778e-19)
(1.17492 0.246433 -9.4614e-21)
(-0.366449 0.608446 0)
(1.02927 -0.0179327 1.00684e-22)
(0.931822 -0.762343 -1.06265e-19)
(0.647057 0.346495 0)
(1.05888 -0.0123838 -2.3959e-19)
(1.21838 -0.163921 1.41837e-21)
(0.935759 -0.0275399 2.63927e-20)
(-0.346524 0.931434 3.02895e-19)
(-1.01958 -0.232918 3.35364e-20)
(-0.885042 0.259468 -2.51857e-19)
(-0.0281137 -0.118424 3.48665e-19)
(1.03483 -0.0196976 -7.28902e-21)
(0.564024 -0.599211 5.50909e-19)
(0.949775 -0.719883 1.85677e-19)
(1.07318 -0.879842 0)
(1.00162 0.00873068 -3.9646e-19)
(0.761197 0.203923 -6.30727e-20)
(1.01517 -0.00407007 -1.48942e-19)
(-0.11687 0.00934754 -1.07381e-19)
(-0.497949 -0.874966 5.71073e-19)
(1.01096 0.0269509 -1.90412e-19)
(0.956193 -0.104889 -3.73583e-20)
(1.01158 -0.0318064 -8.9392e-22)
(1.04918 -0.0374979 -3.19889e-19)
(1.69276 0.00277602 0)
(-0.564524 0.286103 -1.78821e-19)
(-0.49328 -0.292898 -1.37652e-19)
(1.04962 -0.00510619 0)
(1.05754 0.0767325 0)
(1.05669 0.035045 2.17118e-19)
(1.14181 0.199841 7.86838e-21)
(1.14437 -0.00782306 -1.96585e-20)
(1.15195 0.622624 1.26563e-19)
(0.837448 -0.151489 2.26342e-20)
(1.03824 0.00118578 1.11481e-19)
(-0.189818 -0.00962158 -4.32263e-20)
(1.18899 0.154949 -3.09786e-19)
(0.504448 0.42419 0)
(1.00065 -0.240302 -1.59537e-19)
(0.824048 -0.269528 -2.34494e-20)
(1.35252 -0.546497 -1.32366e-19)
(1.01245 -0.021893 -2.23021e-19)
(0.462392 0.447438 -1.17535e-19)
(1.24773 -0.929132 -8.6234e-20)
(-0.888652 -0.0752857 1.91363e-19)
(1.00967 0.0221898 -2.56632e-19)
(0.523532 0.0324836 -1.73547e-19)
(0.999183 -0.00381679 -1.8676e-19)
(0.804158 0.604814 -1.94318e-19)
(0.896207 -0.0289906 3.8074e-20)
(0.453495 -0.431861 -1.19277e-20)
(0.659558 -0.260529 1.37079e-19)
(1.03294 -0.0295315 -2.02843e-20)
(1.84313 -0.513458 0)
(1.0879 -0.849452 0)
(0.979564 -0.803633 8.7656e-21)
(0.8846 0.0548644 0)
(0.736705 -0.383668 1.63919e-19)
(-0.173953 -0.243152 0)
(1.27843 0.346156 9.56861e-21)
(1.01565 0.0156563 0)
(2.07969 -0.152585 -4.98868e-20)
(1.06202 -0.391077 2.78373e-19)
(0.988933 -0.0113035 1.64291e-19)
(1.03391 0.092634 -1.63548e-19)
(1.32405 -0.967141 1.20682e-20)
(1.00851 0.0174116 2.32933e-19)
(1.06371 -0.0143636 0)
(0.999668 0.00962436 1.90961e-19)
(1.04522 0.0131152 1.09275e-22)
(1.00924 0.0191647 -1.25973e-20)
(1.43492 1.05226 7.77537e-20)
(1.00332 -0.025205 2.53674e-19)
(1.03343 0.003869 -6.35792e-21)
(1.93697 0.573702 0)
(1.02677 0.0349567 0)
(1.00311 -0.137007 -3.65573e-19)
(0.992389 0.0171946 0)
(0.690721 0.428561 5.99357e-20)
(1.20011 -0.92144 0)
(0.511809 0.360671 0)
(0.627778 0.57136 -4.30738e-19)
(2.19092 -0.0646939 3.95116e-20)
(1.01867 -0.0385203 -1.0703e-19)
(-0.280043 0.671046 1.47124e-19)
(1.024 0.0394801 0)
(1.03352 -0.0164075 0)
(1.02855 -0.0157077 1.3148e-20)
(0.996118 0.0437311 0)
(0.748351 0.478323 2.99796e-20)
(1.05483 0.00872965 4.5715e-22)
(0.617845 0.463977 1.17559e-19)
(1.0854 0.0317425 2.50454e-20)
(1.57864 -0.575727 -2.07357e-20)
(1.06603 0.0343379 1.44696e-19)
(1.02088 -0.00998801 -1.59571e-19)
(1.1178 0.205164 1.6485e-19)
(1.01348 0.0213829 -3.75988e-19)
(0.766444 -0.603943 0)
(-0.811619 0.487681 -6.84051e-20)
(0.88053 -0.11167 3.5821e-20)
(0.882669 -0.152035 -2.11429e-19)
(1.45307 0.479005 0)
(0.997784 -0.0313243 -2.0206e-20)
(-0.165827 0.513597 1.52992e-19)
(1.3411 0.397332 -1.73936e-20)
(1.02976 0.029742 -9.09497e-21)
(1.05508 -0.0114476 -2.50649e-21)
(0.850376 0.710364 3.34214e-19)
(1.02811 0.011519 -1.22909e-21)
(1.06695 -0.0273709 0)
(1.00712 -0.0874302 -1.07017e-19)
(-0.428154 0.715447 1.62774e-19)
(2.1708 0.109936 -1.56413e-19)
(2.09298 -0.14319 0)
(2.19111 0.381496 0)
(2.08416 -0.0797472 2.63868e-19)
(-0.14978 0.349173 0)
(0.999019 0.0303179 -1.46077e-19)
(0.815814 -0.5183 0)
(0.996598 -0.00483557 1.07962e-19)
(0.668869 -0.306691 -1.89385e-19)
(0.939385 -0.0272855 3.56824e-19)
(1.85075 0.235639 7.37333e-20)
(1.03993 -0.0275892 -3.94513e-19)
(0.91943 0.0265615 4.65568e-20)
(1.6884 0.512848 -6.93306e-20)
(1.05976 -0.0466055 0)
(1.05214 0.00409813 1.17186e-19)
(-0.740817 0.226116 -2.81402e-19)
(1.05776 0.00742277 -1.83879e-19)
(0.870331 0.635705 -3.76609e-19)
(1.02441 0.0106724 1.63318e-21)
(1.9127 -0.302076 0)
(0.303792 -0.0625165 4.61845e-19)
(1.08821 -0.410559 0)
(-1.14657 -0.0105122 1.31789e-19)
(-0.687767 -0.711028 3.45949e-19)
(1.08232 -0.895573 0)
(0.854486 0.00940376 9.60193e-20)
(-1.15482 0.00331947 0)
(1.14704 0.0754083 0)
(-0.0238708 -0.0964888 1.704e-19)
(0.86985 0.0923313 -2.11307e-19)
(0.971022 -0.0389726 -4.18996e-20)
(0.930571 0.686553 -2.99352e-19)
(1.00687 0.0425137 -5.31008e-21)
(1.01155 -0.0265106 1.21566e-19)
(1.91229 0.370089 0)
(1.02369 -0.09432 -4.65629e-20)
(0.897259 -0.674195 1.37072e-20)
(1.02748 -0.020566 2.4599e-19)
(1.07543 -0.0249447 9.4348e-20)
(1.93692 0.312681 0)
(1.0119 -0.0116413 0)
(0.992461 0.86072 -2.44455e-20)
(1.01039 -0.0368903 -1.49498e-19)
(1.13666 -0.46647 -8.26585e-20)
(-0.241873 -0.672726 7.54991e-21)
(1.0245 -0.00222049 0)
(1.04303 -0.00401172 0)
(1.01996 -0.00576351 1.53124e-21)
(0.695845 0.271678 -2.12201e-19)
(1.05238 -0.0225638 1.32123e-21)
(0.986778 0.0701628 2.14001e-19)
(0.440905 0.221363 -1.32606e-19)
(1.15022 0.0362904 0)
(0.854642 -0.0110934 -4.5325e-22)
(1.10237 0.0104187 -9.97191e-20)
(0.747331 -0.0132667 0)
(0.80907 -0.00785882 0)
(0.861545 0.0157818 2.08584e-21)
(0.765981 0.013173 -1.30721e-21)
(0.810118 -0.00300748 9.9514e-20)
(1.11151 -0.00528067 0)
(0.811821 -0.74946 0)
(0.178846 0.02822 -4.75259e-20)
(1.01025 0.70804 -1.80707e-19)
(0.4431 0.0385095 -1.26965e-19)
(-0.25484 0.899344 2.28016e-20)
(1.96006 0.779159 2.64467e-19)
(0.977877 0.0429318 1.54706e-19)
(1.00232 -0.0492649 8.57115e-20)
(0.316399 -0.205187 -6.13492e-19)
(0.0243219 0.0190302 0)
(0.996292 -0.093542 1.31636e-20)
(0.584458 -0.560928 -2.8516e-19)
(-0.846 -0.45915 4.86319e-19)
(0.930483 0.117761 -1.56874e-19)
(0.954085 0.337097 3.04691e-19)
(1.01853 -0.0752683 1.53494e-21)
(1.01234 0.0296891 -2.81381e-20)
(1.03845 -0.0132018 1.16553e-19)
(-0.483795 0.55715 -1.19052e-19)
(-0.140705 -0.378483 -1.87514e-19)
(-0.872746 -0.281088 0)
(1.1656 0.261038 1.12452e-19)
(1.07448 0.0194842 0)
(0.461315 -0.730055 -2.37517e-21)
(-0.252579 0.447661 -2.05105e-19)
(-0.356065 -0.780355 0)
(1.0011 0.00936349 1.6372e-19)
(0.993019 -0.0566537 0)
(1.33225 0.285442 -6.15604e-20)
(-0.860318 -0.307531 -2.47724e-21)
(0.972898 0.0123196 -3.40662e-19)
(0.988742 -0.198189 -5.06085e-22)
(1.56948 0.375771 -1.54685e-21)
(0.526916 0.512977 0)
(0.761818 0.667101 1.41403e-19)
(1.04767 0.00273049 4.88578e-22)
(-0.751108 -0.613004 3.499e-19)
(1.90748 0.268985 -7.50394e-21)
(-0.578342 -0.554791 -2.22496e-19)
(1.3786 0.372707 -3.1992e-19)
(1.54834 1.10868 2.32892e-19)
(0.974606 -0.247163 5.31515e-22)
(0.128358 -0.124675 1.64415e-19)
(0.13344 0.129068 0)
(-0.194225 0.2019 0)
(-0.207099 -0.214711 1.27844e-19)
(1.00765 0.00927538 -1.81925e-19)
(1.01572 -0.00488676 -1.53542e-19)
(-0.844483 0.332968 -2.71066e-19)
(1.7175 -0.458072 -1.03668e-20)
(1.35309 -1.0168 5.56449e-20)
(1.09724 0.737935 0)
(0.92189 0.0543997 -4.71769e-19)
(2.08901 0.408282 -1.29584e-19)
(1.00875 -0.0114976 -4.53871e-20)
(1.10685 -0.168025 -2.99117e-21)
(-0.761578 -0.684858 0)
(2.25745 -0.106977 -3.79604e-20)
(-1.06041 0.0153936 8.05351e-20)
(-0.175996 0.0463345 -3.72422e-19)
(1.00469 -0.0603067 1.65325e-19)
(-0.166412 -0.179809 0)
(2.35471 0.742483 -1.07691e-19)
(0.482249 0.27224 1.04012e-19)
(-0.163405 -0.179605 1.42746e-19)
(1.02955 -0.0376894 2.0211e-19)
(0.690786 0.319065 0)
(-0.285088 0.517852 1.97659e-19)
(0.456676 -0.446306 0)
(0.134974 -0.134947 -3.07095e-19)
(-0.142302 0.157259 1.58059e-19)
(0.138793 0.137403 1.50236e-19)
(-0.134095 -0.147281 -1.56761e-19)
(-0.634598 -0.692967 0)
(0.934336 0.292734 2.047e-21)
(1.02669 0.0164603 1.18228e-21)
(0.691266 -0.625484 2.00523e-19)
(0.996597 -0.00268132 0)
(-0.123958 -0.13735 0)
(0.951199 -0.0627145 1.93046e-19)
(1.48326 -0.694275 -5.06193e-21)
(-0.0225889 0.577275 -3.8476e-20)
(0.961993 0.0495954 -2.12983e-19)
(0.635123 -0.582675 3.58254e-19)
(1.38454 -0.687202 -1.18884e-19)
(-0.822665 -0.232753 -7.13396e-19)
(1.06633 0.0786059 0)
(1.06029 -0.00598507 -2.33087e-19)
(-0.0619069 -0.0828766 0)
(0.458765 -0.938304 -6.67894e-20)
(0.150305 0.149647 1.44037e-19)
(-0.110898 -0.132549 0)
(1.09048 0.118284 -1.40068e-19)
(1.04245 -0.00914883 0)
(1.03906 -0.0869697 0)
(-0.133779 -0.357969 1.56852e-19)
(0.489682 0.795753 -1.95313e-20)
(-0.0126356 -0.0253631 -1.41946e-19)
(-0.166527 0.180493 1.51481e-19)
(0.123488 0.11288 0)
(0.980329 -0.0926771 -2.37438e-19)
(0.135511 -0.135614 -1.5184e-19)
(0.144114 0.139873 -2.85192e-19)
(0.199928 0.193445 1.03651e-19)
(0.956366 0.0229377 5.70071e-19)
(0.184637 0.176448 -1.1482e-19)
(0.000700054 -0.0126555 1.3164e-19)
(0.14811 0.149002 -2.69568e-19)
(0.187903 -0.187093 -2.34508e-19)
(-0.0774345 0.0949162 0)
(-0.0766882 -0.0915181 3.14282e-19)
(-0.806302 0.237978 6.72991e-19)
(0.153957 0.150379 0)
(1.06271 -0.356477 0)
(-0.613611 -0.778889 0)
(1.04363 -0.00824896 3.79713e-21)
(0.218148 0.214803 2.37876e-21)
(-0.0809175 0.0891564 -9.23017e-20)
(-0.201791 0.194641 1.32669e-19)
(0.192578 0.187613 -1.09824e-19)
(0.15705 -0.152294 0)
(-0.0279124 -0.0379953 1.52935e-19)
(-0.0205854 0.0361537 1.463e-21)
(-0.604011 -0.82931 -3.26614e-19)
(1.03163 -0.0013221 -1.76627e-21)
(0.0163622 -0.663792 6.22581e-20)
(-0.128068 0.148959 -1.55016e-19)
(0.017833 0.000191047 0)
(0.215555 0.214933 0)
(0.172765 -0.172041 -5.3943e-20)
(0.0148739 -0.00518726 -1.40678e-19)
(2.19468 0.468538 2.42297e-19)
(1.5202 -0.579737 -4.6135e-19)
(0.198663 0.201688 1.93075e-19)
(-0.438938 -0.533877 1.21311e-19)
(-0.176467 0.187066 1.50759e-19)
(0.0243111 0.0147894 -3.67866e-19)
(0.205787 -0.205285 2.00612e-19)
(0.0516934 0.365303 4.07043e-20)
(-0.0398601 0.055872 0)
(0.134578 -0.132042 -3.15056e-19)
(1.01034 -0.0752437 0)
(1.48791 -0.312699 0)
(0.568355 -0.497947 -3.32756e-19)
(1.02317 -0.00244525 6.12938e-21)
(0.180062 -0.173565 1.11253e-19)
(1.00518 0.028349 1.57952e-19)
(0.86312 -0.100335 2.26609e-19)
(0.412168 -0.397425 4.63572e-19)
(1.06462 0.0205852 -2.70515e-21)
(0.224432 0.212666 7.56884e-20)
(0.828978 0.570208 0)
(0.615195 -0.535183 1.72851e-20)
(0.0298812 0.0235605 1.17909e-19)
(0.411445 0.0604383 1.9433e-20)
(1.00957 -0.109092 6.88065e-20)
(1.05574 -0.240842 0)
(0.921613 -0.125202 5.62786e-19)
(-0.0590113 0.0765989 0)
(1.16609 0.841359 0)
(1.11607 -0.193693 1.54327e-19)
(1.14177 0.345325 1.71974e-19)
(1.08835 -0.00146076 0)
(-0.10843 0.921061 1.31034e-19)
(-0.128091 0.156928 7.97262e-21)
(1.04477 0.00564596 -2.22923e-19)
(-0.26341 -0.726378 0)
(1.12247 -0.233237 0)
(1.04284 0.0177928 0)
(0.113572 0.111584 3.86866e-19)
(0.029765 0.0276866 0)
(0.194415 0.184841 9.08831e-20)
(0.169746 -0.156465 0)
(0.0315085 -0.0267174 -1.31747e-19)
(0.0273356 0.0261947 0)
(1.38458 -0.206809 4.41035e-19)
(0.846684 -0.401795 -4.66751e-19)
(0.0272811 -0.0220985 1.06983e-21)
(-0.144553 -0.29559 -3.02513e-19)
(0.252817 -0.244269 0)
(0.244578 0.23234 0)
(-1.05368 -0.121625 4.04715e-19)
(0.938525 0.0585259 3.66813e-21)
(1.07409 -0.357848 -1.63659e-19)
(0.0220032 -0.0131264 4.04788e-19)
(-0.180037 0.116611 2.39206e-19)
(1.0294 0.138145 2.07426e-19)
(0.215473 0.982363 0)
(0.032437 0.030601 -9.87465e-22)
(-0.444655 -0.920893 3.06747e-20)
(-0.0939964 0.0126208 0)
(2.11386 0.00547351 -1.50279e-19)
(1.01378 0.13361 0)
(0.997722 -0.0947942 2.72828e-19)
(0.464409 0.499732 0)
(0.228909 -0.213066 -3.75234e-21)
(1.01385 -0.0248562 1.39971e-19)
(0.56027 0.152907 3.47663e-19)
(1.3395 -0.769184 1.36977e-19)
(0.311822 0.291308 1.8446e-22)
(1.64736 0.496678 0)
(0.946962 -0.584399 5.98412e-20)
(1.8163 -0.896614 1.92449e-19)
(0.0369944 -0.0334746 2.53455e-19)
(1.12804 -0.230065 -1.79898e-21)
(2.33165 0.382161 1.21941e-19)
(0.0319594 -0.0309413 -7.36718e-20)
(1.01625 0.00920328 2.02513e-19)
(-0.14348 0.622518 -2.71208e-19)
(0.337981 0.314356 0)
(0.0327761 0.0317307 0)
(0.258756 0.244924 6.2636e-20)
(0.293802 -0.274008 -1.75874e-19)
(0.0382444 -0.0371433 2.60033e-19)
(1.06351 -0.772471 -5.86158e-20)
(1.25014 1.05524 6.63468e-20)
(0.331154 -0.315455 0)
(0.0339304 -0.0382921 0)
(0.278382 0.263677 0)
(0.0383646 0.0326042 -1.54495e-19)
(0.271112 -0.268318 0)
(0.0346027 0.0406556 -1.91766e-19)
(0.298365 0.280762 -3.83041e-20)
(0.0183837 -0.0335497 0)
(0.257107 -0.252619 0)
(-0.445894 0.36089 0)
(-0.0134999 -0.015498 0)
(-0.0413184 0.0185861 -7.2089e-20)
(-0.151178 -0.53927 0)
(1.01767 0.00450608 2.15789e-19)
(0.465116 -0.435197 2.75089e-20)
(-0.0946439 0.0607382 -1.25187e-19)
(-0.024644 0.000630137 3.42097e-19)
(0.377703 0.346468 2.14626e-21)
(1.6146 0.380456 0)
(-0.195244 0.622444 0)
(-0.17976 -0.693102 3.29737e-20)
(-0.139799 0.112665 0)
(0.360656 -0.338893 0)
(-0.0582508 -0.033489 0)
(0.428799 0.388583 0)
(-0.094665 -0.073088 2.10072e-19)
(0.508012 0.471086 7.89454e-20)
(-0.169393 0.163351 -5.55355e-19)
(0.536973 -0.495573 -9.24702e-20)
(1.10203 0.12868 0)
(1.02036 -0.00858955 4.06483e-21)
(-0.61548 0.528227 -2.96912e-19)
(1.01988 0.0645154 -1.95716e-19)
(1.44844 -0.116168 0)
(1.04254 0.00909776 1.66616e-21)
(1.34766 -0.479001 1.21441e-19)
(1.01608 0.0137262 0)
(0.0794716 -0.434629 8.09658e-19)
(-0.0533247 0.386756 1.80495e-20)
(0.00453203 0.0199849 5.45878e-22)
(-1.21013 0.0713852 0)
(1.10172 -0.164041 -1.90184e-19)
(0.373669 0.224693 3.7516e-19)
(1.22192 0.130329 -2.33334e-20)
(1.05318 0.025441 2.62502e-21)
(1.54872 -0.728811 3.19106e-21)
(-0.506345 -0.51965 -1.28066e-19)
(1.93802 0.13049 2.4552e-20)
(1.87434 -0.698856 1.80239e-19)
(1.0316 0.0800399 -2.6242e-20)
(-0.604152 0.261829 2.67758e-19)
(1.09256 -0.00966218 0)
(1.99775 -0.552718 -1.45824e-20)
(0.138998 0.102018 -2.78891e-21)
(1.25656 -0.253183 0)
(0.120564 -0.111192 -5.22507e-19)
(-0.0067415 0.0189025 0)
(0.521709 -0.480092 0)
(1.96569 0.621052 -1.11133e-19)
(0.895642 -0.407435 0)
(2.07496 0.227917 1.80907e-19)
(0.0186433 0.0249652 1.9403e-19)
(0.262942 -0.267564 7.57843e-20)
(1.02082 -0.0485272 0)
(0.0498631 -0.873451 0)
(-0.0182066 -0.0533379 1.65193e-19)
(-0.125709 -0.137849 2.34304e-19)
(1.00248 0.267002 -1.82858e-19)
(0.883092 0.612555 -7.66837e-19)
(1.01185 0.022512 -7.46658e-21)
(2.18944 -0.30579 0)
(-0.396436 -0.843153 3.47251e-19)
(-0.191862 -0.282899 0)
(0.633235 0.0785809 2.93979e-19)
(0.961868 0.167288 -4.10923e-20)
(0.685797 -0.583716 -1.66801e-19)
(0.993711 0.134684 2.87528e-19)
(1.0088 0.0197762 0)
(1.04053 0.018197 8.60363e-21)
(2.03727 -0.151002 0)
(0.544572 0.499744 0)
(1.02746 1.13443 0)
(-0.453895 -0.403392 -5.29163e-20)
(0.330822 0.268409 2.14958e-19)
(-0.32838 0.831696 0)
(1.07097 0.0799847 1.2466e-19)
(1.02345 -0.214911 0)
(0.512032 -0.00652177 1.41843e-19)
(0.361737 -0.145054 1.88866e-19)
(-0.227191 0.880045 4.56049e-19)
(0.919644 0.156415 -6.84106e-19)
(0.971742 -0.0399786 1.62394e-21)
(1.48079 -0.574861 1.37538e-19)
(1.54959 -1.03826 -2.59222e-20)
(0.147171 0.0443617 1.7967e-19)
(1.15711 0.0871538 0)
(0.442712 0.6657 0)
(-0.334258 0.619762 0)
(1.37981 -0.0961192 1.41532e-19)
(-1.06117 -0.0737384 -1.32629e-19)
(0.281905 -0.259867 -1.51664e-19)
(1.56122 0.354685 2.75636e-20)
(0.81009 0.527267 -5.90434e-20)
(0.827386 0.256189 4.81132e-21)
(0.942723 0.233848 5.59196e-20)
(1.89148 -0.492014 -6.37023e-20)
(-0.123169 -0.76823 1.25039e-19)
(-0.862597 -0.297635 0)
(0.90146 0.00140826 0)
(-0.718079 -0.25079 2.12153e-19)
(0.160918 0.159478 0)
(1.99516 0.463707 0)
(-0.920139 -0.0503935 1.72131e-19)
(0.563738 0.481749 -1.9638e-19)
(0.474904 -0.375806 2.64996e-19)
(-0.279139 -0.0638729 0)
(1.41243 0.928661 -8.66555e-21)
(1.07121 0.0227327 0)
(-1.03757 -0.267577 -8.20543e-19)
(-0.959755 0.206255 -2.7785e-19)
(1.21514 -0.396643 6.95988e-20)
(0.466197 0.434895 4.45216e-19)
(0.716658 -0.219304 1.93344e-19)
(-0.787277 0.562775 0)
(1.10573 0.0729788 1.30626e-19)
(1.0074 0.569916 -7.63721e-20)
(-0.171275 -0.137286 0)
(0.693284 -0.235678 0)
(1.3243 0.846744 3.40455e-20)
(0.00603356 0.00766279 -2.82658e-19)
(1.13653 -0.107862 2.96335e-21)
(1.04537 -0.0166719 0)
(1.048 0.00824712 3.83045e-21)
(0.77065 0.44561 0)
(-0.553171 -0.172173 -3.01632e-19)
(1.29089 0.917302 -4.30837e-20)
(1.04195 0.00564716 4.97253e-21)
(1.02926 -0.00870505 9.03681e-21)
(-0.382705 -0.0607044 -3.13954e-21)
(-0.130488 -0.694724 -1.31532e-19)
(1.00854 0.0859077 2.00086e-19)
(-0.201376 -0.614142 0)
(0.977717 0.196331 2.79574e-21)
(1.74315 0.396735 -3.28842e-20)
(1.48979 -0.836244 6.71933e-20)
(1.2358 -0.268299 -1.0202e-19)
(1.59618 -0.279918 4.06572e-20)
(-0.207153 -0.250248 6.21997e-20)
(0.632148 0.565925 1.86067e-19)
(0.151001 -0.0776506 2.56897e-19)
(1.02595 -0.00356307 1.32381e-21)
(1.03084 -0.00737441 -9.7122e-22)
(2.11378 -0.527967 6.8171e-20)
(0.888274 0.608379 1.08609e-19)
(-0.0779251 0.711314 6.94021e-19)
(1.87896 0.918898 -2.14866e-19)
(0.959494 0.267396 -1.21546e-19)
(-0.95025 -0.439716 -1.79477e-19)
(-0.495569 0.656868 0)
(0.985862 0.00194872 4.50444e-19)
(1.07084 -0.55252 0)
(0.869998 0.569544 -1.13557e-19)
(1.03148 -0.00568945 2.68735e-21)
(-0.27333 -0.794751 -2.04115e-20)
(1.84701 -0.420498 0)
(1.10162 -0.375125 0)
(1.60717 -0.323367 1.06089e-19)
(1.5285 0.579672 3.94528e-19)
(1.05244 -0.309571 0)
(-0.40904 -0.870995 -3.19954e-19)
(0.909934 -0.0639212 -2.17366e-19)
(0.749673 -0.628115 -5.1004e-20)
(-0.852314 -0.174869 3.86989e-19)
(-0.290516 -0.327411 -1.40326e-19)
(-0.019151 0.00786361 -2.61448e-19)
(0.115371 -0.06323 -1.68341e-19)
(-0.197883 -0.262885 8.65564e-21)
(0.82319 -0.271892 -1.27366e-19)
(1.02474 -0.00612756 -2.94738e-21)
(0.665135 -0.00526746 0)
(0.801885 0.112283 2.68262e-19)
(1.16938 -0.36115 3.6163e-21)
(0.981153 -0.138295 -4.49336e-21)
(0.601836 0.538345 1.50973e-19)
(1.84616 0.121725 -1.93758e-20)
(1.43926 -0.704486 -2.90752e-21)
(1.06353 -0.0363567 3.59428e-20)
(0.828141 -0.353637 1.28987e-19)
(0.492381 -0.197071 0)
(-0.275569 -0.307181 1.46038e-19)
(0.955621 0.107512 1.34401e-19)
(1.0999 0.701207 7.29244e-20)
(-0.24915 -0.282325 3.13475e-19)
(1.01751 -0.614034 2.45576e-19)
(0.123556 -0.111445 0)
(1.84278 0.878704 0)
(0.240997 0.235331 3.0071e-19)
(1.58728 0.556368 0)
(-0.313968 0.333687 0)
(0.968353 -0.634718 -2.16091e-19)
(-0.229387 -0.256997 4.71985e-19)
(-0.098553 -0.0877233 1.84878e-19)
(1.08643 -0.0622667 4.27239e-20)
(1.60824 1.06442 -2.7274e-23)
(0.925336 -0.0332868 -1.52228e-19)
(0.125852 -0.122907 7.74343e-20)
(1.04359 0.143102 -1.44027e-19)
(-0.303696 0.331856 4.44117e-19)
(1.04599 0.356685 0)
(0.244775 0.244713 -1.51461e-19)
(-0.89011 0.355987 2.47152e-19)
(1.85676 0.345395 0)
(-0.01575 -0.494159 -1.81151e-20)
(0.0228664 0.0649083 1.60813e-19)
(-0.810635 -0.242368 0)
(0.0111063 -0.0397085 -5.71286e-20)
(0.222246 -0.218923 0)
(0.98883 -0.732694 0)
(-0.265121 0.298152 3.16935e-19)
(0.559626 -0.532632 3.96701e-19)
(-0.207584 -0.24236 -2.8827e-19)
(-0.653913 -0.164949 -2.60244e-19)
(0.234146 -0.235013 -1.54718e-19)
(0.251681 0.247383 4.41924e-19)
(0.319317 -0.818378 -2.86434e-19)
(-1.07635 0.0341083 -1.65819e-19)
(0.0292944 0.0289576 0)
(-0.380762 -0.842613 2.63866e-19)
(1.01466 -0.137502 -2.83067e-19)
(-0.241076 0.27507 1.51211e-19)
(1.6028 -0.51292 1.24348e-20)
(1.60022 0.274634 0)
(2.04153 0.24868 -2.56503e-20)
(0.931356 -0.0302937 0)
(-0.146362 -0.16996 0)
(0.217055 0.21769 0)
(0.964929 0.0756557 0)
(1.08335 -0.240738 0)
(0.975658 0.106484 -2.65956e-19)
(0.245958 0.24569 -1.44535e-19)
(-0.993738 -0.107586 -2.37605e-19)
(-0.165939 -0.202215 3.18297e-19)
(0.964662 -0.193822 1.44445e-19)
(0.771167 -0.344356 0)
(-0.354935 0.110224 -3.36309e-19)
(1.00495 -0.0220213 -1.79604e-19)
(-0.124602 -0.0581397 2.58017e-20)
(-0.0324248 -0.0554163 0)
(-0.234404 -0.28609 -1.68084e-19)
(0.291395 0.272611 -1.3659e-21)
(0.262757 0.251186 0)
(-0.0570112 -0.0828283 1.48128e-19)
(-0.671597 0.643839 3.27134e-19)
(1.2624 -0.492097 1.5035e-19)
(1.74181 -0.405858 3.93606e-21)
(1.68348 -0.194747 -5.2839e-19)
(1.01703 0.0450145 0)
(0.340649 0.331954 -1.96254e-19)
(-1.10882 0.095425 3.27581e-19)
(0.322554 0.313573 -3.28839e-19)
(0.317409 0.308782 1.05803e-19)
(1.09856 -0.249579 0)
(-0.169281 0.199085 8.63865e-20)
(-0.289662 0.317919 0)
(-0.00777871 -0.0295068 3.56194e-19)
(-0.194453 -0.243037 3.3864e-19)
(0.486896 -0.365386 5.63619e-19)
(1.02306 -0.0563578 7.45598e-21)
(0.348102 0.34774 0)
(-0.195419 0.219143 3.73148e-19)
(0.228589 -0.231112 3.15029e-19)
(1.15611 0.140494 -4.26596e-21)
(0.343665 0.34398 0)
(1.0062 0.335 -9.11451e-21)
(0.152345 0.871902 -4.55096e-20)
(1.32418 0.263336 1.17403e-20)
(0.0131831 -0.00418655 0)
(1.1964 0.761974 0)
(-0.075176 0.0986477 -4.49636e-19)
(0.324233 -0.326657 -2.28442e-19)
(0.256579 -0.228851 1.97368e-20)
(2.03185 0.231984 -5.48349e-20)
(1.09219 0.338827 -1.05273e-19)
(0.302181 -0.294103 -2.33206e-19)
(1.02561 -0.0169152 3.0288e-19)
(0.986734 0.0798246 0)
(1.01056 0.00292542 1.19483e-22)
(1.0439 0.0208807 1.08089e-19)
(1.00117 0.00431476 -8.46401e-22)
(1.375 -0.491499 0)
(1.16786 0.17431 -9.17467e-20)
(1.97752 0.441997 -2.23284e-19)
(-0.136822 0.171578 0)
(-0.172042 0.117846 4.38585e-19)
(1.80329 0.473553 0)
(1.01254 -0.00699436 4.76872e-20)
(0.325139 -0.314691 -1.07893e-19)
(0.989744 0.0245077 4.95379e-19)
(1.34425 0.63092 0)
(1.16583 -0.892013 0)
(0.02446 0.0199273 1.2311e-19)
(0.103199 -0.00496227 0)
(1.05935 -0.0308696 6.33443e-20)
(0.544376 0.424532 5.4348e-20)
(0.740738 -0.00834094 -4.04859e-19)
(-0.107051 0.133157 0)
(-0.580053 0.0146039 2.95454e-19)
(-1.04027 -0.122844 0)
(1.87465 0.791684 0)
(0.0671496 0.0638546 0)
(0.0550135 0.0660685 1.11369e-19)
(1.73702 0.762908 -6.84228e-20)
(1.01437 0.0665971 0)
(-0.310774 0.306058 1.31617e-19)
(0.0123817 -0.00430601 0)
(1.04636 0.00583385 0)
(1.59015 -0.77971 -2.41506e-20)
(0.394755 0.370676 1.5539e-19)
(0.569419 0.296278 5.01729e-20)
(0.0341742 0.036608 -1.27663e-19)
(1.07829 -0.513465 -5.15142e-19)
(1.043 0.282054 0)
(0.390764 0.0013474 1.42977e-19)
(1.02941 0.00318244 0)
(0.886831 -0.051991 2.97466e-19)
(0.235314 0.108754 -1.48171e-19)
(0.415657 0.392651 -7.51382e-20)
(0.748807 0.243858 1.6577e-19)
(-0.573458 0.751343 3.26362e-19)
(1.05262 0.00212115 -5.42722e-21)
(0.207673 -0.204909 1.71241e-19)
(0.0413228 0.0437552 2.79745e-19)
(1.48365 -0.419298 -7.99297e-20)
(-0.044666 0.0667637 1.48547e-19)
(-0.0271749 -0.032782 0)
(-0.15116 -0.135735 -1.04955e-19)
(0.0382798 -0.0352821 1.35085e-19)
(1.01642 -0.187238 0)
(0.386723 -0.355376 1.06687e-19)
(0.267894 0.263483 1.30948e-19)
(0.259869 0.261044 -2.87915e-19)
(1.03632 -0.00353611 0)
(0.354943 -0.355125 -1.8744e-19)
(1.68802 0.465848 0)
(1.04244 0.00812707 -2.11553e-21)
(0.0480941 0.0444447 1.35971e-19)
(0.881686 -0.0347788 0)
(0.605354 0.569642 -1.54288e-19)
(0.985059 0.00622149 -2.23706e-19)
(1.07893 -0.0202364 -1.08704e-19)
(0.908431 -0.00994672 -8.44464e-22)
(0.886225 0.0123797 1.4263e-21)
(1.05338 0.0282345 -2.95819e-19)
(1.67258 0.34969 -3.00657e-20)
(-0.134122 -0.074691 1.81463e-19)
(0.0290738 -0.0199388 -2.72061e-19)
(-0.0987972 -0.0202298 -2.4431e-19)
(1.29137 -0.343828 6.91953e-20)
(0.0519813 -0.0446375 8.36862e-22)
(1.06357 -0.0240547 -1.28722e-19)
(0.416398 -0.403801 6.70009e-20)
(0.00562571 -0.0718398 3.44983e-19)
(0.239567 -0.228749 0)
(-0.447482 0.654582 1.83448e-21)
(1.6402 0.990675 0)
(0.880547 0.0127251 -1.21377e-19)
(-0.481346 -0.0800937 -2.66283e-19)
(-0.703734 -0.294068 -2.46626e-19)
(1.07359 1.00028 0)
(0.442002 0.415497 -1.94555e-19)
(0.000239834 0.0166224 1.44502e-19)
(0.799627 0.410665 -4.78964e-19)
(0.553436 0.538918 -9.94581e-20)
(1.02254 -0.027929 0)
(1.05385 -0.00797642 -8.48326e-21)
(1.69563 -0.346555 -9.12924e-21)
(0.405896 1.0377 0)
(0.0508012 0.0506953 -1.17488e-19)
(1.02961 -0.0479204 -8.08043e-21)
(0.390504 0.0278827 5.98158e-19)
(1.80552 -0.385718 5.19245e-21)
(0.463341 -0.425622 -1.35146e-19)
(-0.936664 -0.200815 1.66811e-19)
(0.0558148 -0.054174 -1.50686e-19)
(0.536367 0.44709 -3.0444e-19)
(0.587101 0.535703 -7.4622e-20)
(0.538155 0.497816 6.31682e-21)
(0.0608697 -0.0558966 7.02829e-20)
(-0.0979727 -0.110745 -1.96249e-19)
(1.0197 0.0212545 1.46593e-19)
(0.27144 -0.26197 0)
(0.470225 0.441416 0)
(0.493668 -0.46269 1.12544e-19)
(0.05899 -0.0612444 -2.58282e-19)
(-0.446707 -0.45277 -7.53875e-20)
(1.93305 -0.344233 2.32334e-20)
(0.504992 0.467847 0)
(0.471603 -0.468914 0)
(0.0451627 -0.057557 0)
(1.11671 0.040467 7.24185e-20)
(0.65503 0.584443 0)
(0.00102139 -0.0422384 2.52333e-19)
(0.212841 0.209336 -5.71645e-19)
(-0.0471222 -0.00181989 7.08476e-20)
(1.80392 0.793867 2.03129e-19)
(-0.0741441 -0.0926105 -2.01186e-19)
(1.2733 0.490545 -2.14481e-19)
(0.147365 -0.129327 -2.47237e-19)
(-0.119427 0.0517137 4.1965e-19)
(-0.460672 0.504126 -4.39224e-19)
(-0.0747087 -0.017184 -2.36258e-19)
(0.684716 -0.644659 0)
(-0.181389 0.122455 -2.47964e-19)
(0.746231 0.646445 0)
(-0.463731 0.422121 1.26343e-19)
(1.01697 0.00192697 2.15032e-21)
(0.724621 0.392799 -3.20625e-20)
(-0.221664 0.163784 1.27321e-19)
(0.845975 -0.696901 0)
(-0.121022 -0.0656546 2.25204e-19)
(0.872423 0.72744 -4.10461e-20)
(0.381013 0.358848 -2.23108e-19)
(0.36061 -0.265192 4.45356e-19)
(0.540789 0.476132 1.47176e-19)
(1.00847 0.0056883 0)
(0.479717 0.451044 0)
(1.81327 0.459596 0)
(1.03805 0.00358832 0)
(-0.309771 0.394518 -1.3538e-19)
(0.752341 -0.611755 3.69156e-19)
(-0.0190968 0.0193869 1.85068e-22)
(1.17297 -0.461727 2.83931e-19)
(0.414127 -0.381902 2.27153e-19)
(2.24532 0.133748 0)
(1.39323 -0.333154 0)
(0.660591 -0.467043 -7.15438e-19)
(0.430362 -0.140147 0)
(1.76281 0.32032 -1.21101e-20)
(0.544299 -0.182876 -2.01779e-20)
(0.708706 0.655282 1.85478e-19)
(1.16807 0.248941 8.5755e-20)
(-0.0237234 0.0381452 0)
(-0.204403 0.283819 1.3572e-19)
(0.0370618 0.0520523 0)
(1.07336 0.25376 8.36285e-19)
(0.617464 -0.0279662 1.42576e-21)
(0.721251 0.347473 0)
(1.01251 0.00705594 1.38492e-19)
(1.32283 -0.244209 1.15463e-19)
(1.01371 -0.0108341 -3.93284e-22)
(0.301602 -0.283223 1.38386e-19)
(0.307615 0.303098 0)
(-0.108669 -0.0697316 0)
(-0.310408 -0.871251 9.0361e-20)
(1.55088 0.201269 7.38474e-20)
(1.05115 0.00599159 2.7458e-21)
(0.137168 0.128217 0)
(1.01541 -0.0314273 4.69185e-19)
(1.4134 -0.985859 1.94188e-20)
(-0.337305 0.750272 4.93463e-19)
(-0.110149 -0.117 -3.68342e-19)
(1.04144 0.117796 3.46416e-19)
(0.0206497 0.0350081 2.00402e-19)
(1.46765 -0.512468 0)
(0.354853 -0.316912 -2.87606e-19)
(1.05258 -0.0234659 -5.42867e-20)
(1.01258 -0.0193428 -2.0037e-19)
(0.97421 -0.000221939 -1.79419e-21)
(0.99314 -0.0134317 4.28618e-22)
(1.0352 0.0273758 -1.59393e-19)
(1.22052 0.13277 0)
(0.0654595 0.0604618 -1.88536e-19)
(0.854383 1.12908 -3.63917e-19)
(-0.505641 -0.548489 1.03373e-19)
(0.337872 0.317827 -1.13633e-19)
(-0.0239735 0.0669311 0)
(0.0328957 -0.0263292 0)
(1.71211 -0.782098 -9.56883e-20)
(0.998134 0.0913882 1.48923e-20)
(0.436696 0.519635 4.55596e-19)
(-0.233228 -0.326281 -2.69458e-19)
(1.00719 0.0238703 -6.41089e-22)
(0.721638 -0.683738 -5.58838e-20)
(1.21061 -0.0666163 1.51541e-20)
(1.03172 -0.00699548 -7.51446e-20)
(0.0513058 0.0494554 0)
(0.948815 0.646249 3.29031e-19)
(0.764769 -0.211144 0)
(0.376024 -0.349147 0)
(0.0521194 0.0535509 2.18301e-19)
(1.04594 -0.0323997 2.57303e-19)
(0.497225 -0.465721 0)
(0.796384 0.726104 4.92503e-21)
(-0.791984 -0.0959443 -2.12129e-19)
(0.040831 -0.0121858 1.25301e-19)
(0.323911 0.144181 2.01627e-19)
(1.39992 -0.217423 -2.5344e-20)
(2.16238 -0.159092 -4.4398e-19)
(1.65077 -0.258782 -1.31362e-20)
(0.95054 0.569398 1.11844e-19)
(1.03075 0.233002 1.673e-19)
(-0.506825 -0.478073 -7.74202e-20)
(-1.19508 -0.154312 3.50482e-19)
(1.04947 -0.0113366 0)
(1.05147 0.221481 2.43983e-19)
(1.30506 -0.461175 1.19369e-19)
(-0.589393 0.608705 0)
(1.04902 -0.00256548 -2.69402e-21)
(1.02542 0.0192627 3.2933e-20)
(-0.923335 0.480851 0)
(1.01156 0.107153 -1.36576e-20)
(0.641141 -0.214047 0)
(0.558146 -0.535865 -4.20941e-20)
(1.00421 0.202397 1.81069e-19)
(0.810742 0.449106 2.31044e-19)
(0.75941 0.404986 3.34692e-20)
(1.03562 -0.0206689 0)
(-1.06859 -0.142105 -1.79222e-19)
(1.57554 -0.987573 9.46666e-20)
(1.05179 0.810893 5.47141e-20)
(-0.140015 -0.126303 1.79908e-19)
(2.04557 -0.198919 1.66755e-19)
(0.074137 -0.0846779 1.09815e-19)
(0.814047 0.256667 0)
(0.830844 0.491752 0)
(-0.392928 -0.457121 2.6735e-19)
(1.03408 -0.166624 0)
(-0.454343 0.178807 -1.11455e-20)
(1.01893 -0.012943 2.68668e-20)
(-0.0168022 -0.07311 1.12268e-21)
(1.09348 0.0226703 1.05407e-21)
(1.34853 -0.367753 -5.35427e-21)
(1.27392 -0.156769 0)
(1.02391 0.00308326 -3.83986e-19)
(0.760552 0.686068 1.4675e-19)
(0.833609 0.0620113 -1.19706e-18)
(1.09306 -0.840406 7.1051e-20)
(0.573981 0.0496414 3.40277e-21)
(0.750445 0.418641 -3.94321e-19)
(1.00684 -0.064848 1.14129e-20)
(1.36301 -0.264524 2.85075e-19)
(-0.626202 0.606133 0)
(0.628681 0.179633 0)
(0.94874 -0.0806533 -2.81061e-19)
(1.07255 0.6141 0)
(0.848919 -0.315212 2.77114e-19)
(-0.982163 -0.292781 0)
(1.13389 0.069173 1.6532e-20)
(-0.0257823 -0.0830292 -1.29847e-19)
(1.84211 0.730963 0)
(-0.452503 -0.530149 0)
(1.84807 0.518617 5.10724e-20)
(-1.04919 0.152139 0)
(0.244921 0.73685 -4.07751e-19)
(0.924927 0.609908 -1.09929e-19)
(2.12952 -0.369409 -2.23121e-20)
(0.19961 -0.179901 1.54378e-19)
(-0.212472 0.157575 1.43239e-19)
(1.93081 -0.454338 0)
(0.121314 -0.117916 -2.25335e-19)
(0.0229497 -0.0761894 0)
(1.05824 -0.161043 -1.18077e-19)
(-0.0746707 -0.109629 -3.31065e-19)
(-0.913317 -0.323403 3.55868e-19)
(1.22988 -0.225078 9.26593e-20)
(1.911 -0.236351 4.30539e-20)
(0.437138 0.42171 0)
(0.701473 -0.283352 -8.72025e-20)
(0.258866 1.04698 2.15371e-19)
(1.24808 0.203255 0)
(1.03832 0.579057 0)
(-0.115465 -0.040329 -1.8779e-19)
(1.53404 -0.371306 -1.6833e-19)
(0.863952 -0.228489 -9.57779e-20)
(2.17879 -0.370091 7.6676e-19)
(1.63848 -0.785089 -6.45667e-20)
(1.55913 0.188275 -3.69602e-19)
(1.0694 0.65378 -1.59147e-19)
(1.96586 -0.401266 6.23009e-20)
(-0.395266 -0.439268 -1.75402e-19)
(1.02005 0.0192651 2.72595e-19)
(1.65704 0.232568 1.06881e-20)
(1.67433 0.257226 -4.40754e-19)
(1.00705 0.0556078 7.54696e-21)
(-0.565619 0.0911252 1.8855e-19)
(-1.13022 -0.0455993 0)
(-0.894706 0.418093 0)
(0.734556 0.236464 0)
(1.80192 -0.253646 7.18773e-20)
(-0.5507 -0.60941 -3.03528e-19)
(0.496456 0.398189 0)
(0.029084 0.00379566 1.33238e-19)
(1.60489 -0.344199 -4.85169e-20)
(-0.0528398 0.0278904 -1.9247e-19)
(1.01348 0.679187 1.96304e-19)
(1.23343 0.322424 1.54257e-19)
(-0.705778 -0.0889857 1.23299e-19)
(0.892962 0.791891 -1.69055e-19)
(1.1697 -0.272833 6.76134e-20)
(0.942096 0.00679301 -2.55108e-19)
(1.05763 -0.0509316 -9.35111e-20)
(0.775899 0.280068 0)
(0.164463 -0.0525899 0)
(1.11926 -0.163255 5.49601e-20)
(1.38938 -0.248204 -1.32e-19)
(-0.99764 0.267999 -1.18273e-20)
(1.04079 0.261308 1.90404e-19)
(1.31622 1.04626 0)
(0.914561 0.480836 -1.6974e-19)
(0.620947 0.793148 -7.69983e-20)
(0.754625 -0.28468 3.64313e-19)
(0.777218 -0.262154 -1.21003e-19)
(1.96241 0.176797 4.22332e-19)
(-0.662595 -0.0259174 1.38007e-19)
(-0.960838 -0.234315 -1.54272e-19)
(0.495355 0.482766 3.99772e-19)
(-0.639999 0.163174 -4.58077e-19)
(1.59026 0.049671 -1.20733e-20)
(1.6961 0.01663 4.70635e-19)
(0.00957299 0.0730482 -4.36154e-19)
(0.573244 0.400799 -3.05164e-19)
(0.874249 0.492566 0)
(-0.13494 0.192567 -1.57487e-19)
(-0.448267 0.461207 -3.35978e-19)
(-0.373136 0.717303 -2.86514e-19)
(-0.0462233 0.0901151 -1.58214e-19)
(1.06563 0.0448503 -7.68982e-20)
(-0.562495 0.787715 -1.88906e-19)
(0.893854 0.527742 1.02123e-19)
(1.42042 0.819017 1.37416e-20)
(0.721441 0.665755 0)
(0.989799 0.641252 0)
(-0.14292 -0.065818 -1.92324e-19)
(-0.74079 0.05765 0)
(0.936708 0.532136 -1.01247e-19)
(0.0098146 -0.0366714 0)
(1.03124 0.00245797 -2.93416e-21)
(0.664608 -0.0186597 5.90903e-19)
(-0.0361885 -0.0850758 1.88688e-21)
(-0.12062 0.285916 0)
(0.551888 0.521809 0)
(-0.865549 0.313481 2.80039e-19)
(-0.476697 0.49755 1.38994e-19)
(1.82911 -0.319207 -1.87051e-20)
(-0.603792 -0.470011 2.9762e-19)
(0.547533 -0.0592242 -4.98623e-19)
(2.15656 -0.423844 3.70106e-20)
(1.67276 -0.165274 -2.42305e-20)
(-0.206099 0.300077 -1.40923e-19)
(0.358609 -0.341735 -3.39889e-19)
(-0.269093 0.358764 2.45488e-19)
(-0.515567 0.495139 0)
(0.77619 0.707292 1.87633e-20)
(1.85035 0.0485288 -5.59674e-19)
(-0.0464192 0.0393346 -5.39512e-22)
(0.560901 -0.137275 0)
(0.630001 0.591183 -2.19137e-20)
(0.468145 -0.455974 2.52938e-19)
(-0.526366 0.574515 1.58897e-21)
(0.398891 0.385901 -3.28579e-19)
(1.07615 0.0261766 0)
(2.21526 -0.259176 4.18576e-19)
(-0.498615 0.56577 0)
(-0.600307 0.66557 -1.9854e-19)
(-0.328098 0.462085 1.11588e-19)
(0.420119 0.397764 2.58145e-19)
(0.807806 0.73791 -1.9581e-19)
(-0.339874 -0.519161 3.20801e-19)
(-0.267192 0.388603 -2.51455e-19)
(-0.414594 -0.455804 -3.11951e-19)
(0.820109 0.31648 0)
(-0.417815 0.331156 -1.43438e-19)
(0.443652 -0.397197 2.76481e-19)
(0.00473706 0.0471559 -2.31507e-19)
(1.24043 0.237029 -1.46279e-19)
(0.0203381 0.0153551 7.77022e-20)
(0.794866 0.731599 0)
(0.71375 0.666176 0)
(0.862952 0.774605 -1.56193e-19)
(0.9005 0.806037 4.79994e-20)
(1.40033 -0.800256 -6.32307e-20)
(-0.496398 0.399223 -4.84675e-21)
(0.893506 0.451224 0)
(-0.417654 0.466968 -8.45558e-20)
(1.52647 0.9975 -3.4489e-19)
(1.61699 -0.273769 2.64273e-19)
(1.49973 -0.447826 0)
(0.404979 -0.363671 3.96182e-21)
(1.87132 -0.320001 -1.46618e-19)
(-0.604632 0.541404 -2.40312e-19)
(-0.539935 0.789605 0)
(-0.0138049 0.0735482 -3.44867e-19)
(0.879324 0.783363 4.79288e-20)
(0.828894 0.45838 1.6068e-19)
(0.0271833 0.0322006 -4.235e-19)
(0.537748 -0.524951 0)
(1.58215 -0.388 0)
(-0.100509 0.159933 1.34536e-19)
(0.313586 -0.273703 -5.05558e-19)
(-0.458601 -0.513089 -2.02934e-19)
(-0.948291 -0.1839 -3.89543e-19)
(0.526121 -0.111414 2.7841e-19)
(-0.0505578 0.122756 1.43509e-19)
(0.949708 0.8336 0)
(-0.487453 0.263521 2.28135e-19)
(0.0443721 -0.079127 -1.33021e-19)
(0.0470638 -0.0114472 6.3687e-20)
(0.380479 -0.318495 1.65057e-19)
(0.014155 -0.0937608 -2.46803e-19)
(0.653263 -0.167191 2.69615e-19)
(0.065826 -0.0416319 -7.0509e-20)
(-0.698463 0.145213 -3.03873e-19)
(0.765674 0.316934 0)
(1.90945 -0.138321 3.34825e-20)
(-0.574442 0.358442 2.15274e-19)
(0.985337 0.823858 2.08211e-19)
(-0.581391 -0.495517 4.28667e-19)
(1.00804 0.884499 8.8217e-21)
(1.92201 -0.316404 -7.44428e-21)
(-0.0178905 0.142811 2.09551e-19)
(1.12311 -0.283563 -3.61936e-21)
(-0.300759 -0.976672 3.18683e-19)
(-0.0449728 0.190541 2.09933e-19)
(0.0563492 -0.0870484 2.36798e-19)
(0.00638409 -0.0872287 -2.33969e-19)
(-0.107464 -0.0114014 2.43339e-19)
(1.09412 -0.281306 7.97818e-20)
(1.11855 0.960394 1.0621e-20)
(1.95966 -0.256946 1.90426e-20)
(-0.144523 0.240549 2.97841e-19)
(0.611687 -0.133044 0)
(1.33035 -0.437173 0)
(-0.519049 0.532677 0)
(1.13668 0.845064 2.76385e-19)
(1.6846 -0.760884 2.9526e-20)
(0.00793165 0.101217 -1.44808e-19)
(-0.0807872 -0.122745 2.17668e-19)
(-0.0968356 0.173035 0)
(1.71736 -0.20762 -4.38972e-20)
(0.458368 0.436127 -4.67398e-19)
(-0.487527 0.720836 -2.14789e-19)
(-0.167582 -0.000263303 -2.23311e-19)
(-0.955573 0.320744 3.84099e-19)
(2.0906 -0.331611 0)
(1.38154 1.03094 -8.23471e-21)
(-0.135075 -0.0234373 -1.09913e-19)
(0.467231 -0.0892451 0)
(0.59397 -0.0561445 -2.857e-19)
(1.07858 0.878666 0)
(-0.799029 0.0337373 2.65525e-19)
(-0.113909 0.0224929 2.13477e-19)
(0.959374 0.831515 -6.80985e-20)
(-0.13704 0.00329485 1.05083e-19)
(0.45093 -0.047166 -1.74874e-19)
(1.02998 0.883412 0)
(0.484161 -0.458507 -6.30721e-20)
(0.886736 0.753041 1.15084e-19)
(0.492063 -0.416268 -2.52208e-19)
(1.09966 0.938572 0)
(0.311186 0.0875512 -6.24658e-20)
(-0.840094 -0.0312325 2.36727e-19)
(1.18245 0.973153 -1.05215e-20)
(-0.583966 0.64844 -3.41785e-19)
(1.3672 1.01616 -2.45022e-20)
(1.68582 -0.621199 -2.36795e-20)
(0.0336669 0.058286 2.68807e-19)
(0.628953 -0.0932131 -1.18549e-19)
(1.80152 -0.184461 0)
(1.18785 0.968236 2.07342e-20)
(2.00979 -0.027782 0)
(0.882539 -0.23654 3.32803e-19)
(-0.891142 0.092467 -4.75209e-19)
)
;

boundaryField
{
    frontback
    {
        type            empty;
    }
    Top
    {
        type            noSlip;
    }
    outlet
    {
        type            zeroGradient;
    }
    bottom
    {
        type            noSlip;
    }
    Inlet
    {
        type            fixedValue;
        value           uniform (1 0 0);
    }
    rectangle
    {
        type            noSlip;
    }
}


// ************************************************************************* //
