/*--------------------------------*- C++ -*----------------------------------*\
| =========                 |                                                 |
| \\      /  F ield         | OpenFOAM: The Open Source CFD Toolbox           |
|  \\    /   O peration     | Version:  2306                                  |
|   \\  /    A nd           | Website:  www.openfoam.com                      |
|    \\/     M anipulation  |                                                 |
\*---------------------------------------------------------------------------*/
FoamFile
{
    version     2.0;
    format      ascii;
    arch        "LSB;label=32;scalar=64";
    class       volVectorField;
    location    "17";
    object      U;
}
// * * * * * * * * * * * * * * * * * * * * * * * * * * * * * * * * * * * * * //

dimensions      [0 1 -1 0 0 0 0];

internalField   nonuniform List<vector> 
2186
(
(1.33514 -0.0826474 1.93281e-19)
(1.63527 -0.95855 -9.74414e-20)
(1.48057 -0.935491 7.33677e-22)
(0.762948 -0.607937 -1.30781e-19)
(-0.375863 0.425753 -1.5992e-19)
(1.30899 -0.0374815 0)
(0.74076 -0.685598 0)
(-0.277977 -0.426489 1.2191e-19)
(1.4542 -0.274582 1.95235e-19)
(0.573167 -0.339234 -2.44897e-21)
(0.660156 0.595119 0)
(0.822422 -0.279979 -1.42314e-19)
(-0.330197 -0.503281 -4.91455e-20)
(1.19467 0.0222422 -3.36616e-19)
(1.82388 -0.700961 -1.04336e-19)
(1.01318 -0.00454077 1.59401e-19)
(0.985768 0.0130676 0)
(-0.698068 0.479294 0)
(1.26426 0.0108207 0)
(-0.0821298 0.207996 -5.96301e-20)
(0.483247 0.058606 -1.0664e-19)
(-0.218016 0.161142 8.12772e-20)
(1.18216 0.0265443 2.78374e-19)
(-0.21133 -0.00111779 5.07162e-21)
(1.03414 0.00254673 -2.18893e-19)
(0.813136 -0.582993 0)
(0.765466 -0.0521266 1.3263e-19)
(0.630008 -0.610664 -1.4838e-19)
(1.18653 0.701408 0)
(0.96629 0.0227755 -2.98944e-19)
(-0.0336169 0.0474774 0)
(1.02544 -0.0118708 1.03484e-20)
(-0.0793109 0.204647 0)
(2.62599 0.163414 2.46017e-19)
(-0.105402 -0.196924 3.39926e-21)
(1.50398 0.766521 6.7166e-20)
(1.88445 0.136252 1.51835e-19)
(0.506736 0.10754 -3.18028e-19)
(1.87649 0.317504 -3.01387e-19)
(1.11964 0.0452991 1.65236e-20)
(-0.363094 -0.547355 0)
(-0.176737 0.125292 0)
(1.90067 -0.898931 9.45213e-20)
(-0.409702 0.143567 0)
(1.09607 0.271484 1.42044e-19)
(0.614776 -0.319367 2.58057e-19)
(0.940008 -0.802267 0)
(1.20977 -0.811286 8.90526e-20)
(2.38436 -0.205939 0)
(-0.33989 0.589491 1.70269e-19)
(-0.0234684 0.0960586 8.81311e-20)
(0.613026 0.566057 7.48997e-20)
(2.09528 -0.78181 1.1669e-19)
(0.584939 0.246386 -2.56145e-19)
(-0.272123 0.0300204 3.07466e-20)
(0.786902 -0.674925 0)
(1.68385 -0.985462 1.86645e-20)
(0.601164 -0.561989 0)
(2.28459 0.284401 9.73209e-20)
(1.15983 -0.184137 -3.13109e-19)
(1.98453 -0.114108 1.78762e-19)
(1.33852 0.302401 -1.63992e-19)
(1.31869 0.524322 0)
(0.783619 0.0805553 -1.80999e-20)
(1.34125 0.384361 -9.91302e-20)
(1.27427 -0.755864 -1.20657e-19)
(1.1465 0.652577 4.90322e-20)
(0.677593 0.0477579 -5.1388e-19)
(0.816224 0.0350442 0)
(2.11393 -0.256136 -7.13796e-20)
(-0.273122 -0.468867 -1.42248e-19)
(2.07686 -0.232543 -1.72881e-19)
(0.730219 -0.0624998 -2.25609e-19)
(0.895556 -0.54101 0)
(0.816174 0.15686 -8.36411e-20)
(0.570795 -0.533817 -2.67215e-19)
(2.62341 -0.211963 0)
(1.00448 0.00868118 3.28298e-19)
(-0.0934459 -0.274854 0)
(1.93513 0.415901 0)
(0.782137 0.453416 1.22819e-19)
(0.848048 0.0252818 -3.05654e-20)
(1.03117 0.00559936 3.63227e-20)
(1.29891 0.417665 2.51537e-20)
(0.970645 0.0199093 3.80783e-19)
(1.04223 0.0253927 -9.04069e-21)
(0.661031 0.150633 -3.07931e-19)
(1.27501 0.0132643 -4.86921e-22)
(0.666056 -0.161222 0)
(-0.0685158 -0.0380885 1.02667e-19)
(0.883917 -0.648036 -1.43516e-19)
(-0.0788073 0.350365 -9.09439e-22)
(1.12655 -0.0838695 2.20395e-19)
(0.829644 -0.202605 0)
(0.975327 0.0233526 3.64654e-20)
(1.33846 0.63948 0)
(1.64777 -0.973211 0)
(1.28604 0.221238 0)
(-0.407659 0.54002 0)
(0.816416 -0.692814 2.56718e-19)
(0.441689 0.30707 -3.88034e-19)
(0.737829 0.333983 2.42963e-19)
(1.53648 0.196694 0)
(1.15382 -0.109247 -2.01477e-19)
(1.11596 0.0233939 1.62566e-19)
(-0.0499133 0.504422 1.08848e-19)
(0.619585 0.484278 0)
(2.2266 -0.192577 -1.42409e-19)
(0.984549 -0.500237 7.19598e-20)
(-1.56677 0.105636 2.41804e-19)
(1.69144 0.31668 1.0704e-19)
(-0.238476 0.61582 -2.43343e-19)
(0.834805 -0.760029 0)
(0.550393 0.322497 1.55734e-19)
(1.67206 -0.276328 -5.63348e-19)
(-0.461346 -0.437093 -4.63716e-19)
(1.30166 0.283594 3.77243e-20)
(1.99785 -0.322962 0)
(-0.0903946 -0.0421442 -3.07415e-19)
(0.716394 -0.0964113 7.12258e-20)
(1.5239 0.866224 0)
(-0.306706 0.677423 -2.71492e-19)
(0.864899 0.743697 -2.52453e-19)
(-0.937829 0.422722 4.1991e-19)
(1.02877 -0.0255862 0)
(1.43422 0.312771 -4.7536e-20)
(-0.325514 0.536737 0)
(0.720255 -0.520632 -9.55993e-20)
(-0.836863 0.437906 -2.22453e-19)
(0.808029 -0.739086 0)
(0.45748 -0.312566 3.77074e-19)
(0.566801 -0.484823 2.51447e-19)
(0.421453 -0.381767 0)
(1.00665 -0.803944 -1.03891e-19)
(0.762087 0.375763 0)
(-0.152439 0.689368 -1.3356e-19)
(0.835402 -0.723346 1.21486e-19)
(2.4583 -0.281855 3.16467e-19)
(2.27576 0.185476 0)
(-0.100981 -0.184672 0)
(0.666301 0.6196 -3.13845e-19)
(1.80779 -0.644256 1.70434e-20)
(-0.181237 -0.236958 0)
(1.00774 -0.83067 -1.14521e-20)
(1.15952 -0.105356 0)
(1.10044 -0.139633 3.49996e-19)
(2.15922 -0.195084 -1.36835e-19)
(-0.411637 0.418837 0)
(1.247 -0.574717 -4.54079e-20)
(-0.268309 0.286071 -3.83762e-20)
(-0.188822 0.44771 0)
(1.11711 -0.837649 1.26007e-20)
(1.00582 0.00574521 -5.48404e-19)
(0.675141 -0.507223 -9.43197e-21)
(0.838911 -0.540327 0)
(1.2241 -0.753587 -7.56303e-20)
(0.646019 0.212304 2.40029e-19)
(1.22014 0.113699 0)
(1.47454 0.0999519 -2.14944e-19)
(1.22077 -0.878694 -1.49396e-19)
(-0.0876152 -0.164703 -1.13331e-19)
(-0.0631446 -0.46854 -2.07644e-19)
(1.06684 0.002996 2.06223e-19)
(0.939492 -0.485721 -9.04886e-20)
(1.28761 -0.0146576 4.50818e-22)
(1.27296 -0.0176925 -6.74713e-21)
(0.730202 -0.105444 1.26119e-19)
(-0.184175 -0.0408942 -2.75742e-19)
(1.52147 -0.480093 0)
(1.54198 -0.535386 5.46336e-20)
(1.41857 0.641883 1.23591e-19)
(0.832348 -0.640352 -1.87274e-19)
(0.995553 0.00730199 1.12372e-20)
(0.745326 -0.557653 2.62783e-19)
(1.27469 0.788891 1.14044e-19)
(1.84313 0.114568 1.88574e-20)
(-0.456372 0.319374 0)
(1.08237 0.0497037 -2.13819e-19)
(-0.778209 -0.16608 -2.94974e-19)
(1.05058 0.477998 7.31804e-20)
(0.0548927 -0.0942639 1.66615e-19)
(1.15147 0.0261016 -3.888e-20)
(-0.155104 0.147043 -1.44446e-19)
(1.26802 0.577021 -7.00252e-20)
(1.11009 0.867798 0)
(-0.513234 0.31437 -8.654e-20)
(-0.222711 -0.222782 0)
(0.635299 0.543804 -2.56077e-19)
(2.03279 0.248845 -2.197e-20)
(-0.412788 -0.543353 1.65052e-19)
(-0.812341 0.120378 -6.11738e-19)
(0.722621 0.0487981 2.25689e-19)
(2.10481 0.128317 -6.13024e-20)
(0.997516 -0.361986 -2.66964e-20)
(-0.0348762 -0.0533694 0)
(-1.09442 0.0505161 3.79264e-19)
(1.29111 0.948771 -1.51978e-20)
(0.833102 0.0504753 -1.23509e-19)
(0.539748 0.506214 1.78111e-19)
(0.411708 0.190746 0)
(-0.102336 -0.493457 -2.35833e-19)
(-0.629919 0.040947 2.17441e-19)
(1.31935 -0.977138 2.05205e-22)
(0.990881 -0.0450508 -1.70246e-19)
(-0.174836 -0.137391 7.57907e-21)
(-0.131943 0.173898 1.32365e-19)
(-0.309466 -0.133345 -1.99844e-19)
(1.98481 -0.362706 0)
(1.1297 0.0437083 -2.8745e-19)
(2.27692 0.150337 2.6639e-19)
(1.30008 -0.642373 7.83576e-20)
(0.318248 -0.149059 1.23326e-20)
(0.579726 0.301954 0)
(0.921526 0.733698 -1.49217e-20)
(0.665234 0.612065 1.6907e-19)
(0.919836 -0.588279 1.2998e-19)
(0.667727 0.481015 0)
(1.02182 -0.00194303 7.30143e-21)
(0.906204 -0.689602 1.84762e-19)
(0.822668 0.402787 -4.19339e-19)
(1.25248 -0.115254 0)
(-0.212243 -0.241538 -3.151e-19)
(-0.0166076 0.320647 -8.80538e-20)
(1.55456 0.714531 0)
(1.3742 -0.959161 -1.75634e-22)
(-0.703292 0.511926 0)
(-0.340962 0.48949 1.01096e-19)
(0.716517 0.634062 -9.00624e-20)
(0.860982 -0.236289 0)
(-0.176945 -0.173861 0)
(1.61873 -0.46843 0)
(-1.0887 -0.0761167 6.65299e-19)
(1.23655 -0.904996 9.798e-20)
(1.20107 -0.628334 5.04207e-20)
(1.07389 -0.18787 -1.41889e-19)
(0.903754 -0.719648 -1.4508e-19)
(0.19431 -0.198901 0)
(-1.1849 0.265275 0)
(1.02388 -0.533169 1.51064e-19)
(-0.14945 -0.248185 0)
(-0.335722 0.588662 0)
(-0.439674 -0.413048 3.95685e-19)
(0.772408 0.652541 7.81332e-20)
(0.988888 0.77717 0)
(0.678338 0.533455 -7.81268e-20)
(0.836008 -0.0650171 -2.024e-19)
(0.727783 0.543612 -2.08802e-19)
(0.574277 0.533425 -1.53411e-19)
(-0.241973 -0.464037 1.66588e-21)
(0.739148 -0.664975 0)
(0.893931 0.155572 -2.93637e-19)
(-0.30726 -0.534616 6.4356e-20)
(0.58632 0.543695 3.45188e-19)
(0.933163 0.77871 0)
(-0.867188 -0.0332903 4.62811e-19)
(-0.085244 -0.399917 3.44095e-19)
(-0.00376737 -0.299776 -1.77462e-19)
(0.64498 0.549672 -1.35814e-20)
(0.970075 -0.00922914 5.31194e-20)
(-0.372155 -0.56037 0)
(2.40833 -0.0496097 -3.41511e-19)
(1.81733 -0.672137 -2.35154e-19)
(0.673262 -0.625621 -6.55782e-20)
(-0.535513 0.368167 1.50927e-20)
(1.16908 0.452571 1.6411e-19)
(0.868197 0.392268 0)
(1.06962 -0.179895 1.69136e-19)
(0.0766066 -0.408271 -6.4044e-21)
(-0.065339 0.0811574 3.35178e-19)
(0.92977 0.0221929 -4.6993e-20)
(1.11145 0.138101 0)
(1.97914 -0.0682425 -3.29861e-19)
(1.90931 0.133378 0)
(0.536372 0.225704 -4.21215e-19)
(-0.140677 0.20604 0)
(-0.256659 -0.428196 2.79155e-19)
(0.702697 0.108523 0)
(0.64593 -0.542518 -1.62058e-19)
(1.13115 0.0155432 1.86802e-19)
(-0.454067 0.463728 3.78154e-20)
(2.18636 -0.103262 4.83498e-21)
(2.11958 -0.284863 -1.43841e-19)
(1.10207 0.222349 -1.98127e-19)
(-0.316149 -0.558208 -1.25706e-19)
(1.09831 -0.873485 0)
(0.806804 0.0201613 -1.36017e-19)
(0.94649 -0.395016 -2.56044e-19)
(1.75788 -0.589789 -8.40658e-21)
(1.76434 0.0332512 2.98352e-19)
(1.07646 -0.00890962 3.43974e-19)
(0.0400017 -0.4015 -1.70522e-19)
(1.01296 -0.45642 -1.09626e-19)
(0.20527 -0.197987 2.2915e-19)
(1.0082 -0.00963582 0)
(1.00566 -0.00664266 0)
(1.06056 -0.59619 1.05236e-19)
(-0.0552896 0.663661 -9.03902e-20)
(0.178772 -0.121177 -1.4913e-19)
(2.02301 -0.0862042 1.06565e-20)
(1.241 -0.133052 0)
(1.98804 0.102156 -1.76856e-19)
(0.96278 -0.839327 -5.96225e-20)
(1.81968 -0.572161 -8.8134e-20)
(1.07864 0.819417 0)
(0.492739 -0.476157 0)
(0.586383 0.497128 -1.62819e-19)
(1.08251 0.273388 -3.65579e-19)
(2.31074 -0.278187 4.64279e-22)
(0.851343 0.137235 1.2604e-19)
(0.0178114 -0.452345 -5.03304e-19)
(1.04971 -0.351408 -3.12872e-20)
(-0.175808 -0.474615 0)
(-0.100194 -0.197655 0)
(-0.458342 -0.515102 0)
(1.36545 -0.74508 -5.84246e-20)
(-0.190852 0.452322 -1.93882e-19)
(-0.050543 0.131592 0)
(1.25349 0.951104 -2.93655e-20)
(1.10054 0.144345 -3.79732e-19)
(1.87309 0.483729 -4.45052e-20)
(1.04922 0.897748 7.39243e-20)
(-0.199241 0.614384 1.25259e-19)
(0.583058 -0.164472 0)
(-0.468021 -0.465115 -3.42309e-19)
(-0.268849 0.580504 2.34706e-19)
(0.774218 0.00917426 1.66062e-19)
(1.49333 0.928645 1.61644e-21)
(1.70266 0.514334 -4.55502e-21)
(-0.112879 0.318743 -2.09141e-21)
(0.765547 -0.700356 -3.12396e-20)
(1.10656 -0.0029084 0)
(1.71448 -0.0870509 0)
(1.04935 0.0553792 0)
(-1.36546 0.483364 -2.37847e-19)
(-0.393819 -0.52005 1.24884e-19)
(1.02024 0.824446 0)
(1.00402 -0.00984455 4.57395e-19)
(0.748759 0.58564 -2.09264e-19)
(-1.7764 0.0792265 -2.08779e-19)
(0.85772 -0.00268598 -3.71279e-20)
(0.735271 -0.673719 -1.87949e-19)
(1.35432 0.698916 -2.81014e-20)
(0.588095 -0.480852 -2.61988e-19)
(1.12614 -0.00174094 -4.12599e-19)
(0.81912 0.0420535 3.9774e-20)
(1.57012 -0.182249 4.64041e-20)
(1.34688 -0.134265 -4.84292e-20)
(-0.0609212 -0.0839131 -7.67334e-23)
(1.05621 0.451728 -2.43496e-19)
(1.27465 0.595335 6.95341e-20)
(-0.0557507 -0.372961 0)
(0.0342465 -0.4638 1.8677e-19)
(-0.296614 -0.340361 1.32153e-19)
(-0.198994 -0.0783127 -1.42521e-19)
(0.459194 0.2845 0)
(1.39077 -0.669318 0)
(0.0104462 -0.00727239 -1.22015e-19)
(-0.259245 -0.541792 -6.96293e-20)
(1.04552 -0.0281465 1.63509e-19)
(-0.386156 0.303125 -3.90114e-20)
(1.56896 -0.10985 -6.08461e-19)
(-0.0687009 0.686629 0)
(0.853994 -0.759486 -2.51999e-19)
(0.963871 -0.140201 5.90495e-20)
(-0.353576 -0.33263 1.85435e-19)
(0.711171 0.135293 2.99967e-19)
(0.618264 0.108955 9.72985e-20)
(0.521748 -0.495997 1.79436e-19)
(-0.203407 -0.292501 -1.48451e-19)
(1.44931 0.478183 0)
(0.37545 0.315977 -1.7927e-19)
(1.02652 -0.0157668 -2.60155e-19)
(-0.88142 0.123869 2.37886e-19)
(1.39051 0.483449 -1.05736e-19)
(-0.171705 -0.304489 -5.61818e-20)
(0.700871 -0.640291 -2.55928e-20)
(0.802513 0.16315 -1.87966e-19)
(0.956314 0.40582 2.08258e-20)
(1.16656 -0.154777 3.01579e-20)
(0.622246 -0.256119 -2.70737e-19)
(2.03855 -0.377301 -1.86496e-19)
(1.55695 -0.16399 0)
(1.47763 0.401897 -2.91183e-20)
(1.85115 0.106136 -1.92561e-20)
(0.843685 -0.285383 1.43582e-19)
(0.888248 0.345714 -1.68048e-19)
(0.901092 -0.0464971 5.16551e-20)
(0.40223 0.367565 -2.32215e-19)
(-0.232763 0.372121 2.52595e-19)
(1.95755 -0.227519 0)
(0.928517 0.00368886 0)
(0.89246 -0.791218 4.71446e-20)
(-0.0935926 -0.442391 -3.76568e-19)
(-0.898373 0.21206 -2.952e-19)
(-0.0838435 -0.124753 -2.41545e-19)
(-0.479998 0.614878 -1.599e-19)
(-0.247228 -0.450365 0)
(-0.0816737 -0.153354 4.28088e-20)
(0.175227 0.467446 -8.30811e-20)
(-0.151228 0.196607 -3.02221e-19)
(0.813164 -0.131344 0)
(1.55236 -0.681851 9.38843e-20)
(-0.264098 -0.326849 0)
(0.996351 0.0233226 3.29875e-19)
(-0.0427506 -0.503225 2.34704e-20)
(0.563637 -0.452388 3.51113e-19)
(-0.827697 -0.19126 4.88871e-19)
(-1.55952 0.0819567 0)
(0.229198 0.636844 1.00697e-19)
(1.00776 0.0237037 -9.91563e-21)
(-0.151563 -0.138694 0)
(1.00574 -0.0108146 -5.1458e-20)
(0.88337 -0.750231 -2.4419e-19)
(1.51414 -0.664043 0)
(0.945907 -0.284844 1.82938e-19)
(0.0905452 0.650249 2.26763e-19)
(-0.016941 -0.0157075 0)
(-0.121601 -0.482936 -6.78745e-21)
(0.749212 -0.658549 -3.7109e-19)
(0.965367 -0.0275252 -2.35608e-19)
(-0.0960517 -0.45661 4.6557e-19)
(-0.212956 -0.401066 1.71316e-19)
(-0.208027 -0.485047 0)
(0.938155 0.456604 0)
(-0.272794 -0.499036 2.34126e-19)
(1.87353 0.0142647 -2.5336e-19)
(1.04609 0.874095 1.67647e-20)
(1.05983 0.205782 -1.11543e-19)
(1.149 0.00561991 -1.94145e-19)
(1.07404 -0.0741295 -6.74355e-20)
(-0.0925822 -0.470259 -4.27197e-19)
(2.01473 0.102221 5.09651e-19)
(0.669129 0.0251672 1.85941e-19)
(2.02516 -0.105247 1.67678e-19)
(1.0645 -0.165024 0)
(-0.106249 0.406459 4.8063e-19)
(1.13383 0.0249864 -4.4709e-19)
(1.71338 0.614913 5.04152e-21)
(0.761532 -0.47815 -1.43083e-19)
(-0.0724566 -0.0371612 2.29872e-19)
(0.818804 -0.721467 3.22256e-19)
(1.22396 0.192338 6.6533e-20)
(1.00505 -0.00797341 2.27998e-19)
(0.0560972 -0.458947 -1.86197e-19)
(1.02119 0.0139615 0)
(1.63385 0.144067 -2.30285e-19)
(-0.028772 -0.0232847 0)
(1.02126 0.0124416 -1.34044e-19)
(-1.46249 -0.0952571 -7.32354e-19)
(1.67432 0.319444 2.74527e-20)
(-0.414438 -0.3714 1.6384e-19)
(1.60706 -0.00648795 -1.24156e-20)
(1.01142 -0.019759 4.71952e-20)
(1.35103 -0.094484 0)
(1.47341 -0.628208 -9.6287e-20)
(1.01843 0.027908 -1.39829e-19)
(1.4094 0.776586 -4.76361e-20)
(1.40528 -0.0597792 0)
(0.67191 -0.0406398 -1.71777e-20)
(0.00909593 -0.00791008 0)
(1.37198 0.0506416 0)
(-0.375088 -0.540315 0)
(1.22104 0.432887 0)
(1.8254 0.308907 4.77627e-20)
(0.721917 0.597792 3.66734e-19)
(0.303338 -0.30563 -2.12374e-19)
(-0.245817 -0.51152 -4.08405e-19)
(-0.035206 -0.0560473 0)
(1.74877 -0.492195 1.02093e-19)
(1.28678 0.509044 0)
(1.43172 0.300925 0)
(-0.496328 -0.430658 1.5104e-19)
(0.786989 0.696024 1.1713e-19)
(1.71545 -0.0279031 0)
(-0.338683 -0.461702 9.40012e-20)
(0.897164 0.201 1.72383e-19)
(1.88406 -0.456444 -4.59174e-20)
(1.21048 0.907565 4.03201e-20)
(0.939352 -0.846011 -2.32057e-20)
(1.21718 -0.195808 -1.37757e-20)
(0.77301 0.699174 1.20119e-19)
(1.14744 0.904356 0)
(2.45123 -0.314339 1.9198e-19)
(1.16231 0.703958 0)
(1.36849 -0.638262 2.71569e-20)
(0.902037 0.101246 1.70893e-19)
(1.00564 -0.00626016 0)
(-0.00493313 0.308742 4.72389e-19)
(0.898369 -0.188819 4.25948e-20)
(0.651239 -0.433789 0)
(0.68854 -0.405355 1.89762e-19)
(1.21327 0.547628 -3.04026e-20)
(0.46052 0.433596 2.54787e-19)
(-0.179924 0.263738 3.57807e-20)
(0.0102626 -0.00916179 8.63773e-20)
(0.765116 0.0617232 0)
(1.34631 -0.921118 -3.95468e-20)
(1.03761 -0.0421405 3.62797e-19)
(1.4488 0.335989 1.33209e-19)
(-0.369114 -0.50198 8.13686e-20)
(-0.89534 -0.181772 0)
(1.24596 -0.250754 -9.63099e-20)
(-0.0161515 -0.0183228 -1.97429e-19)
(-0.0180523 0.155665 -5.8165e-20)
(-0.125095 0.0386815 -5.41091e-22)
(-0.196403 0.0866694 2.73342e-19)
(1.34232 -0.114352 -3.59945e-21)
(2.43071 -0.0670392 4.57272e-19)
(1.16969 0.455034 -2.64635e-19)
(0.855671 -0.0400499 0)
(1.91417 -0.142511 2.66954e-19)
(1.88501 0.128399 1.374e-19)
(0.933354 -0.787858 1.17924e-19)
(1.17542 -0.99217 -1.75476e-20)
(0.464971 0.431165 1.70775e-19)
(1.48522 0.38225 0)
(1.72233 0.576266 2.98419e-20)
(-0.0229419 -0.0339999 -4.02155e-19)
(0.862073 0.753081 0)
(1.32522 0.414505 0)
(0.305252 -0.305436 -3.93407e-21)
(0.308458 0.277032 0)
(-1.21235 -0.00320458 -4.54185e-19)
(-0.260034 0.414879 -1.05672e-19)
(1.75912 -0.431028 0)
(1.25058 0.100832 1.52434e-19)
(-0.696031 0.237744 2.46661e-19)
(0.55252 -0.526286 -4.06185e-19)
(2.01953 -0.10005 -5.89709e-20)
(0.63119 -0.57514 0)
(1.02042 0.116498 0)
(1.38232 -0.24523 0)
(1.10632 0.219834 -2.10986e-19)
(1.32718 0.10527 2.97891e-19)
(-1.37144 0.104299 0)
(0.890987 -0.0590508 0)
(2.14279 -0.129109 -2.94749e-22)
(-0.0620101 0.136912 9.27481e-20)
(2.61847 -0.0528848 -3.51589e-19)
(1.07858 -0.521699 2.07321e-19)
(2.03745 0.000966785 -3.63835e-19)
(-1.1303 0.288571 -1.86839e-19)
(1.98868 0.141316 -2.26588e-19)
(1.01861 -0.02811 3.71536e-19)
(1.4884 0.600418 0)
(-0.306958 0.535875 2.82589e-20)
(1.02541 -0.849767 1.40254e-19)
(0.859868 -0.0353652 4.33984e-20)
(0.65654 -0.457192 0)
(1.9272 -0.554356 8.97959e-21)
(1.22677 -0.199216 1.24741e-19)
(1.65798 -0.660497 0)
(0.623643 -0.580329 3.7247e-19)
(0.679279 0.0836171 -2.62546e-20)
(2.45379 -0.0233994 6.17869e-19)
(-0.0910139 0.231817 -1.90729e-19)
(1.30621 0.610852 1.34332e-19)
(1.12832 0.395488 3.34188e-21)
(0.88898 0.352816 2.05474e-19)
(1.96066 0.115362 -2.80757e-19)
(-0.104457 -0.482514 -4.39174e-21)
(0.830195 -0.220426 0)
(-0.155412 -0.09974 3.79956e-19)
(1.10885 -0.965664 0)
(1.08583 -0.67523 1.814e-20)
(1.17009 -0.129364 -7.72037e-19)
(1.44648 0.0827059 -7.95633e-21)
(-0.570191 -0.280399 -4.2979e-19)
(0.969052 0.468414 1.60099e-19)
(-0.208176 0.515584 2.63089e-19)
(0.692297 -0.0372597 0)
(1.85017 -0.133564 0)
(1.50364 0.16513 2.48156e-20)
(0.776503 -0.0114157 0)
(1.38335 -0.214717 -1.28357e-19)
(-1.57496 0.220615 5.73263e-19)
(1.89523 0.495978 1.62551e-20)
(1.04202 -0.0332572 0)
(0.573361 -0.376653 9.31665e-20)
(1.00808 0.0268651 1.77091e-19)
(0.524522 0.83064 -2.27214e-19)
(-0.498748 0.635271 0)
(1.13076 -0.496556 4.1313e-19)
(1.71389 -0.121124 -4.79175e-22)
(1.11731 -0.514993 -1.80031e-19)
(2.31924 0.264713 1.73224e-19)
(1.26135 0.778248 0)
(0.861459 0.0178673 0)
(-0.418642 -0.531859 -2.0365e-19)
(0.00942299 -0.00737067 1.37266e-19)
(0.933217 0.35006 -1.89565e-19)
(0.215965 -0.386523 -1.67429e-19)
(0.633434 0.387728 2.22937e-19)
(0.872574 -0.00701817 0)
(0.553916 -0.515863 0)
(0.901911 -0.224058 4.51738e-21)
(1.25174 -0.526241 -8.15602e-20)
(0.650289 -0.0209044 1.43178e-20)
(0.740469 -0.175801 1.06714e-19)
(-0.0431814 0.069727 -2.45687e-19)
(1.2953 0.195804 3.10311e-19)
(0.643647 0.60014 0)
(1.24492 0.686673 0)
(1.59007 0.264021 0)
(-0.3344 -0.438935 -1.85605e-19)
(1.21179 0.541449 1.87226e-19)
(2.04087 0.0794213 5.75171e-20)
(0.925185 -0.00567105 0)
(1.45196 -0.47457 0)
(2.20266 -0.104015 -3.89737e-19)
(0.581899 0.354069 2.59961e-19)
(1.00551 0.00562589 -1.77181e-19)
(1.46754 0.465478 0)
(-0.36292 0.607894 0)
(1.23078 0.31645 2.60554e-19)
(1.00264 0.513546 -1.18632e-19)
(1.06797 0.0239218 0)
(1.73043 0.179993 0)
(1.92562 0.664582 -2.77951e-19)
(-0.0850676 0.442439 -1.86081e-21)
(0.997108 0.0113239 0)
(0.693529 0.454314 -3.06384e-20)
(0.954001 -0.842383 0)
(1.00853 0.0171624 4.11105e-20)
(0.921955 -0.529641 2.56613e-20)
(0.918142 -0.336574 2.69021e-19)
(0.95798 -0.298467 -7.515e-20)
(2.2292 -0.148872 4.01202e-19)
(1.29649 0.126771 9.38988e-20)
(0.787057 -0.0259322 0)
(1.019 0.00748552 0)
(-0.596835 -0.335699 0)
(0.647914 0.620634 -1.72591e-19)
(-0.0173825 0.0328773 1.65754e-19)
(1.1533 0.339057 -4.17969e-19)
(-0.585899 0.343805 0)
(0.811032 0.626637 1.54035e-19)
(1.0182 -0.345664 0)
(1.00511 -0.00306366 1.03739e-19)
(0.12551 0.0773669 6.99098e-20)
(1.01609 0.391131 2.34261e-19)
(1.40214 0.245857 0)
(2.15762 0.201146 -9.08681e-20)
(0.831678 -0.130421 -3.26415e-19)
(-1.21814 0.0213389 -6.204e-19)
(1.08384 0.274119 0)
(0.867895 0.221842 1.59869e-19)
(2.05499 -0.190193 0)
(0.760497 0.504705 3.32754e-19)
(-1.61744 0.193437 2.469e-19)
(-0.0263554 0.0709311 0)
(0.575134 0.546737 -6.48513e-20)
(1.04684 -0.662865 -1.27635e-19)
(0.498374 -0.277928 -1.10729e-19)
(1.0192 -0.0177175 0)
(-0.484028 0.377189 -2.41094e-19)
(0.659745 -0.591966 7.17076e-20)
(0.892294 0.268692 0)
(1.66682 -0.633543 1.2921e-19)
(0.958538 0.817937 2.21131e-20)
(1.02067 -0.493344 -2.26632e-20)
(0.23492 -0.228366 -2.75504e-19)
(0.243413 -0.0894532 -5.05065e-19)
(-0.129757 -0.246988 1.0437e-20)
(0.802281 0.337883 2.26052e-19)
(-0.213698 0.488818 -4.79816e-21)
(1.43821 -0.669906 3.38931e-21)
(1.0254 0.00683533 -3.06893e-19)
(-0.427834 -0.403245 0)
(1.02873 0.0302248 -3.64012e-19)
(2.199 0.226345 2.33423e-19)
(0.868484 0.674184 2.57894e-19)
(1.13935 -0.0765567 1.40987e-19)
(1.00708 -0.0363983 1.42051e-19)
(1.51771 0.108215 7.3036e-21)
(-0.338367 -0.405449 -6.62502e-22)
(1.75161 -0.887682 1.55284e-20)
(1.16351 -0.128639 -6.36454e-20)
(0.820646 0.0529057 7.26388e-20)
(0.922083 -0.305756 7.9586e-20)
(0.908585 0.189841 0)
(0.941614 0.719058 0)
(0.745829 0.300396 -8.3354e-20)
(2.06667 0.183096 -2.86606e-20)
(-1.1288 -0.0229055 2.09789e-19)
(1.04862 -0.560339 -4.4021e-19)
(0.639039 -0.558259 3.4614e-19)
(1.17878 0.24622 -1.45762e-19)
(0.259595 -0.385242 1.93022e-20)
(1.44409 -0.488757 0)
(0.747273 0.0913414 -6.13818e-21)
(1.47431 -0.586591 -5.12519e-20)
(1.01778 0.746689 0)
(1.29753 -0.616447 0)
(0.534801 0.164061 0)
(-0.201969 -0.324281 -6.77821e-20)
(-0.141884 0.168238 0)
(1.51955 0.663048 2.94997e-19)
(1.21 0.176173 5.75495e-21)
(-1.28753 0.132531 2.70242e-19)
(1.73595 0.574225 1.3797e-20)
(1.79107 0.468379 -6.59818e-20)
(2.17462 -0.336453 -4.17901e-20)
(-0.168036 0.00736787 -1.92347e-19)
(-0.131225 -0.505463 5.05704e-21)
(0.985885 0.0994623 0)
(0.676829 -0.0335698 0)
(1.00132 -0.00137853 1.90364e-22)
(-0.364146 -0.427712 0)
(1.55872 -0.00176701 -1.34843e-19)
(0.677984 -0.0309043 0)
(1.06484 0.00462973 1.13069e-19)
(0.998494 0.0147227 -4.02452e-20)
(1.18277 0.216668 1.96532e-19)
(1.06007 -0.0185541 -8.31205e-22)
(0.957251 -0.202087 -4.81209e-20)
(1.02595 -0.0369589 3.28953e-19)
(0.693382 -0.634064 1.612e-19)
(-0.94437 -0.198758 -2.79548e-19)
(1.13949 0.406214 2.64187e-20)
(0.00899054 -0.00193443 0)
(1.1017 0.780095 0)
(1.02916 -0.0115319 0)
(1.02342 -0.796519 -8.6461e-20)
(1.05666 -0.906452 1.88978e-20)
(0.839964 0.181867 -3.36615e-20)
(-0.0411889 0.188782 -9.44878e-19)
(1.29615 -0.388236 1.42482e-20)
(0.606973 -0.40946 -5.66801e-19)
(1.23432 0.41201 -4.20544e-20)
(0.940969 -0.108977 -8.32539e-20)
(2.09311 -0.342186 1.30061e-19)
(0.409831 0.0960851 -2.22711e-20)
(-0.305959 -0.450559 -1.41685e-19)
(1.09072 0.538776 1.79678e-19)
(-0.0541208 -0.351655 0)
(0.197297 -0.484067 4.2151e-19)
(-0.0831113 -0.133893 -1.93873e-22)
(1.03106 -0.044897 2.9753e-19)
(1.02235 -0.000926968 -7.61734e-21)
(1.10597 -0.0129665 -8.22523e-20)
(1.40526 0.0318785 -7.69375e-21)
(1.60325 0.320705 5.02412e-20)
(0.418023 -0.393524 -2.80241e-19)
(0.809129 0.109393 6.23676e-20)
(1.03291 -0.00074439 -2.16951e-19)
(1.04031 0.277815 -2.71955e-20)
(1.3544 0.0643754 0)
(1.08675 0.579784 -3.36814e-19)
(1.00288 -0.00523059 8.46217e-20)
(0.657322 0.586239 2.3783e-19)
(1.30642 -0.247797 3.53748e-22)
(1.06638 -0.0104913 -2.70855e-20)
(1.12882 0.0116895 7.67809e-22)
(2.52808 0.061994 2.19117e-20)
(0.281569 0.0813979 0)
(1.05038 -0.0397262 0)
(1.05551 -0.035831 5.2156e-19)
(1.00136 -0.00195214 0)
(-0.0560888 -0.0920584 0)
(0.965127 -0.588827 0)
(0.99993 -0.000717001 -4.92149e-19)
(1.17831 -0.704543 6.68173e-20)
(1.02255 -0.00606208 1.03043e-20)
(1.30999 0.936597 -2.30316e-20)
(1.4882 0.983489 -1.0772e-20)
(1.15518 -0.185233 -2.15195e-20)
(1.53092 0.283049 2.47071e-19)
(1.3236 0.255789 0)
(0.0256716 0.547844 0)
(2.20326 -0.0834464 5.59355e-19)
(1.25638 -0.776367 0)
(1.00121 -0.0033712 -1.52691e-19)
(1.00907 -0.00140234 2.96551e-19)
(1.42471 0.141879 -6.2391e-20)
(0.00128764 -0.126294 2.93498e-19)
(0.968794 -0.00200615 1.61261e-19)
(0.209123 -0.0268908 3.74155e-20)
(0.215572 -0.00465447 -3.97667e-20)
(1.4636 0.0494071 -1.30784e-22)
(0.927149 0.0169422 -1.61594e-19)
(1.00228 0.00346849 1.91289e-19)
(1.00041 -7.18009e-05 1.12977e-20)
(0.789487 -0.0123239 0)
(0.727505 -0.0269079 0)
(0.724373 -0.0271856 6.81051e-22)
(0.699325 -0.030015 0)
(0.858726 -0.178534 0)
(0.178339 -0.0107779 0)
(0.0191276 -0.0454465 4.8183e-20)
(0.262884 0.125937 -2.88961e-20)
(1.1358 0.0596745 0)
(1.31345 0.0298687 3.6718e-21)
(1.4334 0.0361976 0)
(0.0603163 0.0351112 0)
(-0.0581172 0.00305743 0)
(0.0384439 0.0363117 -2.28097e-21)
(0.616471 0.152165 4.74204e-20)
(0.791397 0.0236572 0)
(0.793985 0.0203412 0)
(0.966336 0.0190871 -1.99343e-19)
(0.821536 0.00764852 3.7298e-19)
(1.00664 -0.00103578 0)
(1.00002 -0.000918533 3.53372e-19)
(0.999215 -0.00115691 -3.38738e-22)
(0.795767 0.0223539 3.16319e-19)
(0.990751 -0.00761937 -1.85174e-19)
(0.21991 0.00645675 0)
(-0.0622259 -0.00565631 3.97988e-20)
(1.0012 -0.000299286 -1.78766e-19)
(0.999971 0.00109383 -3.06509e-19)
(1.16678 -0.0577932 0)
(0.999445 0.00222859 0)
(0.999411 -0.000407449 0)
(1.43484 -0.381345 1.88937e-20)
(0.94779 -0.0822465 1.77937e-20)
(0.970225 0.274135 0)
(-0.348018 0.314093 1.8201e-19)
(-0.741428 0.490364 -4.62349e-19)
(1.01945 -0.0189174 -2.37953e-19)
(-0.298191 -0.549609 -1.28461e-19)
(1.02004 0.00138059 -1.91129e-19)
(1.19581 -0.221465 -7.98595e-20)
(0.817176 -0.493746 2.67059e-19)
(-0.0661646 -0.0965292 -9.76681e-20)
(1.0301 0.0113203 0)
(1.05278 -0.00962685 -5.20915e-20)
(0.860688 0.0204226 0)
(-0.0363924 0.0391486 2.42477e-19)
(1.22589 -0.654982 0)
(-0.416828 -0.468637 -3.26424e-19)
(0.255786 0.0112772 -3.2118e-20)
(1.62146 0.678162 3.13866e-21)
(-0.0556426 -0.0319412 0)
(1.06 -0.0377579 1.6118e-19)
(1.2094 -0.193519 2.59816e-21)
(0.924969 -0.0227309 2.53774e-19)
(1.01377 -0.00780613 -1.62274e-19)
(1.63487 0.849574 3.84993e-20)
(0.507121 0.474677 0)
(0.429352 0.377891 1.87367e-19)
(1.42653 -0.415799 -3.95104e-21)
(1.13798 0.121452 1.75277e-19)
(1.10709 -0.733541 0)
(1.02087 0.00174308 0)
(0.997939 -0.0179211 -3.74057e-19)
(1.01654 0.0156751 -3.63443e-19)
(-0.17118 -0.354999 0)
(1.19534 0.807277 -1.16427e-19)
(1.4117 -0.222024 -3.76622e-22)
(1.01446 0.00435804 1.40069e-19)
(1.01063 0.0121251 -1.75566e-19)
(-0.527917 -0.401965 -3.20432e-20)
(1.15326 -0.0703977 -5.43904e-20)
(1.01754 -0.0152548 5.98066e-19)
(1.24332 -0.0984075 0)
(1.81744 0.645822 -4.73298e-20)
(1.01653 -0.00944258 -1.86178e-19)
(2.02152 0.120275 -1.52558e-19)
(1.05824 0.00645187 -4.30383e-22)
(1.00947 -0.00925234 3.73083e-20)
(2.10135 -0.274167 -3.32937e-19)
(1.01426 0.00833156 1.80389e-19)
(1.16448 0.189104 4.66824e-21)
(1.01689 0.00234902 0)
(0.929124 0.137859 4.4985e-20)
(-1.40239 0.124418 6.53565e-21)
(0.999087 0.0201712 1.79244e-19)
(1.03887 0.0200302 -5.80776e-22)
(1.28743 -0.119061 -1.91063e-21)
(1.23934 0.311712 3.71371e-19)
(0.998804 0.0148662 1.22991e-19)
(1.01504 -0.0147297 4.52904e-22)
(1.71254 0.263957 -1.81615e-20)
(1.71677 0.91639 -9.66521e-20)
(0.791896 -0.712427 4.85843e-20)
(0.471157 -0.353889 -2.75641e-19)
(1.00607 -0.0107532 0)
(1.01932 0.00174435 4.4787e-20)
(1.01108 -0.0104109 9.46452e-20)
(1.14772 0.0605712 3.12193e-21)
(1.01257 0.0044185 -1.87719e-19)
(1.02922 -0.0229681 2.14093e-19)
(1.00787 -0.00800774 -1.76991e-19)
(1.0157 0.00634269 -4.62142e-22)
(1.01092 0.00364498 -3.44732e-22)
(1.02266 0.01224 1.79729e-19)
(0.895303 0.0691638 4.61557e-19)
(1.71063 0.60329 0)
(0.48447 -0.0629186 2.90198e-19)
(1.01308 -0.00431838 0)
(1.02145 -0.0205249 -5.21446e-20)
(1.51583 0.450627 -6.94463e-20)
(1.87648 -0.00964813 0)
(2.20287 -0.388264 -1.06637e-19)
(1.27704 0.580876 -4.82515e-20)
(0.760352 -0.0132715 0)
(1.95342 -0.120431 0)
(0.108688 0.285295 -1.56314e-19)
(1.339 0.0548563 -5.74599e-21)
(1.01649 -0.00542682 -1.89312e-19)
(1.1377 -0.584387 -5.06573e-20)
(1.23142 -0.0524789 -1.57172e-20)
(1.4571 0.469613 0)
(1.31688 -0.402161 0)
(1.83031 0.458824 0)
(0.142356 0.525204 8.60463e-20)
(1.29072 0.154701 5.64261e-20)
(0.0204861 0.340298 0)
(-0.107248 0.578713 -2.96015e-19)
(1.65797 0.949445 -5.65742e-20)
(1.00956 -0.00327748 -3.70004e-19)
(1.23292 0.0733046 1.29265e-20)
(1.02119 0.00444134 2.44564e-19)
(0.689205 -0.0386618 0)
(-0.143545 -0.326555 -2.983e-20)
(0.599481 0.413039 -3.14133e-19)
(1.74573 0.624114 8.12769e-20)
(0.0889821 0.629886 0)
(0.804805 0.0623159 6.61216e-20)
(0.505667 0.482649 4.75993e-20)
(1.15964 0.868125 -3.14203e-20)
(-0.0353979 -0.0240836 1.45877e-19)
(1.01911 0.0125241 0)
(1.38154 0.276036 3.42546e-20)
(1.01289 -0.00238621 1.38904e-19)
(2.41597 0.169043 0)
(1.01095 0.00671317 2.32959e-19)
(0.202672 -0.457881 -1.99151e-19)
(1.02033 0.00879718 -1.44076e-19)
(1.40217 0.274697 0)
(1.95063 -0.398654 5.18263e-22)
(1.01192 0.000669321 -9.6786e-20)
(0.995356 -0.0356184 2.55601e-19)
(1.08298 0.0913551 -2.36848e-21)
(1.17864 0.293288 -4.31819e-20)
(-0.155905 -0.0675638 3.83343e-19)
(1.95309 0.328564 1.78773e-19)
(0.687942 0.143674 5.02135e-20)
(0.805526 0.0158775 -3.49507e-19)
(0.800095 0.0253026 0)
(0.812031 0.0117374 4.82057e-20)
(1.02208 -0.0182578 -2.805e-20)
(0.973324 0.0198432 0)
(1.04957 -0.000796027 -1.78248e-19)
(0.433691 -0.517514 -4.35401e-20)
(-1.50733 0.10838 2.80234e-19)
(2.17549 -0.598783 0)
(-0.998013 0.0653558 -8.51806e-19)
(1.54016 -0.354817 0)
(1.03875 -0.0180957 5.22951e-20)
(1.07056 -0.00943219 2.02658e-21)
(1.01541 -0.00404598 1.50126e-19)
(-1.06974 0.17504 5.08146e-19)
(1.01764 0.000548714 0)
(0.991046 0.00381805 -3.62941e-19)
(1.00603 0.00810218 1.91045e-19)
(0.867265 0.118976 0)
(0.744743 -0.12637 -9.4894e-21)
(0.959663 -0.00109958 -1.63708e-19)
(-0.232283 -0.530636 4.40093e-19)
(1.00323 -0.000362143 -1.86453e-19)
(0.999959 0.0173666 -4.38674e-19)
(1.67046 -0.620869 -1.53706e-21)
(-0.201398 -0.249237 -1.1081e-19)
(0.790323 0.679138 -1.60383e-19)
(0.788044 0.335159 0)
(1.02264 -0.0116386 3.92548e-19)
(1.03452 -0.0154477 2.06888e-19)
(0.58191 0.422446 -5.78368e-20)
(-0.408515 0.098645 1.11891e-20)
(1.0795 0.00668438 -1.03384e-19)
(1.13036 -0.914463 4.168e-20)
(1.00855 -0.00320886 1.94723e-19)
(0.9509 -0.696762 1.7371e-19)
(-0.541942 0.228802 3.43634e-19)
(-0.172391 -0.236328 -8.62002e-20)
(0.775764 0.009498 -5.78334e-20)
(0.722127 -0.180828 -6.15573e-19)
(1.02205 -0.00787614 0)
(1.34796 -0.826841 7.4976e-20)
(1.30409 0.662526 1.28313e-19)
(0.66016 0.0584587 0)
(-0.0713951 -0.313662 0)
(-0.219415 0.656116 0)
(1.03139 0.0139163 8.27794e-20)
(2.22551 0.0195395 0)
(1.05301 -0.0264906 3.29933e-21)
(-1.11675 0.218613 -2.21425e-19)
(-0.0457448 -0.0805439 2.42778e-19)
(-0.243848 0.358721 -1.01648e-21)
(1.42926 0.375559 8.78311e-20)
(0.0299948 -0.412257 5.34699e-19)
(1.06781 0.447954 0)
(-0.853062 -0.19557 -1.47835e-20)
(1.02171 0.0163272 5.10406e-20)
(-0.102504 -0.0849309 -1.49473e-19)
(0.859123 0.69662 -5.11112e-20)
(-0.0733073 -0.0979481 5.73844e-20)
(1.35509 -0.988006 -3.20454e-20)
(0.164304 -0.0715665 5.3289e-20)
(1.24231 0.041992 5.8841e-21)
(0.124696 0.12298 -6.50846e-20)
(0.892916 0.0106127 0)
(0.537616 -0.268052 7.42298e-20)
(0.763172 -0.291177 -1.14682e-19)
(0.242923 -0.196437 1.34479e-20)
(2.04461 0.283465 0)
(1.05134 0.0251093 2.01097e-19)
(-1.27054 0.0923886 0)
(1.24653 -0.0142961 1.43437e-20)
(-0.232409 0.248316 0)
(0.863836 0.311262 -2.02022e-19)
(1.45931 0.60565 -8.2646e-20)
(-0.131587 -0.217306 -1.7664e-20)
(0.942613 0.0258089 -4.05199e-19)
(1.03148 -0.00489406 0)
(1.1178 0.0101837 1.0335e-19)
(1.46512 -0.273723 0)
(1.90339 -0.424246 0)
(1.01503 -0.000603072 -3.5767e-20)
(0.989294 0.0299218 -1.73768e-19)
(1.75598 0.599854 -3.38542e-19)
(-0.113733 0.227778 0)
(1.02283 -0.0169678 2.70716e-22)
(0.953351 -0.774941 -1.09486e-19)
(0.634305 0.328247 0)
(1.07235 -0.0276437 -2.5661e-19)
(1.97788 -0.428938 1.43229e-19)
(-0.311018 -0.0446061 -1.56359e-19)
(-0.128832 0.522689 1.67968e-19)
(-0.623035 -0.29421 2.23621e-20)
(-0.739624 0.259786 -1.66465e-19)
(-0.0596042 -0.0765673 3.27038e-19)
(1.35045 -0.517353 3.3708e-21)
(0.208868 -0.366705 3.01694e-19)
(0.971885 -0.731089 1.91335e-19)
(1.09561 -0.903389 0)
(1.01615 0.00017191 -4.20739e-19)
(0.74901 0.187144 -6.78169e-20)
(1.01627 -0.00489169 -1.58739e-19)
(-0.152487 -0.0842536 -1.0645e-19)
(-0.118583 -0.477824 3.39443e-19)
(1.01899 0.0178827 -2.02613e-19)
(0.0968383 -0.586759 3.07762e-19)
(0.903709 -0.9056 3.90852e-21)
(1.04272 -0.015457 -3.38014e-19)
(1.73062 -0.0193134 0)
(-0.398673 0.157577 -1.11011e-19)
(-1.22846 0.156574 -4.47709e-19)
(1.23503 0.442444 0)
(1.10518 0.0769918 0)
(1.04978 0.0226159 2.34143e-19)
(1.57221 0.531894 -2.59869e-19)
(1.24152 -0.040049 -1.99467e-20)
(1.13215 0.617421 1.52908e-19)
(-0.924057 -0.348434 -2.24941e-19)
(1.05552 0.0102322 1.17527e-19)
(0.0862202 -0.501873 -2.75003e-20)
(1.20935 0.145614 -3.45752e-19)
(-0.119474 0.259836 0)
(1.01195 -0.271979 -1.66186e-19)
(-0.521743 -0.30996 2.32947e-19)
(1.39481 -0.577878 -1.33467e-19)
(1.01889 -0.0217314 -2.37134e-19)
(0.449387 0.433912 -1.30429e-19)
(0.983417 0.255685 -3.45442e-19)
(-1.24602 0.0570554 3.56045e-19)
(0.883724 0.031541 -2.81534e-19)
(0.53007 0.00972737 -1.84009e-19)
(1.0092 -0.00646995 -1.97881e-19)
(0.791321 0.58722 -2.18589e-19)
(-1.39385 -0.0832744 -2.47557e-19)
(0.469898 -0.454521 -1.22915e-20)
(0.150915 -0.06387 1.06564e-19)
(0.730018 -0.463167 3.92445e-20)
(1.85346 -0.551896 0)
(1.11539 -0.870513 0)
(0.644448 0.0768645 -1.8437e-20)
(0.893516 0.0362825 0)
(0.747955 -0.420654 1.69622e-19)
(-0.0943752 -0.124194 0)
(1.93156 0.368925 3.42407e-19)
(1.02261 0.00686843 0)
(2.34423 0.15509 -8.02789e-20)
(1.10282 -0.403934 2.87863e-19)
(0.979491 -0.00799274 1.74055e-19)
(1.05258 0.0703934 -1.77246e-19)
(1.08087 0.0806397 1.75305e-19)
(1.01606 0.0205127 2.47672e-19)
(1.10925 0.0764464 0)
(0.982932 0.00867467 2.01949e-19)
(1.02637 -0.0609077 -1.85726e-21)
(-0.0382765 -0.0467002 -1.07235e-20)
(1.38088 1.02674 1.33073e-20)
(1.01277 -0.0236848 2.70133e-19)
(1.06143 -0.264557 7.91898e-20)
(1.87244 0.623065 0)
(1.02222 0.728952 0)
(1.00811 -0.144646 -3.82363e-19)
(-0.527794 0.346329 0)
(0.679392 0.408563 6.53925e-20)
(1.22834 -0.945611 0)
(0.492388 0.330242 0)
(0.612939 0.55686 -4.88594e-19)
(2.06329 0.287564 3.59835e-20)
(1.03298 -0.0326015 -1.12835e-19)
(-0.0858049 0.215449 8.98834e-20)
(1.04956 0.045563 0)
(1.0373 -0.0394641 0)
(0.897346 -0.664279 -3.0478e-20)
(0.000603346 0.0862247 0)
(0.73938 0.459361 3.30152e-20)
(1.03942 -0.0121014 4.88715e-22)
(0.59894 0.438957 1.28353e-19)
(1.14141 0.0227362 2.69023e-20)
(1.59374 -0.622316 -1.86999e-20)
(1.07721 0.0259606 1.56816e-19)
(1.0505 -0.00909476 -1.68963e-19)
(1.12836 0.208227 1.8386e-19)
(1.00535 0.0210364 -4.00463e-19)
(0.240148 -0.271503 0)
(-0.528644 0.453213 -3.89771e-20)
(-0.533941 -0.332823 -2.95184e-19)
(0.905285 -0.16082 -2.21356e-19)
(2.29028 0.226654 0)
(-0.0330614 -0.143191 8.52539e-20)
(-0.0671026 0.131051 9.87792e-20)
(2.01068 0.437951 -2.27703e-19)
(0.875959 0.395218 2.18052e-20)
(1.34009 0.233471 1.52719e-20)
(0.832734 0.696491 3.88461e-19)
(0.728383 0.681928 -2.75817e-21)
(1.11331 -0.0346678 0)
(1.02134 -0.103067 -1.1281e-19)
(-0.144405 0.297809 9.40194e-20)
(1.75478 -0.276181 -1.28585e-19)
(2.29247 0.186221 0)
(2.43093 -0.144634 0)
(1.5452 0.356085 1.50216e-19)
(-0.0266204 0.078727 0)
(1.01257 0.0163267 -1.56334e-19)
(0.0452132 -0.0713608 0)
(0.997134 -0.0214447 1.15176e-19)
(0.682044 -0.345246 -1.96582e-19)
(0.960948 -0.0325487 3.79297e-19)
(1.81812 0.348613 3.23653e-20)
(1.05852 -0.0235929 -4.19066e-19)
(0.826941 0.0220881 5.00149e-20)
(2.42831 0.0853854 -2.24113e-19)
(1.08271 -0.0399374 0)
(1.04868 -0.00611521 1.25264e-19)
(-0.606463 0.189393 -1.79347e-19)
(1.11715 0.00173174 -1.96937e-19)
(0.856775 0.621686 -4.28699e-19)
(1.26933 -0.150908 -1.54455e-20)
(2.27913 0.204226 0)
(0.315422 -0.118261 4.85399e-19)
(1.32772 -0.317942 0)
(-1.07444 0.0447506 1.22264e-19)
(-0.310366 -0.544865 2.46063e-19)
(1.10766 -0.920986 0)
(0.756031 0.0270071 1.01221e-19)
(-1.05502 0.26825 0)
(1.93526 0.572676 0)
(-0.0310912 -0.0266947 1.18023e-19)
(0.859547 0.0814973 -2.27032e-19)
(-0.551712 -0.419807 2.59577e-19)
(0.914757 0.675105 -3.45465e-19)
(1.00138 0.0319849 -5.68934e-21)
(1.02773 -0.0432753 1.28675e-19)
(2.50561 -0.00486941 0)
(1.0697 -0.112212 -4.84273e-20)
(0.649403 0.0749927 7.30069e-19)
(1.01897 -0.0147176 2.62471e-19)
(1.08036 -0.0129801 1.00965e-19)
(1.84806 0.368694 0)
(1.00449 -0.0102763 0)
(0.964815 0.841424 -3.05916e-20)
(1.04521 -0.0234561 -1.56586e-19)
(1.19427 -0.475819 -8.51707e-20)
(-0.513823 0.182209 2.99714e-20)
(1.28738 0.0681703 0)
(1.54447 0.112996 0)
(1.21595 -0.382258 3.69716e-21)
(0.683217 0.255552 -2.29332e-19)
(0.482858 -0.0370588 -1.86239e-20)
(0.98873 0.0575579 2.29719e-19)
(0.430983 0.188674 -1.41441e-19)
(2.05955 0.384617 0)
(0.382246 0.0783743 4.25359e-21)
(1.09865 0.010151 -1.05288e-19)
(0.0961193 0.0117177 0)
(0.805457 -0.00345318 0)
(0.293474 -0.0695816 -1.67644e-20)
(0.0685284 -0.0172602 8.49572e-21)
(0.774465 0.00053414 1.05775e-19)
(1.13066 -0.0101964 0)
(0.834169 -0.770674 0)
(0.128839 -0.505366 -2.52192e-20)
(0.991538 0.699003 -2.13206e-19)
(0.21527 0.0837976 -9.26003e-20)
(-0.126574 0.650851 7.76782e-21)
(1.86829 0.795826 1.84763e-19)
(0.987034 0.0229162 1.64795e-19)
(1.03885 -0.0692574 9.02818e-20)
(0.342122 -0.252484 -6.38349e-19)
(-0.0614388 -0.0388803 0)
(-0.0265793 -0.229985 -8.92556e-20)
(0.600618 -0.575701 -2.93869e-19)
(-0.451539 -0.439821 3.60906e-19)
(0.935639 0.103061 -1.69148e-19)
(0.955498 0.325101 3.37902e-19)
(1.02558 -0.097465 1.15862e-21)
(1.02241 0.0027748 -3.00639e-20)
(0.999954 -0.0106562 1.22757e-19)
(-1.12493 0.0632468 -2.91594e-19)
(-0.0947326 -0.173609 -1.74583e-19)
(-0.345158 -0.394475 0)
(1.16563 0.256536 1.28819e-19)
(1.10001 0.0147054 0)
(-0.805646 0.276509 -3.63536e-19)
(-0.0576706 0.123279 -1.26417e-19)
(-0.196084 -0.427321 0)
(1.01243 0.00540766 1.73857e-19)
(0.993396 -0.0506201 0)
(2.25969 0.28984 -3.37808e-19)
(-1.32775 0.151686 4.42719e-21)
(0.976493 -0.00913553 -3.63057e-19)
(0.251964 -0.387365 6.04415e-21)
(1.5897 0.397891 -3.28733e-21)
(0.512121 0.499406 0)
(0.745196 0.651962 1.61054e-19)
(1.41339 0.36446 8.15331e-20)
(-0.331177 -0.488956 2.37173e-19)
(1.91586 0.209059 -4.03024e-21)
(-0.420235 -0.515756 -1.74606e-19)
(1.24915 0.425971 -2.64675e-19)
(1.24165 0.0882083 4.60436e-19)
(0.842502 -0.494815 -6.34699e-21)
(0.138316 -0.137742 1.70157e-19)
(0.124642 0.118526 0)
(-0.0889378 0.0920779 0)
(-0.159476 -0.189001 1.02424e-19)
(1.00265 0.00221548 -1.92961e-19)
(1.02609 -0.00363298 -1.63201e-19)
(-0.650508 0.340826 -1.69397e-19)
(1.72138 -0.521667 -1.53076e-20)
(1.37296 -1.04182 5.72193e-20)
(1.07545 0.730486 0)
(0.908991 0.04054 -5.05981e-19)
(1.5542 -0.280326 -1.15999e-19)
(1.01209 -0.0209498 -4.86078e-20)
(1.45675 -0.58828 1.07926e-19)
(-0.306933 -0.510505 0)
(2.33478 0.284616 -3.38601e-20)
(-0.976719 0.159726 6.16705e-20)
(-0.15858 0.0337735 -2.62007e-19)
(1.03343 -0.0635511 1.7316e-19)
(-0.116398 -0.136075 0)
(1.58944 -0.164698 -1.23741e-19)
(0.468421 0.24192 1.11779e-19)
(-0.105838 -0.122338 1.1307e-19)
(1.01742 -0.0152068 2.14911e-19)
(0.677756 0.302766 0)
(-0.0727882 0.150434 1.18874e-19)
(0.466385 -0.455868 0)
(0.140128 -0.140939 -3.16475e-19)
(-0.0549748 0.064354 9.15191e-20)
(0.133062 0.131335 1.63961e-19)
(-0.0811096 -0.0932147 -1.22892e-19)
(-0.223334 -0.514357 0)
(0.938534 0.277032 1.55376e-21)
(0.74948 0.275723 2.65316e-21)
(0.705122 -0.638077 2.06366e-19)
(1.01155 -0.0107527 0)
(-0.0720968 -0.0824531 0)
(0.95955 -0.0917386 2.02946e-19)
(1.51289 -0.729012 -5.04107e-21)
(-1.06453 0.082169 -4.86196e-19)
(0.966919 0.0364288 -2.28303e-19)
(0.647601 -0.595449 3.6859e-19)
(1.37853 -0.702981 -1.20644e-19)
(-0.464378 -0.3674 -4.93925e-19)
(1.07929 0.0630092 0)
(1.01677 -0.0108104 -2.48489e-19)
(-0.0365244 -0.0458293 0)
(-0.010237 0.117498 -4.60323e-19)
(0.143295 0.141917 1.56559e-19)
(-0.0624215 -0.0756354 0)
(1.13169 0.0970434 -1.52858e-19)
(1.6715 0.427345 0)
(1.09731 -0.087134 0)
(-0.141439 -0.141585 1.59326e-19)
(-0.5402 0.274057 -1.682e-19)
(-0.0161987 -0.021006 -1.17764e-19)
(-0.0695081 0.0786134 8.85663e-20)
(0.119892 0.109554 0)
(0.979684 -0.111422 -2.49296e-19)
(0.142091 -0.143435 -1.56576e-19)
(0.138665 0.134264 -3.12763e-19)
(0.194436 0.188166 1.17158e-19)
(0.949872 0.0116913 6.10115e-19)
(0.179356 0.171274 -1.281e-19)
(-0.0125105 -0.0165541 1.11556e-19)
(0.143309 0.143768 -2.98343e-19)
(0.192619 -0.192172 -2.41328e-19)
(-0.0242892 0.0322741 0)
(-0.0427687 -0.0512054 2.47321e-19)
(-0.665619 0.185695 4.48373e-19)
(0.145525 0.140693 0)
(0.75188 -0.322394 0)
(-0.206026 -0.508376 0)
(0.999252 -0.413298 9.70474e-21)
(0.212081 0.209004 2.28411e-21)
(-0.028168 0.0329159 -5.33923e-20)
(-0.0920871 0.0787338 8.16415e-20)
(0.187163 0.182295 -1.23296e-19)
(0.160487 -0.155524 0)
(-0.0211775 -0.0256011 1.24862e-19)
(-0.00674553 0.0113084 1.66106e-22)
(-0.240219 -0.538886 -2.24749e-19)
(1.22644 0.0224032 -1.83836e-20)
(-0.825639 0.062294 4.25222e-19)
(-0.0468015 0.0560915 -8.96494e-20)
(-0.0078968 -0.0121107 0)
(0.20941 0.209011 0)
(0.1771 -0.176227 -5.55754e-20)
(0.00236426 0.0002626 -8.85969e-20)
(2.18556 0.553296 1.59545e-19)
(1.48777 -0.601695 -4.67893e-19)
(0.192648 0.195755 2.2446e-19)
(-0.25334 -0.330693 9.46416e-20)
(-0.0779052 0.0849746 8.91181e-20)
(-0.00480515 -0.00782591 -3.25341e-19)
(0.210635 -0.209875 2.06542e-19)
(-0.101528 -0.483848 2.5941e-20)
(-0.0117164 0.017141 0)
(0.142559 -0.141851 -3.25434e-19)
(0.972448 -0.0753671 0)
(1.56425 -0.364445 0)
(0.584148 -0.523615 -3.42995e-19)
(0.561837 -0.379117 4.48167e-20)
(0.184069 -0.177309 1.14502e-19)
(1.00385 0.0078978 1.69041e-19)
(0.885896 -0.118884 2.38773e-19)
(0.424756 -0.412751 4.77477e-19)
(1.6301 0.541285 2.25557e-20)
(0.216476 0.205541 9.24697e-20)
(0.819888 0.554036 0)
(0.631929 -0.550899 1.75982e-20)
(-0.0023864 -0.00506328 1.06512e-19)
(0.409581 0.0174457 2.05477e-20)
(1.06311 -0.133747 7.23671e-20)
(1.09137 -0.262388 0)
(0.944269 -0.147951 5.89818e-19)
(-0.0177301 0.0239482 0)
(0.661943 -0.404353 0)
(1.17856 -0.228106 1.59511e-19)
(1.13059 0.351476 1.95901e-19)
(1.12239 -0.00313872 0)
(-0.897793 -0.0956372 3.20812e-19)
(-1.50102 0.154725 2.73576e-21)
(1.03901 0.00602127 -2.36479e-19)
(-0.154651 -0.375665 0)
(1.19461 -0.21642 0)
(1.47887 0.57048 0)
(0.103648 0.0983364 4.15857e-19)
(-0.000932494 -0.00205481 0)
(0.188064 0.179054 1.08055e-19)
(0.174901 -0.161026 0)
(0.00479885 -0.00425386 -8.70728e-20)
(-0.00109796 -0.00102092 0)
(0.85302 0.414262 2.33897e-19)
(0.858715 -0.438313 -4.83231e-19)
(0.00429993 -0.00357596 1.26782e-22)
(-0.112051 -0.125375 -2.94094e-19)
(0.260687 -0.251558 0)
(0.23545 0.224047 0)
(-0.832341 -0.148227 3.33264e-19)
(0.93769 0.0494433 3.94634e-21)
(1.11076 -0.372392 -1.69274e-19)
(0.00354041 -0.00198254 2.60649e-19)
(-0.0532724 0.00154059 1.55293e-19)
(1.04889 0.133233 2.26749e-19)
(-0.202916 -0.0975902 0)
(-0.00234157 -0.00169628 -9.71864e-23)
(-0.176947 -0.523763 6.17741e-21)
(-0.0883575 0.0228549 0)
(2.32647 -0.101236 -2.13498e-19)
(1.02139 0.13913 0)
(1.00597 -0.0793271 2.87019e-19)
(-1.52914 0.0224778 0)
(0.23625 -0.219864 -3.92088e-21)
(1.01115 -0.0285765 1.48689e-19)
(0.556082 0.135146 3.71181e-19)
(1.37704 -0.797743 1.35811e-19)
(0.297428 0.278525 1.76976e-22)
(1.6015 0.531465 0)
(0.971483 -0.598901 6.19065e-20)
(1.8398 -0.937101 2.00403e-19)
(0.00510106 -0.00526142 1.68966e-19)
(1.72235 -0.51644 5.62267e-20)
(2.3142 0.480307 8.76716e-20)
(0.00459237 -0.00435794 -4.97609e-20)
(1.01527 0.0232796 2.17158e-19)
(-0.104172 0.222298 -1.75124e-19)
(0.321508 0.299607 0)
(-0.00414832 -0.0027807 0)
(0.248582 0.235716 7.98395e-20)
(0.303182 -0.282941 -1.80987e-19)
(0.00641713 -0.00570434 1.77292e-19)
(1.0917 -0.787194 -6.00562e-20)
(0.880003 0.0897373 2.08236e-19)
(0.34194 -0.325668 0)
(0.0045722 -0.00665322 0)
(0.266891 0.253199 0)
(-0.00856732 0.0130921 -1.03102e-19)
(0.279819 -0.277187 0)
(-0.0155615 -0.00878044 -1.87095e-19)
(0.285339 0.269119 -5.71141e-20)
(-0.00279046 -0.00540706 0)
(0.264558 -0.259569 0)
(-0.186191 -0.424862 0)
(-0.0184702 0.00482232 0)
(-0.0355078 0.0210176 -5.0777e-20)
(-0.117521 -0.27283 0)
(1.00148 -0.00459391 2.28637e-19)
(0.476747 -0.44699 2.76736e-20)
(-0.0783796 0.0513265 -8.81678e-20)
(-0.0386448 -0.0279049 3.46962e-19)
(0.358009 0.329143 -4.30526e-20)
(1.64868 0.397512 0)
(-0.168651 0.157391 0)
(-0.126964 -0.339578 2.90172e-20)
(-0.122689 0.0944071 0)
(0.367454 -0.346289 0)
(-0.0577183 -0.0428627 0)
(0.405318 0.367326 0)
(-0.0911608 -0.0729732 2.11685e-19)
(0.478694 0.442466 2.80106e-20)
(-0.155518 0.145084 -4.01224e-19)
(0.54541 -0.504709 -9.49882e-20)
(1.14735 0.133033 0)
(0.847507 -0.15726 -5.19755e-20)
(-0.637958 -0.140817 -3.3645e-19)
(1.03523 0.0486276 -2.11424e-19)
(1.44336 0.0382782 0)
(1.27891 -0.483476 -1.08194e-20)
(1.38077 -0.518974 1.22453e-19)
(0.962142 0.0137642 0)
(0.171707 0.468518 5.37718e-19)
(-1.56636 0.0686787 8.29756e-22)
(-0.0263529 -0.0194835 -2.4272e-22)
(-1.0853 0.00451256 0)
(1.12744 -0.184905 -1.9655e-19)
(0.358901 0.180942 4.0097e-19)
(2.23 0.288018 -1.50985e-19)
(1.56741 0.605229 -2.1899e-20)
(1.58098 -0.763668 1.83248e-21)
(-0.366106 -0.447988 -1.0001e-19)
(1.92892 0.280795 1.7552e-20)
(1.90299 -0.741503 1.93096e-19)
(1.04022 0.0825548 -2.86238e-20)
(-0.440338 0.151692 1.73542e-19)
(1.11576 -0.00376152 0)
(2.19496 0.153446 -3.06696e-20)
(0.120054 0.0721798 -2.05632e-21)
(1.32238 -0.224923 0)
(0.134055 -0.129695 -5.41987e-19)
(-0.00305117 0.00644106 0)
(0.536104 -0.499819 0)
(1.88744 0.630221 -7.4818e-20)
(0.913752 -0.441569 0)
(2.34704 -0.139553 2.56966e-19)
(-0.0154306 -0.0110937 1.92198e-19)
(0.26839 -0.273308 7.7964e-20)
(1.02113 -0.0563715 0)
(-0.625071 0.128582 0)
(-0.0728373 -0.055931 1.58827e-19)
(-0.0964208 -0.0920114 1.63602e-19)
(1.00223 0.250164 -2.02406e-19)
(0.448149 0.460128 -3.55237e-19)
(1.02455 0.0155406 -7.95345e-21)
(2.26516 0.22945 0)
(-0.166366 -0.497891 2.43637e-19)
(-0.105713 -0.144659 0)
(0.635454 0.0633492 3.12342e-19)
(0.957114 0.157313 -4.46233e-20)
(0.699742 -0.604351 -1.71767e-19)
(0.985994 0.126107 3.12311e-19)
(0.996563 0.0111278 0)
(1.31314 0.541122 -2.06232e-20)
(2.10531 -0.218278 0)
(0.524565 0.474949 0)
(0.671703 -0.204971 0)
(-0.364305 -0.412054 -4.20549e-20)
(0.308525 0.229413 2.30496e-19)
(-0.108159 0.427686 0)
(1.12224 0.0715384 1.34635e-19)
(1.03758 -0.240399 0)
(0.525692 -0.0338845 1.49832e-19)
(0.382727 -0.197436 1.96841e-19)
(-0.112356 0.540175 2.47169e-19)
(0.462886 -0.416581 -3.79426e-19)
(0.982859 -0.0325572 1.68449e-21)
(1.51332 -0.613361 1.34259e-19)
(1.5665 -1.06951 -2.67657e-20)
(0.0701543 0.0787812 1.23963e-19)
(1.92412 0.50797 0)
(-0.596731 0.136157 0)
(-0.0943063 0.211573 0)
(1.39855 -0.104325 1.43352e-19)
(-1.09936 0.0676372 -1.23058e-19)
(0.290288 -0.268647 -1.5618e-19)
(2.36977 0.146768 1.03868e-19)
(0.802081 0.510545 -6.567e-20)
(0.818638 0.241218 4.45173e-21)
(0.941173 0.219024 6.10733e-20)
(1.40538 0.281662 -6.64114e-20)
(-0.0874617 -0.396387 1.13957e-19)
(-0.580537 -0.328146 0)
(0.921386 -0.0202383 0)
(-0.547169 -0.306464 1.63533e-19)
(0.155159 0.153431 0)
(1.91015 0.514833 0)
(-0.787611 -0.0349268 1.28061e-19)
(0.542641 0.453822 -2.14418e-19)
(0.497542 -0.411996 2.74038e-19)
(-0.230729 -0.0142662 0)
(1.37327 0.916755 -2.17154e-20)
(1.07364 0.00664684 0)
(-0.780167 -0.183656 -6.67972e-19)
(-0.815843 0.254749 -1.94246e-19)
(1.28922 -0.402873 7.17013e-20)
(0.445075 0.408588 4.8404e-19)
(0.734422 -0.244555 2.02742e-19)
(-0.428302 0.571976 0)
(1.12324 0.0573743 1.42541e-19)
(0.99234 0.563937 -8.74948e-20)
(-0.160432 -0.0677114 0)
(0.709065 -0.267279 0)
(1.2929 0.838993 5.86649e-20)
(-0.000152393 0.00348442 -1.76176e-19)
(1.95136 -0.599996 -2.99881e-19)
(1.19313 0.16952 0)
(1.25125 -0.251268 -2.55156e-20)
(0.764313 0.428069 0)
(-0.443732 -0.291254 -2.32664e-19)
(1.25866 0.904962 -7.42474e-20)
(1.70274 0.31744 -5.66664e-21)
(1.22252 -0.572503 -4.17953e-21)
(-0.297664 -0.265971 -4.31012e-21)
(-0.101242 -0.327265 -1.2004e-19)
(1.02037 0.0589856 2.16148e-19)
(-0.147363 0.228086 0)
(0.967577 0.181593 3.06405e-21)
(1.7093 0.451972 -1.18733e-20)
(1.52242 -0.868601 6.5271e-20)
(1.28723 -0.310996 -1.05109e-19)
(1.71399 -0.337314 3.78049e-20)
(-0.197737 -0.101571 6.44434e-20)
(0.587801 0.529558 1.20511e-19)
(0.142112 -0.0788972 2.57616e-19)
(1.19848 0.313817 -1.3589e-20)
(1.59603 0.168137 -3.1724e-21)
(2.0338 0.227823 7.10138e-20)
(0.877996 0.595857 1.23972e-19)
(-0.543911 -0.346704 7.57227e-19)
(1.30002 -0.143193 -2.48362e-19)
(0.958569 0.250255 -1.33913e-19)
(-0.463607 -0.383286 -1.32847e-19)
(-0.196442 0.305952 0)
(1.00233 0.00245021 4.76806e-19)
(0.734895 -0.209789 0)
(0.861049 0.556134 -1.27465e-19)
(1.28958 0.104321 -1.17928e-20)
(-0.156741 -0.437848 -1.68979e-20)
(1.92468 -0.444854 0)
(1.17017 -0.375885 0)
(1.49496 -0.304255 1.20457e-19)
(0.81891 -0.333373 3.44094e-19)
(1.09024 -0.328383 0)
(-0.208836 -0.513861 -2.44445e-19)
(0.937293 -0.09713 -2.28991e-19)
(0.755973 -0.637052 -5.19779e-20)
(-0.68633 -0.186383 2.99092e-19)
(-0.212796 -0.262749 -1.12467e-19)
(-0.0920937 -0.0490188 -2.54347e-19)
(0.136218 -0.0958912 -1.74302e-19)
(-1.31985 0.147137 7.33569e-21)
(0.833982 -0.310523 -1.32935e-19)
(1.42812 0.162012 -2.06771e-20)
(0.679289 0.00994103 0)
(0.791581 0.0963542 2.8771e-19)
(1.21568 -0.376408 3.91198e-21)
(0.995317 -0.144147 -4.88801e-21)
(0.582879 0.514415 1.66139e-19)
(1.85247 0.235231 1.72098e-22)
(1.6363 -0.0404369 1.88304e-19)
(1.0723 -0.0267045 3.77682e-20)
(0.840463 -0.393912 1.3337e-19)
(0.512987 -0.236592 0)
(-0.18925 -0.220937 1.15026e-19)
(0.963383 0.0912394 1.44917e-19)
(1.0798 0.693528 8.614e-20)
(-0.160743 -0.187675 2.46042e-19)
(1.05613 -0.630489 2.52919e-19)
(0.127319 -0.115121 0)
(1.75482 0.881683 0)
(0.226772 0.21892 3.25216e-19)
(1.57393 0.576727 0)
(-0.152938 0.154144 0)
(0.993172 -0.646569 -2.22632e-19)
(-0.139745 -0.160146 3.6933e-19)
(-0.085444 -0.0224076 1.2936e-19)
(1.10302 -0.0222669 4.46502e-20)
(1.52665 1.03467 -1.77249e-23)
(0.958567 -0.0494801 -1.60461e-19)
(0.128588 -0.12548 7.96472e-20)
(1.04206 0.140022 -1.58204e-19)
(-0.142695 0.158743 2.65157e-19)
(1.02895 0.351064 0)
(0.234068 0.233363 -1.65296e-19)
(-0.681257 0.401519 1.54463e-19)
(1.94965 0.378423 0)
(-0.861519 0.157977 -2.65402e-19)
(0.018915 0.0670185 1.20285e-19)
(-0.634592 -0.264819 0)
(-0.0492456 -0.04847 -5.32096e-20)
(0.236441 -0.237033 0)
(1.01363 -0.743852 0)
(-0.11247 0.130998 1.83829e-19)
(0.572278 -0.543489 4.08497e-19)
(-0.122585 -0.142898 -2.25168e-19)
(-0.529503 -0.239037 -1.94103e-19)
(0.243965 -0.246224 -1.59554e-19)
(0.241626 0.237049 4.8381e-19)
(-0.233513 0.338763 -2.85012e-19)
(-0.714827 -0.242083 -1.4643e-19)
(-0.00586627 -0.00349395 0)
(-0.196101 -0.480583 2.00508e-19)
(1.05024 -0.148582 -2.94485e-19)
(-0.0952693 0.111905 8.75271e-20)
(1.64002 -0.540907 1.09449e-20)
(1.31044 0.190807 0)
(2.17736 0.326506 -1.83378e-20)
(0.950669 -0.0508614 0)
(-0.083488 -0.0934942 0)
(0.201159 0.197645 0)
(0.969707 0.0636322 0)
(1.11132 -0.264444 0)
(0.982055 0.099371 -2.8888e-19)
(0.233753 0.232212 -1.57106e-19)
(-0.851916 -0.038386 -1.86444e-19)
(-0.0954283 -0.114966 2.49366e-19)
(0.980809 -0.205727 1.51093e-19)
(0.781827 -0.382096 0)
(-0.17843 -0.109944 -2.33554e-19)
(1.01966 -0.0270746 -1.89035e-19)
(-1.5262 0.114509 8.19777e-19)
(-0.0319596 -0.0395497 0)
(-0.123023 -0.148147 -1.36636e-19)
(0.282776 0.264557 -1.29861e-21)
(0.255107 0.243284 0)
(-0.0407761 -0.0500718 1.229e-19)
(-0.357524 0.442409 1.87216e-19)
(1.31418 -0.510553 1.52818e-19)
(1.79468 -0.427059 6.60026e-21)
(0.867817 0.369744 -3.34434e-19)
(1.03554 0.035203 0)
(0.331438 0.32324 -2.23364e-19)
(-1.03855 -0.0385162 3.11723e-19)
(0.313788 0.305144 -3.712e-19)
(0.308653 0.300126 1.18785e-19)
(0.48814 -0.364418 0)
(-0.0579181 0.0723851 4.99727e-20)
(-0.131112 0.147188 0)
(-0.0247667 -0.0304069 3.04883e-19)
(-0.1039 -0.128828 2.73743e-19)
(0.508799 -0.405074 5.83838e-19)
(1.22449 -0.744031 -5.68763e-20)
(0.338682 0.338673 0)
(-0.0753278 0.0829064 2.14842e-19)
(0.240273 -0.245348 3.25258e-19)
(1.21838 0.132265 -4.64362e-21)
(0.334201 0.334726 0)
(0.997132 0.322252 -1.01569e-20)
(-0.558031 0.166323 -1.81182e-20)
(2.40629 0.324869 7.73913e-20)
(-0.0159721 -0.0211768 0)
(1.17103 0.756873 0)
(-0.0221475 0.0282899 -2.68893e-19)
(0.332004 -0.334136 -2.35245e-19)
(0.26342 -0.235493 2.00897e-20)
(1.9107 0.322979 -3.75636e-20)
(1.07829 0.332198 -1.21267e-19)
(0.308924 -0.300506 -2.39955e-19)
(1.03688 -0.0200893 3.20826e-19)
(1.00099 0.0610365 0)
(0.691008 0.135395 -1.04346e-21)
(1.07593 0.0205428 1.14126e-19)
(0.528062 -0.122382 1.2644e-20)
(1.41321 -0.518091 0)
(1.18604 0.181601 -1.04638e-19)
(1.90653 0.481298 -1.60523e-19)
(-0.0440367 0.055939 0)
(-0.161152 0.0978571 3.10712e-19)
(1.69173 0.541574 0)
(1.00373 0.000189001 5.09958e-20)
(0.332608 -0.321571 -1.11044e-19)
(1.00373 0.00569195 5.24056e-19)
(0.763096 -0.400534 0)
(1.16949 -0.903547 0)
(-0.0112024 -0.0134913 1.09172e-19)
(0.0613145 0.0580499 0)
(1.08156 -0.0225344 6.77305e-20)
(0.523799 0.39605 5.90405e-20)
(0.71721 -0.0192901 -4.324e-19)
(-0.0328103 0.0406323 0)
(-0.453797 -0.108948 2.13493e-19)
(-0.926207 -0.031264 0)
(1.79809 0.801253 0)
(-0.0266586 -0.0183957 0)
(-0.0366669 -0.0235045 1.08232e-19)
(1.66964 0.764171 -1.27862e-20)
(1.01312 0.0441008 0)
(-0.14517 0.113036 8.2293e-20)
(0.00234711 -0.000275357 0)
(1.48768 0.123528 0)
(1.61436 -0.819362 -2.73404e-20)
(0.381373 0.359034 1.86795e-19)
(-1.21759 0.0285827 -4.66944e-19)
(-0.00660408 -0.0079987 -1.15332e-19)
(0.553025 -0.306102 -3.03535e-19)
(1.02942 0.267016 0)
(0.402595 -0.0444816 1.51145e-19)
(1.42791 0.117864 0)
(0.909086 -0.0775993 3.13605e-19)
(0.219287 0.0467779 -1.5686e-19)
(0.40076 0.3795 -9.18006e-20)
(0.733653 0.227983 1.79203e-19)
(-0.25009 0.409022 1.82869e-19)
(1.49046 0.422841 5.83302e-21)
(0.225327 -0.229545 1.77561e-19)
(-0.00533599 -0.00412407 2.58333e-19)
(1.50261 -0.48088 -7.81668e-20)
(-0.0126507 0.0187555 8.97422e-20)
(-0.0189902 -0.0220187 0)
(-0.100292 -0.0680281 -7.41897e-20)
(0.00645009 -0.00581867 8.82557e-20)
(1.03388 -0.204448 0)
(0.398871 -0.366032 1.09936e-19)
(0.258091 0.253396 1.43746e-19)
(0.251377 0.251956 -3.1796e-19)
(1.43014 0.0902686 0)
(0.365063 -0.365243 -1.93267e-19)
(1.68967 0.48487 0)
(1.57855 0.118668 1.0956e-20)
(-0.0049118 -0.00487715 1.27635e-19)
(0.902576 -0.0571279 0)
(0.58776 0.554523 -1.85433e-19)
(1.01873 -0.0161493 -2.36263e-19)
(1.09351 -0.0171143 -1.15543e-19)
(0.193319 -0.062643 8.86156e-21)
(0.269661 0.0714037 -2.84791e-20)
(1.04794 0.0204709 -3.12168e-19)
(2.62027 0.0129354 -9.12609e-20)
(-0.147724 -0.0666483 1.76478e-19)
(0.00517591 -0.00354425 -1.76e-19)
(-0.0886988 0.0153722 -1.71356e-19)
(1.33204 -0.381746 7.02549e-20)
(0.00777276 -0.00728809 1.00961e-22)
(1.11518 -0.00261272 -1.35579e-19)
(0.429521 -0.416262 6.90344e-20)
(-0.0395915 -0.0598169 3.17615e-19)
(0.247504 -0.237495 0)
(-0.158018 0.281795 1.68153e-22)
(1.57287 0.978223 0)
(0.870144 0.0160216 -1.27943e-19)
(-0.385409 -0.21842 -1.91086e-19)
(-0.540902 -0.352684 -1.90233e-19)
(0.695345 -0.343968 0)
(0.42542 0.400823 -2.46562e-19)
(-0.000417381 0.0049664 9.10007e-20)
(0.513226 0.568212 -2.21402e-19)
(0.540043 0.525797 -1.14278e-19)
(1.03996 -0.0279397 0)
(1.33897 -0.554531 4.62451e-20)
(1.78812 -0.397601 -5.29113e-21)
(-0.0957525 -0.151417 0)
(-0.00776686 -0.00577108 -1.11074e-19)
(0.887457 -0.575396 6.16232e-20)
(0.253988 0.520289 3.08477e-19)
(1.85743 -0.444953 6.89975e-21)
(0.478117 -0.439318 -1.39124e-19)
(-0.784963 -0.147954 1.35435e-19)
(0.00698986 -0.00821444 -1.00733e-19)
(0.51489 0.41963 -3.31156e-19)
(0.55869 0.511935 -1.37031e-19)
(0.513919 0.477207 5.87937e-21)
(0.00969937 -0.00724793 4.74735e-20)
(-0.0584947 -0.0641062 -1.5714e-19)
(1.01306 0.0128674 1.55676e-19)
(0.277529 -0.267574 0)
(0.451505 0.424999 0)
(0.508776 -0.47715 1.15808e-19)
(0.00950961 -0.00990681 -1.77024e-19)
(-0.338 -0.398003 -5.93418e-20)
(1.8835 -0.335626 2.311e-20)
(0.48385 0.449595 0)
(0.486177 -0.483537 0)
(0.00237211 -0.0088764 0)
(1.11453 0.0457381 7.97414e-20)
(0.620587 0.556711 0)
(-0.0178969 -0.00251747 1.76384e-19)
(0.193656 0.179352 -6.12456e-19)
(-0.0468147 0.0205773 4.98924e-20)
(1.21175 -0.192349 2.87134e-19)
(-0.0461192 -0.0545956 -1.64252e-19)
(1.12803 0.463173 -1.47473e-19)
(0.15122 -0.13244 -2.54665e-19)
(-0.0991546 0.0492568 2.95105e-19)
(-0.208988 0.249529 -2.54826e-19)
(-0.0829829 -0.0538055 -2.40154e-19)
(0.698788 -0.660608 0)
(-0.156897 0.0993185 -1.74354e-19)
(0.703449 0.613337 0)
(-0.25628 0.221001 7.73844e-20)
(0.738539 0.0490795 -2.3198e-20)
(0.714718 0.375355 -3.51153e-20)
(-0.20293 0.13804 9.13719e-20)
(0.85973 -0.712194 0)
(-0.119396 -0.0734817 2.27178e-19)
(0.81783 0.688394 -1.4769e-20)
(0.360059 0.330093 -2.41785e-19)
(0.386 -0.312036 4.63033e-19)
(0.519735 0.450422 1.60791e-19)
(1.01087 -0.0015086 0)
(0.461557 0.430388 0)
(1.68925 0.473296 0)
(1.02358 -0.00558723 0)
(-0.097256 0.135689 -7.88155e-20)
(0.767125 -0.627984 3.80111e-19)
(-0.0571693 -0.0401032 -3.27057e-22)
(1.12072 -0.22948 2.46292e-19)
(0.432104 -0.404698 2.34184e-19)
(2.46756 -0.196927 0)
(1.42454 -0.387457 0)
(0.101933 0.447737 -4.63987e-19)
(0.449642 -0.180833 0)
(1.78317 0.30732 2.38076e-21)
(0.564913 -0.215579 -2.11e-20)
(0.686637 0.636699 2.35073e-19)
(1.16777 0.251446 9.78048e-20)
(-0.00700899 0.0103016 0)
(-0.0510082 0.0773465 8.06119e-20)
(-0.0310099 -0.0177528 0)
(0.440375 0.44427 3.94341e-19)
(0.633781 -0.0443717 9.22651e-22)
(0.711007 0.330077 0)
(1.02217 0.0118747 1.47915e-19)
(1.36044 -0.269336 1.19027e-19)
(1.02035 -0.015159 -4.5325e-22)
(0.309362 -0.290296 1.42543e-19)
(0.298737 0.294417 0)
(-0.0731325 -0.0222312 0)
(-0.16616 -0.485562 7.00335e-20)
(1.47526 0.193222 1.47946e-19)
(1.1319 -0.0828736 2.30196e-20)
(0.132858 0.124405 0)
(1.03258 -0.0138272 4.98857e-19)
(1.44048 -1.0171 2.07329e-20)
(-0.109562 0.31214 2.94535e-19)
(-0.0824137 -0.0490041 -2.57394e-19)
(0.457618 -0.436504 1.80493e-19)
(-0.0373473 -0.0292058 1.98992e-19)
(2.12528 -0.082345 0)
(0.377431 -0.348147 -2.9742e-19)
(1.06339 -0.0259822 -5.74578e-20)
(1.00888 -0.00466392 -2.13065e-19)
(0.541921 -0.0824527 2.10389e-20)
(0.669242 0.101317 -4.08378e-21)
(1.02412 0.0233065 -1.68571e-19)
(2.14671 0.488542 0)
(-0.0214264 -0.0164473 -1.79782e-19)
(0.436821 0.110249 -1.04319e-18)
(-0.350523 -0.433829 8.04625e-20)
(0.326883 0.30829 -1.35098e-19)
(-0.00159113 0.0106417 0)
(0.000321258 0.00913157 0)
(1.73099 -0.826061 -1.02197e-19)
(1.00413 0.0801544 1.6142e-20)
(0.254622 -0.53599 3.15816e-19)
(-0.123525 -0.167835 -2.18861e-19)
(1.01806 0.0143945 -4.96641e-22)
(0.741943 -0.702576 -5.7537e-20)
(1.16651 -0.0612311 1.42475e-20)
(1.01865 -0.00947404 -7.99212e-20)
(-0.0105881 -0.00737191 0)
(0.935321 0.636725 3.79278e-19)
(0.782501 -0.236968 0)
(0.3868 -0.358484 0)
(-0.0188801 -0.012348 2.12839e-19)
(1.0289 -0.0244193 2.7072e-19)
(0.511347 -0.480483 0)
(0.769545 0.703896 4.60874e-21)
(-0.657689 -0.12749 -1.57624e-19)
(0.00631656 -0.00276752 8.22299e-20)
(0.316686 0.0938588 2.14045e-19)
(1.47701 -0.232504 -2.47266e-20)
(1.65423 0.251681 -3.19118e-19)
(1.69108 -0.296178 -1.26492e-20)
(0.940157 0.560981 1.28141e-19)
(1.02219 0.213219 1.85181e-19)
(-0.391541 -0.456451 -6.14586e-20)
(-0.646397 -0.245974 2.70628e-19)
(1.13788 0.114582 0)
(0.321147 0.223993 1.04526e-19)
(1.29138 -0.474355 1.20508e-19)
(-0.298432 0.36209 0)
(1.40786 0.181023 -8.63983e-21)
(1.02359 -0.0070694 3.5187e-20)
(-0.56601 0.486998 0)
(1.02024 0.0993843 -1.48038e-20)
(0.658207 -0.243404 0)
(0.569904 -0.54869 -4.33036e-20)
(1.00609 0.186757 1.98898e-19)
(0.806535 0.432149 2.55636e-19)
(0.752552 0.386363 3.66571e-20)
(1.0198 -0.0115399 0)
(-0.925393 -0.0849997 -1.8498e-19)
(1.58898 -1.01523 9.6277e-20)
(0.9801 0.766226 2.79176e-20)
(-0.142742 -0.124008 1.80682e-19)
(1.78598 -0.301375 1.38091e-19)
(0.0105161 -0.0129849 7.52471e-20)
(0.804532 0.241537 0)
(0.826213 0.475849 0)
(-0.235127 -0.291895 2.09103e-19)
(1.04938 -0.17756 0)
(-0.315506 -0.0130594 -1.74704e-21)
(0.539365 -0.877754 -3.04644e-20)
(-0.0366612 -0.0105099 7.68221e-22)
(1.82282 0.547223 5.15667e-20)
(1.414 -0.394124 -4.82241e-21)
(0.462316 -0.314522 0)
(1.02466 0.0053135 -4.09505e-19)
(0.743606 0.671288 1.68327e-19)
(0.430882 0.594326 -6.257e-19)
(1.10199 -0.855863 7.25913e-20)
(0.584488 0.032741 2.91871e-21)
(0.383875 -0.497857 -2.65018e-19)
(1.1437 -0.819057 -1.27331e-19)
(0.54103 -0.192489 1.53857e-19)
(-0.344219 0.387881 0)
(0.531084 0.161177 0)
(0.970708 -0.0836068 -2.9681e-19)
(1.05324 0.608304 0)
(0.860105 -0.356494 2.88054e-19)
(-0.528797 -0.331938 0)
(2.07951 0.380822 1.18507e-19)
(-0.00456675 -0.138563 -1.32442e-19)
(1.77451 0.751649 0)
(-0.275932 -0.356086 0)
(2.23726 0.0390958 1.45655e-19)
(-0.966849 0.281195 0)
(0.0104286 -0.395304 -4.29831e-19)
(0.913139 0.599634 -1.26187e-19)
(2.1182 -0.377606 -2.21914e-20)
(0.222559 -0.21674 1.60217e-19)
(-0.197223 0.145228 1.04402e-19)
(1.93358 -0.456944 0)
(0.12159 -0.136889 -2.27009e-19)
(-0.0080801 -0.0136958 0)
(1.10371 -0.186564 -1.2247e-19)
(-0.0391494 -0.153345 -3.35215e-19)
(-0.626413 -0.288638 2.80413e-19)
(0.752343 -0.184127 7.08711e-20)
(1.98793 -0.260881 5.86734e-20)
(0.420929 0.403901 0)
(0.715051 -0.319002 -9.08603e-20)
(-0.447392 0.119532 7.62009e-19)
(2.08481 0.439345 0)
(1.02075 0.573354 0)
(-0.118646 -0.0735995 -1.89387e-19)
(1.45352 -0.312649 -1.60314e-19)
(0.883458 -0.256956 -9.98433e-20)
(1.40984 0.321872 5.15753e-19)
(1.62845 0.0823029 -1.69029e-19)
(0.933639 0.389256 -1.77275e-19)
(1.04991 0.647183 -1.90952e-19)
(1.99084 -0.453894 7.1135e-20)
(-0.249384 -0.296652 -1.37568e-19)
(1.0248 -0.00110656 2.90482e-19)
(1.61608 0.158611 9.16421e-21)
(1.24274 0.305867 -2.56865e-19)
(1.00861 0.0373419 8.08593e-21)
(-0.413157 -0.0440403 1.26102e-19)
(-1.29378 0.134228 0)
(-0.620908 0.468328 0)
(0.624867 0.210333 0)
(1.89069 -0.29277 8.10322e-20)
(-0.35443 -0.471707 -2.35522e-19)
(0.475307 0.368293 0)
(-0.0204248 -0.0279199 1.22044e-19)
(1.64919 -0.388207 -4.48975e-20)
(-0.0984141 -0.0645177 -1.93161e-19)
(0.996579 0.670967 2.31613e-19)
(0.979144 0.291712 8.47025e-20)
(-0.573454 -0.162174 9.42754e-20)
(0.869467 0.774583 -2.08775e-19)
(1.24237 -0.288434 6.8009e-20)
(0.961255 -0.00676678 -2.70773e-19)
(1.08667 -0.050291 -9.79942e-20)
(0.765189 0.262384 0)
(0.124295 -0.0494274 0)
(1.19656 -0.173191 5.52944e-20)
(1.42175 -0.306156 -1.35144e-19)
(-0.914552 0.313598 -5.80999e-21)
(1.04365 0.245322 2.12216e-19)
(1.25518 1.00536 0)
(0.573077 0.137316 -9.31187e-20)
(0.161262 -0.37992 -5.97993e-20)
(0.766525 -0.322376 3.79895e-19)
(0.79036 -0.294963 -1.26127e-19)
(1.43668 0.227342 2.42447e-19)
(-0.534107 -0.0972943 1.00343e-19)
(-0.72433 -0.241326 -1.17506e-19)
(0.482889 0.469975 4.50853e-19)
(-0.492678 0.0644767 -3.00065e-19)
(1.54903 0.0624973 -4.51166e-20)
(0.998872 -0.284802 2.99011e-19)
(-0.0186571 0.0448079 -2.95873e-19)
(0.554982 0.375561 -3.31019e-19)
(0.870095 0.479068 0)
(-0.0309295 0.0485283 -9.6192e-20)
(-0.230877 0.24263 -2.0065e-19)
(-0.12479 0.318041 -1.6872e-19)
(-0.00685027 0.0184056 -1.00135e-19)
(1.07433 0.0341888 -8.28753e-20)
(-0.253831 0.472218 -1.04327e-19)
(0.888585 0.51559 1.14877e-19)
(1.38169 0.819963 3.89747e-20)
(0.701279 0.648962 0)
(0.974011 0.632859 0)
(-0.106775 0.00980474 -1.37817e-19)
(-0.604755 0.0028177 0)
(0.928421 0.523357 -1.15038e-19)
(-0.0102293 0.00827173 0)
(1.53597 0.176796 1.28263e-20)
(0.680522 -0.0319291 6.25573e-19)
(-0.042279 -0.0605778 3.34289e-22)
(-0.0205584 0.0614316 0)
(0.536717 0.508282 0)
(-0.765893 0.387169 1.93102e-19)
(-0.234729 0.262712 8.12631e-20)
(1.90064 -0.330089 -2.32599e-20)
(-0.450937 -0.491966 2.31834e-19)
(0.564754 -0.0825435 -5.25781e-19)
(2.1928 -0.476702 4.06309e-20)
(1.75547 -0.230726 -2.43707e-20)
(-0.0506928 0.082334 -8.52342e-20)
(0.377149 -0.366273 -3.5089e-19)
(-0.0780663 0.111855 1.45142e-19)
(-0.283408 0.273024 0)
(0.753691 0.689083 2.31817e-20)
(1.01931 -0.190447 -3.54967e-19)
(-0.106232 -0.0643601 1.15839e-22)
(0.581456 -0.166721 0)
(0.6108 0.574402 -2.70728e-20)
(0.47764 -0.465239 2.6027e-19)
(-0.251441 0.305583 5.08508e-22)
(0.382433 0.367812 -3.59586e-19)
(1.77538 0.585629 0)
(2.18516 -0.341747 4.03483e-19)
(-0.221459 0.275628 0)
(-0.30208 0.399811 -1.12719e-19)
(-0.104428 0.159947 6.51251e-20)
(0.400963 0.376021 2.8164e-19)
(0.783292 0.717819 -2.51315e-19)
(-0.177219 -0.275625 2.60641e-19)
(-0.074499 0.121397 -1.4881e-19)
(-0.280922 -0.334723 -2.44542e-19)
(0.815108 0.299603 0)
(-0.234135 0.128993 -8.89611e-20)
(0.46296 -0.424569 2.85476e-19)
(-0.0721502 -0.0481204 -2.30683e-19)
(1.2597 0.235433 -1.72713e-19)
(0.0044975 0.00098727 5.02546e-20)
(0.765639 0.706665 0)
(0.690105 0.645601 0)
(0.835904 0.753199 -2.10556e-19)
(0.87051 0.782564 6.79501e-20)
(1.43572 -0.833974 -6.03879e-20)
(-0.290833 0.203949 -1.69362e-21)
(0.894376 0.437778 0)
(-0.172174 0.209092 -4.87284e-20)
(1.44688 0.958456 -2.3929e-19)
(1.14339 -0.273156 1.70831e-19)
(1.53267 -0.482302 0)
(0.427184 -0.395449 4.14152e-21)
(1.96286 -0.354488 -1.84807e-19)
(-0.33698 0.342018 -1.41736e-19)
(-0.22434 0.432206 0)
(-0.00118961 0.0113487 -2.2269e-19)
(0.844875 0.756088 9.0083e-20)
(0.762397 0.421863 1.16288e-19)
(0.00371706 0.00432423 -2.77327e-19)
(0.551861 -0.537584 0)
(1.60194 -0.454314 0)
(-0.0198695 0.0355314 8.30365e-20)
(0.337492 -0.31117 -5.23981e-19)
(-0.298401 -0.367476 -1.58329e-19)
(-1.25126 0.143989 -5.02161e-19)
(0.543221 -0.140194 2.93126e-19)
(-0.00608266 0.0240389 9.08856e-20)
(0.910429 0.803374 0)
(-0.312709 0.0722934 1.49265e-19)
(-0.00371177 -0.0123314 -9.17969e-20)
(0.0053076 -0.00141347 4.22145e-20)
(0.404824 -0.355896 1.71007e-19)
(0.00104801 -0.0658831 -1.70339e-19)
(0.674135 -0.19151 2.82995e-19)
(0.00929979 -0.00734527 -4.67068e-20)
(-0.557937 0.0714576 -2.01083e-19)
(0.756077 0.299951 0)
(1.94602 -0.199627 4.02587e-20)
(-0.380041 0.20917 1.34097e-19)
(0.958814 0.806744 2.70022e-19)
(-0.432262 -0.493252 3.36127e-19)
(0.962466 0.848267 -5.78705e-21)
(2.05144 -0.355232 -6.50538e-21)
(-0.00789412 0.0245559 1.37232e-19)
(1.17914 -0.294311 -4.02778e-21)
(-0.0821102 -0.474284 2.20046e-19)
(-0.00932942 0.034061 1.35416e-19)
(0.00256459 -0.0146986 1.63017e-19)
(-0.0246908 -0.0177583 -1.62108e-19)
(-0.11693 -0.0726612 2.4733e-19)
(1.15399 -0.292265 8.20933e-20)
(1.06578 0.919749 2.9929e-21)
(2.05925 -0.277653 2.24835e-20)
(-0.0311595 0.0595413 1.81987e-19)
(0.634102 -0.15397 0)
(1.27373 -0.455229 0)
(-0.266795 0.295032 0)
(1.05525 0.790677 1.9371e-19)
(1.71066 -0.79966 3.34163e-20)
(0.00691183 0.0848168 -1.02679e-19)
(-0.062099 -0.0543578 1.52868e-19)
(-0.017408 0.0385343 0)
(1.71496 -0.215955 -4.80448e-20)
(0.438929 0.413511 -5.10176e-19)
(-0.183311 0.336264 -1.22967e-19)
(-0.142975 -0.0867291 -2.25898e-19)
(-0.586904 0.499289 2.18646e-19)
(2.02388 -0.319981 0)
(1.32061 0.998991 -2.31926e-21)
(-0.13006 -0.0789039 -1.10858e-19)
(0.484715 -0.126092 0)
(0.611599 -0.0758714 -3.01946e-19)
(1.04755 0.859727 0)
(-0.670201 0.0129271 1.88587e-19)
(-0.123453 -0.0720229 2.16126e-19)
(0.925601 0.806875 -1.09437e-19)
(-0.119737 -0.0752723 1.05937e-19)
(0.461924 -0.0829844 -1.84256e-19)
(0.991906 0.855934 0)
(0.494556 -0.468883 -6.48815e-20)
(0.864153 0.737848 1.41369e-19)
(0.513134 -0.449995 -2.604e-19)
(1.05671 0.90782 0)
(0.267742 0.0761044 -4.48455e-20)
(-0.710859 -0.0559272 1.75832e-19)
(1.13257 0.939327 6.90485e-21)
(-0.278017 0.366673 -1.95978e-19)
(1.31697 0.991366 2.05651e-20)
(1.70729 -0.660892 -2.68894e-20)
(-0.00456644 0.0130923 1.79012e-19)
(0.651422 -0.109894 -1.24979e-19)
(1.79639 -0.14387 0)
(1.15034 0.944741 5.3206e-20)
(2.05039 -0.170343 0)
(0.851834 -0.250054 3.39599e-19)
(-0.743564 0.0994797 -3.31982e-19)
)
;

boundaryField
{
    frontback
    {
        type            empty;
    }
    Top
    {
        type            noSlip;
    }
    outlet
    {
        type            zeroGradient;
    }
    bottom
    {
        type            noSlip;
    }
    Inlet
    {
        type            fixedValue;
        value           uniform (1 0 0);
    }
    rectangle
    {
        type            noSlip;
    }
}


// ************************************************************************* //
