/*--------------------------------*- C++ -*----------------------------------*\
| =========                 |                                                 |
| \\      /  F ield         | OpenFOAM: The Open Source CFD Toolbox           |
|  \\    /   O peration     | Version:  2306                                  |
|   \\  /    A nd           | Website:  www.openfoam.com                      |
|    \\/     M anipulation  |                                                 |
\*---------------------------------------------------------------------------*/
FoamFile
{
    version     2.0;
    format      ascii;
    arch        "LSB;label=32;scalar=64";
    class       volVectorField;
    location    "25.4";
    object      U;
}
// * * * * * * * * * * * * * * * * * * * * * * * * * * * * * * * * * * * * * //

dimensions      [0 1 -1 0 0 0 0];

internalField   nonuniform List<vector> 
2186
(
(1.28218 -0.0653232 2.74134e-19)
(1.56499 -0.906171 1.83342e-20)
(1.41388 -0.88417 1.04661e-20)
(0.708423 -0.546556 -1.74473e-19)
(-0.382355 0.347996 -1.65871e-19)
(1.68364 -0.52106 0)
(0.695404 -0.641857 0)
(0.00100305 0.00736405 5.76486e-20)
(1.40589 -0.15813 5.77274e-20)
(0.526069 -0.262577 -2.09101e-21)
(0.714201 0.646561 0)
(0.824463 -0.264569 -6.53562e-20)
(0.00176768 -0.00674326 -2.36472e-20)
(1.20148 0.026973 -4.29302e-19)
(1.74651 -0.660258 6.79179e-21)
(1.01618 0.00118211 2.00557e-19)
(0.979889 0.0126664 0)
(-0.409826 0.0718602 0)
(1.64993 -0.430401 0)
(-0.0717054 0.329397 -6.45947e-20)
(0.493722 0.159946 -1.25403e-19)
(-0.172754 0.223697 8.70821e-20)
(1.19071 0.0305035 3.53602e-19)
(-0.186256 -0.0538092 4.76744e-21)
(1.02843 0.0138017 -2.78412e-19)
(0.759005 -0.523533 0)
(0.759263 0.00853935 1.6441e-19)
(0.586595 -0.56622 -2.08456e-19)
(1.2589 0.748613 0)
(0.960536 0.025511 -3.797e-19)
(-0.0258684 0.112192 0)
(1.0222 -0.00548699 1.31624e-20)
(-0.0191383 0.304486 0)
(2.49711 -0.127234 1.61134e-19)
(-0.17933 -0.110222 3.36021e-22)
(1.59813 0.811152 9.43525e-20)
(2.08725 0.0553258 1.10003e-19)
(0.524584 0.207269 -3.73189e-19)
(2.044 0.23393 -3.0648e-19)
(1.39028 -0.419762 -1.83637e-20)
(-0.0229561 -0.0434086 0)
(-0.128074 0.205025 0)
(1.82082 -0.842948 4.26508e-20)
(-0.428594 0.25362 0)
(1.14117 0.303827 1.72891e-19)
(0.57425 -0.245566 3.20403e-19)
(0.887704 -0.755861 0)
(1.14694 -0.759428 1.53497e-19)
(2.36119 -0.197059 0)
(-0.312314 0.332658 1.7343e-19)
(-0.0159433 0.183528 9.55083e-20)
(0.662312 0.61159 8.87821e-20)
(2.00586 -0.723539 2.52981e-20)
(0.61765 0.328378 -2.99919e-19)
(-0.25135 0.131004 3.39511e-20)
(0.732848 -0.620569 0)
(1.61356 -0.928164 1.74132e-20)
(0.556889 -0.517571 0)
(2.38973 0.210795 9.53839e-20)
(1.10889 -0.154245 -4.43118e-19)
(1.85288 -0.0409482 1.27589e-19)
(1.40084 0.324718 -2.0489e-19)
(1.39213 0.565809 0)
(1.22621 -0.361412 2.01122e-20)
(1.40832 0.408088 -1.26262e-19)
(1.212 -0.702878 -2.23497e-19)
(1.21655 0.695936 5.93884e-20)
(0.684278 0.116002 -6.17254e-19)
(0.824236 0.0925579 0)
(1.92685 -0.164301 -1.77663e-20)
(-0.0231513 -0.00842547 -6.52817e-20)
(2.26751 -0.152378 -1.11342e-19)
(0.722463 0.00608293 -2.73689e-19)
(0.844867 -0.486174 0)
(0.842209 0.21727 -1.00668e-19)
(0.520689 -0.478897 -3.47645e-19)
(2.1883 -0.138336 0)
(1.00697 0.0105636 4.1385e-19)
(-0.178761 -0.116383 0)
(2.10452 0.401453 0)
(0.527216 -0.0471701 8.4845e-20)
(1.22005 -0.348851 2.64979e-20)
(1.02316 0.00928487 4.62584e-20)
(1.36882 0.440197 3.15802e-20)
(0.965481 0.026274 4.85715e-19)
(1.03497 0.0323875 -1.14992e-20)
(0.682107 0.225924 -3.65463e-19)
(1.56401 -0.427417 3.73247e-21)
(1.41067 -0.188277 0)
(-0.0688354 -0.0555395 4.80054e-20)
(0.829404 -0.591121 -2.00269e-19)
(-0.1386 0.4337 -2.12055e-21)
(1.09653 -0.0629161 2.91662e-19)
(0.801037 -0.148595 0)
(0.970948 0.0238145 4.62256e-20)
(1.41881 0.676207 0)
(1.57178 -0.9179 0)
(1.3479 0.236826 0)
(-0.376008 0.348636 0)
(0.758695 -0.63241 3.4998e-19)
(-0.309396 0.304013 -2.66983e-19)
(0.331716 0.164032 1.45647e-19)
(1.61886 0.199016 0)
(1.13327 -0.0914783 -2.66632e-19)
(1.12309 0.0243991 2.04744e-19)
(-0.00474066 0.392874 1.27128e-19)
(0.676041 0.551118 0)
(2.08002 -0.177621 -2.98034e-20)
(0.936827 -0.44812 9.80188e-20)
(-1.04372 -0.607982 1.59868e-19)
(1.83593 0.329497 1.14964e-19)
(-0.287727 0.383699 -2.59903e-19)
(0.78688 -0.714517 0)
(0.599789 0.402402 1.80168e-19)
(1.58149 -0.162539 -1.76143e-19)
(-0.0142663 0.0262673 -2.71783e-19)
(1.25486 0.703307 5.70241e-21)
(1.85358 -0.201159 0)
(-0.0910701 -0.0711886 -1.43469e-19)
(0.701753 -0.0292941 8.69848e-20)
(1.62151 0.919604 0)
(-0.232811 0.213647 -2.42219e-19)
(0.928456 0.800343 -2.9872e-19)
(-0.399121 0.0611217 2.59854e-19)
(1.03215 -0.0212446 0)
(1.51306 0.773197 -7.18755e-21)
(-0.367547 0.382957 0)
(0.667975 -0.458154 -1.25076e-19)
(-0.379444 0.063003 -1.46235e-19)
(0.760033 -0.692785 0)
(0.405128 -0.216021 4.64191e-19)
(0.509954 -0.417348 3.21752e-19)
(0.3973 -0.359316 0)
(0.949098 -0.752458 -1.70857e-19)
(0.0228921 0.0909456 0)
(-0.20137 0.289052 -1.35906e-19)
(0.779268 -0.666496 1.70802e-19)
(2.22416 -0.222955 7.33002e-20)
(2.273 0.165605 0)
(-0.0425505 -0.011084 0)
(0.719029 0.668364 -3.73752e-19)
(1.72321 -0.596886 -3.33466e-20)
(0.0248959 0.0272979 0)
(0.949558 -0.77587 -1.81091e-20)
(1.12706 -0.0907519 0)
(1.06802 -0.108823 4.61535e-19)
(1.99168 -0.154525 -1.77371e-20)
(-0.377488 0.334174 0)
(1.18623 -0.530492 -7.26986e-20)
(-0.161804 0.387036 -4.23725e-20)
(-0.309415 0.44888 0)
(1.05979 -0.783554 1.15863e-20)
(1.00663 0.00483381 -6.91245e-19)
(0.620639 -0.441562 -1.2201e-20)
(0.787675 -0.481911 0)
(1.16276 -0.701802 -1.27906e-19)
(0.679413 0.285408 2.81294e-19)
(1.26796 0.133425 0)
(1.5528 0.0762501 -2.93111e-19)
(1.16114 -0.825012 -3.07551e-19)
(-0.0510729 -0.0186465 -5.12873e-20)
(-0.103195 -0.188822 -6.84338e-20)
(1.08223 0.0146383 2.58261e-19)
(0.889425 -0.433447 -1.23272e-19)
(1.59192 -0.466069 -3.4553e-21)
(1.12878 -0.201037 -5.83245e-20)
(0.732945 -0.120385 5.95109e-20)
(-0.129175 -0.0501525 -1.33093e-19)
(1.74989 -0.14053 0)
(2.30436 -0.275334 6.55021e-20)
(1.49716 0.680292 1.58651e-19)
(0.777856 -0.58198 -2.5524e-19)
(0.995262 0.0095844 1.41619e-20)
(0.689535 -0.496514 3.43921e-19)
(1.35523 0.836285 1.42837e-19)
(1.91804 0.0353814 1.3778e-20)
(-0.363754 0.286778 0)
(1.0943 0.0642486 -2.67564e-19)
(-0.333496 -0.0791916 -1.14557e-19)
(1.11149 0.519323 8.76593e-20)
(0.1311 -0.121007 8.04229e-20)
(1.16058 0.0300163 -4.92052e-20)
(-0.174017 0.285141 -1.56545e-19)
(1.34527 0.613233 -8.72334e-20)
(1.18513 0.925287 0)
(-0.35322 0.253932 -7.94643e-20)
(0.0341207 0.10488 0)
(0.690847 0.599242 -2.9801e-19)
(2.14645 0.163452 -1.96315e-20)
(-0.0105795 -0.0294636 8.27057e-20)
(-0.322407 0.0736311 -4.2142e-19)
(0.731312 0.120204 2.71244e-19)
(2.11213 -0.0620611 -3.97087e-20)
(0.955225 -0.32025 -3.56403e-20)
(-0.0213267 -0.00973451 0)
(-1.1302 -0.868229 3.41989e-19)
(1.38225 1.01282 -2.77693e-20)
(0.848576 0.112019 -1.4927e-19)
(0.585677 0.550672 2.0791e-19)
(0.452679 0.198859 0)
(-0.110947 -0.134269 -9.44434e-20)
(-1.21084 -0.885232 2.93164e-19)
(1.25553 -0.925568 8.98262e-22)
(0.983631 -0.0130299 -2.16019e-19)
(-0.142927 -0.146953 5.58139e-21)
(-0.223756 0.252535 1.41426e-19)
(-0.248615 -0.172716 -9.69271e-20)
(1.85543 -0.183202 0)
(1.14758 0.0511763 -3.59509e-19)
(2.36963 -0.0035899 1.85849e-19)
(1.23677 -0.593516 1.42413e-19)
(0.996728 -0.112102 -5.9198e-21)
(0.622168 0.382458 0)
(0.985388 0.786902 -1.77264e-20)
(0.71727 0.661344 1.99245e-19)
(0.867153 -0.532659 1.80359e-19)
(0.72254 0.543703 0)
(1.02011 0.00790351 9.26374e-21)
(0.850582 -0.632872 2.57749e-19)
(0.870904 0.460294 -4.94121e-19)
(1.18601 -0.0989806 0)
(0.0187725 0.0423862 -1.99455e-19)
(0.0142407 0.383375 -9.80802e-20)
(1.64561 0.753754 0)
(1.30652 -0.906099 -7.68633e-22)
(-0.406314 0.0892062 0)
(-0.385309 0.41046 1.05772e-19)
(0.773951 0.689509 -1.05528e-19)
(0.835266 -0.185506 0)
(-0.179789 -0.0288656 0)
(1.57173 -0.435772 0)
(-0.118332 -0.108303 4.10741e-19)
(1.17242 -0.853068 2.00989e-19)
(1.14182 -0.577392 8.07517e-20)
(1.02722 -0.157353 -2.0448e-19)
(0.844914 -0.662536 -2.05174e-19)
(0.177574 -0.180725 0)
(-0.409137 0.109672 0)
(0.971392 -0.484129 2.16917e-19)
(-0.0157974 0.0061324 0)
(-0.356562 0.290555 0)
(-0.0406497 0.0429448 2.35091e-19)
(0.831006 0.707251 9.15852e-20)
(1.05522 0.830666 0)
(0.734514 0.594608 -9.10288e-20)
(0.827882 -0.00728596 -2.48851e-19)
(0.782979 0.60125 -2.4421e-19)
(0.623026 0.581608 -1.78918e-19)
(-0.0568716 -0.0248791 2.16793e-22)
(0.692133 -0.619792 0)
(0.916372 0.206863 -3.54227e-19)
(-0.0488848 -0.0482058 2.89383e-20)
(0.634025 0.588969 4.04496e-19)
(0.999239 0.834783 0)
(-0.373945 -0.1323 3.1366e-19)
(-0.181119 -0.0711155 1.52253e-19)
(-0.168746 0.064305 -7.47749e-20)
(0.701874 0.609971 -1.57795e-20)
(0.968876 -0.00671929 6.68133e-20)
(-0.0344452 -0.0611735 0)
(2.15759 -0.177031 -8.91512e-20)
(1.71315 -0.319201 -1.69752e-19)
(0.625023 -0.577021 -9.12422e-20)
(-0.315794 0.0944691 9.1115e-21)
(1.23529 0.48646 1.9996e-19)
(0.917684 0.449006 0)
(1.02403 -0.156862 2.2872e-19)
(-0.153657 -0.0739003 -1.09503e-21)
(-0.116008 0.220206 3.62816e-19)
(0.91046 0.0207069 -6.03831e-20)
(1.15975 0.162519 0)
(1.81974 -0.0561613 -4.13347e-20)
(1.9661 0.0561909 0)
(0.567568 0.310778 -4.91542e-19)
(-0.253101 0.298792 0)
(-0.0212925 -0.00153415 1.27545e-19)
(0.671387 0.0956399 0)
(0.58873 -0.476179 -2.1033e-19)
(1.13339 0.0215855 2.3907e-19)
(-0.397848 0.291611 3.61781e-20)
(2.05703 -0.0682863 7.08983e-22)
(1.96723 -0.21202 -3.7488e-20)
(1.14423 0.249885 -2.42399e-19)
(-0.0509572 -0.0666422 -5.661e-20)
(1.0391 -0.820293 0)
(0.807035 0.0166572 -1.73845e-19)
(0.902192 -0.34678 -3.36604e-19)
(1.67326 -0.553108 5.35982e-21)
(1.64874 0.018806 -6.91498e-21)
(1.0957 -0.00079151 4.30421e-19)
(-0.126375 -0.0600178 -6.50452e-20)
(0.968716 -0.410114 -1.51953e-19)
(0.18602 -0.178574 2.9573e-19)
(1.00823 -0.00589596 0)
(1.00468 -0.00393304 0)
(0.110108 -0.0143772 2.65959e-20)
(-0.163609 0.341481 -9.68641e-20)
(0.19377 -0.112301 -7.51245e-20)
(1.86143 -0.0177083 5.74708e-21)
(0.943893 -0.0866181 0)
(1.95494 -0.0393516 -1.237e-19)
(0.910369 -0.790576 -1.21994e-19)
(1.73762 -0.536747 -1.91021e-20)
(1.14951 0.873562 0)
(0.446832 -0.426243 0)
(0.642633 0.559761 -1.88469e-19)
(1.13006 0.302199 -4.4472e-19)
(2.15184 -0.245819 7.1152e-23)
(0.878167 0.189928 1.52323e-19)
(-0.100747 -0.13256 -1.70181e-19)
(1.49468 -0.309565 1.58558e-20)
(-0.0993578 -0.182942 0)
(-0.0849576 -0.0347239 0)
(-0.0592905 -0.0605167 0)
(1.29901 -0.696096 -1.43075e-19)
(-0.304817 0.469201 -2.13345e-19)
(-0.183441 0.303654 0)
(1.33985 1.0147 -3.95758e-20)
(1.14039 0.166365 -4.66668e-19)
(2.61528 0.394739 -1.10918e-19)
(1.12459 0.961117 9.39214e-20)
(-0.253277 0.43199 1.33858e-19)
(1.20361 -0.0821602 0)
(-0.067495 -0.0411669 -1.83068e-19)
(-0.330811 0.435657 2.508e-19)
(0.782258 0.068919 2.02533e-19)
(1.59158 0.984622 -1.28573e-20)
(1.91194 0.955697 -4.19903e-20)
(-0.165715 0.428746 -1.3387e-21)
(0.716688 -0.653218 -4.65214e-20)
(1.16918 -0.0339692 0)
(1.74689 -0.0129222 0)
(0.972467 0.0452546 0)
(-0.727049 -0.391643 -3.70834e-19)
(-0.0822853 -0.102372 5.85536e-20)
(1.09037 0.881208 0)
(0.993373 0.0120159 5.79435e-19)
(0.805973 0.643913 -2.44282e-19)
(-1.05584 -0.746101 -1.90843e-19)
(0.867657 0.048573 -4.57797e-20)
(0.686878 -0.624561 -2.66783e-19)
(1.43659 0.740636 -3.68775e-20)
(0.530586 -0.407152 -3.32201e-19)
(1.13394 0.00401108 -5.18585e-19)
(0.793233 0.0457099 5.20401e-20)
(1.47458 -0.176749 1.10349e-19)
(1.58569 -0.0598084 -6.16598e-20)
(-0.00369842 0.00663311 2.09611e-22)
(1.11571 0.500498 -2.92666e-19)
(1.38195 0.648284 7.31961e-20)
(-0.22625 0.0100179 0)
(-0.0798835 -0.185977 6.43018e-20)
(0.0182296 0.0855185 8.51526e-20)
(-0.170965 -0.123965 -6.69856e-20)
(0.514018 0.378516 0)
(1.48508 0.00362522 0)
(-0.0273559 0.0359439 -1.31741e-19)
(-0.0822492 -0.0698078 -2.93565e-20)
(1.05222 -0.0271004 2.05587e-19)
(-0.342989 0.326373 -3.96394e-20)
(1.40328 -0.0673509 -3.53831e-19)
(-0.0574842 0.362996 0)
(0.802147 -0.709846 -3.79899e-19)
(1.42665 -0.0682706 8.9414e-20)
(-0.205532 -0.127918 7.26346e-20)
(0.735438 0.20443 3.56246e-19)
(0.636594 0.19432 1.14601e-19)
(0.475952 -0.447848 2.34664e-19)
(0.0253379 0.0232526 -6.98539e-20)
(1.8286 0.894264 0)
(0.43028 0.403473 -2.0554e-19)
(1.03031 -0.0114846 -3.27326e-19)
(-0.354515 0.0707128 1.67227e-19)
(1.47302 0.505284 -1.35759e-19)
(-0.0221645 0.00384979 -2.5683e-20)
(0.661394 -0.603121 -1.07352e-19)
(0.837986 0.222108 -2.24332e-19)
(1.00921 0.456895 2.49261e-20)
(1.12973 -0.122946 4.1309e-20)
(0.588409 -0.182093 -3.36351e-19)
(1.93407 -0.316183 -1.02167e-20)
(1.70867 -0.0201192 0)
(2.15622 0.316267 -5.94958e-20)
(2.16296 -0.115639 9.64826e-21)
(0.400944 -0.0632588 3.01952e-20)
(0.988806 0.373774 -1.76632e-19)
(1.45025 -0.383719 -4.50642e-20)
(0.452611 0.429983 -2.67129e-19)
(-0.326375 0.014217 1.94468e-19)
(1.68934 -0.155167 0)
(0.944321 0.00754039 0)
(0.840955 -0.743031 7.79749e-20)
(-0.177349 -0.0644576 -1.67029e-19)
(-0.384909 0.153042 -1.7184e-19)
(-0.00375579 0.00832926 -1.0921e-19)
(-0.339307 0.19906 -1.33483e-19)
(-0.149284 -0.160315 0)
(-0.0796451 -0.0425651 1.9448e-20)
(0.218323 0.404608 -9.70096e-20)
(-0.243232 0.265796 -3.22025e-19)
(0.790202 -0.0744904 0)
(1.69529 -0.258108 7.46155e-20)
(0.0163574 0.0413719 0)
(0.992699 0.0246546 4.17061e-19)
(-0.0918883 -0.182814 1.3405e-20)
(0.507277 -0.378674 4.45413e-19)
(-0.354687 -0.0222678 1.89752e-19)
(-0.887686 -0.314266 0)
(0.123603 0.267235 1.12671e-19)
(0.999722 0.0272995 -1.25785e-20)
(-0.0950237 -0.0704132 0)
(1.00477 -0.00800257 -6.46349e-20)
(0.82761 -0.695736 -3.54099e-19)
(1.22885 -0.350847 0)
(0.914482 -0.241906 2.40551e-19)
(-0.0554962 0.184762 2.01992e-19)
(-0.0331728 -0.0251191 0)
(-0.0992201 -0.155028 -2.60235e-21)
(0.694763 -0.601627 -5.00173e-19)
(0.936184 -0.0226258 -3.08608e-19)
(-0.180376 -0.04913 1.93874e-19)
(-0.0511036 -0.0164944 7.75391e-20)
(-0.111379 -0.172939 0)
(0.991571 0.50728 0)
(-0.166168 -0.159169 7.58256e-20)
(1.43894 -0.29596 -8.30718e-20)
(1.11877 0.935197 2.06095e-20)
(1.09268 0.231652 -1.37635e-19)
(1.11882 0.00938158 -2.62553e-19)
(1.01528 -0.060007 -9.77546e-20)
(-0.152193 -0.0764097 -1.79408e-19)
(1.92726 0.082435 3.80014e-19)
(0.705245 0.0401428 2.33104e-19)
(1.92817 -0.141418 7.15973e-20)
(1.02232 -0.135393 0)
(0.120269 -0.105472 2.72423e-19)
(1.14245 0.027651 -5.65025e-19)
(1.80725 0.645851 1.73843e-20)
(0.710908 -0.417439 -1.84785e-19)
(-0.0853475 -0.0661501 1.07326e-19)
(0.766424 -0.6701 4.61821e-19)
(1.27774 0.21084 8.34137e-20)
(1.00748 -0.00781448 2.86141e-19)
(-0.118121 -0.135995 -7.25026e-20)
(1.0324 0.0273903 0)
(2.10677 0.0784327 -2.22733e-19)
(-0.0512946 -0.0336166 0)
(1.01472 0.0162323 -1.69982e-19)
(-0.884806 -0.399315 -4.69387e-19)
(1.76986 0.317885 4.18749e-20)
(-0.0264257 0.0928915 1.12922e-19)
(1.65995 0.0364218 -2.87644e-22)
(1.01571 -0.0158874 5.92785e-20)
(1.27148 -0.0818201 0)
(1.40098 -0.586193 -2.19804e-19)
(1.02942 0.047557 -1.74656e-19)
(1.49528 0.823384 -6.95803e-20)
(1.30478 -0.0558087 0)
(0.539915 0.280297 -1.24808e-20)
(-0.0321278 0.0419601 0)
(1.27491 0.0433909 0)
(-0.0653894 -0.0984735 0)
(1.28072 0.473685 0)
(1.98477 0.291676 4.93508e-20)
(0.779773 0.653678 4.2832e-19)
(0.27729 -0.278203 -2.77864e-19)
(-0.0831503 -0.0525893 -1.82334e-19)
(-0.0314523 -0.0129326 0)
(2.31745 -0.176458 8.26789e-20)
(1.4005 0.545149 0)
(1.51426 0.303843 0)
(-0.095576 -0.0452537 7.96113e-20)
(0.845962 0.748371 1.39262e-19)
(1.5998 -0.0248214 0)
(0.0142266 0.0086737 4.56754e-20)
(0.930138 0.253978 2.07744e-19)
(1.88748 -0.0844341 -5.59074e-20)
(1.29106 0.966063 5.0788e-20)
(0.887195 -0.797575 -5.7672e-20)
(1.62279 -0.0382536 -3.21387e-20)
(0.832015 0.75221 1.4334e-19)
(1.22647 0.964562 0)
(2.07567 -0.103257 1.23612e-19)
(0.610396 -0.530915 0)
(1.51325 -0.355441 4.03525e-20)
(1.05921 0.131155 1.85875e-19)
(1.00569 -0.00252025 0)
(-0.600352 -0.6288 3.65859e-19)
(0.873381 -0.139589 5.46448e-20)
(0.599611 -0.365666 0)
(0.641365 -0.33822 2.40117e-19)
(1.28441 0.586223 -3.70183e-20)
(0.504373 0.477914 2.95025e-19)
(-0.274162 0.314476 3.78912e-20)
(0.240829 0.0213054 9.86524e-20)
(0.734081 0.0631833 0)
(1.28285 -0.86837 -1.48058e-19)
(1.03706 -0.0423918 4.56207e-19)
(1.57109 0.356921 1.39885e-19)
(0.00887776 -0.00316251 3.90084e-20)
(-0.418239 -0.0685635 0)
(1.19884 -0.22452 -1.38783e-19)
(-0.0297214 -0.0206282 -8.94931e-20)
(-0.510198 -0.656438 -2.73586e-20)
(-0.142467 0.0570379 -7.73881e-22)
(-0.218309 0.105322 2.96221e-19)
(1.23426 -0.326583 -1.71284e-20)
(2.21755 -0.159448 1.19401e-19)
(1.23689 0.486665 -3.22475e-19)
(0.902237 -0.0686535 0)
(1.88329 -0.0676581 2.09514e-19)
(1.75812 0.0638939 2.52218e-20)
(0.877263 -0.734649 1.77248e-19)
(1.11685 -0.938546 -8.28753e-20)
(0.507806 0.472976 1.98631e-19)
(0.833234 -0.362413 0)
(1.8329 0.60297 2.34207e-20)
(-0.0355163 -0.0221598 -1.82344e-19)
(0.924082 0.807721 0)
(1.49346 0.864992 0)
(0.277124 -0.275951 -3.53288e-21)
(0.361521 0.360819 0)
(-0.489887 -0.0810645 -2.01696e-19)
(-0.347939 0.399441 -1.12839e-19)
(1.69247 -0.405887 0)
(1.30907 0.0805978 2.16573e-19)
(-0.316855 0.0676328 1.4423e-19)
(0.508718 -0.481454 -5.45257e-19)
(1.86299 -0.0683739 -1.818e-20)
(0.584526 -0.528193 0)
(1.06948 0.140202 0)
(1.34463 -0.223722 0)
(1.14572 0.248148 -2.6057e-19)
(1.39003 0.112616 3.71574e-19)
(-0.779802 -0.175974 0)
(0.862487 -0.0528981 0)
(1.97547 -0.0762694 1.21552e-21)
(-0.164246 0.314296 1.00552e-19)
(2.3235 -0.0836224 -2.44105e-19)
(1.04128 -0.485337 9.04027e-20)
(1.90379 0.0261091 -2.61756e-19)
(-0.396548 0.100191 -1.13238e-19)
(2.00297 0.0536431 -1.77316e-19)
(1.01462 -0.0123246 4.71648e-19)
(1.57872 0.630876 0)
(-0.368373 0.406487 3.03994e-20)
(0.967197 -0.797526 2.29645e-19)
(0.854882 0.0168164 5.35091e-20)
(0.602552 -0.389646 0)
(1.83537 -0.502531 -5.72335e-21)
(1.17574 -0.177387 1.86005e-19)
(1.66192 -0.231893 0)
(0.582592 -0.540099 5.55017e-19)
(1.35959 0.157051 -1.72589e-20)
(2.45642 -0.131769 4.05506e-19)
(-0.212926 0.38747 -2.0856e-19)
(1.38343 0.649911 1.67409e-19)
(1.18811 0.433916 4.03805e-21)
(0.935655 0.409431 2.44325e-19)
(1.54856 -0.241514 -1.17947e-19)
(-0.147058 -0.0851143 4.95419e-22)
(0.367688 -0.0850853 0)
(-0.135225 -0.100001 1.76741e-19)
(1.05304 -0.913936 0)
(1.02679 -0.622958 2.71439e-20)
(0.751435 -0.261486 -2.15143e-19)
(1.50462 0.327121 -4.66927e-20)
(-0.200442 -0.0885049 -1.89543e-19)
(1.02623 0.517706 1.90196e-19)
(-0.776908 -0.575163 4.09519e-19)
(0.705066 -0.0403658 0)
(1.79642 -0.0253346 0)
(2.03491 -0.0057118 6.29128e-21)
(0.770361 -0.0119292 0)
(1.324 -0.198692 -1.91396e-19)
(-0.46745 0.101661 3.02033e-19)
(1.98783 0.518398 1.74124e-21)
(1.05446 -0.031496 0)
(0.521504 -0.299867 1.19865e-19)
(1.00824 0.0264 2.23605e-19)
(0.348906 -0.320153 -3.68391e-19)
(-0.263246 0.0792335 0)
(1.07553 -0.452623 6.00729e-19)
(1.71983 -0.0299734 -3.70177e-22)
(1.06728 -0.468929 -2.61132e-19)
(2.3902 0.222554 1.66527e-19)
(1.3376 0.828078 0)
(0.885094 0.0240145 0)
(-0.0202137 -0.0288299 -1.02422e-19)
(-0.0306043 0.0403264 1.48264e-19)
(0.982073 0.398864 -2.26781e-19)
(-0.0483288 -0.132803 -5.09736e-20)
(0.680939 0.456652 2.58529e-19)
(0.759875 0.32792 0)
(0.514284 -0.477811 0)
(0.0787207 0.063462 2.51052e-21)
(1.19342 -0.481935 -1.265e-19)
(0.712261 0.0203505 6.34323e-21)
(0.723271 -0.108431 1.32103e-19)
(-0.123603 0.222763 -2.65624e-19)
(1.20205 0.0428146 2.23972e-19)
(0.695745 0.649636 0)
(1.32093 0.729522 0)
(1.67546 0.270751 0)
(-0.127767 -0.14397 -7.90885e-20)
(1.3199 0.597068 2.00803e-19)
(1.95631 -0.00788328 1.7734e-20)
(0.961884 -0.019264 0)
(2.31666 -0.31687 0)
(2.10984 -0.0722026 -2.91634e-19)
(0.63713 -0.185056 4.41527e-19)
(1.00522 0.00636003 -2.23367e-19)
(1.54395 0.503837 0)
(-0.317946 0.163284 0)
(1.28817 0.341669 3.2078e-19)
(1.06232 0.561088 -1.42048e-19)
(1.07923 0.0325237 0)
(1.22096 -0.288553 0)
(2.08153 0.702576 -2.88515e-19)
(-0.168845 0.477918 -4.04833e-21)
(0.994068 0.0156162 0)
(0.744715 0.518494 -3.57581e-20)
(0.900103 -0.792443 0)
(1.00224 0.0177791 5.2028e-20)
(-0.673451 -0.00271636 -1.12887e-20)
(0.878982 -0.291251 3.55861e-19)
(0.249081 -0.358872 -2.46442e-20)
(2.03123 -0.133156 7.25829e-20)
(1.97887 0.132892 1.16267e-19)
(0.77597 -0.0227439 0)
(1.00132 0.0131505 0)
(-0.29349 -0.0654781 0)
(0.699098 0.669942 -2.04161e-19)
(-0.0954763 0.157277 1.79077e-19)
(1.2036 0.374574 -5.14035e-19)
(-0.387436 0.20389 0)
(0.869327 0.682418 1.80745e-19)
(0.981141 -0.303991 0)
(1.00551 0.000943777 1.30633e-19)
(-0.000674626 -0.525699 4.06956e-20)
(1.0711 0.434447 2.81583e-19)
(1.46801 0.140575 0)
(2.24057 0.115615 -7.38696e-20)
(0.818107 -0.0750891 -4.07909e-19)
(-0.55246 -0.103755 -2.75506e-19)
(0.868039 -0.221784 0)
(0.902516 0.276858 1.9089e-19)
(1.80743 -0.214193 0)
(0.813369 0.563131 3.89055e-19)
(-0.538754 0.0832975 1.2372e-19)
(-0.130506 0.228581 0)
(0.623464 0.59408 -7.59062e-20)
(0.991539 -0.609909 -1.89183e-19)
(0.44834 -0.185042 -1.35717e-19)
(1.0197 -0.00587176 0)
(-0.279045 -0.0126503 -1.54648e-19)
(0.606907 -0.53563 9.44267e-20)
(0.932475 0.323624 0)
(1.64147 -0.161288 8.28215e-20)
(1.02631 0.875725 2.65745e-20)
(0.695387 -0.118338 -7.32375e-22)
(0.0519283 0.0808093 -1.14637e-19)
(0.202678 0.0714787 -6.00807e-19)
(-0.0511026 -0.0086401 4.72737e-21)
(0.850627 0.397699 2.66583e-19)
(-0.327952 0.449136 -5.20007e-21)
(1.36797 -0.621341 3.17304e-21)
(1.02109 0.0205085 -3.89679e-19)
(-0.183676 -0.125725 0)
(1.03892 0.0461631 -4.56111e-19)
(1.96118 -0.252251 9.80732e-20)
(0.928528 0.728128 3.04631e-19)
(1.11916 -0.0573683 1.84488e-19)
(1.0001 -0.0139603 1.80283e-19)
(1.64828 0.391872 4.23629e-20)
(0.0207627 0.0166054 1.4329e-22)
(1.6793 -0.836194 1.44433e-20)
(1.09992 -0.120991 -9.76879e-20)
(0.750964 0.0441767 1.13034e-19)
(0.886819 -0.262134 1.02672e-19)
(1.74638 0.246059 0)
(1.00431 0.772569 0)
(0.542056 -0.463378 -4.85108e-20)
(2.11381 0.212101 -2.0941e-20)
(-0.397748 0.0104847 1.05019e-19)
(0.99748 -0.508873 -6.23452e-19)
(0.584628 -0.497472 4.48324e-19)
(1.41623 0.168895 -1.37567e-19)
(-0.11994 -0.103217 6.38663e-21)
(1.49309 -0.334447 0)
(0.762732 0.160332 -7.37646e-21)
(1.55618 -0.213965 -7.72907e-20)
(1.08336 0.798787 0)
(0.723544 -0.28302 0)
(0.12008 0.112636 0)
(-0.00318396 0.0161379 -3.0726e-20)
(-0.130697 0.179149 0)
(1.48293 -0.000427615 4.97101e-19)
(1.25684 0.194332 7.16642e-21)
(-1.0493 -0.546518 1.86397e-19)
(2.08616 0.893928 2.72578e-20)
(1.91199 0.48092 -5.78312e-20)
(2.0426 -0.299904 -9.94366e-21)
(-0.186162 0.0211667 -2.07742e-19)
(-0.111979 -0.170259 1.93888e-21)
(1.73429 0.179325 0)
(0.684773 -0.0347794 0)
(1.00111 0.00149124 2.01887e-22)
(-0.14321 -0.137834 0)
(1.43427 -0.00312329 1.57103e-20)
(0.683995 -0.0310675 0)
(1.04047 0.0140653 1.48327e-19)
(0.989597 0.0169509 -5.0845e-20)
(1.28342 0.0252198 1.29618e-19)
(1.07329 -0.0126726 -1.04346e-21)
(0.928984 -0.1652 -6.1736e-20)
(1.01822 -0.0198542 4.19929e-19)
(0.639553 -0.575342 2.15113e-19)
(-0.997688 -0.675954 -2.38684e-19)
(1.41186 0.667828 3.89203e-21)
(-0.0382256 0.0625591 0)
(1.17147 0.831854 0)
(1.02171 0.00728576 0)
(0.967199 -0.74189 -1.35065e-19)
(1.00105 -0.857747 8.92181e-20)
(1.08274 0.485452 1.18337e-20)
(-0.442052 -0.305382 -5.39835e-19)
(0.651401 -0.0421368 1.1815e-20)
(0.552561 -0.333524 -7.12962e-19)
(1.80695 0.510366 -7.7938e-20)
(0.165879 0.0192469 -7.27273e-20)
(1.97162 -0.268383 1.52731e-20)
(0.95428 0.13598 -3.78414e-22)
(0.0112538 0.00914894 -6.64388e-20)
(1.15416 0.585515 2.1691e-19)
(-0.252469 -0.138275 0)
(-0.0230004 -0.201384 1.22726e-19)
(-0.11103 -0.0670171 -1.13498e-22)
(1.02917 -0.0427595 3.73886e-19)
(1.02056 0.0112658 -9.66467e-21)
(1.11218 -0.00797023 -1.03368e-19)
(1.43401 0.299515 6.70009e-21)
(1.69467 0.333678 6.8899e-20)
(0.372142 -0.345406 -3.57797e-19)
(0.712377 0.413397 -2.20355e-20)
(1.02857 0.0128889 -2.76823e-19)
(1.51999 0.55088 -4.00827e-21)
(1.28546 0.421278 0)
(1.15259 0.623992 -4.06804e-19)
(1.0029 -0.002681 1.06603e-19)
(0.713406 0.64251 2.76651e-19)
(1.18425 -0.328112 -2.78345e-21)
(1.07959 -0.00351411 -3.39499e-20)
(1.13712 0.0195905 9.63871e-22)
(2.32509 -0.0316485 1.51537e-20)
(0.882278 0.25317 0)
(1.04395 -0.0393548 0)
(1.04776 -0.0341054 6.54382e-19)
(1.00269 -0.00220162 0)
(-0.0580115 -0.0280785 0)
(0.93127 -0.554344 0)
(1.00081 0.000115127 -6.20098e-19)
(1.11781 -0.652101 1.12997e-19)
(1.02151 0.000917111 1.30715e-20)
(1.39714 0.995716 -3.19305e-20)
(1.58694 1.04557 2.39548e-20)
(0.640691 -0.148794 -2.13268e-20)
(1.33409 -0.264597 1.53565e-19)
(2.03987 0.16286 0)
(-0.0270764 0.412507 0)
(1.81998 -0.1721 1.6728e-19)
(0.959042 -0.303089 0)
(0.999795 -0.00450901 -1.91509e-19)
(1.01094 -0.000848727 3.72345e-19)
(1.4963 0.145714 -7.82228e-20)
(0.0179583 -0.11569 1.40511e-19)
(0.980282 0.00148188 2.02582e-19)
(0.194667 0.0700648 -2.16708e-20)
(0.740602 -0.120517 3.37581e-20)
(1.50541 0.341409 -8.49103e-23)
(0.924367 0.0188538 -2.05358e-19)
(1.00359 0.00456668 2.41069e-19)
(1.00007 -2.86537e-05 1.42306e-20)
(0.790724 -0.0128508 0)
(0.730891 -0.0264142 0)
(0.726914 -0.0268388 8.04557e-22)
(0.704074 -0.0291437 0)
(1.45911 -0.0966527 0)
(1.14131 -0.172264 0)
(0.634267 -0.139052 -5.54684e-20)
(0.448838 -0.102342 3.13183e-20)
(1.49485 -0.438623 0)
(1.27317 -0.110847 3.89004e-20)
(1.59932 0.224787 0)
(0.0318135 0.192834 0)
(0.173135 0.0574386 0)
(0.506796 0.154881 -5.20984e-21)
(1.35461 0.249891 1.778e-20)
(0.773831 0.0240682 0)
(0.78612 0.0202333 0)
(0.963444 0.0215935 -2.52874e-19)
(0.815598 0.00787539 4.70059e-19)
(1.00795 -0.00130168 0)
(1.00013 -0.000337609 4.45328e-19)
(1.00029 -0.000554837 -2.84008e-22)
(0.783898 0.0224895 4.01659e-19)
(0.997979 -0.00535284 -2.3257e-19)
(-0.0512775 0.186924 0)
(0.860218 -0.160255 -3.37799e-20)
(1.00069 -0.000747494 -2.24847e-19)
(1.00002 0.00163242 -3.86269e-19)
(1.1409 0.19475 0)
(0.998853 0.00174999 0)
(0.999708 0.000558506 0)
(1.68458 -0.448285 -1.93645e-20)
(0.0697724 0.161606 4.59086e-20)
(1.00681 0.531451 0)
(-0.343979 0.326399 1.86698e-19)
(-0.326447 -0.427297 -3.62425e-19)
(1.02103 -0.00927687 -3.00211e-19)
(-0.0767893 -0.110964 -5.64987e-20)
(1.01722 0.0107739 -2.42065e-19)
(1.133 -0.201085 -1.3793e-19)
(0.767981 -0.435349 3.51369e-19)
(-0.0152776 0.00285558 -4.40267e-20)
(1.02796 0.0174392 0)
(1.07071 -0.00854004 -6.53243e-20)
(0.841382 0.0273786 0)
(-0.0876663 0.140601 2.61381e-19)
(0.78217 -0.14712 0)
(-0.109147 -0.119779 -1.52484e-19)
(0.486854 0.139585 2.55187e-20)
(1.7235 0.714348 -2.54851e-20)
(-0.0634328 0.00936132 0)
(1.05199 -0.036972 2.02431e-19)
(0.406018 0.0346385 3.74208e-21)
(0.930884 0.0166155 3.15658e-19)
(1.0132 -0.00427037 -2.04317e-19)
(1.74024 0.898797 2.99276e-20)
(0.555809 0.525318 0)
(0.484328 0.453475 2.15011e-19)
(2.17118 -0.367304 -8.82429e-22)
(1.18083 0.137944 2.16488e-19)
(1.04948 -0.680454 0)
(1.0246 0.00933255 0)
(1.00007 -0.0165962 -4.69918e-19)
(1.01807 0.0189012 -4.59607e-19)
(-0.081203 -0.0323887 0)
(1.27028 0.859224 -1.45794e-19)
(1.41371 -0.426586 2.96369e-21)
(1.01622 0.00952089 1.76742e-19)
(1.01147 0.016033 -2.21661e-19)
(-0.132987 -0.0659789 -1.57319e-20)
(0.517103 -0.0909084 -1.0261e-19)
(1.0198 -0.00948757 7.5322e-19)
(1.52316 -0.415106 0)
(1.93494 0.680946 -3.71483e-20)
(1.01669 -0.00679901 -2.3477e-19)
(2.0245 -0.00450116 -6.56041e-20)
(1.06898 0.0147046 -5.40496e-22)
(1.00993 -0.00812648 4.68674e-20)
(1.91342 -0.208678 -7.32751e-20)
(1.01523 0.00852634 2.28024e-19)
(1.05813 0.665648 6.94067e-21)
(1.0181 0.010595 0)
(0.951429 0.178939 5.47313e-20)
(-1.09934 -0.449041 3.43923e-21)
(0.997084 0.0231944 2.26467e-19)
(1.03887 0.021717 -5.62762e-22)
(1.10525 -0.31063 -1.5433e-20)
(1.29763 0.335042 4.62727e-19)
(0.993357 0.0192564 1.56038e-19)
(1.01804 -0.0102604 5.12077e-22)
(1.81862 0.252284 -2.77008e-20)
(1.85497 0.990299 -1.05126e-19)
(0.743638 -0.666375 7.37495e-20)
(0.414967 -0.264101 -3.42622e-19)
(1.00834 -0.00782321 0)
(1.01856 0.00617827 5.66262e-20)
(1.01152 -0.00613737 1.1926e-19)
(0.939312 0.521701 5.97917e-21)
(1.01462 0.0110388 -2.37421e-19)
(1.0232 -0.0138798 2.72967e-19)
(1.00872 -0.00493806 -2.22887e-19)
(1.01399 0.0100455 -5.25019e-22)
(1.01324 0.00663898 -3.82062e-22)
(1.02366 0.0189569 2.27481e-19)
(0.91374 0.119568 5.64381e-19)
(1.98481 0.458908 0)
(0.263744 -0.605784 1.02914e-19)
(1.01023 0.00112682 0)
(1.02381 -0.0106127 -6.58423e-20)
(1.59703 0.465434 -9.70075e-20)
(1.94691 -0.127525 0)
(1.97114 -0.0533585 -8.63643e-20)
(1.48026 0.102074 -9.70835e-20)
(0.785019 -0.0181206 0)
(1.6358 -0.254913 0)
(0.431019 0.0886895 -4.89828e-19)
(1.21978 0.194941 -3.94537e-20)
(1.01771 0.00161385 -2.39068e-19)
(1.08197 -0.536227 -7.48126e-20)
(0.962009 -0.207846 -5.46682e-20)
(1.05381 0.769514 0)
(1.49682 -0.338753 0)
(2.2838 0.260092 0)
(0.0804065 0.212155 1.01832e-19)
(0.971935 0.386941 8.76241e-20)
(-0.641334 -0.242054 0)
(-0.129781 0.162366 -2.2765e-19)
(1.76516 1.00851 -4.39611e-20)
(1.00729 0.000682676 -4.67295e-19)
(0.686562 0.28395 5.46364e-20)
(1.02125 0.0163542 3.0974e-19)
(0.706609 -0.0439631 0)
(-0.120821 -0.0566112 -1.34597e-20)
(0.650895 0.483607 -3.64943e-19)
(1.86332 0.435747 2.79941e-19)
(0.0808 0.228888 0)
(0.752352 0.0745876 9.58212e-20)
(0.551065 0.529308 5.52263e-20)
(1.23504 0.923911 -3.95655e-20)
(-0.059814 -0.0462285 6.71321e-20)
(1.02449 0.0234623 0)
(1.01167 0.533114 2.71673e-20)
(1.01173 0.0023438 1.75361e-19)
(2.3636 0.0327617 0)
(1.01162 0.0117967 2.94224e-19)
(-0.00113259 -0.166116 -5.62416e-20)
(1.0187 0.0175319 -1.82203e-19)
(1.51903 0.88693 0)
(2.2948 -0.159643 4.00374e-22)
(1.00873 0.00705474 -1.2212e-19)
(0.995783 -0.00922103 3.2181e-19)
(1.11787 0.110592 -3.54287e-21)
(1.11372 0.756833 -1.78139e-21)
(-0.129911 -0.100525 1.79846e-19)
(2.12636 0.279445 1.84114e-19)
(0.169472 0.421198 -7.87346e-22)
(0.800179 0.0145414 -4.4134e-19)
(0.826993 0.0308851 0)
(0.0562537 0.0994377 4.19609e-20)
(1.02474 -0.0056461 -3.53641e-20)
(0.97197 0.0468663 0)
(1.05545 0.00672185 -2.2412e-19)
(-0.455631 0.344231 2.45826e-20)
(-0.595573 -0.0317149 1.11246e-19)
(2.07896 -0.539815 0)
(-0.663086 -0.0954767 -5.55303e-19)
(1.46167 -0.328435 0)
(1.04253 -0.0153501 6.57561e-20)
(0.942228 0.269659 1.76596e-21)
(1.01221 0.00535112 1.89874e-19)
(-0.395752 0.134619 2.8642e-19)
(1.01998 0.00815343 0)
(0.994598 0.00372594 -4.54494e-19)
(1.00825 0.0103184 2.41258e-19)
(0.96899 -0.296856 0)
(0.456531 0.0957334 -8.82937e-21)
(0.957173 -0.00109976 -2.06027e-19)
(-0.101639 -0.108833 1.90603e-19)
(1.00405 0.000254218 -2.35221e-19)
(0.998354 0.0408458 -5.52945e-19)
(1.58769 -0.574272 -2.97869e-20)
(0.027765 0.0286611 -5.24651e-20)
(0.849465 0.734766 -1.88685e-19)
(0.829993 0.396113 0)
(1.02298 -0.00140844 4.96267e-19)
(1.04138 -0.00804102 2.60277e-19)
(0.127514 0.704058 7.90215e-20)
(-0.654437 0.496942 -1.82566e-19)
(1.06713 0.0152749 -1.32935e-19)
(1.07032 -0.862126 8.53211e-20)
(1.00649 0.00226236 2.45656e-19)
(0.895161 -0.640655 2.48957e-19)
(-0.328981 0.241458 3.10115e-19)
(0.0187719 0.0293827 -3.95751e-20)
(0.808729 0.0165331 -7.2364e-20)
(0.697349 -0.114894 -7.62333e-19)
(1.02314 0.0050198 0)
(1.28091 -0.775547 1.53346e-19)
(1.26395 0.375493 4.16757e-19)
(-0.0112108 0.27627 0)
(-0.240697 -0.235034 0)
(-0.123531 0.182924 0)
(1.01911 0.0164293 1.06132e-19)
(2.32831 -0.0531476 0)
(1.06319 -0.020763 4.14618e-21)
(-0.402933 0.0831814 -1.31306e-19)
(-0.0238827 -0.00831521 1.09617e-19)
(-0.33004 0.378293 -1.37209e-21)
(1.49923 0.395842 1.12319e-19)
(-0.115691 -0.0960225 2.02095e-19)
(1.15409 0.419512 0)
(-1.33682 0.28124 5.54295e-20)
(1.01962 0.0246304 6.43989e-20)
(-0.141915 -0.0826001 -6.8883e-20)
(0.922088 0.752573 -6.01985e-20)
(0.00464897 0.0137213 2.5923e-20)
(1.29095 -0.936643 9.63453e-20)
(0.0209358 0.829335 -8.15985e-20)
(0.629649 0.189776 4.01717e-20)
(-0.414835 0.351748 -2.65356e-19)
(0.912193 0.0153889 0)
(-0.0263402 0.448259 2.33487e-20)
(0.833704 -0.251063 -4.82688e-20)
(-0.211183 0.518458 1.27432e-19)
(2.20481 0.128957 0)
(1.04042 0.0333489 2.5715e-19)
(-1.07987 0.0328331 0)
(1.01246 -0.149561 8.59932e-20)
(-0.220759 -0.178762 0)
(0.905766 0.368089 -2.40174e-19)
(1.71932 0.728199 -2.84626e-19)
(-0.0234061 0.00368327 -8.0154e-21)
(0.944023 0.0598047 -5.04969e-19)
(1.02287 0.00465915 0)
(1.11006 0.0144412 1.32996e-19)
(1.39644 -0.257281 0)
(1.85024 -0.374839 0)
(1.0201 0.0182936 -4.49373e-20)
(0.99562 0.0584615 -2.15544e-19)
(1.61685 -0.201114 -3.51199e-19)
(-0.256322 0.359533 0)
(1.02368 -0.00730493 1.23353e-22)
(0.895547 -0.718663 -1.62344e-19)
(0.677167 0.399784 0)
(1.07349 -0.0255456 -3.22287e-19)
(1.91193 -0.171871 8.48147e-20)
(-0.883934 -0.453677 -2.51598e-19)
(-0.248695 0.47959 1.84885e-19)
(-0.237078 -0.0667598 1.58088e-20)
(-0.359876 0.144546 -1.35106e-19)
(-0.082706 -0.0500228 1.49313e-19)
(0.87562 -0.312811 1.58335e-20)
(-0.0470592 -0.0175121 9.46023e-20)
(0.915349 -0.675898 2.80352e-19)
(1.03897 -0.85527 0)
(1.00893 0.0213582 -5.33737e-19)
(0.777471 0.256199 -8.07154e-20)
(1.02115 0.00313223 -1.99654e-19)
(-0.129362 -0.0977001 -4.9751e-20)
(-0.119251 -0.121312 1.27832e-19)
(1.01763 0.0265726 -2.55983e-19)
(-1.08148 -0.685743 2.93079e-19)
(-0.933072 0.0169951 1.16374e-20)
(1.03017 -0.00407209 -4.32719e-19)
(1.60676 -0.0187758 0)
(-0.298973 0.283133 -1.09814e-19)
(-0.507853 0.128411 -2.52261e-19)
(1.21581 0.904436 0)
(1.12729 0.0963639 0)
(1.07578 0.0278167 2.92779e-19)
(1.72882 -0.088361 -4.19882e-19)
(1.18407 -0.0250967 -2.7324e-20)
(1.20094 0.66176 1.85347e-19)
(-1.16074 -0.673997 -1.87257e-19)
(1.04186 0.0227646 1.5057e-19)
(-0.101969 -0.223555 -7.11066e-21)
(1.25194 0.169166 -4.31562e-19)
(-0.0976781 0.205215 0)
(0.977593 -0.233905 -2.18511e-19)
(-0.504782 -0.501767 1.93896e-19)
(1.32763 -0.536195 -2.50692e-19)
(1.02131 -0.00772361 -2.99198e-19)
(0.489206 0.472966 -1.51378e-19)
(1.08542 -0.241311 -2.3547e-19)
(-0.459256 0.0270445 1.39057e-19)
(0.917939 0.0323289 -3.52946e-19)
(0.534912 0.104155 -2.19132e-19)
(1.00946 -0.00571936 -2.48731e-19)
(0.848245 0.642134 -2.56313e-19)
(-1.08056 -0.472903 -3.33816e-19)
(0.418514 -0.395464 -1.5653e-20)
(0.113067 0.009835 4.27408e-20)
(-1.12456 0.226817 2.00313e-19)
(1.78088 -0.516309 0)
(1.05522 -0.819019 0)
(0.123487 -0.0865881 3.45069e-21)
(0.898533 0.0825136 0)
(0.701278 -0.359087 2.19071e-19)
(0.0108722 0.0202303 0)
(1.95059 -0.124636 3.55384e-19)
(1.02595 0.0158936 0)
(2.32795 0.0851656 -6.21943e-20)
(1.05576 -0.365729 4.0262e-19)
(0.975934 -0.00757931 2.18126e-19)
(1.07554 0.096116 -2.20475e-19)
(0.826353 0.0541167 1.13656e-19)
(1.01632 0.03246 3.12501e-19)
(1.41565 -0.45887 0)
(0.977661 0.00862027 2.54154e-19)
(0.903323 0.232826 -1.61819e-21)
(0.179509 0.67891 1.74952e-19)
(1.47721 1.09687 -4.50245e-21)
(1.0186 -0.00467762 3.39992e-19)
(1.7338 -0.377689 -4.73349e-20)
(1.99214 0.653499 0)
(0.857212 0.684889 0)
(0.984426 -0.111917 -4.94639e-19)
(-0.566047 0.445407 0)
(0.727045 0.474247 7.61536e-20)
(1.16658 -0.893719 0)
(0.545061 0.420115 0)
(0.66253 0.604169 -5.72353e-19)
(2.2067 0.199872 3.27669e-20)
(1.02407 -0.0201105 -1.44557e-19)
(-0.196773 0.392441 9.82762e-20)
(1.06394 0.0670811 0)
(1.04376 -0.0393055 0)
(0.177937 -0.647552 -1.37792e-19)
(0.328496 0.482631 0)
(0.790639 0.51888 3.85333e-20)
(1.04853 -0.00358921 6.13754e-22)
(0.654283 0.506968 1.48251e-19)
(1.15289 0.0320509 3.37204e-20)
(1.51616 -0.574818 -9.65794e-20)
(1.10085 0.0443388 1.95067e-19)
(1.03707 0.00684598 -2.16524e-19)
(1.17224 0.22994 2.25955e-19)
(1.00992 0.038908 -5.03793e-19)
(-0.066557 0.0392795 0)
(-0.393251 0.243749 -3.72566e-20)
(-0.845164 -1.06641 -2.81031e-19)
(0.888714 -0.115199 -2.82236e-19)
(2.0715 -0.133356 0)
(-0.558367 0.0920808 2.28519e-19)
(-0.150559 0.306597 1.07676e-19)
(1.70288 -0.263041 -1.41502e-19)
(0.867664 0.692584 2.16882e-19)
(1.37408 0.650264 3.53898e-21)
(0.892985 0.749768 4.59432e-19)
(0.411192 0.82903 1.91443e-20)
(1.09663 -0.0193169 0)
(0.999506 -0.0687161 -1.45493e-19)
(-0.28662 0.408587 1.02173e-19)
(1.59066 -0.167769 -3.01076e-20)
(2.3618 0.0923462 0)
(2.0956 -0.164202 0)
(1.71538 0.194237 1.57325e-19)
(-0.150206 0.237455 0)
(1.02181 0.0329505 -1.95577e-19)
(-0.583001 0.0271226 0)
(1.00641 0.000994633 1.44657e-19)
(0.640097 -0.277217 -2.48821e-19)
(0.96378 -0.00354755 4.74403e-19)
(1.93994 0.32419 1.67247e-20)
(1.06131 -0.0235275 -5.25866e-19)
(0.852557 0.0266176 6.27208e-20)
(2.16793 -0.161561 -8.83321e-20)
(1.06007 -0.0252332 0)
(1.05871 -0.000558484 1.57128e-19)
(-0.31517 0.168918 -1.56835e-19)
(1.12356 0.00694142 -2.4766e-19)
(0.91527 0.674291 -5.05542e-19)
(1.71485 -0.480391 1.36641e-20)
(2.32866 0.0434014 0)
(0.297975 0.0242686 5.77314e-19)
(1.16317 -0.176416 0)
(-0.359726 0.0413367 6.83797e-20)
(-0.0815569 -0.129195 1.09492e-19)
(1.05037 -0.870227 0)
(0.728707 0.0265837 1.29336e-19)
(-0.390189 0.0753568 0)
(2.13212 0.192135 0)
(-0.0515915 0.0174705 1.2718e-19)
(0.880128 0.130587 -2.76541e-19)
(-1.20013 0.0812953 3.86327e-19)
(0.975483 0.726651 -4.09441e-19)
(1.01313 0.0537035 -7.09088e-21)
(1.0175 -0.0296884 1.65057e-19)
(2.27987 -0.160063 0)
(1.04294 -0.0813159 -6.32695e-20)
(0.409541 -0.255477 4.05047e-19)
(1.02345 -0.0140698 3.29357e-19)
(1.08264 -0.0116196 1.2642e-19)
(1.9823 0.359793 0)
(1.00425 -0.00785199 0)
(1.03506 0.901223 -3.69156e-20)
(1.02976 -0.00619982 -2.01615e-19)
(1.14239 -0.43687 -1.23442e-19)
(-0.326254 0.190809 1.87139e-20)
(0.881498 0.150139 0)
(1.77865 0.36254 0)
(0.681736 -0.0603318 5.33446e-21)
(0.71828 0.327542 -2.70283e-19)
(0.26973 0.285423 3.80967e-21)
(0.998145 0.0844148 2.85052e-19)
(0.463175 0.291108 -1.63549e-19)
(2.90126 0.179312 0)
(0.186965 -0.00135905 -2.50817e-21)
(1.10013 0.0106739 -1.32034e-19)
(0.239581 -0.00121673 0)
(0.800548 -0.00348659 0)
(-0.253065 -0.0323853 -4.67019e-21)
(-0.217865 -0.115944 2.09983e-21)
(0.774884 0.000487464 1.32083e-19)
(1.13139 -0.0101902 0)
(0.786668 -0.72513 0)
(-0.0550864 -0.246497 -6.85753e-21)
(1.05565 0.748915 -2.54819e-19)
(0.349459 0.175476 -1.05786e-19)
(-0.179411 0.426188 4.38111e-21)
(1.99668 0.843103 1.91882e-19)
(0.99516 0.045729 2.06074e-19)
(1.01874 -0.0382323 1.17251e-19)
(0.287211 -0.141116 -7.7945e-19)
(-0.089148 -0.0624187 0)
(-0.839151 -0.719414 -1.12554e-19)
(0.561939 -0.537126 -4.41581e-19)
(-0.132517 -0.103906 1.68682e-19)
(0.945857 0.144559 -2.07301e-19)
(1.00354 0.374649 4.04904e-19)
(1.00374 -0.0697387 1.66044e-21)
(1.0273 0.0120761 -3.78258e-20)
(0.980937 -0.00390309 1.58708e-19)
(-0.812973 -0.251525 -1.06217e-19)
(-0.116512 -0.0656834 -7.95952e-20)
(-0.172501 -0.143473 0)
(1.21535 0.283531 1.58108e-19)
(1.13002 0.0250488 0)
(-0.0619749 -0.663823 -2.09821e-19)
(-0.196523 0.283578 -1.36767e-19)
(-0.0869508 -0.0336013 0)
(1.01057 0.0087338 2.19504e-19)
(0.980091 -0.0200118 0)
(2.53833 -0.115943 -2.31671e-19)
(-0.443371 0.0738957 -9.89161e-21)
(0.987088 0.0163526 -4.53378e-19)
(-0.442825 -0.710222 4.22796e-21)
(1.66704 0.420504 -3.06202e-21)
(0.554337 0.54006 0)
(0.802654 0.704657 1.89274e-19)
(2.19196 0.550718 1.59229e-19)
(-0.115847 -0.148805 1.00858e-19)
(1.99708 0.255478 -6.13173e-21)
(-0.00323299 -0.00625622 -9.44928e-20)
(1.39071 0.443633 -2.85936e-19)
(0.665895 -0.379084 1.23939e-19)
(0.387469 -0.494646 -4.43913e-21)
(0.116524 -0.109376 2.10442e-19)
(0.144143 0.14239 0)
(-0.0908647 0.0946758 0)
(0.0160773 0.0205799 5.7281e-20)
(1.00204 0.0026756 -2.43269e-19)
(1.02403 0.00871482 -2.06611e-19)
(-0.381343 0.162637 -1.41955e-19)
(1.63678 -0.470833 8.82766e-20)
(1.30934 -0.988651 -1.09769e-20)
(1.14373 0.779387 0)
(0.92584 0.0818784 -6.21512e-19)
(1.33896 -0.169779 -2.43447e-20)
(1.01439 -0.0198441 -6.10512e-20)
(1.17462 -0.105174 6.44922e-20)
(-0.102666 -0.153061 0)
(2.40977 0.156787 -3.10818e-20)
(-0.378661 0.063011 4.12509e-20)
(-0.17921 0.0439542 -2.8406e-19)
(1.01593 -0.0410222 2.22958e-19)
(0.0139312 0.0148776 0)
(1.19944 -0.165442 -2.56186e-20)
(0.508862 0.340455 1.30365e-19)
(0.0152065 0.0146871 5.85542e-20)
(1.01868 -0.012133 2.70323e-19)
(0.719258 0.372595 0)
(-0.215971 0.313214 1.29153e-19)
(0.427814 -0.416951 0)
(0.125887 -0.125536 -4.01947e-19)
(-0.0770376 0.080811 9.63e-20)
(0.145778 0.144304 1.88481e-19)
(0.0143147 0.0140545 -6.04772e-20)
(-0.108164 -0.167188 0)
(0.979592 0.323842 2.44874e-21)
(0.614458 0.727013 -1.84154e-20)
(0.65219 -0.583499 2.78621e-19)
(1.01349 -0.00756843 0)
(0.0153094 0.014989 0)
(0.945541 -0.0550679 2.58099e-19)
(1.44015 -0.681607 -4.54816e-21)
(-1.02914 -0.340075 -2.32485e-19)
(0.975831 0.06087 -2.82904e-19)
(0.598086 -0.542845 4.94662e-19)
(1.32075 -0.659246 -4.6271e-20)
(-0.231957 -0.106206 -1.76361e-19)
(1.11075 0.0837001 0)
(1.01702 -0.00417772 -3.12943e-19)
(0.0134211 0.0140912 0)
(-0.118738 0.0720702 -3.04457e-19)
(0.158529 0.158577 1.79535e-19)
(0.0157161 0.01586 0)
(1.16539 0.119237 -1.90344e-19)
(1.86036 0.984151 0)
(1.07167 -0.0645258 0)
(-0.181198 -0.0936595 7.41511e-20)
(-0.741077 -0.277089 -7.10917e-20)
(0.00633631 0.00855139 -5.31385e-20)
(-0.0843252 0.0874327 9.26969e-20)
(0.129837 0.11821 0)
(0.965198 -0.0790127 -3.1759e-19)
(0.12591 -0.125285 -1.97716e-19)
(0.151277 0.146645 -3.60718e-19)
(0.211028 0.204204 1.37101e-19)
(0.962084 0.0426569 7.5701e-19)
(0.194721 0.185881 -1.49095e-19)
(0.00404002 0.00634857 5.02472e-20)
(0.155838 0.156796 -3.45756e-19)
(0.175063 -0.173844 -3.13131e-19)
(-0.056821 0.0631628 0)
(0.0136012 0.0144021 1.15401e-19)
(-0.330238 0.157854 3.62606e-19)
(0.16394 0.162113 0)
(0.361204 0.0310993 0)
(-0.105879 -0.149613 0)
(-0.259825 0.128329 2.6705e-21)
(0.230296 0.226838 2.46193e-21)
(-0.0534131 0.0561312 -5.68467e-20)
(-0.0944994 0.102864 8.66536e-20)
(0.203398 0.198097 -1.43923e-19)
(0.147763 -0.142977 0)
(0.00864664 0.0102492 5.67774e-20)
(-0.0356162 0.0421318 9.98947e-23)
(-0.0974528 -0.126268 -9.63947e-20)
(0.840296 0.316996 -6.997e-20)
(-0.361423 0.177733 2.81841e-19)
(-0.0745248 0.0800323 -9.45725e-20)
(0.00159093 0.00405961 0)
(0.227451 0.22715 0)
(0.164245 -0.162998 -7.95671e-20)
(-0.018704 0.0224097 -9.61345e-20)
(2.32287 0.564385 1.46366e-19)
(1.4313 -0.562899 -1.8638e-19)
(0.209372 0.213118 2.65352e-19)
(0.0242118 0.0268201 4.46647e-20)
(-0.085006 0.0872421 9.3184e-20)
(-0.00158465 0.00139175 -1.46265e-19)
(0.194874 -0.193666 2.85072e-19)
(-0.222333 -0.320151 6.70367e-21)
(-0.0441739 0.0504664 0)
(0.124247 -0.120307 -4.069e-19)
(0.929284 -0.0599896 0)
(1.48273 -0.338661 0)
(0.528784 -0.458346 -4.39106e-19)
(-0.463997 0.405294 -2.33866e-20)
(0.170055 -0.163369 1.56564e-19)
(1.0118 0.0324778 2.11476e-19)
(0.870832 -0.0709877 2.97516e-19)
(0.381255 -0.366623 6.10744e-19)
(2.05111 0.72053 9.88828e-20)
(0.235437 0.223444 1.11007e-19)
(0.875198 0.609097 0)
(0.594279 -0.517286 4.4362e-20)
(-0.00401234 -0.00184618 4.79826e-20)
(0.422948 0.143649 2.4287e-20)
(1.03735 -0.104287 9.29471e-20)
(1.05742 -0.226169 0)
(0.926842 -0.107702 7.51856e-19)
(-0.051293 0.0574247 0)
(0.215151 -0.442151 0)
(1.14069 -0.198693 2.17622e-19)
(1.18625 0.381817 2.38283e-19)
(1.10456 0.0103376 0)
(-0.846461 -0.416048 1.16887e-19)
(-0.719179 -0.125303 -1.28154e-20)
(1.03373 0.0160731 -3.0151e-19)
(-0.122601 -0.0494044 0)
(1.15093 -0.191023 0)
(1.17063 0.803718 0)
(0.126305 0.129911 4.74441e-19)
(-0.00585804 -0.00374682 0)
(0.204016 0.194067 1.28627e-19)
(0.16298 -0.150157 0)
(-0.00840489 0.0109642 -9.43164e-20)
(-0.00687194 -0.00560328 0)
(0.396422 0.108551 1.95409e-19)
(0.812598 -0.382039 -6.33909e-19)
(-0.0115882 0.0146055 1.56296e-22)
(-0.151986 -0.0814678 -1.35379e-19)
(0.243185 -0.234592 0)
(0.255999 0.24362 0)
(-0.297582 -0.0129525 1.63244e-19)
(0.95057 0.0832904 3.41393e-21)
(1.06729 -0.334938 -2.37855e-19)
(-0.0151316 0.0186759 2.82578e-19)
(-0.10727 0.137101 1.73924e-19)
(1.07655 0.1588 2.79923e-19)
(-0.314448 -0.392069 0)
(-0.010156 -0.0083508 1.23768e-22)
(-0.120567 -0.107022 -5.40958e-22)
(-0.0715759 0.064078 0)
(2.15318 -0.14584 -4.87268e-20)
(1.04538 0.167583 0)
(0.991675 -0.0533267 3.67157e-19)
(-1.31717 -0.523657 0)
(0.220582 -0.205161 -3.54867e-21)
(1.00924 -0.00490316 1.87636e-19)
(0.578172 0.222318 4.3465e-19)
(1.31068 -0.746505 3.14188e-19)
(0.323775 0.303024 1.96608e-22)
(1.70027 0.551322 0)
(0.918919 -0.545325 8.74831e-20)
(1.75956 -0.882874 -1.90918e-20)
(-0.00661563 0.00860562 1.8299e-19)
(1.47949 -0.324215 3.12815e-20)
(2.46415 0.474172 8.60854e-20)
(-0.0034372 0.00449782 -5.38396e-20)
(1.02977 0.0423709 2.71246e-19)
(-0.139435 0.374239 -1.90277e-19)
(0.349963 0.326127 0)
(-0.012754 -0.0108394 0)
(0.270394 0.256316 9.6845e-20)
(0.283661 -0.264152 -3.07964e-19)
(-0.00246873 0.00359237 1.91678e-19)
(1.03322 -0.733558 -1.02949e-19)
(0.781398 -0.370524 7.48541e-20)
(0.319687 -0.30471 0)
(-0.00421159 0.00292147 0)
(0.290257 0.275436 0)
(-0.064265 0.101663 -1.11197e-19)
(0.261939 -0.2593 0)
(-0.0218821 -0.0191804 -8.69669e-20)
(0.310645 0.29276 -7.15068e-20)
(-0.00956783 0.0038576 0)
(0.245706 -0.240623 0)
(-0.303483 -0.262434 0)
(-0.0237708 0.0118868 0)
(-0.0405864 0.0259508 -5.50235e-20)
(-0.156822 -0.0827395 0)
(1.00203 -0.00241543 2.87391e-19)
(0.449191 -0.42129 1.16044e-19)
(-0.0860703 0.0580803 -9.54947e-20)
(-0.0358581 -0.0256901 1.63623e-19)
(0.389655 0.358747 -6.35538e-20)
(1.72472 0.411023 0)
(-0.17194 0.325956 0)
(-0.163197 -0.0708226 1.31028e-20)
(-0.132706 0.103601 0)
(0.348414 -0.326697 0)
(-0.0556046 -0.0405678 0)
(0.440543 0.400729 0)
(-0.0874607 -0.0709931 1.04845e-19)
(0.519997 0.483593 1.72846e-20)
(-0.170232 0.159192 -4.34467e-19)
(0.517314 -0.47687 5.33115e-20)
(1.18709 0.150625 0)
(1.33623 -0.322372 3.26116e-20)
(-0.545335 -0.344756 -9.90677e-20)
(1.05347 0.0745351 -2.62538e-19)
(1.51877 -0.023246 0)
(1.6702 -0.253549 -1.24397e-20)
(1.31554 -0.476374 2.30002e-19)
(0.94586 0.0179752 0)
(-0.0395866 -0.0127384 3.51842e-19)
(-0.954042 -0.310788 -1.92581e-20)
(-0.024595 -0.0199486 -2.07286e-22)
(-0.340534 0.0253039 0)
(1.08714 -0.152592 -2.68187e-19)
(0.399846 0.304045 4.64186e-19)
(2.92614 -0.00387083 -1.62114e-19)
(1.48641 0.670586 -9.60426e-20)
(1.50596 -0.714724 3.55317e-20)
(0.0204613 0.0114066 -5.17436e-20)
(2.04969 0.232276 1.47848e-20)
(1.81831 -0.690543 -3.0952e-20)
(1.06293 0.106437 -3.53408e-20)
(-0.298589 0.254764 1.57629e-19)
(1.09795 0.0028631 0)
(2.22895 0.0299605 -2.1206e-20)
(0.16468 0.150237 -3.81073e-21)
(1.24683 -0.21627 0)
(0.104728 -0.0888596 -6.63821e-19)
(-0.0289289 0.0338084 0)
(0.483562 -0.442305 0)
(2.01324 0.662603 -7.10101e-20)
(0.867757 -0.389276 0)
(2.12829 -0.175642 5.86698e-20)
(-0.0165237 -0.0148534 8.99262e-20)
(0.247036 -0.250558 1.03089e-19)
(1.01069 -0.034512 0)
(-0.0851991 0.2955 0)
(-0.10479 -0.0656187 7.33027e-20)
(-0.102189 -0.0850478 1.76697e-19)
(1.04012 0.284855 -2.45669e-19)
(0.508387 0.178248 -4.16709e-19)
(1.03227 0.0260621 -9.99265e-21)
(2.34387 0.104437 0)
(-0.127008 -0.0883188 1.02784e-19)
(0.00240863 0.0178827 0)
(0.645782 0.145238 3.72788e-19)
(0.979755 0.192089 -5.42923e-20)
(0.642819 -0.539808 -2.26186e-19)
(1.00917 0.156957 3.82938e-19)
(0.995383 0.0134118 0)
(1.463 0.870148 -2.05118e-19)
(1.98018 -0.200497 0)
(0.57864 0.535581 0)
(0.326832 -0.505751 0)
(0.00424237 0.0301944 -2.42662e-20)
(0.365165 0.332098 2.63316e-19)
(-0.231587 0.463594 0)
(1.14825 0.082976 1.68105e-19)
(1.00468 -0.205003 0)
(0.514988 0.0632607 1.8038e-19)
(0.341969 -0.0696745 2.39344e-19)
(-0.139374 0.44719 2.76113e-19)
(0.130534 -0.217855 -8.7639e-20)
(0.974681 -0.00393753 2.03843e-21)
(1.44093 -0.571261 3.40488e-19)
(1.49676 -1.01288 1.07583e-20)
(0.0933239 0.0808551 1.33346e-19)
(2.10006 0.165912 0)
(-0.762163 -0.442585 0)
(-0.241211 0.367082 0)
(1.32359 -0.107086 2.28041e-19)
(-0.371233 0.0462287 -6.88581e-20)
(0.261214 -0.240804 -2.00184e-19)
(2.33021 -0.144066 4.40405e-20)
(0.855601 0.566053 -7.6948e-20)
(0.854231 0.302503 5.22462e-21)
(0.972301 0.259963 7.36568e-20)
(1.46849 0.0602595 -5.23611e-20)
(-0.192542 -0.0761695 5.17628e-20)
(-0.171576 -0.0481019 0)
(0.91715 0.0222477 0)
(-0.13535 0.0275285 9.62243e-20)
(0.169253 0.167749 0)
(2.05267 0.527856 0)
(-0.308426 0.0474511 8.60682e-20)
(0.599254 0.52409 -2.47641e-19)
(0.438338 -0.333207 3.42782e-19)
(-0.202047 -0.0702628 0)
(1.46105 0.974456 -2.96428e-20)
(1.05815 0.014865 0)
(-0.256069 -0.0285331 -3.28028e-19)
(-0.369329 0.101437 -1.42794e-19)
(1.23436 -0.37436 1.04099e-19)
(0.497555 0.472632 5.57258e-19)
(0.705791 -0.18217 2.52058e-19)
(-0.354296 0.227327 0)
(1.16154 0.0698568 1.77513e-19)
(1.05244 0.611892 -1.04058e-19)
(-0.174594 -0.0918251 0)
(0.676838 -0.201729 0)
(1.37404 0.891495 7.59023e-20)
(-0.0238835 0.0287136 -1.91133e-19)
(1.8082 -0.232665 -1.76461e-19)
(1.09879 0.552863 0)
(1.60306 -0.37163 2.61476e-20)
(0.813497 0.48828 0)
(-0.0860351 0.129119 -1.56148e-19)
(1.33945 0.962652 -9.60371e-20)
(1.89686 0.854913 1.18687e-20)
(0.525236 -0.385456 -1.96266e-20)
(-0.035864 0.237471 2.84438e-21)
(-0.207679 -0.138675 -5.45419e-20)
(1.03461 0.0869497 2.68402e-19)
(-0.162184 0.172282 0)
(0.99811 0.219522 3.72865e-21)
(1.8179 0.45264 -6.49634e-21)
(1.44975 -0.816116 2.36312e-19)
(1.23668 -0.281305 -1.60826e-19)
(1.62049 -0.308196 1.14783e-19)
(-0.203944 -0.106457 3.03762e-20)
(0.642041 0.577562 1.21277e-19)
(0.145104 -0.0764252 1.44599e-19)
(1.83725 0.626925 -2.6845e-20)
(1.75004 0.641442 -1.02653e-20)
(2.15313 0.0334428 5.59915e-20)
(0.935077 0.648478 1.46188e-19)
(-0.543122 -0.403903 2.12821e-19)
(0.797334 -0.243882 -5.27843e-20)
(0.997717 0.295053 -1.61166e-19)
(-0.159862 -0.108762 -6.13961e-20)
(-0.314298 0.371367 0)
(1.00179 0.00499893 6.00941e-19)
(0.63577 0.0326646 0)
(0.91697 0.608963 -1.50461e-19)
(1.20217 0.415633 -1.61495e-21)
(-0.147241 -0.0603256 -7.46486e-21)
(1.82773 -0.414797 0)
(1.12555 -0.343389 0)
(1.48933 -0.221102 5.07035e-20)
(0.38175 -0.256697 7.25267e-20)
(1.05104 -0.293094 0)
(-0.113906 -0.0646897 -1.07337e-19)
(0.927035 -0.0577659 -2.88073e-19)
(0.719144 -0.604181 -2.01007e-21)
(-0.221046 0.0150543 1.74851e-19)
(0.0190589 0.0237451 -6.30158e-20)
(-0.109183 -0.0796802 -1.18571e-19)
(0.0860496 -0.0202691 -2.12438e-19)
(-0.498436 0.0510963 1.28803e-20)
(0.799857 -0.256177 -1.69552e-19)
(1.53394 0.71402 -3.26482e-20)
(0.680728 0.00773693 0)
(0.811747 0.157469 3.47225e-19)
(1.16459 -0.342572 4.1127e-21)
(0.971633 -0.107797 -5.0525e-21)
(0.637839 0.573717 1.92267e-19)
(1.95274 0.196737 4.21647e-21)
(1.41553 -0.213342 1.12091e-19)
(1.05501 -0.0101443 4.89789e-20)
(0.796897 -0.338321 1.75707e-19)
(0.473751 -0.141885 0)
(0.0200172 0.0209313 6.07112e-20)
(0.97581 0.124416 1.776e-19)
(1.1455 0.741878 1.0317e-19)
(0.0215448 0.0215655 1.23508e-19)
(1.00281 -0.577419 3.70599e-19)
(0.115456 -0.104576 0)
(1.87743 0.93719 0)
(0.259119 0.256673 3.72311e-19)
(1.65829 0.609804 0)
(-0.15894 0.168357 0)
(0.937788 -0.592296 -3.22886e-19)
(0.0224774 0.0220289 1.81094e-19)
(-0.105101 0.00322012 1.39268e-19)
(1.08595 -0.0126965 5.81643e-20)
(1.6427 1.10802 -1.77566e-23)
(0.950154 -0.0154797 -2.02389e-19)
(0.118139 -0.115473 1.05885e-19)
(1.0707 0.164947 -1.93368e-19)
(-0.154455 0.160702 2.77799e-19)
(1.08117 0.395059 0)
(0.258707 0.25865 -1.90022e-19)
(-0.401315 0.134279 1.29355e-19)
(2.01737 0.396039 0)
(-0.503401 0.0665991 -1.57073e-19)
(0.0115472 0.0673303 1.29531e-19)
(-0.1788 -0.0016031 0)
(-0.075847 -0.0485491 -2.41732e-20)
(0.203146 -0.19628 0)
(0.956744 -0.68854 0)
(-0.145305 0.152772 1.92913e-19)
(0.530951 -0.50247 5.7131e-19)
(0.023236 0.0233633 -1.07875e-19)
(-0.146279 0.0872922 -1.30931e-19)
(0.21682 -0.217354 -2.02368e-19)
(0.265757 0.26081 5.57548e-19)
(-0.0878865 -0.0979205 -1.7073e-19)
(-0.294941 -0.0402792 -6.55083e-20)
(-0.0129572 -0.0110959 0)
(-0.116223 -0.0569289 8.80234e-20)
(1.02304 -0.114206 -3.85201e-19)
(-0.139051 0.148031 9.23068e-20)
(1.56016 -0.507644 6.52571e-20)
(1.49267 0.215432 0)
(2.24217 0.325085 -1.54474e-20)
(0.947699 -0.0135475 0)
(0.0207591 0.0225962 0)
(0.237813 0.244852 0)
(0.974182 0.096584 0)
(1.07116 -0.23151 0)
(0.998671 0.131894 -3.54214e-19)
(0.261354 0.262463 -1.80148e-19)
(-0.293037 0.0176145 -1.07471e-19)
(0.0221042 0.0234144 1.1703e-19)
(0.954746 -0.166784 1.95766e-19)
(0.7377 -0.323472 0)
(-0.142199 0.28646 -2.1821e-19)
(1.008 -0.00208683 -2.41443e-19)
(-0.681312 -0.00190376 4.52859e-19)
(0.00738367 0.0112063 0)
(0.0216721 0.026156 -6.26098e-20)
(0.308503 0.287929 -1.37074e-21)
(0.277094 0.26456 0)
(0.0118582 0.0147196 5.54564e-20)
(-0.38612 0.377488 1.94691e-19)
(1.25598 -0.472262 2.51738e-19)
(1.70588 -0.40382 -6.22454e-20)
(0.795548 0.0891355 -2.84904e-19)
(1.04965 0.0551414 0)
(0.359915 0.350806 -2.62111e-19)
(-0.357563 0.0244577 1.49806e-19)
(0.340982 0.331484 -4.3423e-19)
(0.335642 0.326343 1.3865e-19)
(0.0870401 -0.148042 0)
(-0.111974 0.124285 5.32103e-20)
(-0.151862 0.156919 0)
(0.00354222 0.00670284 1.37221e-19)
(0.0181733 0.0245653 1.25757e-19)
(0.452261 -0.320597 7.28839e-19)
(0.792335 0.00662777 -8.39857e-20)
(0.36716 0.367148 0)
(-0.122781 0.127404 2.28288e-19)
(0.21071 -0.211767 4.08404e-19)
(1.25146 0.153255 -5.79702e-21)
(0.36156 0.36267 0)
(1.04318 0.367789 -1.22043e-20)
(-0.522718 -0.316671 5.82223e-21)
(2.42728 -0.0608466 6.29628e-20)
(-0.00176973 0.00294304 0)
(1.24502 0.804928 0)
(-0.0775405 0.0877694 -2.91348e-19)
(0.308472 -0.309686 -3.28706e-19)
(0.248638 -0.221617 4.92271e-20)
(2.05326 0.29586 -3.88106e-20)
(1.12721 0.370903 -1.47698e-19)
(0.284706 -0.276154 -3.24863e-19)
(1.03374 -0.0198574 4.01482e-19)
(1.0146 0.0941761 0)
(0.837358 -0.299048 -1.23478e-21)
(1.0818 0.0206997 1.43117e-19)
(0.185022 0.111954 1.17446e-20)
(1.34884 -0.482494 0)
(1.23604 0.199954 -1.29141e-19)
(2.03685 0.499974 -1.57582e-19)
(-0.10258 0.114805 0)
(-0.1851 0.111753 3.37022e-19)
(1.81401 0.571209 0)
(1.00333 0.00140783 6.42558e-20)
(0.307544 -0.296652 -1.51834e-19)
(1.00466 0.00792832 6.60946e-19)
(0.356119 -0.266325 0)
(1.11792 -0.856583 0)
(-0.00597062 -0.00195673 4.90581e-20)
(0.0817765 0.0522545 0)
(1.08492 -0.021646 8.50794e-20)
(0.579549 0.474383 6.81071e-20)
(0.722541 -0.0188839 -5.42136e-19)
(-0.0915171 0.101387 0)
(-0.177684 0.203934 1.68373e-19)
(-0.314532 0.0285267 0)
(1.92405 0.849146 0)
(-0.0480911 -0.039394 0)
(-0.0532008 -0.0465693 5.03301e-20)
(1.77748 0.808553 5.27085e-21)
(1.02712 0.0707496 0)
(-0.161007 0.183257 8.81794e-20)
(-0.035915 0.0401479 0)
(1.52458 0.53804 0)
(1.54058 -0.769093 6.43389e-20)
(0.414752 0.390011 2.23272e-19)
(-0.972245 -0.618088 -3.0888e-19)
(-0.00967755 -0.00586706 -5.19557e-20)
(0.184874 0.0346351 -8.01963e-20)
(1.07387 0.305397 0)
(0.384602 0.0827735 1.80575e-19)
(1.54488 0.510859 0)
(0.898643 -0.0337677 3.94397e-19)
(0.256874 0.207223 -1.83902e-19)
(0.435642 0.412295 -1.10196e-19)
(0.770423 0.296686 2.1131e-19)
(-0.354269 0.419828 1.95226e-19)
(1.76379 1.01222 5.3762e-20)
(0.185649 -0.174402 2.18596e-19)
(-0.0136385 -0.00957911 1.17094e-19)
(1.43064 -0.437986 -1.93389e-19)
(-0.0634826 0.0735564 9.73107e-20)
(0.00823073 0.00909663 0)
(-0.0982319 -0.0475554 -7.98755e-20)
(-0.0218214 0.0254707 9.56693e-20)
(1.0046 -0.166773 0)
(0.371186 -0.34076 1.66342e-19)
(0.282902 0.277831 1.65901e-19)
(0.273983 0.274991 -3.68238e-19)
(1.50758 0.206998 0)
(0.341012 -0.339748 -2.86599e-19)
(1.7773 0.514299 0)
(1.62426 0.40724 -9.23134e-21)
(-0.0160733 -0.0143492 5.82313e-20)
(0.898158 -0.0118046 0)
(0.635322 0.599105 -2.21772e-19)
(1.02261 -0.0137969 -2.96613e-19)
(1.09473 -0.0163585 -1.44281e-19)
(-0.358499 0.125197 2.73415e-21)
(0.230805 -0.142112 3.54345e-20)
(1.04852 0.0204022 -3.93113e-19)
(2.43561 -0.12924 -3.81802e-20)
(-0.155386 -0.0979959 8.22702e-20)
(-0.0274624 0.0331532 -1.90833e-19)
(-0.106726 0.0348243 -1.8524e-19)
(1.27484 -0.348719 1.1131e-19)
(-0.016414 0.0201924 1.49472e-22)
(1.10286 0.0060494 -1.75283e-19)
(0.401003 -0.38856 1.10234e-19)
(-0.0547372 -0.0324948 1.44071e-19)
(0.222386 -0.212565 0)
(-0.294836 0.37616 1.97703e-23)
(1.68065 1.04123 0)
(0.863957 0.0178375 -1.63476e-19)
(-0.117036 0.200595 -1.49553e-19)
(-0.0973803 0.0145915 -1.12134e-19)
(0.429639 -0.380366 0)
(0.462453 0.435388 -2.98709e-19)
(-0.0426254 0.0503304 9.87466e-20)
(0.252581 0.224488 -2.19838e-19)
(0.583699 0.569198 -1.34603e-19)
(1.03517 -0.0273095 0)
(1.52357 -0.277013 5.96631e-20)
(1.69036 -0.35569 -8.42242e-20)
(-0.312182 -0.513158 0)
(-0.0216985 -0.0183934 -5.08345e-20)
(-1.35512 0.263682 9.11525e-20)
(0.0573339 0.110675 2.47641e-19)
(1.76137 -0.391951 -1.62367e-20)
(0.44685 -0.409911 -2.29054e-19)
(-0.254481 -0.00374324 7.19261e-20)
(-0.0128734 0.0129679 -1.09093e-19)
(0.570753 0.490381 -3.81469e-19)
(0.60926 0.557068 -1.77254e-19)
(0.55974 0.518736 6.5796e-21)
(-0.0079981 0.0119564 5.13644e-20)
(0.017367 0.0199601 -7.19941e-20)
(1.01136 0.0317715 1.96936e-19)
(0.254254 -0.245595 0)
(0.491065 0.461749 0)
(0.477115 -0.447083 1.97307e-19)
(-0.00853401 0.00733509 -1.91122e-19)
(0.0179954 0.0214618 -3.11604e-20)
(1.81266 -0.294042 7.55675e-21)
(0.526415 0.488428 0)
(0.455869 -0.453571 0)
(-0.0121325 0.00786664 0)
(1.15405 0.0513127 9.98375e-20)
(0.677441 0.606648 0)
(-0.029771 0.0120929 1.90899e-19)
(0.238655 0.253269 -7.0017e-19)
(-0.0574464 0.0314931 5.40662e-20)
(0.725961 -0.167849 6.03488e-20)
(0.0149777 0.0166029 -7.46831e-20)
(1.22755 0.509829 -1.5805e-19)
(0.140856 -0.123614 -3.6647e-19)
(-0.111751 0.0595904 3.1948e-19)
(-0.25844 0.269911 -2.67225e-19)
(-0.0790221 -0.0487796 -1.13616e-19)
(0.659357 -0.622153 0)
(-0.171435 0.112216 -1.88857e-19)
(0.768251 0.668644 0)
(-0.262964 0.273751 8.02838e-20)
(0.788972 0.314034 1.15821e-20)
(0.760776 0.440351 -4.11617e-20)
(-0.221651 0.152064 9.89116e-20)
(0.812362 -0.671763 0)
(-0.114686 -0.0692581 1.09805e-19)
(0.893421 0.74935 -9.3038e-21)
(0.41138 0.402126 -2.77041e-19)
(0.329106 -0.20542 5.66541e-19)
(0.57525 0.513652 1.8544e-19)
(1.00899 0.00238759 0)
(0.50935 0.480785 0)
(1.84099 0.499307 0)
(1.0277 0.00498392 0)
(-0.202141 0.233826 -8.50314e-20)
(0.709395 -0.567702 5.09399e-19)
(-0.0525499 -0.0383752 -2.86776e-22)
(1.12367 -0.0972089 1.02156e-19)
(0.381132 -0.348418 2.96571e-19)
(2.19795 -0.187361 0)
(1.35885 -0.354348 0)
(0.0304396 -0.0609004 -3.13236e-19)
(0.417326 -0.0755139 0)
(1.86714 0.33434 8.76735e-21)
(0.531121 -0.132033 -2.59854e-20)
(0.741028 0.686753 2.84825e-19)
(1.2178 0.276035 1.20703e-19)
(-0.0543333 0.0603854 0)
(-0.158322 0.19193 8.73324e-20)
(-0.0349567 -0.0299221 0)
(0.176071 0.13128 3.99103e-19)
(0.630211 0.0356215 2.47624e-21)
(0.752835 0.397489 0)
(1.03276 0.0238853 1.85664e-19)
(1.30089 -0.252912 1.85411e-19)
(1.01815 0.00151892 -4.90199e-22)
(0.287727 -0.269458 2.01887e-19)
(0.323002 0.318785 0)
(-0.066273 0.0165209 0)
(-0.140595 -0.0600685 3.07001e-20)
(1.57402 0.211541 1.93929e-19)
(0.296223 0.0477125 7.52997e-20)
(0.144095 0.134358 0)
(1.0348 -0.011538 6.26701e-19)
(1.3728 -0.96306 -6.23661e-20)
(-0.234704 0.434991 3.2221e-19)
(-0.0935813 -0.0169498 -2.7728e-19)
(0.129058 -0.23268 4.54419e-20)
(-0.0364719 -0.032586 9.32423e-20)
(2.06707 -0.0986075 0)
(0.323689 -0.277808 -3.71173e-19)
(1.06581 -0.0251624 -7.19238e-20)
(1.01096 0.00116877 -2.68e-19)
(0.354571 0.166669 1.5283e-20)
(0.937114 -0.297119 4.27189e-21)
(1.02523 0.0250813 -2.12349e-19)
(2.27329 0.0635013 0)
(-0.0436544 -0.0339352 -8.27357e-20)
(0.285538 -0.30176 -3.62852e-19)
(0.0202974 0.0183864 4.04381e-20)
(0.356067 0.334478 -1.60834e-19)
(-0.0765616 0.0977671 0)
(-0.0488903 0.0751876 0)
(1.65498 -0.776188 3.86354e-20)
(1.02183 0.106925 1.99398e-20)
(0.00761605 -0.343484 7.35545e-20)
(0.012611 0.023257 -9.99945e-20)
(1.01793 0.0282383 -5.41057e-22)
(0.697784 -0.658658 -9.51145e-20)
(1.1112 -0.0536634 1.18459e-20)
(1.02281 -0.00201395 -1.006e-19)
(-0.0246416 -0.0210011 0)
(0.994676 0.687336 4.4986e-19)
(0.751695 -0.179011 0)
(0.359072 -0.332701 0)
(-0.0303468 -0.027741 9.89209e-20)
(1.02396 -0.0121734 3.44334e-19)
(0.480822 -0.449918 0)
(0.829837 0.758603 5.13437e-21)
(-0.231319 0.0590386 -1.05082e-19)
(-0.0481778 0.0625282 8.894e-20)
(0.34303 0.229555 2.48479e-19)
(1.39233 -0.217394 -2.65621e-20)
(1.83369 0.111909 -2.81474e-19)
(1.59626 -0.274633 -8.59606e-20)
(0.99756 0.610992 1.52371e-19)
(1.05765 0.245503 2.24753e-19)
(0.00854058 0.019151 -3.36197e-20)
(-0.248838 -0.0605903 1.15493e-19)
(1.06624 0.467943 0)
(0.423052 0.194858 1.24224e-19)
(1.242 -0.440086 5.07336e-20)
(-0.3433 0.352998 0)
(1.39756 0.60603 -1.54646e-20)
(1.02795 0.0025811 4.42715e-20)
(-0.403662 0.218294 0)
(1.03963 0.129743 -1.82867e-20)
(0.628331 -0.173035 0)
(0.522227 -0.49805 -5.73266e-20)
(1.03515 0.219833 2.43131e-19)
(0.856236 0.489243 3.01183e-19)
(0.798867 0.448976 4.29671e-20)
(1.02267 -0.00183032 0)
(-0.317532 0.00478786 -9.54004e-20)
(1.52168 -0.960324 3.13245e-20)
(1.06736 0.832011 2.45124e-20)
(-0.131911 -0.117623 9.10108e-20)
(1.74904 -0.20199 5.25451e-20)
(-0.0214781 0.0241182 8.13762e-20)
(0.845092 0.301901 0)
(0.878175 0.531865 0)
(0.0284718 0.0277828 1.00414e-19)
(1.02037 -0.145328 0)
(-0.202255 0.288013 -3.4369e-21)
(-1.04495 0.20995 -2.40764e-19)
(-0.0571008 0.0160319 5.80633e-22)
(2.21482 0.528822 1.28498e-19)
(1.34763 -0.36882 -4.39507e-21)
(0.0649203 -0.0307758 0)
(1.03237 0.0122833 -5.14516e-19)
(0.800844 0.724332 1.98114e-19)
(0.200301 0.147806 -5.12396e-19)
(1.04954 -0.809608 -9.99551e-21)
(0.583858 0.117418 4.36392e-21)
(0.063874 -0.294257 -6.13807e-20)
(-0.504629 -0.20797 -3.22096e-20)
(0.225177 -0.00809472 3.86913e-20)
(-0.362317 0.363633 0)
(0.584127 0.182401 0)
(0.964255 -0.0510086 -3.75392e-19)
(1.1174 0.654666 0)
(0.822112 -0.303116 3.74328e-19)
(-0.193532 -0.087143 0)
(2.40245 0.0763624 1.32007e-19)
(0.00738886 -0.123376 -6.12907e-20)
(1.88792 0.792959 0)
(0.0285536 0.0221162 0)
(1.9789 -0.247728 5.32835e-20)
(-0.405449 0.0761747 0)
(-0.113619 -0.490134 -1.15271e-19)
(0.971192 0.650256 -1.49613e-19)
(2.03229 -0.313447 -7.25583e-21)
(0.17122 -0.131811 1.95817e-19)
(-0.218468 0.156037 1.13126e-19)
(1.84561 -0.413955 0)
(0.141951 -0.125836 -1.08704e-19)
(-0.0345555 0.0368192 0)
(1.07196 -0.153442 -1.6262e-19)
(-0.0121768 -0.150993 -1.59541e-19)
(-0.20093 -0.052426 1.43421e-19)
(0.762924 -0.102668 1.97062e-20)
(1.87859 -0.240167 -1.92948e-20)
(0.46345 0.447796 0)
(0.675789 -0.253922 -1.14906e-19)
(-0.586604 -0.260333 2.83642e-19)
(2.10429 -0.0387657 0)
(1.08366 0.62088 0)
(-0.109422 -0.0661987 -9.15492e-20)
(1.43339 -0.218314 -5.74161e-20)
(0.850817 -0.206208 -1.28771e-19)
(1.53971 0.184647 4.46837e-19)
(1.51451 -0.0643161 -1.06405e-19)
(1.0821 0.189204 -1.84492e-19)
(1.11457 0.693547 -2.29953e-19)
(1.8939 -0.403251 -8.74753e-21)
(0.0268317 0.0246848 -6.70624e-20)
(1.03206 0.0136284 3.65153e-19)
(1.69571 0.205743 1.11792e-20)
(1.42887 0.216582 -2.82568e-19)
(1.02104 0.068419 1.0078e-20)
(-0.221011 0.24613 1.10962e-19)
(-0.414099 0.0675331 0)
(-0.408627 0.156229 0)
(0.685054 0.23448 0)
(1.77299 -0.261658 -2.31572e-19)
(0.0156382 0.00734481 -1.16004e-19)
(0.530947 0.449872 0)
(-0.0221499 -0.0123533 5.5269e-20)
(1.56397 -0.363799 -1.39361e-19)
(-0.0891673 -0.0632904 -9.07747e-20)
(1.05847 0.720455 2.76783e-19)
(1.18523 0.28253 1.1131e-19)
(-0.189434 0.0979952 5.90619e-20)
(0.933836 0.831008 -2.5123e-19)
(1.19415 -0.265225 9.85628e-20)
(0.957016 0.0278121 -3.39475e-19)
(1.06789 -0.0338532 -1.27364e-19)
(0.802754 0.330333 0)
(0.1361 -0.0493368 0)
(1.16389 -0.14962 7.68411e-20)
(1.35697 -0.282265 -2.24447e-19)
(-0.389576 0.10755 -5.70025e-21)
(1.07666 0.278854 2.59675e-19)
(1.34702 1.08101 0)
(0.805383 0.169045 -1.22375e-19)
(-0.0250716 -0.434527 -1.42143e-20)
(0.727047 -0.263744 4.82045e-19)
(0.754104 -0.237755 -1.59521e-19)
(1.70953 0.184925 2.76973e-19)
(-0.214659 0.141728 7.26935e-20)
(-0.242188 -0.028184 -6.63024e-20)
(0.523358 0.51033 5.27285e-19)
(-0.271083 0.218222 -2.69909e-19)
(1.61486 0.056276 -7.68529e-20)
(0.756056 -0.0390705 6.6982e-20)
(-0.070323 0.131687 -3.18921e-19)
(0.605921 0.451854 -3.82803e-19)
(0.923115 0.532955 0)
(-0.125269 0.151329 -1.04317e-19)
(-0.251718 0.258052 -2.10131e-19)
(-0.256724 0.419746 -1.84996e-19)
(-0.0855504 0.106893 -1.08464e-19)
(1.10544 0.0410546 -1.03271e-19)
(-0.351244 0.428456 -1.11869e-19)
(0.943276 0.568649 1.35133e-19)
(1.46972 0.867955 5.36038e-20)
(0.755708 0.699637 0)
(1.03507 0.681805 0)
(-0.0772539 0.0327039 -1.47656e-19)
(-0.257838 0.138661 0)
(0.984698 0.574273 -1.37162e-19)
(-0.0384021 0.0663796 0)
(1.54472 0.543717 1.76714e-21)
(0.678192 0.0404373 7.57607e-19)
(-0.0110292 0.000165051 1.28289e-22)
(-0.133956 0.210845 0)
(0.581763 0.550975 0)
(-0.391407 0.102862 1.43499e-19)
(-0.265807 0.271982 8.50197e-20)
(1.8018 -0.312473 5.24022e-20)
(-0.0276576 -0.00368644 1.24741e-19)
(0.55366 0.00510894 -6.33381e-19)
(2.09042 -0.418103 5.1371e-21)
(1.64628 -0.213893 -2.0577e-20)
(-0.166416 0.209034 -9.2571e-20)
(0.328752 -0.308418 -4.40694e-19)
(-0.189475 0.223595 1.57063e-19)
(-0.2932 0.302412 0)
(0.811742 0.74205 2.79103e-20)
(0.824527 -0.0995291 -7.94677e-20)
(-0.0952043 -0.0717655 1.7811e-22)
(0.556927 -0.0801399 0)
(0.659351 0.620451 -3.26005e-20)
(0.441791 -0.427986 3.52303e-19)
(-0.298335 0.311712 6.91162e-22)
(0.423682 0.411114 -4.14358e-19)
(2.26865 0.701993 0)
(2.0531 -0.246718 1.13866e-19)
(-0.285014 0.302978 0)
(-0.357642 0.37768 -1.17731e-19)
(-0.225352 0.275486 7.01997e-20)
(0.447898 0.428132 3.24518e-19)
(0.843583 0.773041 -3.05526e-19)
(-0.00120585 0.0169246 1.19096e-19)
(-0.196789 0.24783 -1.60988e-19)
(0.0253359 0.0235189 -1.22083e-19)
(0.856874 0.357018 0)
(-0.241869 0.278055 -9.26901e-20)
(0.40838 -0.359457 3.59966e-19)
(-0.0689175 -0.0574487 -1.08155e-19)
(1.31682 0.255158 -2.14661e-19)
(-0.0557554 0.0723468 5.44279e-20)
(0.826276 0.762862 0)
(0.744698 0.696915 0)
(0.899539 0.810328 -2.58743e-19)
(0.937203 0.84191 8.44043e-20)
(1.36894 -0.780127 -2.26451e-19)
(-0.282582 0.298669 -1.39131e-21)
(0.945092 0.491922 0)
(-0.236503 0.251402 -5.1568e-20)
(1.55156 1.03358 -2.48105e-19)
(1.06661 -0.0766285 4.72572e-20)
(1.45887 -0.451775 0)
(0.370759 -0.323563 4.04433e-21)
(1.85032 -0.302091 7.93632e-20)
(-0.348447 0.341421 -1.46091e-19)
(-0.340507 0.440104 0)
(-0.0784978 0.107676 -2.41192e-19)
(0.912247 0.815561 1.16911e-19)
(0.8242 0.467667 1.24945e-19)
(-0.0624076 0.0879363 -2.99824e-19)
(0.513574 -0.499424 0)
(1.52227 -0.409407 0)
(-0.112108 0.138519 8.99914e-20)
(0.28234 -0.226163 -6.46426e-19)
(0.0242495 0.0227768 -7.80607e-20)
(-0.423754 0.0851535 -2.59518e-19)
(0.526501 -0.0501839 3.54517e-19)
(-0.095282 0.1302 9.83896e-20)
(0.983644 0.866436 0)
(-0.251698 0.317521 1.43891e-19)
(-0.0284324 0.0183237 -9.912e-20)
(-0.0513953 0.0708074 4.56667e-20)
(0.347319 -0.271998 2.11562e-19)
(0.00402756 -0.0660709 -1.83222e-19)
(0.649808 -0.11901 3.49683e-19)
(-0.0344967 0.0457936 -5.04996e-20)
(-0.281989 0.179925 -1.7072e-19)
(0.797439 0.365953 0)
(1.81753 -0.175414 -2.46242e-20)
(-0.319845 0.308472 1.32806e-19)
(1.02811 0.864257 3.29254e-19)
(-0.00517794 -0.000763392 1.80961e-19)
(1.03851 0.916418 -1.12425e-20)
(1.94059 -0.330022 -7.58232e-21)
(-0.0894073 0.143419 1.48226e-19)
(1.13572 -0.264605 -3.53988e-21)
(-0.147736 -0.0933848 8.95685e-20)
(-0.100766 0.16698 1.46774e-19)
(-0.0282755 0.0256608 1.7594e-19)
(-0.0492173 0.0155541 -1.74736e-19)
(-0.109615 -0.0654336 1.17011e-19)
(1.11484 -0.261198 1.15454e-19)
(1.14866 0.99258 1.08655e-21)
(1.92493 -0.22695 -3.23204e-22)
(-0.1395 0.181904 1.97261e-19)
(0.611132 -0.0789248 0)
(1.23411 -0.42094 0)
(-0.295007 0.300247 0)
(1.1441 0.861638 2.01285e-19)
(1.63245 -0.749158 -7.86711e-20)
(-0.00822247 0.0949725 -1.11468e-19)
(-0.0360511 -0.0480741 1.64511e-19)
(-0.116627 0.152858 0)
(1.61039 -0.187576 1.62009e-19)
(0.487761 0.467613 -5.87995e-19)
(-0.316192 0.404395 -1.33326e-19)
(-0.127345 -0.0799726 -1.05742e-19)
(-0.39496 0.123019 1.81937e-19)
(1.91759 -0.261272 0)
(1.4192 1.07083 -8.42627e-22)
(-0.121808 -0.068907 -5.23385e-20)
(0.460611 -0.0222098 0)
(0.600652 0.00753888 -3.64844e-19)
(1.12244 0.919542 0)
(-0.277738 0.107647 1.40118e-19)
(-0.112917 -0.0664127 1.01264e-19)
(0.996332 0.867345 -1.39166e-19)
(-0.105983 -0.0610193 5.00156e-20)
(0.452598 0.0247309 -2.18947e-19)
(1.06757 0.919626 0)
(0.452577 -0.426402 -8.61209e-20)
(0.927805 0.791836 1.70112e-19)
(0.453988 -0.374334 -3.28345e-19)
(1.13678 0.975714 0)
(0.289824 0.0837481 -4.85129e-20)
(-0.264941 0.073122 1.16955e-19)
(1.21818 1.00949 1.34029e-20)
(-0.34421 0.36318 -2.06649e-19)
(1.41139 1.05818 3.75024e-20)
(1.62677 -0.617194 5.25772e-20)
(-0.0712823 0.111675 1.93404e-19)
(0.635876 -0.0338915 -1.52631e-19)
(1.68155 -0.120072 0)
(1.23184 1.00986 7.17103e-20)
(1.90544 -0.146778 0)
(0.821576 -0.238455 1.5691e-19)
(-0.316666 0.112208 -2.51803e-19)
)
;

boundaryField
{
    frontback
    {
        type            empty;
    }
    Top
    {
        type            noSlip;
    }
    outlet
    {
        type            zeroGradient;
    }
    bottom
    {
        type            noSlip;
    }
    Inlet
    {
        type            fixedValue;
        value           uniform (1 0 0);
    }
    rectangle
    {
        type            noSlip;
    }
}


// ************************************************************************* //
