/*--------------------------------*- C++ -*----------------------------------*\
| =========                 |                                                 |
| \\      /  F ield         | OpenFOAM: The Open Source CFD Toolbox           |
|  \\    /   O peration     | Version:  2306                                  |
|   \\  /    A nd           | Website:  www.openfoam.com                      |
|    \\/     M anipulation  |                                                 |
\*---------------------------------------------------------------------------*/
FoamFile
{
    version     2.0;
    format      ascii;
    arch        "LSB;label=32;scalar=64";
    class       volVectorField;
    location    "20.3";
    object      U;
}
// * * * * * * * * * * * * * * * * * * * * * * * * * * * * * * * * * * * * * //

dimensions      [0 1 -1 0 0 0 0];

internalField   nonuniform List<vector> 
2186
(
(1.33309 -0.0778974 2.37546e-19)
(1.61134 -0.951827 -3.11762e-20)
(1.46162 -0.927627 6.2241e-21)
(0.751606 -0.594276 -1.53938e-19)
(-0.306057 0.418454 -1.70219e-19)
(1.47291 -0.382793 0)
(0.728975 -0.673967 0)
(-0.274162 -0.416654 8.82169e-20)
(1.3969 -0.310032 1.41189e-19)
(0.561365 -0.325427 -2.21155e-21)
(0.670889 0.604062 0)
(0.748498 -0.277436 -9.53089e-20)
(-0.331578 -0.476492 -3.59627e-20)
(1.2018 0.0239575 -3.85663e-19)
(1.79538 -0.706624 -4.13346e-20)
(1.01288 -0.00459657 1.80689e-19)
(0.982511 0.0129131 0)
(-0.452537 0.0747969 0)
(1.43775 -0.134631 0)
(-0.0775512 0.214037 -6.36909e-20)
(0.483505 0.0765948 -1.16673e-19)
(-0.168793 0.156396 8.7125e-20)
(1.18894 0.0269002 3.1793e-19)
(-0.203918 0.00272541 5.92342e-21)
(1.03149 0.00517425 -2.50319e-19)
(0.802739 -0.570637 0)
(0.762989 -0.0406734 1.49317e-19)
(0.618012 -0.597624 -1.80839e-19)
(1.20647 0.705562 0)
(0.964931 0.0231358 -3.41406e-19)
(-0.0376041 0.0571742 0)
(1.02453 -0.0122203 1.18274e-20)
(-0.0825614 0.148563 0)
(2.71465 0.124108 2.52378e-19)
(-0.124079 -0.179844 3.49128e-21)
(1.53454 0.767496 7.82765e-20)
(1.97685 0.130859 1.51638e-19)
(0.508379 0.125085 -3.47624e-19)
(1.87883 0.240308 -2.65697e-19)
(1.12107 -0.204702 8.91726e-21)
(-0.380627 -0.509618 0)
(-0.115574 0.120964 0)
(1.86513 -0.899359 6.41998e-20)
(-0.384093 0.139463 0)
(1.10796 0.274827 1.56775e-19)
(0.60487 -0.306829 2.90064e-19)
(0.925655 -0.790975 0)
(1.1979 -0.802412 1.2509e-19)
(2.29867 -0.0252409 0)
(-0.207508 0.44239 1.70313e-19)
(-0.0258163 0.105962 9.41245e-20)
(0.625814 0.576842 8.18894e-20)
(2.06401 -0.795389 6.48953e-20)
(0.588883 0.259813 -2.7962e-19)
(-0.256368 -0.0417278 3.33922e-20)
(0.77441 -0.661443 0)
(1.6472 -0.975423 1.74944e-20)
(0.588179 -0.54853 0)
(2.23846 0.234299 7.97858e-20)
(1.14916 -0.175305 -3.84275e-19)
(2.04017 -0.118414 1.64124e-19)
(1.34746 0.299704 -1.82518e-19)
(1.33546 0.525987 0)
(0.836065 -0.195448 -9.76672e-21)
(1.35304 0.383204 -1.11235e-19)
(1.26053 -0.745199 -1.78291e-19)
(1.16496 0.65508 5.39491e-20)
(0.676725 0.0596146 -5.68142e-19)
(0.81888 0.0452424 0)
(2.05408 -0.292337 -5.20806e-20)
(-0.27677 -0.474722 -1.02185e-19)
(2.20889 -0.0436517 -1.70178e-19)
(0.727049 -0.0508792 -2.50741e-19)
(0.886706 -0.529845 0)
(0.820434 0.170409 -9.24485e-20)
(0.556816 -0.518628 -3.09038e-19)
(2.55571 -0.0732978 0)
(1.00661 0.00903745 3.73e-19)
(-0.116026 -0.252971 0)
(1.99155 0.354689 0)
(0.656693 0.186528 8.6014e-20)
(0.955002 -0.266175 -1.2623e-20)
(1.02589 0.00546373 4.1576e-20)
(1.31486 0.411272 2.80459e-20)
(0.969621 0.021589 4.36316e-19)
(1.042 0.027501 -1.03329e-20)
(0.663798 0.163623 -3.38194e-19)
(1.3806 -0.234501 1.10812e-21)
(1.08614 -0.231221 0)
(-0.0638167 -0.0367946 6.97983e-20)
(0.873695 -0.635428 -1.74286e-19)
(-0.0768134 0.285606 -9.69871e-22)
(1.11857 -0.0796485 2.5934e-19)
(0.825051 -0.194351 0)
(0.973859 0.0228221 4.15856e-20)
(1.36203 0.639483 0)
(1.62791 -0.969107 0)
(1.29811 0.219659 0)
(-0.293547 0.47227 0)
(0.804228 -0.678387 3.06657e-19)
(-0.0544822 0.250877 -2.24416e-19)
(0.511329 0.0305153 1.48705e-19)
(1.55615 0.194432 0)
(1.15136 -0.104872 -2.3708e-19)
(1.11897 0.0235553 1.84627e-19)
(-0.0227503 0.344926 1.13352e-19)
(0.627686 0.493741 0)
(2.2297 -0.217845 -1.07817e-19)
(0.97562 -0.489233 8.60888e-20)
(-1.19236 0.538186 2.72477e-19)
(1.73601 0.284773 1.11978e-19)
(-0.162473 0.478958 -2.52603e-19)
(0.822569 -0.748512 0)
(0.557141 0.334098 1.69167e-19)
(1.61731 -0.300996 -4.00758e-19)
(-0.407308 -0.295405 -3.54799e-19)
(1.29799 0.309026 1.01308e-20)
(1.79801 -0.058041 0)
(-0.0852022 -0.0430438 -2.09208e-19)
(0.711343 -0.0846562 7.94381e-20)
(1.55565 0.873771 0)
(-0.132503 0.402811 -2.44796e-19)
(0.87755 0.752771 -2.75828e-19)
(-0.578125 -0.136307 3.3741e-19)
(1.02971 -0.0248842 0)
(1.56935 0.381205 -1.27661e-20)
(-0.246125 0.467866 0)
(0.709878 -0.5087 -1.1108e-19)
(-0.537086 -0.033319 -1.85704e-19)
(0.796488 -0.727237 0)
(0.444903 -0.29485 4.20706e-19)
(0.552123 -0.469516 2.87448e-19)
(0.412672 -0.373733 0)
(0.994177 -0.793304 -1.41116e-19)
(0.430882 0.182124 0)
(-0.06443 0.484099 -1.33517e-19)
(0.822718 -0.709181 1.48211e-19)
(2.45682 -0.311988 2.38643e-19)
(2.24375 0.170562 0)
(-0.0816302 -0.158928 0)
(0.680408 0.631966 -3.4371e-19)
(1.78716 -0.650048 -1.14025e-20)
(-0.166195 -0.222116 0)
(0.99633 -0.818944 -1.51369e-20)
(1.15747 -0.101839 0)
(1.0913 -0.130059 4.11335e-19)
(2.16322 -0.224131 -9.0675e-20)
(-0.331144 0.416552 0)
(1.23473 -0.566034 -6.05963e-20)
(-0.254637 0.262611 -4.1669e-20)
(-0.163729 0.369804 0)
(1.10538 -0.826442 1.18936e-20)
(1.0054 0.00578411 -6.23068e-19)
(0.66248 -0.493557 -1.08717e-20)
(0.829185 -0.528616 0)
(1.21173 -0.743195 -1.04751e-19)
(0.651148 0.224966 2.62083e-19)
(1.21769 0.119054 0)
(1.48341 0.0832142 -2.52646e-19)
(1.20789 -0.868284 -2.38234e-19)
(-0.0723676 -0.140348 -7.94216e-20)
(-0.188995 -0.439855 -1.53411e-19)
(1.06787 0.00546648 2.32619e-19)
(0.92987 -0.47605 -1.08258e-19)
(1.48327 -0.24247 -1.02589e-21)
(1.34683 -0.182822 -2.18524e-20)
(0.660128 -0.0967214 8.37709e-20)
(-0.199265 -0.0692949 -1.84451e-19)
(1.79123 -0.425723 0)
(1.98922 -0.453436 7.29651e-20)
(1.4413 0.644808 1.39054e-19)
(0.821897 -0.627535 -2.23688e-19)
(0.994556 0.00805603 1.27677e-20)
(0.733211 -0.54492 3.05388e-19)
(1.29618 0.791949 1.27139e-19)
(1.8107 0.0934052 1.4424e-20)
(-0.366577 0.342565 0)
(1.08203 0.0511031 -2.40692e-19)
(-0.596418 -0.527096 -2.37367e-19)
(1.06542 0.482268 8.02158e-20)
(0.0065729 -0.103812 1.11498e-19)
(1.15763 0.02755 -4.42879e-20)
(-0.159114 0.137333 -1.53844e-19)
(1.29102 0.577367 -7.77846e-20)
(1.12835 0.87736 0)
(-0.405113 0.321112 -8.90027e-20)
(-0.144574 -0.0698652 0)
(0.644821 0.552009 -2.78271e-19)
(2.00116 0.190458 -1.85556e-20)
(-0.405007 -0.463085 1.22424e-19)
(-0.660788 -0.0284146 -5.56792e-19)
(0.723973 0.0624243 2.49577e-19)
(1.96814 0.15103 -3.99316e-20)
(0.991927 -0.357673 -3.15404e-20)
(-0.0226711 -0.0373985 0)
(-0.839093 0.447229 4.22112e-19)
(1.3226 0.964497 -1.98298e-20)
(0.837725 0.0637299 -1.36851e-19)
(0.550217 0.515663 1.93682e-19)
(0.475553 0.191444 0)
(-0.156313 -0.491203 -1.74868e-19)
(-0.752965 0.653844 2.84696e-19)
(1.30232 -0.967027 5.96549e-22)
(0.989417 -0.0383742 -1.94284e-19)
(-0.188504 -0.132618 7.25166e-21)
(-0.123962 0.161757 1.41973e-19)
(-0.283885 -0.141246 -1.35518e-19)
(1.87761 -0.178275 0)
(1.13293 0.04309 -3.23064e-19)
(2.21187 0.147345 2.04734e-19)
(1.28647 -0.633831 1.14237e-19)
(0.59316 -0.0979334 -1.95877e-21)
(0.5859 0.31484 0)
(0.933207 0.739775 -1.63239e-20)
(0.677985 0.622819 1.84459e-19)
(0.910145 -0.576422 1.57342e-19)
(0.674501 0.488761 0)
(1.02133 3.8592e-05 8.33379e-21)
(0.895372 -0.676854 2.24362e-19)
(0.827926 0.412635 -4.5781e-19)
(1.24303 -0.114156 0)
(-0.150221 -0.143055 -2.40686e-19)
(0.0054947 0.233935 -9.36259e-20)
(1.58333 0.715067 0)
(1.35803 -0.951551 -5.10553e-22)
(-0.405057 0.129367 0)
(-0.28164 0.444756 1.0744e-19)
(0.726123 0.642305 -9.80548e-20)
(0.858434 -0.230583 0)
(-0.204986 -0.17004 0)
(1.54782 -0.480051 0)
(-1.14397 0.13647 4.96014e-19)
(1.22262 -0.896406 1.55769e-19)
(1.18827 -0.617044 6.72904e-20)
(1.06334 -0.180839 -1.76811e-19)
(0.892213 -0.707001 -1.77731e-19)
(0.18743 -0.191698 0)
(-0.815745 -0.358683 0)
(1.01452 -0.524082 1.87483e-19)
(-0.128974 -0.229744 0)
(-0.203177 0.453039 0)
(-0.40501 -0.267847 3.0361e-19)
(0.781484 0.659457 8.5071e-20)
(1.00229 0.783776 0)
(0.685524 0.541 -8.493e-20)
(0.832955 -0.0545329 -2.26753e-19)
(0.734657 0.550291 -2.27234e-19)
(0.584645 0.543022 -1.6679e-19)
(-0.240734 -0.487462 2.04235e-21)
(0.727446 -0.653469 0)
(0.895076 0.166556 -3.24547e-19)
(-0.332829 -0.536161 4.68703e-20)
(0.598068 0.553871 3.75841e-19)
(0.946369 0.786969 0)
(-1.2136 0.247931 3.57504e-19)
(-0.0965358 -0.418316 2.3782e-19)
(-0.00796751 -0.337779 -1.22153e-19)
(0.653779 0.558227 -1.47531e-20)
(0.969112 -0.00832268 6.02878e-20)
(-0.394585 -0.490726 0)
(2.44967 -0.0988249 -2.89678e-19)
(1.88462 -0.425083 -2.98078e-19)
(0.660009 -0.611625 -7.93898e-20)
(-0.489909 -0.0854138 1.04948e-20)
(1.18565 0.453397 1.80817e-19)
(0.877499 0.402837 0)
(1.0554 -0.175053 2.01903e-19)
(0.07793 -0.480418 -7.37999e-21)
(-0.079379 0.0910145 3.56809e-19)
(0.924971 0.0191137 -5.41095e-20)
(1.11657 0.143042 0)
(2.01465 -0.0758989 -2.29754e-19)
(1.86104 0.106013 0)
(0.539532 0.240408 -4.5937e-19)
(-0.133238 0.190571 0)
(-0.254129 -0.433674 2.00192e-19)
(0.694406 0.10981 0)
(0.632471 -0.527708 -1.87181e-19)
(1.13672 0.0161502 2.145e-19)
(-0.326042 0.416412 3.93126e-20)
(2.13422 -0.0725405 4.69758e-21)
(2.10626 -0.316839 -9.90638e-20)
(1.1103 0.225745 -2.19527e-19)
(-0.348895 -0.537858 -9.27688e-20)
(1.08622 -0.862952 0)
(0.811978 0.0177118 -1.56043e-19)
(0.938254 -0.388336 -2.99481e-19)
(1.73867 -0.598412 -7.32831e-22)
(1.78241 0.0222733 1.79246e-19)
(1.08183 -0.00625342 3.87114e-19)
(0.0592438 -0.450019 -1.2402e-19)
(1.00741 -0.449955 -1.32864e-19)
(0.197706 -0.190359 2.63527e-19)
(1.00822 -0.00825637 0)
(1.00511 -0.00607124 0)
(0.871282 -0.254383 1.49796e-19)
(-0.0089011 0.462684 -9.08883e-20)
(0.16167 -0.12196 -1.04047e-19)
(2.06417 0.00484441 -1.31019e-21)
(1.06773 0.0196864 0)
(1.76751 0.152928 -1.24885e-19)
(0.948645 -0.82755 -9.45e-20)
(1.79185 -0.58758 -4.90189e-20)
(1.09478 0.826467 0)
(0.478985 -0.461475 0)
(0.595313 0.506532 -1.76758e-19)
(1.09009 0.275102 -4.03389e-19)
(2.30735 -0.30782 2.99495e-22)
(0.855006 0.150307 1.39497e-19)
(-0.0375311 -0.446769 -3.72695e-19)
(1.21575 -0.484996 3.75153e-21)
(-0.274467 -0.39924 0)
(-0.0932232 -0.172244 0)
(-0.461415 -0.409357 0)
(1.35026 -0.738469 -1.06213e-19)
(-0.16303 0.373595 -2.05126e-19)
(-0.0628767 0.131212 0)
(1.28172 0.966332 -3.37135e-20)
(1.1098 0.147489 -4.22002e-19)
(2.16547 0.554485 -5.04549e-20)
(1.07192 0.914348 8.29658e-20)
(-0.140345 0.465536 1.29461e-19)
(0.862819 -0.178709 0)
(-0.464334 -0.355489 -2.59633e-19)
(-0.207629 0.474887 2.45192e-19)
(0.774851 0.0204266 1.85157e-19)
(1.52708 0.93574 -3.15922e-21)
(1.85079 0.608806 7.95327e-21)
(-0.0988364 0.263656 -1.82138e-21)
(0.752694 -0.687716 -3.96378e-20)
(1.1114 -0.0185407 0)
(1.68597 -0.0782626 0)
(1.04292 0.0567457 0)
(-1.31208 0.500483 -2.61095e-19)
(-0.431399 -0.420289 9.34392e-20)
(1.03564 0.833108 0)
(0.999315 -0.00628012 5.21706e-19)
(0.756402 0.592183 -2.27571e-19)
(-1.55035 0.559448 -2.50809e-19)
(0.859992 0.00784653 -4.16625e-20)
(0.723578 -0.660579 -2.30742e-19)
(1.37906 0.699367 -3.18478e-20)
(0.573856 -0.465084 -2.97622e-19)
(1.13236 -0.00116696 -4.6726e-19)
(0.811857 0.045284 4.639e-20)
(1.55471 -0.187328 8.12591e-20)
(1.56969 -0.154118 -6.59676e-20)
(-0.0447486 -0.0660329 4.14766e-23)
(1.07291 0.45914 -2.67312e-19)
(1.34045 0.61037 7.38319e-20)
(-0.075844 -0.373679 0)
(-0.0734335 -0.39953 1.38337e-19)
(-0.217043 -0.188845 1.01504e-19)
(-0.188088 -0.0772175 -9.67646e-20)
(0.4683 0.299832 0)
(1.26185 -0.468301 0)
(-0.00674931 0.00852659 -1.30227e-19)
(-0.288466 -0.568138 -5.28693e-20)
(1.04811 -0.0293237 1.85189e-19)
(-0.33997 0.355138 -4.14676e-20)
(1.23624 0.293092 -4.11912e-19)
(-0.019501 0.46291 0)
(0.842233 -0.747623 -3.22364e-19)
(1.23072 -0.166649 8.00636e-20)
(-0.35336 -0.484785 1.40491e-19)
(0.715322 0.148757 3.2951e-19)
(0.620142 0.124169 1.06525e-19)
(0.508086 -0.481761 2.0828e-19)
(-0.187305 -0.278011 -1.07061e-19)
(1.47322 0.553697 0)
(0.385086 0.331644 -1.94363e-19)
(1.02717 -0.0150183 -2.94896e-19)
(-0.70227 -0.0792768 2.18125e-19)
(1.41208 0.474378 -1.18969e-19)
(-0.152978 -0.293365 -3.98926e-20)
(0.686794 -0.628008 -7.20081e-20)
(0.808493 0.175743 -2.0679e-19)
(0.969695 0.41586 2.28369e-20)
(1.15859 -0.144923 3.6268e-20)
(0.613574 -0.244047 -3.0444e-19)
(2.02411 -0.403122 -9.76666e-20)
(1.85731 -0.0843867 0)
(1.66974 0.438055 -3.24486e-20)
(2.04318 0.0622441 -1.49505e-20)
(0.790046 -0.317675 1.09336e-19)
(0.996476 0.340171 -1.7828e-19)
(1.02838 -0.314994 1.65857e-20)
(0.412209 0.379266 -2.51837e-19)
(-0.169217 0.0636294 2.05346e-19)
(1.88339 -0.27554 0)
(0.931964 0.003926 0)
(0.880035 -0.779557 6.42862e-20)
(-0.0956978 -0.487266 -2.60117e-19)
(-0.826465 -0.255236 -2.01172e-19)
(-0.0652536 -0.104726 -1.70338e-19)
(-0.254172 0.362087 -1.51317e-19)
(-0.318473 -0.404657 0)
(-0.0753358 -0.128168 2.9759e-20)
(0.133741 0.357778 -8.68697e-20)
(-0.140524 0.182077 -3.23987e-19)
(0.807923 -0.12313 0)
(1.6813 -0.521296 1.25605e-19)
(-0.208374 -0.221006 0)
(0.995816 0.0232765 3.75589e-19)
(-0.155205 -0.455399 1.75676e-20)
(0.549423 -0.436756 3.98953e-19)
(-0.732064 -0.53332 3.92821e-19)
(-1.35402 0.188746 0)
(0.200523 0.400791 9.78659e-20)
(1.00693 0.0228093 -1.13138e-20)
(-0.170625 -0.139824 0)
(1.00491 -0.00980669 -5.83069e-20)
(0.8721 -0.73728 -3.04189e-19)
(1.34124 -0.251398 0)
(0.942626 -0.281037 2.1417e-19)
(0.0891837 0.367508 2.0427e-19)
(-0.013905 -0.00966558 0)
(-0.205166 -0.44059 -5.0655e-21)
(0.736808 -0.644129 -4.39557e-19)
(0.959247 -0.0287409 -2.75156e-19)
(-0.0998351 -0.523926 3.2833e-19)
(-0.203999 -0.411533 1.22007e-19)
(-0.305814 -0.409564 0)
(0.951013 0.465534 0)
(-0.347943 -0.55496 1.75299e-19)
(1.85334 -0.0969645 -2.3778e-19)
(1.0655 0.887185 1.85761e-20)
(1.06571 0.210395 -1.24285e-19)
(1.14985 0.00772801 -2.31757e-19)
(1.06376 -0.0731281 -8.4373e-20)
(-0.0939786 -0.540757 -3.04819e-19)
(1.95134 0.113879 4.02971e-19)
(0.670802 0.0308976 2.08436e-19)
(2.1276 -0.117687 1.52037e-19)
(1.06155 -0.157715 0)
(-0.00781125 0.490875 5.5847e-19)
(1.13853 0.0256171 -5.08919e-19)
(1.74151 0.611348 9.33178e-21)
(0.751494 -0.467166 -1.64972e-19)
(-0.0701606 -0.0377533 1.56419e-19)
(0.806626 -0.7088 3.98206e-19)
(1.23654 0.194488 7.41952e-20)
(1.00717 -0.00796499 2.58171e-19)
(0.0262413 -0.470716 -1.37528e-19)
(1.023 0.0146866 0)
(1.7639 0.14912 -2.39362e-19)
(-0.0286917 -0.0179141 0)
(1.01561 0.0119056 -1.52914e-19)
(-1.39776 0.35151 -5.78804e-19)
(1.66978 0.294731 3.49019e-20)
(-0.347515 -0.207409 1.33419e-19)
(1.5953 -0.00415837 -4.2402e-21)
(1.01254 -0.0188346 5.34379e-20)
(1.34711 -0.0932189 0)
(1.45642 -0.625094 -1.65951e-19)
(1.02141 0.0305148 -1.57572e-19)
(1.43563 0.78103 -5.6439e-20)
(1.41112 -0.060244 0)
(0.783003 0.0773479 -1.55541e-20)
(-0.0104187 0.00971 0)
(1.36758 0.0460347 0)
(-0.416635 -0.462943 0)
(1.2336 0.434889 0)
(1.84954 0.263117 4.43794e-20)
(0.73054 0.60469 3.98892e-19)
(0.293661 -0.295293 -2.46544e-19)
(-0.262584 -0.546581 -2.94848e-19)
(-0.0257372 -0.039262 0)
(2.09272 -0.328582 1.22765e-19)
(1.36909 0.510624 0)
(1.4455 0.293123 0)
(-0.497254 -0.334164 1.14825e-19)
(0.800527 0.705953 1.28201e-19)
(1.7112 -0.0378485 0)
(-0.328192 -0.421539 6.88136e-20)
(0.904392 0.213483 1.90438e-19)
(2.11622 -0.33741 -6.08434e-20)
(1.2326 0.917974 4.50579e-20)
(0.924654 -0.833184 -4.26115e-20)
(1.6242 -0.136907 -1.83845e-20)
(0.787566 0.710792 1.31641e-19)
(1.17092 0.917813 0)
(2.50047 -0.155841 1.88942e-19)
(0.947915 0.599396 0)
(1.52948 -0.580103 4.5876e-20)
(1.03971 0.0923202 1.88553e-19)
(1.00626 -0.00557971 0)
(0.216509 0.527824 5.04635e-19)
(0.894374 -0.181766 4.9082e-20)
(0.640078 -0.421567 0)
(0.678146 -0.393761 2.15845e-19)
(1.23352 0.550294 -3.34906e-20)
(0.4703 0.443034 2.76587e-19)
(-0.16675 0.243644 3.83795e-20)
(0.0941136 -0.0845565 9.26857e-20)
(0.755885 0.0663318 0)
(1.33103 -0.912153 -1.0071e-19)
(1.03095 -0.0423381 4.10884e-19)
(1.51871 0.325403 1.41221e-19)
(-0.356832 -0.440108 5.95064e-20)
(-0.796078 -0.601129 0)
(1.23596 -0.248266 -1.2e-19)
(-0.0115326 -0.0107804 -1.36561e-19)
(0.201035 -0.154362 -6.42538e-20)
(-0.136411 0.0543202 -8.71099e-22)
(-0.206041 0.101062 2.96024e-19)
(1.44384 -0.363118 -1.17651e-20)
(2.46527 -0.111295 3.87839e-19)
(1.18767 0.453549 -2.91583e-19)
(0.853089 -0.0528725 0)
(1.85829 -0.127349 2.0695e-19)
(1.92202 0.0977271 1.01145e-19)
(0.921768 -0.775464 1.50543e-19)
(1.15784 -0.979328 -5.45183e-20)
(0.47485 0.440302 1.85521e-19)
(1.38337 0.350444 0)
(1.75539 0.562642 2.84095e-20)
(-0.0181998 -0.0234015 -2.78726e-19)
(0.876637 0.76363 0)
(1.36828 0.455991 0)
(0.294814 -0.294767 -3.62848e-21)
(0.318942 0.293184 0)
(-0.84039 -0.499553 -3.80035e-19)
(-0.226144 0.371353 -1.12612e-19)
(1.71651 -0.449055 0)
(1.23532 0.105095 1.82856e-19)
(-0.539373 -0.212522 1.67132e-19)
(0.539691 -0.512483 -4.79834e-19)
(2.0779 -0.100017 -4.91216e-20)
(0.617889 -0.561512 0)
(1.02908 0.124196 0)
(1.32119 -0.262042 0)
(1.11522 0.224422 -2.34678e-19)
(1.34405 0.1069 3.32926e-19)
(-1.09985 0.00376162 0)
(0.894402 -0.0631784 0)
(2.11178 -0.11568 -7.7184e-21)
(-0.0720205 0.13425 9.84882e-20)
(2.50413 0.0437391 -2.67026e-19)
(1.04149 -0.512215 1.38165e-19)
(1.99835 0.0558473 -2.9529e-19)
(-0.75735 -0.246636 -1.4165e-19)
(1.92319 0.108157 -1.76169e-19)
(1.01703 -0.024362 4.24311e-19)
(1.51507 0.594422 0)
(-0.233595 0.451826 3.03431e-20)
(1.01296 -0.838482 1.89846e-19)
(0.859166 -0.0259352 4.86983e-20)
(0.64418 -0.444474 0)
(1.90678 -0.566281 7.82761e-22)
(1.21749 -0.195122 1.58841e-19)
(1.79441 -0.500643 0)
(0.61268 -0.569089 4.72817e-19)
(0.730317 0.109227 -2.04082e-20)
(2.32755 0.0545969 4.17818e-19)
(-0.0918598 0.208014 -2.02919e-19)
(1.32952 0.612854 1.49235e-19)
(1.1431 0.398099 3.67382e-21)
(0.89995 0.365558 2.25136e-19)
(1.97428 -0.0456845 -2.74291e-19)
(-0.11681 -0.544057 -4.89516e-21)
(0.728445 -0.266628 0)
(-0.156638 -0.095151 2.57631e-19)
(1.08925 -0.950377 0)
(1.07397 -0.664214 2.31029e-20)
(1.21737 -0.246846 -7.00058e-19)
(1.37133 0.0411192 -2.79004e-20)
(-0.558999 -0.342137 -3.27818e-19)
(0.983081 0.475606 1.75077e-19)
(-0.225839 0.755125 2.88707e-19)
(0.691398 -0.0382693 0)
(2.02156 -0.0347193 0)
(1.69663 0.159983 2.43274e-20)
(0.782891 -0.0135663 0)
(1.37822 -0.213899 -1.63445e-19)
(-1.03254 -0.42258 4.60138e-19)
(1.91806 0.489164 1.02749e-20)
(1.04118 -0.0336588 0)
(0.560412 -0.362671 1.06992e-19)
(1.00961 0.0270983 2.0148e-19)
(0.217101 0.530425 -2.53028e-19)
(-0.258335 0.202004 0)
(1.12144 -0.489625 5.16854e-19)
(1.85371 -0.135857 -5.29548e-22)
(1.10989 -0.507022 -2.24851e-19)
(2.28594 0.243128 1.48878e-19)
(1.28286 0.784229 0)
(0.863819 0.0179828 0)
(-0.412015 -0.429398 -1.51166e-19)
(-0.00801488 0.00756606 1.46524e-19)
(0.943411 0.359981 -2.08036e-19)
(0.189703 -0.397557 -1.22099e-19)
(0.639297 0.398048 2.42239e-19)
(0.990576 0.0928845 0)
(0.542261 -0.504323 0)
(0.642565 -0.285966 5.49809e-21)
(1.24079 -0.519003 -1.06497e-19)
(0.584838 -0.0357785 9.29796e-21)
(0.737173 -0.164956 1.20001e-19)
(-0.0605748 0.0793302 -2.61283e-19)
(1.02084 0.0657045 1.91498e-19)
(0.656018 0.611088 0)
(1.26683 0.688925 0)
(1.60663 0.259491 0)
(-0.402922 -0.379518 -1.38763e-19)
(1.27655 0.558174 2.0232e-19)
(2.10223 0.0474764 4.79025e-20)
(0.925474 -0.0096192 0)
(1.96622 -0.505649 0)
(2.12957 -0.0755437 -3.06085e-19)
(0.557245 0.555492 2.93179e-19)
(1.00558 0.004798 -2.01288e-19)
(1.48043 0.464758 0)
(-0.196028 0.316977 0)
(1.24134 0.313411 2.88557e-19)
(1.01897 0.520778 -1.30028e-19)
(1.07005 0.0227967 0)
(1.72935 0.118614 0)
(1.99801 0.656281 -2.93274e-19)
(-0.0813092 0.351738 -9.08309e-22)
(0.997355 0.0132042 0)
(0.699515 0.462844 -3.33329e-20)
(0.940575 -0.830482 0)
(1.00278 0.0168906 4.68286e-20)
(0.499123 -0.452045 -3.37031e-21)
(0.911335 -0.331728 3.15975e-19)
(0.739222 -0.499582 -6.18122e-20)
(2.24718 -0.177367 2.90115e-19)
(1.42723 0.137809 1.0144e-19)
(0.793222 -0.0281429 0)
(1.01691 0.0091494 0)
(-0.584747 -0.578968 0)
(0.661639 0.633106 -1.88546e-19)
(-0.0371713 0.0468429 1.76219e-19)
(1.16402 0.341198 -4.62766e-19)
(-0.424567 0.282233 0)
(0.818785 0.632011 1.67769e-19)
(1.01572 -0.342458 0)
(1.00493 -0.00210812 1.17744e-19)
(0.571006 0.00462832 7.86768e-20)
(1.02822 0.397681 2.57178e-19)
(1.22529 0.155961 0)
(2.10439 0.153483 -7.06058e-20)
(0.830235 -0.120404 -3.69664e-19)
(-0.985039 -0.528773 -5.55986e-19)
(1.19544 0.289633 0)
(0.872765 0.233574 1.75807e-19)
(2.02653 -0.246329 0)
(0.766487 0.511363 3.62092e-19)
(-1.1039 -0.456065 2.12122e-19)
(-0.0435551 0.0796648 0)
(0.586174 0.557174 -7.05775e-20)
(1.03706 -0.651726 -1.61656e-19)
(0.485494 -0.261069 -1.23087e-19)
(1.01967 -0.0178198 0)
(-0.280819 -0.0157515 -1.71382e-19)
(0.646323 -0.577233 8.36434e-20)
(0.902124 0.281722 0)
(1.69686 -0.423925 1.56279e-19)
(0.975324 0.829474 2.42934e-20)
(0.920655 -0.544063 -1.08531e-21)
(0.196246 -0.252301 -1.84864e-19)
(0.234887 -0.056456 -5.54183e-19)
(-0.111056 -0.224568 7.36704e-21)
(0.809191 0.34873 2.4688e-19)
(-0.178586 0.404044 -5.07195e-21)
(1.42203 -0.662643 3.44308e-21)
(1.02316 0.00758442 -3.50537e-19)
(-0.465288 -0.387038 0)
(1.03219 0.031506 -4.10774e-19)
(2.26842 0.1474 2.2805e-19)
(0.876916 0.679013 2.81472e-19)
(1.13506 -0.0728568 1.64766e-19)
(1.00453 -0.0323501 1.62209e-19)
(1.38511 0.0559691 2.5188e-20)
(-0.301542 -0.337048 -4.55352e-23)
(1.72173 -0.885282 1.46269e-20)
(1.15356 -0.131529 -8.28062e-20)
(0.805118 0.0544894 9.52919e-20)
(0.917128 -0.302492 9.19862e-20)
(1.07121 0.239207 0)
(0.951645 0.723685 0)
(0.786766 0.115609 -9.37739e-20)
(2.06618 0.175769 -2.19222e-20)
(-0.880012 -0.503848 1.73169e-19)
(1.03872 -0.548393 -5.40926e-19)
(0.625448 -0.543461 3.99179e-19)
(1.20399 0.171652 -1.13113e-19)
(0.264324 -0.438413 1.39749e-20)
(1.49872 -0.58197 0)
(0.750338 0.104976 -6.78539e-21)
(1.59269 -0.548618 -7.97476e-20)
(1.03001 0.750974 0)
(1.25177 -0.617788 0)
(0.093396 0.0982135 0)
(-0.18824 -0.31597 -4.84323e-20)
(-0.0711284 0.150934 0)
(1.79549 0.595571 3.72019e-19)
(1.22214 0.180818 6.41742e-21)
(-1.02674 0.258005 2.38357e-19)
(1.96775 0.675956 1.3489e-20)
(1.82157 0.442813 -6.39818e-20)
(2.16734 -0.365125 -2.95051e-20)
(-0.177388 0.0205938 -2.07886e-19)
(-0.212082 -0.431901 3.77627e-21)
(1.09414 0.119067 0)
(0.676269 -0.0344158 0)
(1.00195 -0.000570646 1.69509e-22)
(-0.427707 -0.379494 0)
(1.58171 -0.00183031 -7.33137e-20)
(0.678773 -0.0302307 0)
(1.06403 0.00809193 1.32042e-19)
(0.991533 0.0145557 -4.58107e-20)
(0.938855 0.270598 1.12355e-19)
(1.06445 -0.0171751 -9.39309e-22)
(0.954085 -0.198036 -5.545e-20)
(1.02385 -0.0335764 3.77384e-19)
(0.679965 -0.61846 1.89743e-19)
(-0.951615 0.42402 -2.74909e-19)
(1.15281 0.419416 1.45903e-20)
(-0.0101321 0.0137748 0)
(1.11732 0.785099 0)
(1.02908 -0.00892201 0)
(1.01298 -0.785012 -1.13409e-19)
(1.04056 -0.894087 5.87096e-20)
(0.983586 0.247843 -1.78617e-20)
(0.185127 0.246681 -1.0954e-18)
(1.20692 -0.534508 1.9599e-20)
(0.593092 -0.394764 -6.41215e-19)
(1.35298 0.42556 -3.98066e-20)
(0.732042 -0.255319 -1.14567e-19)
(2.07961 -0.371588 7.5948e-20)
(0.469771 0.0749866 -1.59211e-20)
(-0.30561 -0.434913 -1.0252e-19)
(1.10932 0.545099 1.97367e-19)
(-0.0844664 -0.338585 0)
(0.0911914 -0.439327 3.11727e-19)
(-0.0876006 -0.115017 1.53999e-22)
(1.02606 -0.0438136 3.36923e-19)
(1.02316 -0.00064608 -8.69436e-21)
(1.11128 -0.0120887 -9.31781e-20)
(1.47896 0.087711 2.0401e-20)
(1.61572 0.314898 5.88161e-20)
(0.403871 -0.379301 -3.19949e-19)
(0.787226 0.19308 3.15066e-20)
(1.03564 0.00097136 -2.48786e-19)
(1.17278 0.312559 -1.50203e-20)
(1.47764 0.169137 0)
(1.10449 0.584167 -3.70033e-19)
(1.00302 -0.00448575 9.60753e-20)
(0.667306 0.5954 2.58424e-19)
(1.3567 -0.511193 -1.38537e-21)
(1.06941 -0.00972863 -3.05473e-20)
(1.13005 0.0115576 8.67667e-22)
(2.40338 0.098374 1.56089e-20)
(0.453845 0.130365 0)
(1.04475 -0.0390271 0)
(1.051 -0.0346038 5.9049e-19)
(1.00246 -0.00187225 0)
(-0.0493713 -0.0731264 0)
(0.933908 -0.574259 0)
(1.00073 0.000556169 -5.58836e-19)
(1.16575 -0.693365 9.25441e-20)
(1.02282 -0.005052 1.17573e-20)
(1.33638 0.946846 -2.67154e-20)
(1.5219 0.995893 4.72922e-22)
(1.10934 -0.383381 -3.09949e-20)
(1.6131 0.136449 2.60001e-19)
(1.51923 0.266199 0)
(0.0233929 0.395317 0)
(2.18154 -0.156743 5.14569e-19)
(1.17348 -0.641135 0)
(1.00032 -0.00404753 -1.72886e-19)
(1.01041 -0.000626806 3.36005e-19)
(1.44386 0.142611 -6.95762e-20)
(-0.00738984 -0.123367 2.01095e-19)
(0.971141 -0.00195743 1.82607e-19)
(0.123158 0.0237182 1.79974e-20)
(0.301728 -0.102984 5.04993e-21)
(1.59076 0.130137 9.85563e-23)
(0.926541 0.0167425 -1.84611e-19)
(1.00281 0.00388455 2.17327e-19)
(1.00002 7.36286e-05 1.28257e-20)
(0.790848 -0.0125416 0)
(0.729214 -0.0261771 0)
(0.724987 -0.0263151 7.72719e-22)
(0.700178 -0.0284482 0)
(1.31548 -0.165794 0)
(0.616638 -0.15367 0)
(-0.0159337 -0.0992815 2.75161e-20)
(0.153711 -0.0487312 -1.18626e-20)
(1.26062 -0.0796552 0)
(1.33612 -0.0953384 1.24594e-20)
(1.57685 0.0885331 0)
(-0.00458999 0.0932446 0)
(-0.00734838 -0.00364243 0)
(0.196738 0.0516446 -2.73457e-21)
(0.762707 0.148362 3.54914e-20)
(0.784888 0.0230376 0)
(0.791696 0.0200833 0)
(0.964293 0.019878 -2.27434e-19)
(0.817152 0.00862128 4.23869e-19)
(1.00719 -0.00123561 0)
(1 -0.00081012 4.01333e-19)
(0.999988 -0.00105164 -3.14844e-22)
(0.791842 0.02297 3.61154e-19)
(0.991771 -0.00766771 -2.09689e-19)
(0.0663765 0.078108 0)
(0.197103 -0.0436322 -5.05321e-21)
(1.00068 -0.000562105 -2.02761e-19)
(1.00073 0.001919 -3.48109e-19)
(1.31916 0.0728876 0)
(0.998902 0.00187483 0)
(0.999638 -4.84894e-05 0)
(1.61872 -0.605433 -2.16312e-21)
(0.632929 -0.18496 3.53396e-20)
(0.911203 0.30212 0)
(-0.31265 0.355778 1.93953e-19)
(-0.520778 0.508678 -4.92247e-19)
(1.02017 -0.0181959 -2.70331e-19)
(-0.356503 -0.508116 -9.5908e-20)
(1.01959 0.00269554 -2.17825e-19)
(1.1785 -0.219902 -1.11727e-19)
(0.80779 -0.482431 3.11884e-19)
(-0.0494343 -0.0767994 -6.85891e-20)
(1.02889 0.0132755 0)
(1.05362 -0.0109516 -5.87084e-20)
(0.856605 0.0236431 0)
(-0.0550202 0.0548394 2.58507e-19)
(1.00907 -0.495158 0)
(-0.460724 -0.385734 -2.45108e-19)
(0.23331 0.0750753 -1.37064e-20)
(1.65405 0.673344 -6.39635e-21)
(-0.0636327 -0.0149453 0)
(1.05447 -0.0375839 1.82571e-19)
(1.11215 -0.379688 4.25826e-21)
(0.927497 -0.0151071 2.8607e-19)
(1.01279 -0.00795128 -1.84045e-19)
(1.67226 0.851025 3.70268e-20)
(0.51704 0.484588 0)
(0.439314 0.391223 2.03144e-19)
(1.86047 -0.5316 -9.26571e-22)
(1.15287 0.126889 1.94963e-19)
(1.09651 -0.722335 0)
(1.02092 0.00447584 0)
(0.998845 -0.018227 -4.23875e-19)
(1.01817 0.0159821 -4.13767e-19)
(-0.158415 -0.353443 0)
(1.21472 0.812734 -1.29788e-19)
(1.51654 -0.51739 1.47513e-21)
(1.0159 0.00477829 1.59145e-19)
(1.01128 0.0141731 -1.99707e-19)
(-0.534716 -0.334551 -2.43874e-20)
(1.1255 -0.239962 -1.08249e-19)
(1.01912 -0.015766 6.78522e-19)
(1.28996 -0.383851 0)
(1.85708 0.636173 -4.50593e-20)
(1.01567 -0.0120062 -2.11458e-19)
(2.09358 0.0851084 -1.38232e-19)
(1.0618 0.0061104 -4.8673e-22)
(1.00921 -0.00904788 4.2274e-20)
(2.10161 -0.309299 -2.51454e-19)
(1.01468 0.00761795 2.05313e-19)
(0.923369 0.278983 9.1948e-22)
(1.01802 0.00353225 0)
(0.932433 0.146446 4.99158e-20)
(-1.02948 -0.0397662 6.62244e-21)
(0.996866 0.0215325 2.04013e-19)
(1.03913 0.0206454 -5.87676e-22)
(1.30902 -0.408178 -1.05676e-20)
(1.25141 0.31193 4.12948e-19)
(0.998613 0.0153977 1.40359e-19)
(1.01737 -0.0138915 4.53986e-22)
(1.71844 0.249747 -2.30884e-20)
(1.78646 0.936933 -1.04119e-19)
(0.779992 -0.700779 6.24217e-20)
(0.456749 -0.33641 -3.09183e-19)
(1.00806 -0.0107598 0)
(1.02021 0.00238585 5.09973e-20)
(1.01038 -0.00876117 1.07441e-19)
(0.921295 0.00871428 6.74918e-21)
(1.0126 0.0061232 -2.13775e-19)
(1.02754 -0.0233745 2.45216e-19)
(1.00876 -0.00603353 -2.00817e-19)
(1.01363 0.00733186 -4.95531e-22)
(1.01216 0.00373732 -3.83831e-22)
(1.02445 0.0130909 2.04715e-19)
(0.899441 0.0818593 5.14529e-19)
(1.75216 0.681789 0)
(0.684966 -0.379771 3.09662e-19)
(1.0108 -0.0029995 0)
(1.02136 -0.0192481 -5.92713e-20)
(1.53237 0.439809 -8.15198e-20)
(2.01995 -0.0478187 0)
(2.3417 -0.242058 -1.28233e-19)
(1.23044 0.486597 -6.07986e-20)
(0.751718 -0.0147891 0)
(1.91852 -0.208231 0)
(0.115727 0.362033 -2.25985e-19)
(1.28029 -0.073282 -2.70096e-20)
(1.01764 -0.00376547 -2.15298e-19)
(1.12674 -0.57395 -6.40195e-20)
(1.2791 -0.269883 -3.54669e-20)
(1.2932 0.476892 0)
(1.47106 -0.569845 0)
(1.93188 0.489071 0)
(0.0928548 0.30238 8.12646e-20)
(0.969408 0.147482 1.15714e-19)
(-0.471599 0.257403 0)
(-0.0133995 0.24342 -2.40543e-19)
(1.69683 0.958988 -5.44021e-20)
(1.00896 -0.00379265 -4.2086e-19)
(0.9663 -0.0240468 3.08915e-20)
(1.02223 0.00695487 2.78723e-19)
(0.68498 -0.0398024 0)
(-0.138518 -0.314541 -2.07615e-20)
(0.60594 0.422934 -3.41488e-19)
(1.79928 0.582801 1.08576e-19)
(0.119579 0.363117 0)
(0.791766 0.066698 8.27243e-20)
(0.51564 0.492444 5.16831e-20)
(1.17881 0.876597 -3.51097e-20)
(-0.036291 -0.0224246 9.99654e-20)
(1.01908 0.0114786 0)
(1.13366 0.296649 5.949e-20)
(1.01146 -0.00137263 1.57944e-19)
(2.31702 0.156511 0)
(1.01177 0.0077904 2.64975e-19)
(0.175335 -0.471661 -1.47684e-19)
(1.02017 0.00948871 -1.63991e-19)
(1.28199 0.286053 0)
(2.19684 -0.215371 5.72732e-22)
(1.00904 0.0034022 -1.10037e-19)
(0.994561 -0.0317386 2.90352e-19)
(1.09318 0.0972961 -3.03529e-21)
(1.05418 0.467382 -3.81999e-20)
(-0.146045 -0.0690813 2.603e-19)
(1.98022 0.254901 1.57488e-19)
(0.409842 0.16076 4.30235e-20)
(0.803165 0.015207 -3.97641e-19)
(0.802558 0.0252271 0)
(0.399609 -0.0160735 6.01902e-20)
(1.02135 -0.0159494 -3.18485e-20)
(0.973997 0.0230093 0)
(1.05133 -0.00133901 -2.01883e-19)
(-0.0947967 -0.328132 -2.18073e-20)
(-1.11698 -0.302459 2.62366e-19)
(2.15083 -0.622292 0)
(-1.19151 0.0761308 -6.43697e-19)
(1.52566 -0.354476 0)
(1.04029 -0.0176892 5.92707e-20)
(1.14538 0.0733 9.31401e-22)
(1.01298 -0.00193024 1.70964e-19)
(-0.890278 -0.302296 3.6501e-19)
(1.01813 0.00194512 0)
(0.993089 0.00383117 -4.10538e-19)
(1.00774 0.00815219 2.17297e-19)
(0.762098 0.00102733 0)
(0.731082 -0.00546622 -7.04088e-21)
(0.957263 -0.00115171 -1.8582e-19)
(-0.282442 -0.532415 3.24248e-19)
(1.00424 -0.0007054 -2.11944e-19)
(1.00083 0.0225829 -4.98655e-19)
(1.65172 -0.622838 -1.74048e-20)
(-0.186793 -0.230689 -8.08803e-20)
(0.800671 0.687049 -1.74842e-19)
(0.792632 0.346716 0)
(1.02386 -0.0107783 4.46671e-19)
(1.03712 -0.0136457 2.34419e-19)
(0.281987 0.786426 -3.1571e-20)
(-0.999513 0.101974 -2.4246e-20)
(1.07395 0.00959461 -1.19072e-19)
(1.11693 -0.903622 6.60662e-20)
(1.00703 -0.00157582 2.21323e-19)
(0.940628 -0.684244 2.14848e-19)
(-0.441736 0.255835 3.50307e-19)
(-0.155209 -0.219379 -6.16356e-20)
(0.77965 0.0106569 -6.4819e-20)
(0.715784 -0.171311 -6.92432e-19)
(1.02055 -0.00897295 0)
(1.3342 -0.820229 1.19021e-19)
(1.55021 0.730445 1.89357e-19)
(0.257093 0.178208 0)
(-0.715965 0.0646476 0)
(-0.587831 0.487175 0)
(1.02617 0.011103 9.51635e-20)
(2.22768 0.118193 0)
(1.05671 -0.026038 3.73344e-21)
(-0.790103 -0.273657 -1.81632e-19)
(-0.0312605 -0.0624469 1.70105e-19)
(-0.218215 0.328589 -7.84861e-22)
(1.4399 0.369196 9.87341e-20)
(0.0176677 -0.456037 3.90314e-19)
(0.998529 0.408026 0)
(-1.21843 -0.114984 -2.33179e-20)
(1.02228 0.0173735 5.79847e-20)
(-0.108873 -0.0800822 -1.02401e-19)
(0.869031 0.702432 -5.5739e-20)
(-0.0568471 -0.0805236 4.0539e-20)
(1.33341 -0.977404 4.10607e-20)
(0.442034 0.260102 2.77475e-20)
(1.09 -0.107499 2.72257e-20)
(-0.461883 0.0869954 -1.36691e-19)
(0.896003 0.00996782 0)
(0.255191 -0.0629964 5.93531e-20)
(0.6722 -0.308137 -7.3925e-20)
(0.0447996 -0.342585 4.81739e-20)
(1.99951 0.220523 0)
(1.04799 0.026558 2.30841e-19)
(-1.46326 0.080567 0)
(1.31059 -0.192958 4.3742e-20)
(-0.827118 0.274486 0)
(0.871337 0.32374 -2.21345e-19)
(1.44147 0.759339 -1.10404e-19)
(-0.11113 -0.196747 -1.24721e-20)
(0.945095 0.0311976 -4.57369e-19)
(1.02824 -0.00261754 0)
(1.1172 0.00939089 1.19115e-19)
(1.45559 -0.274554 0)
(1.84087 -0.449975 0)
(1.01581 0.000367473 -4.05053e-20)
(0.988802 0.0364395 -1.95149e-19)
(1.97898 0.490465 -3.88343e-19)
(-0.111873 0.207914 0)
(1.02382 -0.0152315 1.46547e-22)
(0.942119 -0.762234 -1.38526e-19)
(0.639763 0.339856 0)
(1.07325 -0.0273156 -2.90663e-19)
(2.0178 -0.198586 1.50325e-19)
(-0.506868 0.336591 -2.52106e-19)
(-0.115468 0.416492 1.77644e-19)
(-0.595361 -0.368141 1.76401e-20)
(-0.558462 0.134989 -1.63124e-19)
(-0.0617086 -0.0648901 2.25666e-19)
(1.27156 -0.603132 1.63919e-20)
(0.231839 -0.393802 2.21947e-19)
(0.961205 -0.719295 2.40151e-19)
(1.07717 -0.890958 0)
(1.01307 0.00499359 -4.80298e-19)
(0.75316 0.20198 -7.45451e-20)
(1.01726 -0.00357 -1.79812e-19)
(-0.143612 -0.080893 -7.22276e-20)
(-0.162212 -0.475151 2.52489e-19)
(1.01966 0.0193857 -2.30411e-19)
(-0.0387451 -0.321416 3.53196e-19)
(0.492909 -0.70858 6.88316e-21)
(1.03969 -0.0121035 -3.88287e-19)
(1.73534 -0.0289867 0)
(-0.353947 0.240923 -1.15437e-19)
(-1.1445 -0.243245 -3.23228e-19)
(1.16184 0.588636 0)
(1.10835 0.0813336 0)
(1.05448 0.0215528 2.63036e-19)
(1.60611 0.510559 -3.27785e-19)
(1.23413 -0.0339986 -2.39886e-20)
(1.15176 0.621663 1.6818e-19)
(-1.10608 0.237296 -2.21336e-19)
(1.05246 0.0140015 1.35165e-19)
(-0.0122306 -0.539883 -2.0801e-20)
(1.21878 0.152696 -3.86538e-19)
(-0.144066 0.132602 0)
(1.00818 -0.268354 -1.94558e-19)
(-1.33319 0.293083 2.29255e-19)
(1.37952 -0.571187 -1.99257e-19)
(1.02055 -0.020398 -2.69403e-19)
(0.459255 0.443439 -1.41629e-19)
(0.783446 0.275355 -2.24837e-19)
(-0.993812 -0.523637 3.06025e-19)
(0.880488 0.0343672 -3.15593e-19)
(0.52902 0.0263618 -2.02488e-19)
(1.00883 -0.00587001 -2.2434e-19)
(0.798541 0.59251 -2.38027e-19)
(-1.30425 0.31826 -3.2416e-19)
(0.454953 -0.438407 -1.40006e-20)
(0.0746282 -0.102329 7.10466e-20)
(0.161712 -0.296874 1.00104e-19)
(1.81335 -0.560547 0)
(1.10217 -0.860583 0)
(0.0909232 0.430281 1.27046e-20)
(0.896457 0.0447986 0)
(0.738041 -0.409922 1.95573e-19)
(-0.0780895 -0.106683 0)
(1.97205 0.316881 3.92809e-19)
(1.02183 0.00773594 0)
(2.28458 0.148887 -6.12123e-20)
(1.09578 -0.399135 3.51033e-19)
(0.976844 -0.00785198 1.96964e-19)
(1.05757 0.0790134 -1.98783e-19)
(0.798619 0.121751 1.15279e-19)
(1.01743 0.0213996 2.81377e-19)
(1.16709 -0.173438 0)
(0.98082 0.00837453 2.29226e-19)
(1.13766 0.076582 -8.53513e-22)
(0.0494514 0.178233 2.32366e-20)
(1.41615 1.04569 7.76886e-21)
(1.01695 -0.0218286 3.06411e-19)
(1.31423 -0.379751 -4.51709e-21)
(1.91022 0.609766 0)
(1.23446 0.911136 0)
(1.00432 -0.137235 -4.42941e-19)
(-1.1403 0.289749 0)
(0.685068 0.418647 7.11352e-20)
(1.21347 -0.93521 0)
(0.50061 0.345071 0)
(0.624535 0.566685 -5.3194e-19)
(2.02254 0.223685 2.77501e-20)
(1.03571 -0.0287932 -1.29767e-19)
(-0.0892607 0.196489 9.55321e-20)
(1.05151 0.0497374 0)
(1.0331 -0.0409567 0)
(0.646086 -0.452 -7.41421e-20)
(0.057004 0.289991 0)
(0.745249 0.467167 3.5919e-20)
(1.04322 -0.010755 5.52699e-22)
(0.607016 0.448452 1.39309e-19)
(1.14311 0.0237456 3.03407e-20)
(1.57532 -0.620593 -6.2319e-20)
(1.08277 0.0321792 1.75872e-19)
(1.04763 -0.00847147 -1.9445e-19)
(1.13567 0.211248 2.04306e-19)
(1.01043 0.0237273 -4.5415e-19)
(0.196338 -0.287099 0)
(-0.374427 0.37756 -4.05139e-20)
(-0.971944 0.152207 -3.38803e-19)
(0.905169 -0.152679 -2.54037e-19)
(2.31589 0.150565 0)
(-0.206214 -0.354201 1.71107e-19)
(-0.0784952 0.127379 1.04461e-19)
(2.1258 0.336135 -2.39615e-19)
(0.804954 0.345594 4.5635e-20)
(1.48265 0.305271 -4.18197e-21)
(0.843917 0.703788 4.24402e-19)
(0.776613 1.01051 8.9797e-22)
(1.10856 -0.0341856 0)
(1.01633 -0.0944966 -1.30426e-19)
(-0.13758 0.264635 1.00586e-19)
(1.70287 -0.3098 -9.80336e-20)
(2.21705 0.154595 0)
(2.41323 -0.18261 0)
(1.57284 0.209547 1.26451e-19)
(-0.0417567 0.0857067 0)
(1.01423 0.0178504 -1.76519e-19)
(-1.1015 0.353809 0)
(1.00395 -0.0171913 1.3046e-19)
(0.672608 -0.334034 -2.23634e-19)
(0.961494 -0.0288415 4.29264e-19)
(1.82425 0.311671 2.20062e-20)
(1.06008 -0.024096 -4.74503e-19)
(0.828871 0.0210609 5.6368e-20)
(2.45107 0.0143255 -2.08876e-19)
(1.0778 -0.038056 0)
(1.05008 -0.00736408 1.41473e-19)
(-0.483894 0.16725 -1.82002e-19)
(1.11895 0.000937058 -2.23018e-19)
(0.864891 0.625826 -4.67628e-19)
(1.41191 -0.436515 -1.83167e-21)
(2.18506 0.159598 0)
(0.309612 -0.0911021 5.32746e-19)
(1.27346 0.130701 0)
(-0.912065 -0.277033 1.03316e-19)
(-0.373875 -0.469271 1.82699e-19)
(1.09197 -0.909542 0)
(0.745642 0.0250873 1.16079e-19)
(-0.7476 -0.159918 0)
(2.00919 0.543473 0)
(-0.0462875 -0.00751115 1.26591e-19)
(0.864905 0.0917509 -2.525e-19)
(-0.79049 -0.269896 4.25911e-19)
(0.924333 0.679357 -3.77449e-19)
(1.00343 0.0363951 -6.4065e-21)
(1.03128 -0.0443188 1.4819e-19)
(2.54312 -0.0662742 0)
(1.06269 -0.105676 -5.65434e-20)
(0.244873 0.11099 4.46474e-19)
(1.01922 -0.0155921 2.97142e-19)
(1.08041 -0.0129079 1.14164e-19)
(1.8692 0.327257 0)
(1.00407 -0.00953773 0)
(0.984194 0.855907 -3.36608e-20)
(1.04306 -0.0233907 -1.80763e-19)
(1.18552 -0.469556 -1.06422e-19)
(-0.79095 0.0136954 1.81629e-20)
(1.20387 -0.0792551 0)
(1.47243 0.064987 0)
(1.12984 -0.487451 5.93546e-21)
(0.688063 0.26946 -2.50875e-19)
(0.479052 0.0870298 -1.02096e-20)
(0.987623 0.062964 2.58062e-19)
(0.435482 0.20628 -1.5383e-19)
(2.41133 0.413961 0)
(0.103051 0.0886568 5.50257e-21)
(1.10052 0.0106709 -1.19298e-19)
(-0.134484 0.000784606 0)
(0.801845 -0.00259226 0)
(0.0889682 -0.0898399 -2.10183e-20)
(-0.128604 -0.0210087 1.19669e-20)
(0.774918 0.000538856 1.19438e-19)
(1.13081 -0.0102639 0)
(0.821459 -0.758703 0)
(0.0198499 -0.510541 -1.86545e-20)
(1.00332 0.702433 -2.33568e-19)
(0.352362 0.0871916 -9.93649e-20)
(-0.0888772 0.476516 5.09619e-21)
(1.92199 0.791009 1.95007e-19)
(0.993411 0.0283433 1.86208e-19)
(1.03434 -0.0629948 1.04881e-19)
(0.328415 -0.23017 -7.08216e-19)
(-0.063775 -0.0382834 0)
(-0.54137 0.0848692 -1.51225e-19)
(0.589977 -0.564693 -3.75052e-19)
(-0.48491 -0.362426 2.7213e-19)
(0.933271 0.111232 -1.88604e-19)
(0.966241 0.335305 3.71144e-19)
(1.02169 -0.0902088 1.45154e-21)
(1.02444 0.00196389 -3.40658e-20)
(0.995035 -0.00966186 1.41977e-19)
(-0.701516 -0.390787 -2.7582e-19)
(-0.0993001 -0.150278 -1.2096e-19)
(-0.395972 -0.413854 0)
(1.17477 0.257641 1.42553e-19)
(1.10965 0.0175601 0)
(-1.20731 0.052304 -2.23518e-19)
(-0.0666923 0.122293 -1.34792e-19)
(-0.185598 -0.445057 0)
(1.01045 0.00691472 1.97763e-19)
(0.990306 -0.0436746 0)
(2.43483 0.206253 -3.50944e-19)
(-1.06503 -0.3972 1.27275e-20)
(0.984015 -0.0050376 -4.09872e-19)
(-0.346693 0.0468609 5.92723e-21)
(1.59464 0.388674 -3.66968e-21)
(0.52452 0.511395 0)
(0.756216 0.660434 1.75517e-19)
(1.635 0.435239 8.31131e-20)
(-0.400102 -0.403903 1.77285e-19)
(1.93631 0.207762 -5.94791e-21)
(-0.38764 -0.410152 -1.30869e-19)
(1.36005 0.386365 -2.84377e-19)
(1.16776 -0.0673081 4.17451e-19)
(0.744909 -0.270773 -6.22454e-21)
(0.131151 -0.129527 1.89881e-19)
(0.130314 0.124878 0)
(-0.0969318 0.109181 0)
(-0.121837 -0.131452 7.61667e-20)
(1.0018 0.00303624 -2.19205e-19)
(1.02449 -0.00234194 -1.85922e-19)
(-0.475035 0.225429 -1.68723e-19)
(1.70219 -0.526857 4.18212e-20)
(1.34878 -1.02832 1.79781e-20)
(1.0901 0.734061 0)
(0.915475 0.050355 -5.65591e-19)
(1.49863 -0.312261 -9.32816e-20)
(1.01299 -0.0212156 -5.50549e-20)
(1.29263 -0.322045 1.2301e-19)
(-0.377618 -0.431643 0)
(2.25085 0.229275 -2.60428e-20)
(-0.762099 -0.1337 5.57367e-20)
(-0.163038 0.0429873 -2.83459e-19)
(1.03288 -0.0603056 1.99897e-19)
(-0.0937691 -0.104062 0)
(1.48803 -0.240803 -1.03227e-19)
(0.474275 0.258423 1.21847e-19)
(-0.0893527 -0.100748 8.31845e-20)
(1.01778 -0.0148203 2.43621e-19)
(0.682925 0.315057 0)
(-0.0796751 0.14653 1.26908e-19)
(0.453889 -0.442896 0)
(0.13422 -0.134604 -3.5964e-19)
(-0.0523858 0.0620401 9.81717e-20)
(0.137327 0.135713 1.77776e-19)
(-0.0696489 -0.0792055 -8.99305e-20)
(-0.305894 -0.434407 0)
(0.945821 0.286999 2.01845e-21)
(0.550238 0.297314 -8.63783e-22)
(0.692023 -0.623858 2.44843e-19)
(1.01255 -0.00968492 0)
(-0.0624684 -0.0713615 0)
(0.958616 -0.083984 2.32405e-19)
(1.4952 -0.725342 -4.77375e-21)
(-1.03712 -0.347768 -5.11925e-19)
(0.97188 0.0400352 -2.56541e-19)
(0.634543 -0.580844 4.35433e-19)
(1.33972 -0.691626 -7.68021e-20)
(-0.462149 -0.460098 -3.71816e-19)
(1.08894 0.0704085 0)
(1.01607 -0.0103503 -2.81884e-19)
(-0.029567 -0.0389236 0)
(-0.692935 0.0520729 -2.92155e-19)
(0.148138 0.147008 1.69674e-19)
(-0.0537427 -0.0659796 0)
(1.1401 0.103056 -1.71164e-19)
(1.70114 0.485954 0)
(1.0939 -0.0835321 0)
(-0.156189 -0.133596 1.08176e-19)
(-0.102833 0.246703 -1.88038e-19)
(-0.0107364 -0.0152902 -8.35422e-20)
(-0.0674829 0.0783941 9.51197e-20)
(0.123288 0.112731 0)
(0.977137 -0.104597 -2.85839e-19)
(0.135691 -0.136654 -1.77185e-19)
(0.142935 0.138511 -3.3927e-19)
(0.19989 0.193389 1.27502e-19)
(0.956413 0.0173713 6.86083e-19)
(0.184331 0.176049 -1.39172e-19)
(-0.00698764 -0.0108385 7.87696e-20)
(0.14754 0.148199 -3.23925e-19)
(0.185418 -0.184791 -2.78538e-19)
(-0.0234083 0.0305372 0)
(-0.0360112 -0.0436892 1.78683e-19)
(-0.533535 0.140745 4.37226e-19)
(0.15105 0.146638 0)
(0.389451 0.150503 0)
(-0.279169 -0.463451 0)
(0.738221 -0.332401 3.53144e-21)
(0.218024 0.214785 2.42504e-21)
(-0.0266557 0.0311389 -5.71296e-20)
(-0.113101 0.118708 8.69541e-20)
(0.192363 0.187355 -1.3407e-19)
(0.155211 -0.150153 0)
(-0.0155901 -0.0197342 8.89461e-20)
(-0.00786817 0.0117847 2.29291e-22)
(-0.302449 -0.510774 -1.66484e-19)
(1.15294 -0.123218 -4.26231e-20)
(-0.834276 -0.0924135 2.68586e-19)
(-0.0439356 0.0530025 -9.61124e-20)
(-0.00261939 -0.00671763 0)
(0.215543 0.214941 0)
(0.17198 -0.171003 -6.85954e-20)
(-0.000852097 0.00241065 -9.42971e-20)
(2.2147 0.529732 1.58145e-19)
(1.43792 -0.598586 -3.02746e-19)
(0.198528 0.201612 2.45128e-19)
(-0.239811 -0.309904 6.85189e-20)
(-0.0790348 0.0904734 9.57544e-20)
(0.000378634 -0.00274388 -2.27658e-19)
(0.204526 -0.203455 2.48806e-19)
(-0.133613 -0.615748 1.96251e-20)
(-0.0123297 0.0170647 0)
(0.135781 -0.134621 -3.65753e-19)
(0.961248 -0.0748249 0)
(1.55315 -0.366714 0)
(0.569719 -0.507886 -3.9229e-19)
(-0.133847 0.0467186 2.98391e-20)
(0.178321 -0.171463 1.37006e-19)
(1.00569 0.0121741 1.90867e-19)
(0.884039 -0.110631 2.69885e-19)
(0.410947 -0.398333 5.45618e-19)
(1.68881 0.582797 2.82162e-20)
(0.223404 0.211977 1.01529e-19)
(0.826224 0.559401 0)
(0.619375 -0.54008 3.27086e-20)
(0.00239404 -0.000335269 7.41237e-20)
(0.41106 0.0405395 2.25182e-20)
(1.05698 -0.12721 8.3249e-20)
(1.08653 -0.255925 0)
(0.942658 -0.141042 6.7676e-19)
(-0.0176843 0.0231714 0)
(0.589715 -0.608889 0)
(1.17194 -0.223798 1.91427e-19)
(1.1419 0.352344 2.16035e-19)
(1.11132 0.000949951 0)
(-0.815331 -0.597273 3.03528e-19)
(-1.12179 -0.321881 4.46671e-20)
(1.03846 0.00541965 -2.70857e-19)
(-0.146377 -0.373015 0)
(1.18465 -0.213116 0)
(1.36781 0.651531 0)
(0.109624 0.10581 4.50554e-19)
(0.00233359 0.00171281 0)
(0.193844 0.184574 1.18299e-19)
(0.170591 -0.15677 0)
(0.000525344 -0.000120529 -9.27374e-20)
(0.00133737 0.00186313 0)
(0.631322 0.17667 1.80621e-19)
(0.849983 -0.428764 -5.63318e-19)
(0.000333177 0.000238107 1.10227e-22)
(-0.121799 -0.111419 -2.015e-19)
(0.254629 -0.245579 0)
(0.243119 0.231232 0)
(-0.742691 -0.344071 2.64429e-19)
(0.942186 0.0559089 3.64249e-21)
(1.10534 -0.3695 -2.07081e-19)
(-1.26841e-05 0.0011205 2.77354e-19)
(-0.112874 0.0864954 1.59389e-19)
(1.05488 0.139704 2.52849e-19)
(-0.0544804 -0.58395 0)
(-0.000648346 0.000868647 -2.25217e-22)
(-0.215461 -0.546532 6.43327e-21)
(-0.079896 0.0253821 0)
(2.3466 -0.128559 -1.68334e-19)
(1.02417 0.144824 0)
(1.00036 -0.072437 3.29859e-19)
(-0.951256 0.153061 0)
(0.230613 -0.214458 -3.65611e-21)
(1.01036 -0.0237252 1.69099e-19)
(0.558426 0.149803 4.05312e-19)
(1.36168 -0.788963 2.36428e-19)
(0.308168 0.288343 1.81709e-22)
(1.62706 0.518935 0)
(0.962369 -0.587517 7.60206e-20)
(1.81385 -0.93712 7.45563e-20)
(-8.80138e-06 -0.000153561 1.80133e-19)
(1.40477 -0.0604115 5.51156e-20)
(2.34126 0.442717 8.70663e-20)
(0.000347547 -0.000167507 -5.31337e-20)
(1.01871 0.0257449 2.44712e-19)
(-0.100297 0.191969 -1.85579e-19)
(0.333454 0.310619 0)
(-0.00286289 -0.00102627 0)
(0.256859 0.243435 8.80002e-20)
(0.296434 -0.276456 -2.51834e-19)
(0.000595499 -0.000524106 1.89601e-19)
(1.08088 -0.77627 -8.40355e-20)
(1.09423 -0.0256885 2.02082e-19)
(0.334436 -0.318875 0)
(-0.00218002 -0.000465767 0)
(0.275961 0.261694 0)
(-0.0278294 0.0297425 -1.09754e-19)
(0.273448 -0.270926 0)
(-0.0137982 -0.00779013 -1.27443e-19)
(0.295317 0.2783 -6.37079e-20)
(-0.00917745 0.00194413 0)
(0.257863 -0.253035 0)
(-0.142194 -0.651213 0)
(-0.0240104 0.0115328 0)
(-0.0400338 0.0260406 -5.49352e-20)
(-0.128346 -0.245985 0)
(1.00275 -0.00370086 2.59209e-19)
(0.466669 -0.438238 7.78542e-20)
(-0.0830905 0.0567704 -9.55127e-20)
(-0.0361122 -0.0251303 2.36051e-19)
(0.371802 0.341743 -5.11672e-20)
(1.66115 0.387284 0)
(-0.167026 0.127506 0)
(-0.134386 -0.319561 2.01967e-20)
(-0.127204 0.099833 0)
(0.359397 -0.337777 0)
(-0.0558425 -0.0404716 0)
(0.421221 0.382098 0)
(-0.089314 -0.0707555 1.46734e-19)
(0.498013 0.461521 2.57773e-20)
(-0.162035 0.151579 -4.33081e-19)
(0.532612 -0.49207 -9.42943e-21)
(1.15763 0.135971 0)
(0.930553 -0.399976 2.28088e-21)
(-0.359264 -0.603679 -2.81596e-19)
(1.03681 0.0579164 -2.37114e-19)
(1.41872 0.035359 0)
(1.54851 -0.504074 -1.07979e-20)
(1.3669 -0.513263 1.82813e-19)
(0.958696 0.013561 0)
(-0.0326225 0.0874612 3.78606e-19)
(-1.045 -0.097313 3.09751e-20)
(-0.023664 -0.017155 -1.77217e-22)
(-0.881097 -0.451388 0)
(1.11746 -0.176132 -2.35883e-19)
(0.365641 0.202465 4.36174e-19)
(2.55128 0.254143 -1.66508e-19)
(1.50939 0.614023 -2.7399e-20)
(1.56128 -0.758667 2.07537e-20)
(-0.328261 -0.364014 -7.37929e-20)
(1.92117 0.233976 1.49681e-20)
(1.88025 -0.750155 6.61865e-20)
(1.04183 0.0890282 -3.19518e-20)
(-0.381702 0.223734 1.72932e-19)
(1.10662 -0.00531801 0)
(2.05544 0.170076 -2.18483e-20)
(0.130854 0.0872889 -2.62581e-21)
(1.30184 -0.2276 0)
(0.125682 -0.119397 -6.01539e-19)
(-0.00476416 0.00748168 0)
(0.521429 -0.484417 0)
(1.9343 0.61454 -7.55772e-20)
(0.904817 -0.43268 0)
(2.37306 -0.182201 2.02609e-19)
(-0.0134431 -0.00959295 1.3066e-19)
(0.259964 -0.264116 9.11574e-20)
(1.01706 -0.0522616 0)
(-0.622164 -0.223511 0)
(-0.0775967 -0.0527392 1.08727e-19)
(-0.0955914 -0.0811993 1.76827e-19)
(1.00666 0.255102 -2.23648e-19)
(0.411087 0.222734 -3.42025e-19)
(1.0279 0.0147794 -9.00023e-21)
(2.17081 0.185955 0)
(-0.192282 -0.544404 1.78155e-19)
(-0.087766 -0.125153 0)
(0.636224 0.0786899 3.44156e-19)
(0.957692 0.163888 -4.95145e-20)
(0.686824 -0.588973 -2.00414e-19)
(0.986121 0.131121 3.48064e-19)
(0.996748 0.0113402 0)
(1.23915 0.699383 -4.31616e-20)
(2.09808 -0.239193 0)
(0.534281 0.485483 0)
(0.749906 -0.488557 0)
(-0.316587 -0.294433 -3.16844e-20)
(0.319537 0.24826 2.49782e-19)
(-0.099649 0.345464 0)
(1.12844 0.0715459 1.50825e-19)
(1.0337 -0.236126 0)
(0.521226 -0.016649 1.65801e-19)
(0.372221 -0.172759 2.17927e-19)
(-0.0788593 0.393132 2.57249e-19)
(0.385599 -0.422089 -2.83987e-19)
(0.980033 -0.0268769 2.0261e-21)
(1.49649 -0.608372 2.49966e-19)
(1.53857 -1.05855 -5.23418e-21)
(0.124201 0.0794761 1.34444e-19)
(2.01306 0.518247 0)
(-0.340594 -0.0919525 0)
(-0.0978466 0.197226 0)
(1.39038 -0.108753 1.9015e-19)
(-0.931947 -0.344653 -1.0411e-19)
(0.279614 -0.258462 -1.78743e-19)
(2.45425 0.0654579 9.74728e-20)
(0.808709 0.51688 -7.15079e-20)
(0.822624 0.255616 4.98452e-21)
(0.944407 0.227281 6.74154e-20)
(1.23478 0.184919 -4.51935e-20)
(-0.101289 -0.413387 7.7845e-20)
(-0.580919 -0.293779 0)
(0.921041 -0.0127697 0)
(-0.536529 -0.218177 1.28844e-19)
(0.159836 0.158061 0)
(1.96778 0.480026 0)
(-0.71258 -0.124145 1.14603e-19)
(0.55184 0.464906 -2.32719e-19)
(0.482636 -0.395683 3.08428e-19)
(-0.219939 -0.0404942 0)
(1.40019 0.926802 -2.50427e-20)
(1.07307 0.00884562 0)
(-0.703326 -0.322024 -5.28146e-19)
(-0.605735 0.0480496 -1.82754e-19)
(1.28181 -0.400353 8.9737e-20)
(0.455394 0.420351 5.25021e-19)
(0.728811 -0.235724 2.28598e-19)
(-0.247833 0.402624 0)
(1.13754 0.0619552 1.59612e-19)
(1.00605 0.56908 -9.57023e-20)
(-0.15917 -0.070358 0)
(0.701634 -0.257155 0)
(1.31564 0.845381 6.62325e-20)
(-0.00257625 0.00496731 -1.87645e-19)
(1.96234 -0.329032 -3.21037e-19)
(1.23948 0.2259 0)
(1.3961 -0.519391 2.92115e-21)
(0.769528 0.436993 0)
(-0.402337 -0.130542 -1.87326e-19)
(1.28119 0.914637 -8.38181e-20)
(1.68052 0.360833 3.16065e-20)
(1.10663 -0.566965 -2.03236e-20)
(-0.249815 -0.0230333 -9.40195e-22)
(-0.130531 -0.329058 -8.19838e-20)
(1.02218 0.0679973 2.42411e-19)
(-0.436228 -0.128543 0)
(0.970577 0.187755 3.39439e-21)
(1.73302 0.430583 -1.00647e-20)
(1.50527 -0.863853 1.61675e-19)
(1.27831 -0.308354 -1.36212e-19)
(1.69966 -0.344298 7.97864e-20)
(-0.196037 -0.101572 4.3671e-20)
(0.61618 0.553063 1.25989e-19)
(0.133362 -0.0813068 1.87772e-19)
(1.37066 0.399727 -1.32859e-20)
(1.47703 0.161517 -1.10145e-20)
(1.9463 0.19221 4.83254e-20)
(0.885496 0.60025 1.35209e-19)
(-0.461526 -0.676822 6.32159e-19)
(1.23863 -0.248036 -2.07566e-19)
(0.965297 0.259013 -1.47456e-19)
(-0.496283 -0.348736 -1.00393e-19)
(-0.178697 0.274743 0)
(1.00204 0.00312712 5.41537e-19)
(0.68175 -0.227652 0)
(0.86894 0.561332 -1.39128e-19)
(1.35035 0.136601 5.62336e-21)
(-0.160304 -0.477189 -1.17848e-20)
(1.9067 -0.462062 0)
(1.16433 -0.374144 0)
(1.444 -0.327187 7.7635e-20)
(0.784196 -0.430718 2.7804e-19)
(1.08582 -0.32598 0)
(-0.225533 -0.571079 -1.7492e-19)
(0.936594 -0.0900498 -2.60436e-19)
(0.735181 -0.621776 -2.27667e-20)
(-0.671331 -0.197728 2.45877e-19)
(-0.174978 -0.200885 -8.36708e-20)
(-0.0917523 -0.0500444 -1.73348e-19)
(0.124824 -0.0789841 -1.92581e-19)
(-1.12841 -0.23281 -2.31183e-20)
(0.827833 -0.303331 -1.5237e-19)
(1.26051 0.137432 -4.1996e-20)
(0.687588 0.00985214 0)
(0.796261 0.108485 3.18526e-19)
(1.20671 -0.374467 3.82563e-21)
(0.991067 -0.136434 -4.94584e-21)
(0.592349 0.52416 1.80357e-19)
(1.84954 0.211595 3.11016e-21)
(1.38327 -0.0154237 1.32927e-19)
(1.06733 -0.0254013 4.38205e-20)
(0.83175 -0.38513 1.55851e-19)
(0.502443 -0.219651 0)
(-0.16221 -0.181714 8.49783e-20)
(0.962323 0.0980623 1.61585e-19)
(1.09522 0.6975 9.44213e-20)
(-0.140295 -0.161437 1.80698e-19)
(1.04655 -0.618361 3.17711e-19)
(0.122363 -0.110385 0)
(1.80767 0.885936 0)
(0.235125 0.228258 3.52418e-19)
(1.59696 0.576848 0)
(-0.167776 0.192499 0)
(0.983051 -0.634358 -2.77563e-19)
(-0.123773 -0.140836 2.70105e-19)
(-0.0999876 -0.00484217 1.39378e-19)
(1.09958 -0.0211912 5.20009e-20)
(1.57678 1.05621 -1.84023e-23)
(0.956705 -0.0437925 -1.82775e-19)
(0.1241 -0.120957 9.34211e-20)
(1.04458 0.14433 -1.75594e-19)
(-0.145989 0.173089 2.84664e-19)
(1.04075 0.357172 0)
(0.241023 0.24066 -1.79225e-19)
(-0.439464 0.192548 1.53773e-19)
(1.95417 0.369514 0)
(-1.07966 -0.0196481 -1.88162e-19)
(0.0231153 0.0641553 1.28856e-19)
(-0.624396 -0.233612 0)
(-0.0515529 -0.0419714 -3.68024e-20)
(0.225672 -0.225066 0)
(1.00319 -0.731744 0)
(-0.107322 0.126938 1.9722e-19)
(0.560281 -0.53094 4.96334e-19)
(-0.108938 -0.127537 -1.6381e-19)
(-0.492033 -0.133015 -1.6326e-19)
(0.234185 -0.235761 -1.81193e-19)
(0.248552 0.243999 5.24772e-19)
(-0.329673 -0.0426191 -1.7434e-19)
(-0.628603 -0.470147 -1.1562e-19)
(-0.00484747 -0.00242848 0)
(-0.201436 -0.531606 1.43794e-19)
(1.0442 -0.140163 -3.43991e-19)
(-0.0897177 0.106388 9.38402e-20)
(1.62221 -0.541626 4.13481e-20)
(1.38748 0.147857 0)
(2.16101 0.309033 -1.5638e-20)
(0.950357 -0.0443144 0)
(-0.073121 -0.081647 0)
(0.210308 0.208593 0)
(0.966072 0.0706458 0)
(1.10427 -0.261614 0)
(0.981839 0.106378 -3.21951e-19)
(0.241216 0.240295 -1.70264e-19)
(-0.792821 -0.206753 -1.54362e-19)
(-0.0843824 -0.101765 1.80543e-19)
(0.978157 -0.199713 1.75235e-19)
(0.773819 -0.373162 0)
(-0.225325 0.0934052 -2.19706e-19)
(1.01745 -0.0220234 -2.17018e-19)
(-1.288 -0.0437288 7.13434e-19)
(-0.0223627 -0.0296884 0)
(-0.106882 -0.13198 -9.71591e-20)
(0.290307 0.271376 -1.38882e-21)
(0.261527 0.249932 0)
(-0.0313399 -0.0396986 8.71851e-20)
(-0.295568 0.419827 2.00205e-19)
(1.3024 -0.503813 2.0806e-19)
(1.77578 -0.43409 -3.15764e-20)
(0.721673 0.146144 -2.45547e-19)
(1.03588 0.0411974 0)
(0.339936 0.331468 -2.43273e-19)
(-0.853498 -0.40643 2.51855e-19)
(0.321949 0.312834 -4.03934e-19)
(0.316392 0.30772 1.29163e-19)
(0.457301 -0.364577 0)
(-0.0549623 0.0684316 5.34713e-20)
(-0.127927 0.149045 0)
(-0.0154746 -0.0207694 2.14827e-19)
(-0.088554 -0.112772 1.95331e-19)
(0.494854 -0.388094 6.56622e-19)
(1.0118 -0.531368 -8.72483e-20)
(0.347582 0.347267 0)
(-0.0705616 0.0784675 2.30204e-19)
(0.229938 -0.234279 3.66667e-19)
(1.22734 0.136706 -5.19966e-21)
(0.342979 0.343643 0)
(1.00588 0.33088 -1.11651e-20)
(-0.281979 -0.140927 -5.73265e-21)
(2.52504 0.269044 8.4534e-20)
(-0.00720999 -0.0125641 0)
(1.18889 0.76034 0)
(-0.0237641 0.0293248 -2.87113e-19)
(0.323663 -0.325312 -2.85652e-19)
(0.257832 -0.229914 3.6459e-20)
(1.92181 0.27063 -3.49037e-20)
(1.08839 0.337076 -1.33726e-19)
(0.299866 -0.291427 -2.85105e-19)
(1.03536 -0.0202112 3.62755e-19)
(1.00233 0.0703508 0)
(0.588546 0.0132397 -1.93053e-21)
(1.07875 0.0196721 1.29312e-19)
(0.499682 -0.0502868 9.38085e-21)
(1.39978 -0.512658 0)
(1.1975 0.184581 -1.16134e-19)
(1.94504 0.454186 -1.59423e-19)
(-0.04304 0.0536866 0)
(-0.164926 0.103396 3.35664e-19)
(1.7453 0.52697 0)
(1.00286 -0.000363778 5.79145e-20)
(0.323706 -0.312355 -1.32869e-19)
(1.00418 0.00617182 5.95569e-19)
(0.732216 -0.458397 0)
(1.13976 -0.882023 0)
(-0.00297619 -0.00550838 7.63543e-20)
(0.107614 0.0549169 0)
(1.0843 -0.0230199 7.67238e-20)
(0.531928 0.407841 6.40688e-20)
(0.720916 -0.0188774 -4.89294e-19)
(-0.0331383 0.0402756 0)
(-0.408002 0.0217328 1.88671e-19)
(-0.83666 -0.246497 0)
(1.84956 0.80184 0)
(-0.0261201 -0.017264 0)
(-0.0352828 -0.0227396 7.3796e-20)
(1.70625 0.763819 -7.07261e-21)
(1.01391 0.0529004 0)
(-0.180532 0.197213 8.67585e-20)
(-0.00371434 0.00481316 0)
(1.43891 0.139777 0)
(1.59337 -0.81656 2.44227e-20)
(0.392592 0.369171 2.04788e-19)
(-0.915662 0.313787 -5.25702e-19)
(-0.000649419 -0.00122311 -8.02606e-20)
(0.530062 -0.33844 -2.20694e-19)
(1.03764 0.272387 0)
(0.397704 -0.0207993 1.66553e-19)
(1.2235 0.0464945 0)
(0.908058 -0.0697108 3.56573e-19)
(0.228201 0.0777002 -1.71305e-19)
(0.412898 0.390561 -1.00792e-19)
(0.73906 0.241851 1.96065e-19)
(-0.219287 0.363368 1.95151e-19)
(1.39677 0.473964 -1.01841e-20)
(0.213812 -0.215346 1.97708e-19)
(-0.00112803 0.00114656 1.7869e-19)
(1.48698 -0.479012 -1.42791e-19)
(-0.015659 0.0207525 9.57182e-20)
(-0.0143792 -0.0174805 0)
(-0.0980433 -0.0545617 -7.99104e-20)
(-0.00114777 0.00136265 9.39417e-20)
(1.02855 -0.197246 0)
(0.390006 -0.357822 1.40979e-19)
(0.265188 0.260438 1.55943e-19)
(0.258098 0.258888 -3.4518e-19)
(1.41135 0.00538404 0)
(0.357014 -0.356472 -2.44487e-19)
(1.71116 0.481774 0)
(1.58617 0.137063 -2.86666e-20)
(-0.00152221 -0.00102476 8.77958e-20)
(0.90133 -0.0493178 0)
(0.601871 0.567123 -2.03328e-19)
(1.02081 -0.0146281 -2.67638e-19)
(1.09351 -0.0168644 -1.30468e-19)
(-0.0298889 -0.0312407 9.67218e-21)
(0.01363 0.00463638 -2.25988e-20)
(1.04928 0.0197333 -3.54591e-19)
(2.68916 -0.0150683 -8.29096e-20)
(-0.143301 -0.0692135 1.20278e-19)
(-0.00181074 0.00278697 -1.8728e-19)
(-0.102766 0.0308614 -1.85139e-19)
(1.32144 -0.37989 9.31881e-20)
(-0.000885754 0.000719475 6.80025e-23)
(1.11188 -0.000110051 -1.56806e-19)
(0.42028 -0.40751 9.18263e-20)
(-0.0366874 -0.0460121 2.20074e-19)
(0.238266 -0.227856 0)
(-0.146614 0.250888 2.98927e-22)
(1.61516 0.990561 0)
(0.869388 0.0164434 -1.46722e-19)
(-0.338519 -0.0481623 -1.70117e-19)
(-0.518747 -0.248979 -1.49895e-19)
(0.792389 -0.517446 0)
(0.438522 0.412775 -2.71646e-19)
(-0.00591579 0.008965 9.68554e-20)
(0.398855 0.328098 -1.93977e-19)
(0.551376 0.536734 -1.24655e-19)
(1.03758 -0.0278492 0)
(1.47392 -0.600575 5.32253e-20)
(1.77042 -0.40582 -4.73988e-20)
(0.0326424 -0.511465 0)
(-0.00585446 -0.00264068 -7.62554e-20)
(0.488204 -0.328188 9.45553e-20)
(0.199085 0.179427 2.37359e-19)
(1.83871 -0.457109 -5.6611e-21)
(0.468317 -0.430095 -1.89071e-19)
(-0.753508 -0.235464 1.10754e-19)
(-0.00190867 7.40548e-05 -1.07437e-19)
(0.524406 0.43106 -3.5924e-19)
(0.578672 0.529198 -1.54808e-19)
(0.531513 0.492597 6.28276e-21)
(0.000225469 0.00158677 5.0692e-20)
(-0.0488295 -0.0540469 -1.12453e-19)
(1.01271 0.0173378 1.7727e-19)
(0.268728 -0.258986 0)
(0.465876 0.437958 0)
(0.498752 -0.467905 1.61273e-19)
(-0.00182029 -0.000228189 -1.89431e-19)
(-0.295279 -0.311862 -4.39048e-20)
(1.85455 -0.364901 1.46345e-20)
(0.499625 0.463617 0)
(0.476077 -0.473917 0)
(-0.00879188 0.00194312 0)
(1.1234 0.0469994 8.92773e-20)
(0.643943 0.576285 0)
(-0.028522 0.00924413 1.8999e-19)
(0.204331 0.195236 -6.63879e-19)
(-0.0562275 0.0309233 5.39793e-20)
(1.16217 -0.281477 2.43501e-19)
(-0.0365701 -0.0448928 -1.17003e-19)
(1.20267 0.478145 -1.59325e-19)
(0.147236 -0.128682 -3.15353e-19)
(-0.107528 0.0586251 3.19591e-19)
(-0.195508 0.241615 -2.73402e-19)
(-0.0797122 -0.0496183 -1.63618e-19)
(0.683171 -0.64663 0)
(-0.163667 0.108137 -1.88819e-19)
(0.731421 0.635824 0)
(-0.263546 0.280892 8.18573e-20)
(0.849941 0.155537 -9.65614e-21)
(0.719795 0.385897 -3.82743e-20)
(-0.210669 0.143343 9.86921e-20)
(0.839363 -0.697186 0)
(-0.117064 -0.0707812 1.56012e-19)
(0.852555 0.71413 -1.36409e-20)
(0.370217 0.343903 -2.62014e-19)
(0.371758 -0.290065 5.14237e-19)
(0.529614 0.46086 1.74433e-19)
(1.00941 0.000748097 0)
(0.471552 0.44042 0)
(1.7692 0.465494 0)
(1.02417 -0.00361394 0)
(-0.0942633 0.127966 -8.43371e-20)
(0.754278 -0.614079 4.48888e-19)
(-0.052691 -0.0359677 -2.68201e-22)
(1.05325 -0.24753 1.67833e-19)
(0.417066 -0.389482 2.65523e-19)
(2.4759 -0.231728 0)
(1.41351 -0.385492 0)
(-0.00807537 0.181469 -3.24032e-19)
(0.440373 -0.161513 0)
(1.7994 0.299715 5.41931e-21)
(0.555872 -0.201274 -2.36042e-20)
(0.703381 0.651395 2.59011e-19)
(1.17969 0.25377 1.0855e-19)
(-0.0110038 0.0135012 0)
(-0.0551444 0.0781504 8.61012e-20)
(-0.0279978 -0.0158541 0)
(0.322991 0.201024 3.44643e-19)
(0.631153 -0.0302678 1.61506e-21)
(0.715975 0.342547 0)
(1.02715 0.0100476 1.67309e-19)
(1.35228 -0.269984 1.56072e-19)
(1.01808 -0.0126691 -4.76978e-22)
(0.301789 -0.282552 1.74663e-19)
(0.306942 0.302791 0)
(-0.0689391 -0.0145763 0)
(-0.172505 -0.547493 4.97913e-20)
(1.49326 0.189216 1.72052e-19)
(1.04677 -0.221145 5.7402e-20)
(0.136973 0.128233 0)
(1.03346 -0.0135535 5.65303e-19)
(1.42163 -1.00906 -2.65672e-20)
(-0.105704 0.270249 3.13702e-19)
(-0.0913809 -0.0304645 -2.77196e-19)
(0.427965 -0.497594 1.32776e-19)
(-0.0335323 -0.0260787 1.35306e-19)
(1.96576 0.0969063 0)
(0.362557 -0.331583 -3.34072e-19)
(1.06483 -0.0253816 -6.49732e-20)
(1.01033 -0.00396856 -2.41528e-19)
(0.634777 -0.0202812 1.90508e-20)
(0.664267 -0.0591502 -4.68263e-21)
(1.02555 0.0251956 -1.91464e-19)
(2.25141 0.432788 0)
(-0.0206001 -0.0131237 -1.23198e-19)
(0.727662 -0.0198506 -1.06664e-18)
(-0.317349 -0.368388 5.91849e-20)
(0.336582 0.317018 -1.47911e-19)
(-0.0137769 0.0205059 0)
(-0.0209494 0.0267669 0)
(1.70728 -0.826803 -2.24472e-20)
(1.00369 0.0864165 1.80559e-20)
(0.198127 -0.620339 2.42425e-19)
(-0.106624 -0.149783 -1.55708e-19)
(1.01812 0.0161997 -5.12312e-22)
(0.73034 -0.690681 -7.84467e-20)
(1.15962 -0.0592423 1.29482e-20)
(1.01885 -0.00750108 -9.06051e-20)
(-0.00948598 -0.00545843 0)
(0.94436 0.640257 4.14474e-19)
(0.776226 -0.228738 0)
(0.37768 -0.349935 0)
(-0.017066 -0.0112777 1.44982e-19)
(1.02592 -0.0227644 3.09587e-19)
(0.501232 -0.47022 0)
(0.789068 0.720684 4.92207e-21)
(-0.613884 -0.111084 -1.36655e-19)
(-0.00800873 0.00974104 8.75244e-20)
(0.320366 0.119378 2.33078e-19)
(1.45843 -0.23272 -2.65003e-20)
(1.63063 0.190404 -2.3981e-19)
(1.67284 -0.300259 -5.08897e-20)
(0.950646 0.566017 1.40153e-19)
(1.02596 0.218042 2.04615e-19)
(-0.345244 -0.346865 -4.5757e-20)
(-0.572852 -0.428027 2.06285e-19)
(1.29656 0.211876 0)
(0.340895 0.102975 1.00241e-19)
(1.25097 -0.471542 7.94076e-20)
(-0.268188 0.3594 0)
(1.37752 0.207699 -2.8235e-20)
(1.02348 -0.00416391 3.98708e-20)
(-0.357701 0.34821 0)
(1.02328 0.108526 -1.6559e-20)
(0.651025 -0.232522 0)
(0.555868 -0.533765 -5.0674e-20)
(1.00841 0.192918 2.2077e-19)
(0.812795 0.440902 2.79019e-19)
(0.757911 0.397277 3.99542e-20)
(1.0194 -0.0102171 0)
(-0.799716 -0.371401 -1.52705e-19)
(1.55881 -1.00427 5.8216e-20)
(1.02459 0.795035 2.79914e-20)
(-0.139328 -0.12224 1.26068e-19)
(1.73724 -0.331899 9.89684e-20)
(-0.00738148 0.00361676 8.05294e-20)
(0.810081 0.254053 0)
(0.832169 0.483266 0)
(-0.217464 -0.267337 1.52144e-19)
(1.04431 -0.169861 0)
(-0.296561 0.147495 -7.0429e-21)
(-0.197473 -0.53656 -9.56023e-20)
(-0.0526392 0.00706423 7.98756e-22)
(1.87946 0.57991 5.84548e-20)
(1.40504 -0.392859 -4.67924e-21)
(0.427392 -0.338554 0)
(1.0262 0.00399428 -4.63531e-19)
(0.755263 0.680791 1.83561e-19)
(0.345679 0.357511 -4.82336e-19)
(1.07513 -0.838023 2.45752e-20)
(0.582223 0.047947 3.57885e-21)
(0.275462 -0.578613 -2.02407e-19)
(0.895159 -0.56289 -1.81296e-19)
(0.449861 -0.223319 1.11255e-19)
(-0.302122 0.396068 0)
(0.580184 0.169271 0)
(0.971129 -0.0778001 -3.38548e-19)
(1.06931 0.612851 0)
(0.853223 -0.34887 3.34134e-19)
(-0.5457 -0.332408 0)
(2.22262 0.386711 1.32045e-19)
(-0.0189129 -0.133323 -9.02213e-20)
(1.81386 0.747213 0)
(-0.258332 -0.326224 0)
(2.27828 -0.0366635 1.34858e-19)
(-0.668767 -0.0935489 0)
(0.0378616 -0.732695 -3.57935e-19)
(0.922504 0.604063 -1.37875e-19)
(2.08734 -0.411608 -1.40515e-20)
(0.209462 -0.19741 1.77607e-19)
(-0.204961 0.148564 1.12611e-19)
(1.90926 -0.481994 0)
(0.104749 -0.133472 -1.55528e-19)
(-0.0261264 0.00465148 0)
(1.0985 -0.178235 -1.4454e-19)
(-0.0473704 -0.144199 -2.30481e-19)
(-0.61435 -0.302821 2.20812e-19)
(0.665618 -0.222896 5.10462e-20)
(1.97376 -0.277619 1.9273e-20)
(0.43062 0.413581 0)
(0.707046 -0.309155 -1.03439e-19)
(-0.125421 -0.171711 8.00726e-19)
(2.16304 0.374466 0)
(1.03608 0.577873 0)
(-0.118849 -0.0705233 -1.3006e-19)
(1.38585 -0.340458 -1.09526e-19)
(0.877296 -0.250879 -1.15396e-19)
(1.37854 0.15373 3.82973e-19)
(1.32386 0.200508 -1.05804e-19)
(0.93566 0.180119 -1.55437e-19)
(1.0646 0.650651 -2.09686e-19)
(1.97267 -0.472292 2.85946e-20)
(-0.228074 -0.264896 -1.0047e-19)
(1.02902 0.00093865 3.2892e-19)
(1.62364 0.160691 9.66241e-21)
(1.31583 0.193391 -2.34683e-19)
(1.01201 0.0459125 9.10522e-21)
(-0.382817 0.0898056 1.21973e-19)
(-0.997424 -0.371222 0)
(-0.390393 0.258136 0)
(0.680947 0.219431 0)
(1.87525 -0.308195 -7.827e-20)
(-0.342282 -0.42202 -1.72745e-19)
(0.484117 0.381638 0)
(-0.0128275 -0.0160819 8.4704e-20)
(1.63228 -0.390368 -9.64221e-20)
(-0.0924984 -0.058914 -1.31354e-19)
(1.0081 0.674314 2.53731e-19)
(1.1135 0.223884 9.14566e-20)
(-0.534117 -0.0861819 7.61e-20)
(0.886398 0.787819 -2.29471e-19)
(1.23492 -0.287038 8.50681e-20)
(0.959992 -0.000537435 -3.07013e-19)
(1.08337 -0.0485883 -1.13911e-19)
(0.770108 0.276514 0)
(0.146234 -0.0456589 0)
(1.19386 -0.169541 6.7122e-20)
(1.41216 -0.304349 -1.84901e-19)
(-0.615485 0.0246635 -5.2152e-21)
(1.05078 0.250733 2.35145e-19)
(1.2948 1.03269 0)
(0.683633 0.072571 -1.00521e-19)
(0.141105 -0.594942 -4.67118e-20)
(0.758729 -0.313951 4.33688e-19)
(0.784256 -0.287103 -1.43633e-19)
(1.52031 0.169309 2.31418e-19)
(-0.481886 -0.0146344 8.79612e-20)
(-0.687042 -0.29813 -9.38864e-20)
(0.492976 0.479881 4.9058e-19)
(-0.422171 0.1369 -2.96114e-19)
(1.54347 0.0535766 -6.19875e-20)
(0.948194 -0.303584 2.24701e-19)
(-0.0378834 0.0602515 -3.15478e-19)
(0.562324 0.386895 -3.59531e-19)
(0.878784 0.486626 0)
(-0.0372218 0.0523302 -1.0259e-19)
(-0.229549 0.268684 -2.15297e-19)
(-0.117803 0.274697 -1.79629e-19)
(-0.0171229 0.0262044 -1.06595e-19)
(1.08137 0.0342052 -9.27989e-20)
(-0.213645 0.403484 -1.10791e-19)
(0.897218 0.521961 1.25233e-19)
(1.40792 0.822663 4.50764e-20)
(0.716673 0.662608 0)
(0.985689 0.636882 0)
(-0.0837058 0.0100665 -1.47742e-19)
(-0.524102 0.0313699 0)
(0.939308 0.529717 -1.25935e-19)
(-0.0276781 0.0237055 0)
(1.59898 0.240169 -6.2194e-21)
(0.678712 -0.0193477 6.9454e-19)
(-0.0282071 -0.0447788 4.03561e-22)
(-0.0361983 0.0697014 0)
(0.54945 0.520082 0)
(-0.503397 0.105383 1.81599e-19)
(-0.224221 0.268397 8.71756e-20)
(1.88274 -0.342563 1.58875e-20)
(-0.419637 -0.360728 1.75535e-19)
(0.560285 -0.0678369 -5.81527e-19)
(2.178 -0.505986 2.19592e-20)
(1.74084 -0.23987 -2.30607e-20)
(-0.0568408 0.0841251 -9.09497e-20)
(0.36306 -0.350826 -3.95588e-19)
(-0.0782225 0.107824 1.55163e-19)
(-0.277936 0.320202 0)
(0.770482 0.703462 2.54839e-20)
(0.926222 -0.233823 -2.66708e-19)
(-0.0993404 -0.0603442 1.25736e-22)
(0.574062 -0.151852 0)
(0.625785 0.58809 -2.97627e-20)
(0.466165 -0.452946 3.09224e-19)
(-0.234063 0.301716 5.38216e-22)
(0.391758 0.37744 -3.9003e-19)
(1.97826 0.686152 0)
(2.16321 -0.375919 2.76887e-19)
(-0.203887 0.261957 0)
(-0.265692 0.380732 -1.20336e-19)
(-0.102164 0.15054 6.96943e-20)
(0.410891 0.386412 3.05497e-19)
(0.801363 0.733535 -2.77271e-19)
(-0.160677 -0.26287 1.85307e-19)
(-0.0770476 0.117926 -1.59092e-19)
(-0.251854 -0.28899 -1.79475e-19)
(0.819999 0.312219 0)
(-0.251983 0.235238 -9.35253e-20)
(0.447537 -0.408418 3.22903e-19)
(-0.0667215 -0.044997 -1.56828e-19)
(1.27053 0.235801 -1.91887e-19)
(-0.0083959 0.0118483 5.34699e-20)
(0.786496 0.725177 0)
(0.707692 0.661562 0)
(0.855425 0.769519 -2.33248e-19)
(0.891931 0.800335 7.55774e-20)
(1.41975 -0.826863 -1.54079e-19)
(-0.289857 0.28706 -2.3996e-21)
(0.904606 0.447428 0)
(-0.159926 0.197598 -5.22705e-20)
(1.49678 0.983481 -2.51889e-19)
(1.09437 -0.28345 1.24856e-19)
(1.51734 -0.479732 0)
(0.411826 -0.378294 3.86246e-21)
(1.94869 -0.373902 -5.32915e-20)
(-0.304115 0.366131 -1.51273e-19)
(-0.193249 0.369713 0)
(-0.0157056 0.0232503 -2.36955e-19)
(0.868962 0.775943 1.01902e-19)
(0.805292 0.442451 1.24256e-19)
(-0.0121914 0.0171599 -2.95091e-19)
(0.540653 -0.525951 0)
(1.58542 -0.455681 0)
(-0.0284088 0.0416059 8.85369e-20)
(0.323202 -0.292316 -5.84316e-19)
(-0.275255 -0.325301 -1.15922e-19)
(-1.00434 -0.419478 -4.11108e-19)
(0.537529 -0.124336 3.24747e-19)
(-0.0198078 0.0336539 9.67456e-20)
(0.93725 0.824934 0)
(-0.306389 0.210641 1.49026e-19)
(-0.0206793 0.00425757 -9.84015e-20)
(-0.01123 0.0130949 4.49602e-20)
(0.389693 -0.337678 1.91006e-19)
(0.0208057 -0.0610713 -1.84716e-19)
(0.667451 -0.179797 3.17752e-19)
(-0.00545988 0.00579241 -4.97361e-20)
(-0.47408 0.11504 -1.97216e-19)
(0.761066 0.312714 0)
(1.94095 -0.218609 9.04501e-21)
(-0.350127 0.289962 1.39435e-19)
(0.977522 0.819233 2.9822e-19)
(-0.39518 -0.376266 2.51959e-19)
(0.992335 0.873153 -7.75276e-21)
(2.03795 -0.376765 -5.72669e-21)
(-0.0258521 0.0379579 1.4599e-19)
(1.17159 -0.292836 -3.68938e-21)
(-0.0972553 -0.510038 1.59693e-19)
(-0.0273276 0.0473115 1.44112e-19)
(-0.0164902 0.00333443 1.74633e-19)
(-0.0429194 0.000402313 -1.73891e-19)
(-0.114146 -0.0674828 1.68508e-19)
(1.14846 -0.288391 1.00623e-19)
(1.09997 0.947154 2.47937e-21)
(2.05239 -0.301852 1.17678e-20)
(-0.0402355 0.0643092 1.94064e-19)
(0.627186 -0.141321 0)
(1.21052 -0.451706 0)
(-0.253462 0.310468 0)
(1.10429 0.82492 2.0413e-19)
(1.68978 -0.799446 -2.98513e-20)
(0.010733 0.0876508 -1.10863e-19)
(-0.0409457 -0.0506745 1.64636e-19)
(-0.0287989 0.0460471 0)
(1.70061 -0.218526 5.87797e-20)
(0.449075 0.424303 -5.53412e-19)
(-0.167325 0.296043 -1.3164e-19)
(-0.144602 -0.0818257 -1.53417e-19)
(-0.332691 0.221996 2.06386e-19)
(2.00346 -0.351929 0)
(1.35971 1.02173 -1.92195e-21)
(-0.130238 -0.0744411 -7.55734e-20)
(0.477309 -0.107489 0)
(0.607069 -0.0613378 -3.3466e-19)
(1.06942 0.873668 0)
(-0.577441 -0.000987572 1.74673e-19)
(-0.12023 -0.0658355 1.46811e-19)
(0.949252 0.825152 -1.22848e-19)
(-0.1236 -0.071708 7.22211e-20)
(0.457755 -0.0633819 -2.02237e-19)
(1.01813 0.876095 0)
(0.481332 -0.455511 -7.6031e-20)
(0.880453 0.748958 1.55345e-19)
(0.498027 -0.433484 -2.94526e-19)
(1.08547 0.930111 0)
(0.293516 0.0779167 -4.83567e-20)
(-0.644479 -0.0773716 1.5238e-19)
(1.16536 0.963199 9.24766e-21)
(-0.245876 0.342998 -2.10009e-19)
(1.35066 1.00983 2.68158e-20)
(1.68623 -0.662872 1.79891e-20)
(-0.0242627 0.0290997 1.90594e-19)
(0.646038 -0.0972194 -1.39389e-19)
(1.79401 -0.149581 0)
(1.17598 0.962152 6.10833e-20)
(2.0582 -0.191747 0)
(0.80896 -0.238691 2.28517e-19)
(-0.609062 0.0258952 -3.12088e-19)
)
;

boundaryField
{
    frontback
    {
        type            empty;
    }
    Top
    {
        type            noSlip;
    }
    outlet
    {
        type            zeroGradient;
    }
    bottom
    {
        type            noSlip;
    }
    Inlet
    {
        type            fixedValue;
        value           uniform (1 0 0);
    }
    rectangle
    {
        type            noSlip;
    }
}


// ************************************************************************* //
