/*--------------------------------*- C++ -*----------------------------------*\
| =========                 |                                                 |
| \\      /  F ield         | OpenFOAM: The Open Source CFD Toolbox           |
|  \\    /   O peration     | Version:  2306                                  |
|   \\  /    A nd           | Website:  www.openfoam.com                      |
|    \\/     M anipulation  |                                                 |
\*---------------------------------------------------------------------------*/
FoamFile
{
    version     2.0;
    format      ascii;
    arch        "LSB;label=32;scalar=64";
    class       volVectorField;
    location    "18";
    object      U;
}
// * * * * * * * * * * * * * * * * * * * * * * * * * * * * * * * * * * * * * //

dimensions      [0 1 -1 0 0 0 0];

internalField   nonuniform List<vector> 
2186
(
(1.34374 -0.0770389 2.06129e-19)
(1.64136 -0.965464 -8.22213e-20)
(1.48635 -0.941195 2.11144e-21)
(0.764658 -0.606857 -1.37662e-19)
(-0.354949 0.387504 -1.52883e-19)
(1.36706 -0.121746 0)
(0.745297 -0.689455 0)
(-0.285164 -0.453641 1.13813e-19)
(1.46702 -0.261922 1.85143e-19)
(0.572999 -0.342056 -2.409e-21)
(0.659355 0.593649 0)
(0.808445 -0.285286 -1.3247e-19)
(-0.348377 -0.546883 -4.60838e-20)
(1.19765 0.02324 -3.5364e-19)
(1.82907 -0.710967 -9.00219e-20)
(1.01208 -0.00677464 1.67164e-19)
(0.985985 0.0123129 0)
(-0.662164 0.423695 0)
(1.29494 -0.00714023 0)
(-0.0793391 0.20179 -5.69349e-20)
(0.480812 0.0522367 -1.10377e-19)
(-0.204691 0.159657 7.75686e-20)
(1.18467 0.0266461 2.92012e-19)
(-0.219259 -0.0153832 5.51663e-21)
(1.03347 0.00620833 -2.29654e-19)
(0.815299 -0.5818 0)
(0.763682 -0.0557968 1.3836e-19)
(0.633257 -0.613059 -1.57883e-19)
(1.1853 0.695547 0)
(0.966762 0.0227271 -3.13584e-19)
(-0.0343027 0.0507818 0)
(1.02498 -0.0132081 1.0861e-20)
(-0.0658482 0.194787 0)
(2.66744 0.14847 2.47549e-19)
(-0.120972 -0.19782 3.03924e-21)
(1.50472 0.764145 7.89512e-20)
(1.9082 0.128235 1.52455e-19)
(0.503506 0.101046 -3.29373e-19)
(1.8681 0.311938 -2.80637e-19)
(1.12768 -0.0152287 1.79559e-20)
(-0.396133 -0.602043 0)
(-0.162557 0.118205 0)
(1.906 -0.908715 8.80095e-20)
(-0.389504 0.125468 0)
(1.09382 0.270099 1.4898e-19)
(0.615087 -0.323494 2.68162e-19)
(0.945637 -0.807561 0)
(1.21543 -0.81375 9.90135e-20)
(2.35583 -0.16328 0)
(-0.323051 0.539727 1.62774e-19)
(-0.0250677 0.0978802 8.4142e-20)
(0.613204 0.565811 7.89397e-20)
(2.10472 -0.793563 1.05733e-19)
(0.580986 0.239632 -2.65661e-19)
(-0.252599 0.0227947 2.93862e-20)
(0.789552 -0.675267 0)
(1.68752 -0.992687 1.85907e-20)
(0.6032 -0.563155 0)
(2.26843 0.281304 9.13709e-20)
(1.15928 -0.177711 -3.33832e-19)
(2.01942 -0.115721 1.77802e-19)
(1.33525 0.301083 -1.74192e-19)
(1.31776 0.520136 0)
(0.761624 0.0112449 -1.96679e-20)
(1.33855 0.382676 -1.06599e-19)
(1.2769 -0.755441 -1.3622e-19)
(1.14453 0.646305 5.20652e-20)
(0.674882 0.0418145 -5.33785e-19)
(0.816031 0.0341256 0)
(2.1214 -0.245791 -6.75878e-20)
(-0.276183 -0.506504 -1.32699e-19)
(2.11237 -0.165712 -1.75246e-19)
(0.728571 -0.0677787 -2.34465e-19)
(0.897947 -0.539889 0)
(0.816374 0.156587 -8.70682e-20)
(0.571368 -0.53314 -2.7978e-19)
(2.63174 -0.162867 0)
(1.00461 0.00939243 3.43978e-19)
(-0.113552 -0.264858 0)
(1.92714 0.412276 0)
(0.726449 0.406377 1.13144e-19)
(0.880926 -0.0579218 -3.17252e-20)
(1.02936 0.00558349 3.81476e-20)
(1.29828 0.414059 2.68723e-20)
(0.970713 0.0235938 4.00055e-19)
(1.04426 0.0287457 -9.48856e-21)
(0.657987 0.144584 -3.19709e-19)
(1.31698 -0.0256324 -2.44766e-22)
(0.810715 -0.17323 0)
(-0.0673404 -0.0420416 9.60871e-20)
(0.886689 -0.6467 -1.52497e-19)
(-0.0733856 0.346337 -1.10014e-21)
(1.12761 -0.0846053 2.32796e-19)
(0.830617 -0.207101 0)
(0.975792 0.0218715 3.82449e-20)
(1.33586 0.634151 0)
(1.65569 -0.980901 0)
(1.28348 0.2183 0)
(-0.385007 0.496719 0)
(0.819071 -0.692539 2.71437e-19)
(0.345614 0.304885 -3.47934e-19)
(0.677821 0.288316 2.20233e-19)
(1.53717 0.194097 0)
(1.15576 -0.105619 -2.12811e-19)
(1.11733 0.0224223 1.70253e-19)
(-0.0377478 0.480868 1.05376e-19)
(0.616567 0.480222 0)
(2.23184 -0.190382 -1.33805e-19)
(0.986035 -0.498264 7.60829e-20)
(-1.46321 0.22771 2.6657e-19)
(1.68956 0.31977 1.0156e-19)
(-0.238426 0.550737 -2.33727e-19)
(0.839938 -0.76468 0)
(0.546576 0.316591 1.6148e-19)
(1.68126 -0.267575 -5.34748e-19)
(-0.482017 -0.4603 -4.38414e-19)
(1.3138 0.293079 2.07381e-20)
(1.96051 -0.224859 0)
(-0.0898034 -0.0504205 -2.87742e-19)
(0.715036 -0.102499 7.40076e-20)
(1.52534 0.866233 0)
(-0.29872 0.635315 -2.57411e-19)
(0.86456 0.742213 -2.65524e-19)
(-0.871559 0.343827 3.95657e-19)
(1.02782 -0.0253506 0)
(1.47924 0.338083 -2.6132e-20)
(-0.312322 0.484508 0)
(0.721749 -0.520627 -1.00231e-19)
(-0.791127 0.378004 -2.10393e-19)
(0.813193 -0.74337 0)
(0.456929 -0.314709 3.90715e-19)
(0.566455 -0.483877 2.62327e-19)
(0.423565 -0.383762 0)
(1.01216 -0.807745 -1.1428e-19)
(0.688962 0.336035 0)
(-0.155369 0.625815 -1.27661e-19)
(0.838741 -0.724223 1.29306e-19)
(2.45708 -0.273068 2.98486e-19)
(2.27954 0.19197 0)
(-0.100491 -0.172772 0)
(0.666951 0.619836 -3.31551e-19)
(1.81352 -0.650376 1.02373e-20)
(-0.179018 -0.237431 0)
(1.01323 -0.833803 -1.24903e-20)
(1.1583 -0.10199 0)
(1.09976 -0.133964 3.69491e-19)
(2.16624 -0.199143 -1.26409e-19)
(-0.390322 0.388892 0)
(1.2466 -0.570546 -4.95844e-20)
(-0.25933 0.274806 -3.66797e-20)
(-0.192555 0.421353 0)
(1.12219 -0.839957 1.25395e-20)
(1.00685 0.00425268 -5.74581e-19)
(0.675792 -0.506949 -9.86472e-21)
(0.841241 -0.540139 0)
(1.22827 -0.753459 -8.36315e-20)
(0.642035 0.205865 2.4896e-19)
(1.21307 0.116094 0)
(1.47112 0.0960965 -2.40433e-19)
(1.22618 -0.882141 -1.73222e-19)
(-0.0902557 -0.155182 -1.06206e-19)
(-0.0721033 -0.425507 -1.94939e-19)
(1.06516 0.00555146 2.1623e-19)
(0.940878 -0.485811 -9.56733e-20)
(1.36068 -0.0348314 2.26618e-22)
(1.26418 -0.0529161 -9.93809e-21)
(0.720736 -0.113905 1.17398e-19)
(-0.184402 -0.060405 -2.59102e-19)
(1.63212 -0.484625 0)
(1.68881 -0.520099 5.96736e-20)
(1.41669 0.637519 1.35154e-19)
(0.834862 -0.639316 -1.98009e-19)
(0.995354 0.00776294 1.17719e-20)
(0.746702 -0.55685 2.75538e-19)
(1.27493 0.786253 1.2402e-19)
(1.83527 0.115612 1.64584e-20)
(-0.43135 0.296715 0)
(1.08056 0.0493779 -2.24211e-19)
(-0.770077 -0.192562 -2.73132e-19)
(1.0506 0.474922 7.68245e-20)
(0.0469312 -0.114925 1.56578e-19)
(1.15394 0.0264745 -4.07725e-20)
(-0.146849 0.144482 -1.38092e-19)
(1.26649 0.571715 -7.54244e-20)
(1.11103 0.867144 0)
(-0.489075 0.29125 -8.19846e-20)
(-0.226537 -0.243447 0)
(0.633411 0.54122 -2.66892e-19)
(2.02226 0.241471 -2.01649e-20)
(-0.448995 -0.583108 1.55709e-19)
(-0.792269 0.0937895 -5.7949e-19)
(0.720534 0.0438599 2.34474e-19)
(2.07133 0.139581 -5.62274e-20)
(1.00025 -0.365376 -2.81346e-20)
(-0.0391831 -0.0542353 0)
(-1.03917 0.257599 4.04503e-19)
(1.29411 0.950295 -2.23741e-20)
(0.834403 0.0510842 -1.28567e-19)
(0.539062 0.505185 1.85849e-19)
(0.41655 0.189184 0)
(-0.0606338 -0.539526 -2.22567e-19)
(-0.621782 0.366733 2.33684e-19)
(1.32596 -0.98317 3.04881e-22)
(0.993214 -0.0447744 -1.7844e-19)
(-0.181182 -0.143483 7.31604e-21)
(-0.136468 0.175543 1.27186e-19)
(-0.300563 -0.151249 -1.86882e-19)
(1.96029 -0.287641 0)
(1.13012 0.0405705 -3.01366e-19)
(2.25409 0.147092 2.52032e-19)
(1.30068 -0.639647 8.80633e-20)
(0.382414 -0.159867 6.97967e-21)
(0.575761 0.295707 0)
(0.920562 0.731019 -1.57284e-20)
(0.665293 0.611552 1.77517e-19)
(0.922378 -0.58669 1.3793e-19)
(0.663693 0.475671 0)
(1.02376 -0.00180397 7.66446e-21)
(0.909219 -0.6887 1.96326e-19)
(0.818166 0.397685 -4.36972e-19)
(1.26696 -0.111499 0)
(-0.216672 -0.251007 -2.98176e-19)
(0.00762534 0.311572 -8.42574e-20)
(1.55292 0.711574 0)
(1.38172 -0.965728 -2.60953e-22)
(-0.666707 0.457737 0)
(-0.32608 0.444809 9.6931e-20)
(0.715078 0.631838 -9.41701e-20)
(0.861571 -0.240761 0)
(-0.197496 -0.179466 0)
(1.61394 -0.47762 0)
(-1.21564 -0.0507242 6.10026e-19)
(1.24362 -0.910554 1.13486e-19)
(1.20277 -0.624842 5.50587e-20)
(1.08111 -0.184482 -1.51803e-19)
(0.907516 -0.720036 -1.54614e-19)
(0.194185 -0.198697 0)
(-1.08716 0.193557 0)
(1.0262 -0.531533 1.61395e-19)
(-0.142418 -0.237409 0)
(-0.317823 0.543509 0)
(-0.457458 -0.433235 3.73943e-19)
(0.770667 0.64964 8.16952e-20)
(0.98848 0.774968 0)
(0.675224 0.52924 -8.13748e-20)
(0.83416 -0.0670017 -2.10928e-19)
(0.724036 0.538428 -2.17654e-19)
(0.573394 0.53209 -1.60079e-19)
(-0.23813 -0.490928 1.59735e-21)
(0.743019 -0.667795 0)
(0.897352 0.156507 -3.06206e-19)
(-0.324554 -0.597885 6.03341e-20)
(0.586026 0.54296 3.61199e-19)
(0.933104 0.777246 0)
(-1.00205 -0.03615 4.23944e-19)
(-0.104838 -0.379686 3.20887e-19)
(-0.0268812 -0.264188 -1.65377e-19)
(0.642873 0.546701 -1.41433e-20)
(0.969592 -0.00818307 5.56594e-20)
(-0.411191 -0.609662 0)
(2.4124 -0.0701106 -3.27324e-19)
(1.853 -0.590758 -2.58782e-19)
(0.676141 -0.627314 -6.96326e-20)
(-0.505693 0.300729 1.39109e-20)
(1.17074 0.450855 1.73337e-19)
(0.866983 0.389047 0)
(1.06219 -0.17943 1.79022e-19)
(0.069771 -0.410315 -5.2865e-21)
(-0.0665566 0.0855405 3.20407e-19)
(0.930496 0.020067 -4.93575e-20)
(1.10928 0.140211 0)
(1.98899 -0.0762876 -3.08373e-19)
(1.90172 0.129351 0)
(0.53266 0.219353 -4.36342e-19)
(-0.147354 0.207686 0)
(-0.25615 -0.453007 2.605e-19)
(0.706316 0.10875 0)
(0.646373 -0.541409 -1.6961e-19)
(1.13413 0.0148488 1.96132e-19)
(-0.427534 0.434106 3.60842e-20)
(2.18727 -0.0975285 4.76588e-21)
(2.12724 -0.282282 -1.35638e-19)
(1.09947 0.220572 -2.07738e-19)
(-0.341631 -0.62609 -1.18781e-19)
(1.1045 -0.877863 0)
(0.81076 0.0154028 -1.42794e-19)
(0.946586 -0.398104 -2.69166e-19)
(1.76257 -0.597032 -6.63863e-21)
(1.77445 0.0323932 2.73973e-19)
(1.07749 -0.00738212 3.60711e-19)
(0.0793425 -0.417308 -1.58579e-19)
(1.01573 -0.457428 -1.16303e-19)
(0.204784 -0.197262 2.39526e-19)
(1.00684 -0.0087682 0)
(1.00577 -0.00718701 0)
(1.02119 -0.491336 1.19728e-19)
(-0.0748458 0.600198 -8.6595e-20)
(0.173218 -0.121452 -1.39715e-19)
(2.03846 -0.056811 7.3462e-21)
(1.1755 -0.0807156 0)
(1.94356 0.115785 -1.64003e-19)
(0.968451 -0.844791 -6.89365e-20)
(1.82503 -0.584272 -7.98638e-20)
(1.07879 0.817731 0)
(0.492656 -0.475301 0)
(0.584071 0.49402 -1.69299e-19)
(1.08204 0.274125 -3.83413e-19)
(2.3192 -0.280097 4.30519e-22)
(0.852271 0.13946 1.314e-19)
(0.0887765 -0.479069 -4.73616e-19)
(1.06472 -0.405548 -1.97944e-20)
(-0.180438 -0.467583 0)
(-0.108872 -0.187056 0)
(-0.498692 -0.536963 0)
(1.36905 -0.746689 -7.10429e-20)
(-0.192604 0.428382 -1.86399e-19)
(-0.0606193 0.143505 0)
(1.25618 0.952519 -3.38514e-20)
(1.09841 0.138039 -3.98163e-19)
(1.9479 0.509435 -4.32742e-20)
(1.05125 0.899005 8.16499e-20)
(-0.200108 0.557206 1.20209e-19)
(0.650039 -0.179449 0)
(-0.501876 -0.477803 -3.23423e-19)
(-0.262928 0.524714 2.25663e-19)
(0.772945 0.00648768 1.72887e-19)
(1.49643 0.929291 -7.91032e-21)
(1.74243 0.527171 3.28466e-21)
(-0.103521 0.318685 -2.04489e-21)
(0.769644 -0.703422 -3.36547e-20)
(1.10003 -0.0106495 0)
(1.71079 -0.0872361 0)
(1.06186 0.0551063 0)
(-1.2413 0.574746 -2.44551e-19)
(-0.438639 -0.535941 1.18642e-19)
(1.02066 0.823289 0)
(1.00363 -0.0125333 4.7948e-19)
(0.745724 0.581241 -2.18343e-19)
(-1.70915 0.298446 -2.34728e-19)
(0.858365 -0.00123307 -3.87496e-20)
(0.73865 -0.675417 -2.00442e-19)
(1.35352 0.694396 -3.14283e-20)
(0.587893 -0.480334 -2.72795e-19)
(1.1272 -0.00284813 -4.32612e-19)
(0.818609 0.0416016 4.19056e-20)
(1.57091 -0.180791 5.55811e-20)
(1.4385 -0.142053 -5.36319e-20)
(-0.0596841 -0.0797425 -7.79694e-23)
(1.059 0.45097 -2.5535e-19)
(1.27909 0.595375 6.50577e-20)
(-0.0945267 -0.334755 0)
(0.0665973 -0.468627 1.76191e-19)
(-0.304251 -0.355221 1.25062e-19)
(-0.193208 -0.095628 -1.33322e-19)
(0.456112 0.2798 0)
(1.36706 -0.586556 0)
(0.00450127 -0.00123674 -1.16603e-19)
(-0.264874 -0.616177 -6.65485e-20)
(1.04551 -0.0303888 1.71446e-19)
(-0.363428 0.276795 -3.70052e-20)
(1.49182 -0.0314951 -5.57656e-19)
(-0.0821748 0.626335 0)
(0.859052 -0.763128 -2.72141e-19)
(1.04992 -0.155179 6.28656e-20)
(-0.373552 -0.306819 1.7149e-19)
(0.708676 0.13029 3.11499e-19)
(0.614805 0.102178 1.00841e-19)
(0.522133 -0.495546 1.88106e-19)
(-0.201365 -0.298001 -1.38669e-19)
(1.44056 0.471739 0)
(0.373171 0.312595 -1.85629e-19)
(1.02739 -0.0166354 -2.72818e-19)
(-0.853981 0.0977559 2.25466e-19)
(1.38884 0.477839 -1.15627e-19)
(-0.16489 -0.297884 -5.24552e-20)
(0.704429 -0.643858 -3.74014e-20)
(0.801617 0.162112 -1.95733e-19)
(0.958315 0.406125 2.17906e-20)
(1.16729 -0.147466 3.20445e-20)
(0.622188 -0.261375 -2.81367e-19)
(2.04907 -0.382981 -1.68814e-19)
(1.66956 -0.144121 0)
(1.53192 0.4019 -2.91451e-20)
(1.91463 0.103122 -1.82901e-20)
(0.836447 -0.268226 1.33014e-19)
(0.889293 0.341064 -1.60028e-19)
(0.922988 -0.14259 5.16059e-20)
(0.400444 0.365262 -2.40805e-19)
(-0.222901 0.319183 2.37867e-19)
(1.95429 -0.220452 0)
(0.92899 0.0022173 0)
(0.898085 -0.796094 5.19227e-20)
(-0.104514 -0.437059 -3.51167e-19)
(-0.826829 0.153494 -2.72181e-19)
(-0.0809786 -0.117661 -2.26067e-19)
(-0.451395 0.57728 -1.51914e-19)
(-0.262826 -0.409959 0)
(-0.0912532 -0.148158 4.01287e-20)
(0.189964 0.466045 -8.04516e-20)
(-0.154453 0.195003 -2.90183e-19)
(0.813282 -0.135963 0)
(1.61 -0.639578 1.05676e-19)
(-0.271195 -0.338421 0)
(0.995954 0.0243093 3.45906e-19)
(-0.0171759 -0.477063 2.24451e-20)
(0.563342 -0.452297 3.65616e-19)
(-0.809141 -0.192066 4.52635e-19)
(-1.56714 0.0234118 0)
(0.209273 0.578281 9.67458e-20)
(1.00803 0.0214149 -1.03978e-20)
(-0.144708 -0.146913 0)
(1.00556 -0.00869751 -5.39297e-20)
(0.887532 -0.751602 -2.61568e-19)
(1.50861 -0.521148 0)
(0.947857 -0.290846 1.92575e-19)
(0.0575636 0.600165 2.14965e-19)
(-0.0238822 -0.0225087 0)
(-0.0910242 -0.512807 -6.44153e-21)
(0.75138 -0.658127 -3.91359e-19)
(0.964807 -0.0303555 -2.48378e-19)
(-0.0852253 -0.469567 4.32115e-19)
(-0.206928 -0.410661 1.59784e-19)
(-0.227789 -0.458463 0)
(0.937404 0.453476 0)
(-0.274989 -0.466653 2.16761e-19)
(1.85232 -0.0387294 -2.49063e-19)
(1.0476 0.874529 1.80845e-20)
(1.05822 0.20047 -1.1678e-19)
(1.15487 0.000245911 -2.05491e-19)
(1.06622 -0.0813747 -7.2173e-20)
(-0.0704732 -0.504357 -3.968e-19)
(2.00981 0.106685 4.84456e-19)
(0.668874 0.025782 1.95854e-19)
(2.0466 -0.111607 1.64423e-19)
(1.06549 -0.151013 0)
(-0.0594636 0.456156 5.36901e-19)
(1.13514 0.0255056 -4.68727e-19)
(1.71014 0.612747 1.18714e-20)
(0.763705 -0.479445 -1.49679e-19)
(-0.0752313 -0.0462414 2.15161e-19)
(0.822922 -0.723917 3.44346e-19)
(1.2222 0.190527 7.0337e-20)
(1.00577 -0.00754199 2.38946e-19)
(0.113905 -0.493536 -1.7399e-19)
(1.01979 0.0161992 0)
(1.67114 0.143252 -2.3297e-19)
(-0.0374416 -0.0316681 0)
(1.0192 0.0122185 -1.40613e-19)
(-1.54063 -0.046425 -6.78159e-19)
(1.66764 0.315025 3.3321e-20)
(-0.427104 -0.39424 1.54592e-19)
(1.60183 -0.00645899 -6.79643e-21)
(1.01236 -0.0191142 4.94776e-20)
(1.36253 -0.0904279 0)
(1.47506 -0.628264 -1.14655e-19)
(1.01911 0.0297396 -1.46483e-19)
(1.40889 0.773633 -5.76419e-20)
(1.4111 -0.0619679 0)
(0.69658 0.0120471 -1.47483e-20)
(0.00279937 -0.00101628 0)
(1.37941 0.0499187 0)
(-0.421418 -0.574586 0)
(1.22085 0.431536 0)
(1.81904 0.310577 4.43177e-20)
(0.719725 0.594501 3.82713e-19)
(0.303304 -0.305334 -2.22635e-19)
(-0.243623 -0.567784 -3.81634e-19)
(-0.0416755 -0.0574179 0)
(1.8682 -0.434012 1.10352e-19)
(1.29105 0.507772 0)
(1.4284 0.297254 0)
(-0.527736 -0.44016 1.42815e-19)
(0.787166 0.695285 1.23599e-19)
(1.72004 -0.0260656 0)
(-0.358316 -0.493955 8.809e-20)
(0.901594 0.202991 1.79751e-19)
(2.00521 -0.433041 -4.97035e-20)
(1.21218 0.907635 4.41589e-20)
(0.944986 -0.851389 -2.82691e-20)
(1.3671 -0.192756 -1.26631e-20)
(0.773489 0.698963 1.27045e-19)
(1.14958 0.905319 0)
(2.4965 -0.253577 1.94592e-19)
(1.05077 0.751602 0)
(1.41794 -0.655349 3.0653e-20)
(0.906578 0.0980301 1.62315e-19)
(1.00455 -0.00660011 0)
(0.162783 0.451991 5.04342e-19)
(0.899022 -0.192156 4.46811e-20)
(0.652125 -0.435382 0)
(0.689836 -0.408218 1.97767e-19)
(1.21332 0.542781 -3.22607e-20)
(0.459425 0.432285 2.65093e-19)
(-0.181853 0.254763 3.43174e-20)
(0.00940259 -0.0131355 8.22992e-20)
(0.762617 0.0636154 0)
(1.35207 -0.925927 -5.52683e-20)
(1.0329 -0.0437327 3.80555e-19)
(1.45024 0.333502 1.26852e-19)
(-0.394643 -0.538753 7.63319e-20)
(-0.890513 -0.22057 0)
(1.2474 -0.257431 -1.03286e-19)
(-0.0231512 -0.024475 -1.84916e-19)
(-0.00435425 -0.00134878 -6.07367e-20)
(-0.124082 0.0405643 -5.92815e-22)
(-0.194055 0.0863077 2.62133e-19)
(1.39368 -0.166221 -5.69259e-21)
(2.42643 -0.0692044 4.38277e-19)
(1.16911 0.450908 -2.79516e-19)
(0.847909 -0.0460214 0)
(1.91155 -0.14284 2.47729e-19)
(1.89586 0.116821 1.29307e-19)
(0.938183 -0.790266 1.27267e-19)
(1.18155 -0.99849 -2.69153e-20)
(0.46411 0.430086 1.77956e-19)
(1.49387 0.384684 0)
(1.72094 0.57505 2.40932e-20)
(-0.0309467 -0.0395715 -3.76756e-19)
(0.862613 0.752641 0)
(1.3493 0.416014 0)
(0.304888 -0.304841 -3.86305e-21)
(0.306543 0.274224 0)
(-1.18567 -0.0929661 -4.21918e-19)
(-0.255319 0.383417 -1.01592e-19)
(1.75872 -0.442785 0)
(1.23798 0.104402 1.7233e-19)
(-0.632887 0.184866 2.27242e-19)
(0.554125 -0.526892 -4.28091e-19)
(2.03359 -0.0994006 -5.68867e-20)
(0.633284 -0.576195 0)
(1.02103 0.117629 0)
(1.36874 -0.257799 0)
(1.10137 0.216492 -2.21574e-19)
(1.32714 0.103693 3.13587e-19)
(-1.37632 -0.0297962 0)
(0.894508 -0.0645014 0)
(2.15023 -0.129692 -3.02936e-21)
(-0.0643911 0.144991 8.86417e-20)
(2.61332 -0.0240257 -3.31631e-19)
(1.07663 -0.524672 1.92547e-19)
(2.03105 0.0192872 -3.49019e-19)
(-1.04422 0.23924 -1.75285e-19)
(1.97811 0.132429 -2.10122e-19)
(1.0175 -0.0273218 3.899e-19)
(1.48581 0.595452 0)
(-0.299126 0.482285 2.71904e-20)
(1.03134 -0.854002 1.54092e-19)
(0.858892 -0.0353609 4.52939e-20)
(0.657065 -0.45786 0)
(1.93402 -0.560233 7.09133e-21)
(1.22774 -0.205614 1.34793e-19)
(1.72173 -0.638558 0)
(0.627305 -0.58343 4.01348e-19)
(0.686944 0.0789217 -2.21395e-20)
(2.42416 -0.00463293 5.69403e-19)
(-0.0957576 0.23819 -1.82726e-19)
(1.3048 0.604947 1.44689e-19)
(1.12959 0.395179 3.51197e-21)
(0.890168 0.352243 2.14322e-19)
(1.9507 0.0427883 -2.80145e-19)
(-0.0747863 -0.533252 -4.58203e-21)
(0.797489 -0.216467 0)
(-0.15466 -0.101723 3.54266e-19)
(1.11406 -0.971138 0)
(1.08915 -0.673739 1.9548e-20)
(1.17618 -0.158753 -7.43902e-19)
(1.44903 0.0779318 -1.24224e-20)
(-0.584487 -0.262227 -4.05258e-19)
(0.968051 0.464355 1.67651e-19)
(-0.168821 0.701702 2.70499e-19)
(0.690871 -0.0383231 0)
(1.90443 -0.103601 0)
(1.55496 0.169392 2.47467e-20)
(0.77859 -0.013025 0)
(1.38939 -0.22282 -1.38701e-19)
(-1.48022 0.15567 5.37398e-19)
(1.88966 0.496907 6.73754e-21)
(1.04033 -0.032161 0)
(0.573176 -0.378539 9.73469e-20)
(1.00998 0.0263061 1.85594e-19)
(0.349878 0.759854 -2.31313e-19)
(-0.467584 0.576309 0)
(1.13071 -0.492826 4.42192e-19)
(1.78173 -0.125893 -5.03386e-22)
(1.11939 -0.513552 -1.92592e-19)
(2.30791 0.270581 1.60239e-19)
(1.26078 0.773996 0)
(0.86104 0.0177188 0)
(-0.45483 -0.562763 -1.92095e-19)
(0.00317711 -0.0014534 1.31184e-19)
(0.935576 0.352059 -1.98026e-19)
(0.270055 -0.403853 -1.55494e-19)
(0.629038 0.381725 2.31404e-19)
(0.923925 0.0292536 0)
(0.556827 -0.51813 0)
(0.836315 -0.255041 5.1684e-21)
(1.25058 -0.523073 -8.84146e-20)
(0.662353 -0.0415681 1.36416e-20)
(0.740067 -0.181475 1.11092e-19)
(-0.0464422 0.0770298 -2.34849e-19)
(1.21421 0.170434 2.79386e-19)
(0.643412 0.599414 0)
(1.24349 0.680866 0)
(1.58923 0.262305 0)
(-0.364661 -0.4161 -1.76886e-19)
(1.21656 0.541337 1.78524e-19)
(2.05917 0.0689617 5.54821e-20)
(0.920347 -0.00737846 0)
(1.60791 -0.499404 0)
(2.20106 -0.0999798 -3.69479e-19)
(0.533647 0.436374 2.64758e-19)
(1.00499 0.00421222 -1.85763e-19)
(1.46467 0.462564 0)
(-0.341809 0.567951 0)
(1.22885 0.315708 2.74783e-19)
(1.0013 0.508618 -1.24542e-19)
(1.06617 0.0214016 0)
(1.72883 0.11903 0)
(1.92702 0.663783 -2.6226e-19)
(-0.0824462 0.432202 -2.1554e-21)
(0.997499 0.0109 0)
(0.688861 0.448124 -3.18828e-20)
(0.959988 -0.847838 0)
(1.00752 0.0152226 4.31115e-20)
(0.823771 -0.569983 1.64322e-20)
(0.918458 -0.341181 2.83122e-19)
(0.932581 -0.366983 -7.91135e-20)
(2.233 -0.154583 3.74791e-19)
(1.32343 0.130843 9.57415e-20)
(0.792184 -0.0252714 0)
(1.01965 0.0100442 0)
(-0.604608 -0.328108 0)
(0.648282 0.620606 -1.81606e-19)
(-0.0235753 0.0417878 1.58434e-19)
(1.15167 0.339036 -4.40461e-19)
(-0.555568 0.318654 0)
(0.808065 0.622008 1.61021e-19)
(1.02336 -0.351606 0)
(1.00527 -0.0017193 1.08721e-19)
(0.253483 0.0962768 7.54842e-20)
(1.01791 0.391965 2.45695e-19)
(1.33988 0.226626 0)
(2.14525 0.192529 -8.44225e-20)
(0.831553 -0.13231 -3.41054e-19)
(-1.19063 -0.0990537 -5.88478e-19)
(1.09706 0.258857 0)
(0.872045 0.223723 1.66562e-19)
(2.03865 -0.191575 0)
(0.755812 0.498285 3.46823e-19)
(-1.5398 0.0663716 2.35407e-19)
(-0.0341114 0.0816527 0)
(0.574499 0.54572 -6.77616e-20)
(1.05079 -0.661406 -1.37224e-19)
(0.497749 -0.281184 -1.14588e-19)
(1.01906 -0.020029 0)
(-0.439755 0.302922 -2.21785e-19)
(0.660913 -0.591263 7.52782e-20)
(0.896915 0.270999 0)
(1.68518 -0.548376 1.39545e-19)
(0.959533 0.817864 2.34831e-20)
(0.995564 -0.558531 -1.73029e-20)
(0.202521 -0.189083 -2.61132e-19)
(0.24251 -0.0925914 -5.21452e-19)
(-0.127909 -0.232709 9.76741e-21)
(0.798394 0.333481 2.35495e-19)
(-0.215646 0.45269 -4.61896e-21)
(1.43793 -0.66799 3.48802e-21)
(1.0234 0.00465654 -3.22134e-19)
(-0.446706 -0.36591 0)
(1.02787 0.0303804 -3.81717e-19)
(2.20447 0.194312 2.32915e-19)
(0.865933 0.669705 2.70582e-19)
(1.14086 -0.0763799 1.48732e-19)
(1.00619 -0.0367191 1.49046e-19)
(1.5226 0.0936804 1.12568e-20)
(-0.354854 -0.427512 -6.48521e-22)
(1.75716 -0.895536 1.54854e-20)
(1.17231 -0.137319 -6.88249e-20)
(0.812448 0.0471099 7.87749e-20)
(0.922317 -0.311163 8.3458e-20)
(0.95458 0.208275 0)
(0.939614 0.714806 0)
(0.831736 0.226903 -8.99876e-20)
(2.07177 0.188394 -2.50142e-20)
(-1.0904 -0.0559354 1.95715e-19)
(1.05052 -0.557082 -4.6907e-19)
(0.639623 -0.557205 3.62102e-19)
(1.16273 0.241883 -1.36475e-19)
(0.252963 -0.394565 1.79662e-20)
(1.43366 -0.556259 0)
(0.746013 0.08806 -6.38077e-21)
(1.50265 -0.615214 -5.46908e-20)
(1.01631 0.742558 0)
(1.28506 -0.681987 0)
(0.448675 0.131851 0)
(-0.197142 -0.327541 -6.32194e-20)
(-0.126103 0.166284 0)
(1.57561 0.669146 3.16275e-19)
(1.20744 0.17561 6.06009e-21)
(-1.27759 0.073014 2.5639e-19)
(1.79945 0.58511 1.12773e-20)
(1.78889 0.467648 -5.69137e-20)
(2.18471 -0.344039 -3.93292e-20)
(-0.165986 0.00974454 -1.83977e-19)
(-0.107904 -0.506368 4.79923e-21)
(1.0066 0.102953 0)
(0.674577 -0.0332455 0)
(1.00156 0.000176651 2.48164e-22)
(-0.399867 -0.402387 0)
(1.56249 -0.00674713 -1.22364e-19)
(0.676464 -0.031159 0)
(1.06345 0.00672972 1.19149e-19)
(0.995368 0.0160889 -4.21968e-20)
(1.09361 0.218197 1.76088e-19)
(1.06003 -0.0193622 -8.71722e-22)
(0.960623 -0.20798 -5.0478e-20)
(1.02429 -0.0346173 3.45602e-19)
(0.694973 -0.633493 1.69694e-19)
(-1.0709 -0.00991815 -2.77112e-19)
(1.14604 0.399 1.89826e-20)
(0.00229607 0.00469211 0)
(1.10078 0.776268 0)
(1.02863 -0.010681 0)
(1.02823 -0.798052 -9.40827e-20)
(1.06253 -0.911928 2.89876e-20)
(0.903914 0.218713 -2.59912e-20)
(0.0281549 0.166623 -1.05423e-18)
(1.29775 -0.458889 1.85954e-20)
(0.606729 -0.410613 -5.89624e-19)
(1.26749 0.40877 -3.81554e-20)
(0.90342 -0.166699 -9.53341e-20)
(2.10363 -0.344555 1.19317e-19)
(0.429669 0.093452 -1.70037e-20)
(-0.318642 -0.487165 -1.3235e-19)
(1.09141 0.534455 1.89547e-19)
(-0.0962642 -0.34126 0)
(0.247912 -0.460786 3.94355e-19)
(-0.0973092 -0.137397 -1.34834e-22)
(1.02904 -0.0441366 3.11921e-19)
(1.02429 -0.00203844 -7.99606e-21)
(1.10776 -0.0116481 -8.62267e-20)
(1.45194 0.0731901 3.92133e-22)
(1.59928 0.319274 5.65019e-20)
(0.417174 -0.392342 -2.92267e-19)
(0.827019 0.14885 4.79208e-20)
(1.03487 -4.82623e-05 -2.27925e-19)
(1.08939 0.280144 -1.95413e-20)
(1.40431 0.118326 0)
(1.08594 0.574044 -3.55628e-19)
(1.00233 -0.0034485 8.87617e-20)
(0.655859 0.584142 2.47865e-19)
(1.30529 -0.337059 -1.58193e-22)
(1.06386 -0.0111541 -2.84018e-20)
(1.12929 0.0122994 8.05235e-22)
(2.51577 0.0719242 2.03607e-20)
(0.353965 0.10321 0)
(1.04775 -0.0391003 0)
(1.05393 -0.0346678 5.46425e-19)
(1.00233 -0.00234516 0)
(-0.0650381 -0.0926945 0)
(0.964237 -0.59147 0)
(1.00054 -0.000867793 -5.16069e-19)
(1.18128 -0.703137 7.38872e-20)
(1.02156 -0.00576914 1.08054e-20)
(1.3124 0.937398 -2.70095e-20)
(1.4915 0.985185 1.27133e-20)
(1.15295 -0.259204 -2.7937e-20)
(1.55899 0.209062 2.58179e-19)
(1.36506 0.253564 0)
(0.0223096 0.517852 0)
(2.19326 -0.105694 5.431e-19)
(1.25119 -0.763196 0)
(0.999647 -0.00552062 -1.59969e-19)
(1.00949 -0.00120582 3.10773e-19)
(1.42441 0.139437 -6.59583e-20)
(-0.00326578 -0.1243 2.73832e-19)
(0.969311 -0.0015679 1.69045e-19)
(0.175337 -0.00728438 2.80761e-20)
(0.20484 -0.0544411 -3.14295e-20)
(1.53751 0.0933125 -7.49606e-23)
(0.927216 0.0165981 -1.6953e-19)
(1.00251 0.00342946 2.00411e-19)
(1.00079 -0.000837369 1.18447e-20)
(0.789572 -0.0128932 0)
(0.727658 -0.0263767 0)
(0.724426 -0.0268761 6.56112e-22)
(0.699765 -0.0293005 0)
(1.02741 -0.174479 0)
(0.305686 -0.0489455 0)
(-0.0457532 -0.0725684 5.30964e-20)
(0.213592 0.0909398 -3.02762e-20)
(1.18314 0.0521666 0)
(1.29114 0.00656596 5.06035e-21)
(1.51851 0.0651061 0)
(0.0247599 0.0571649 0)
(-0.0619199 0.000272266 0)
(0.0899683 0.0398347 -3.2631e-21)
(0.669095 0.14651 3.82366e-20)
(0.790819 0.0237412 0)
(0.793093 0.0204563 0)
(0.965199 0.0192115 -2.09094e-19)
(0.818998 0.00843352 3.90747e-19)
(1.00691 -0.0014031 0)
(0.999888 -0.000565726 3.70426e-19)
(0.999705 -0.00101607 -3.76952e-22)
(0.795597 0.0219441 3.31828e-19)
(0.990241 -0.00753207 -1.94052e-19)
(0.165337 0.0307517 0)
(-0.038715 0.000249946 3.14527e-20)
(1.00135 -0.0021178 -1.8737e-19)
(0.999887 0.000353555 -3.21301e-19)
(1.23079 -0.00811812 0)
(0.999426 0.00186051 0)
(0.99936 2.07372e-05 0)
(1.46667 -0.471725 1.32798e-20)
(0.849675 -0.131033 2.51514e-20)
(0.977645 0.294216 0)
(-0.325728 0.28301 1.72756e-19)
(-0.580833 0.562255 -4.92688e-19)
(1.01907 -0.0161288 -2.49548e-19)
(-0.325587 -0.603824 -1.22452e-19)
(1.01889 0.00119901 -2.00692e-19)
(1.19118 -0.229105 -8.88735e-20)
(0.819076 -0.494161 2.80387e-19)
(-0.0660421 -0.0919137 -9.14756e-20)
(1.02971 0.00863336 0)
(1.05119 -0.0133295 -5.46723e-20)
(0.859255 0.0218178 0)
(-0.0402337 0.0452252 2.31687e-19)
(1.19413 -0.651788 0)
(-0.463623 -0.471119 -3.10246e-19)
(0.241344 0.0348293 -2.24599e-20)
(1.62095 0.676113 -1.38e-20)
(-0.0564234 -0.0238061 0)
(1.05869 -0.0388478 1.68908e-19)
(1.20529 -0.252353 3.44418e-21)
(0.926091 -0.0217024 2.65353e-19)
(1.01223 -0.00890906 -1.70124e-19)
(1.63772 0.84958 3.03457e-20)
(0.505761 0.473006 0)
(0.427256 0.374932 1.94101e-19)
(1.53894 -0.469324 -2.53077e-21)
(1.13779 0.119048 1.84072e-19)
(1.11163 -0.733057 0)
(1.02027 0.00145275 0)
(0.997683 -0.018783 -3.92079e-19)
(1.0173 0.0157824 -3.81101e-19)
(-0.16898 -0.346415 0)
(1.19517 0.804041 -1.26611e-19)
(1.45146 -0.311429 1.68427e-22)
(1.01495 0.00582636 1.46898e-19)
(1.01201 0.0110363 -1.84051e-19)
(-0.559207 -0.407838 -3.0406e-20)
(1.15698 -0.11036 -7.44795e-20)
(1.01695 -0.0156628 6.27104e-19)
(1.25369 -0.176314 0)
(1.81751 0.646833 -3.82118e-20)
(1.01549 -0.0129074 -1.95209e-19)
(2.04198 0.105557 -1.49256e-19)
(1.05924 0.00526308 -4.51061e-22)
(1.0101 -0.0113018 3.90955e-20)
(2.10105 -0.269862 -3.13617e-19)
(1.01563 0.00537732 1.89145e-19)
(1.07973 0.193044 3.12309e-21)
(1.01738 -4.69798e-05 0)
(0.931315 0.137354 4.69698e-20)
(-1.2819 -0.0364648 6.54155e-21)
(0.998929 0.0212443 1.87887e-19)
(1.03988 0.0190527 -5.8128e-22)
(1.30109 -0.174806 -4.2458e-21)
(1.23598 0.30984 3.93683e-19)
(0.999514 0.0156847 1.29022e-19)
(1.01518 -0.015322 4.57702e-22)
(1.70752 0.26422 -2.20437e-20)
(1.72166 0.917546 -9.30968e-20)
(0.796704 -0.716275 5.25321e-20)
(0.470271 -0.354996 -2.85984e-19)
(1.00688 -0.0109178 0)
(1.01912 0.00256001 4.69753e-20)
(1.01301 -0.0103285 9.92308e-20)
(1.0907 0.0425416 4.50006e-21)
(1.01397 0.00497263 -1.96906e-19)
(1.02993 -0.0280211 2.24901e-19)
(1.00897 -0.00864616 -1.8557e-19)
(1.01678 0.00442823 -4.67264e-22)
(1.01193 0.000243508 -3.42521e-22)
(1.02362 0.0139299 1.88467e-19)
(0.894907 0.071737 4.81638e-19)
(1.72154 0.641148 0)
(0.523191 -0.192438 2.89116e-19)
(1.01304 -0.00423385 0)
(1.02101 -0.022168 -5.47214e-20)
(1.51215 0.446688 -7.843e-20)
(1.91553 -0.00909925 0)
(2.28515 -0.337154 -1.15265e-19)
(1.2262 0.587556 -5.12892e-20)
(0.755046 -0.0130066 0)
(1.9259 -0.141698 0)
(0.0451871 0.31227 -1.63694e-19)
(1.3288 0.0139577 -1.17117e-20)
(1.01838 -0.00470797 -1.98565e-19)
(1.13876 -0.580919 -5.44013e-20)
(1.23403 -0.0962349 -2.17583e-20)
(1.39954 0.448815 0)
(1.33541 -0.484626 0)
(1.85421 0.474746 0)
(0.127871 0.487477 8.28742e-20)
(1.19499 0.13891 7.76873e-20)
(-0.0837761 0.408913 0)
(-0.105533 0.514512 -2.78735e-19)
(1.66123 0.95132 -4.45917e-20)
(1.00737 -0.00270865 -3.88012e-19)
(1.15428 0.034402 1.86548e-20)
(1.02006 0.00579541 2.56801e-19)
(0.684659 -0.039337 0)
(-0.15018 -0.308722 -2.7925e-20)
(0.595744 0.407751 -3.26205e-19)
(1.75616 0.629227 8.01831e-20)
(0.0587613 0.582406 0)
(0.797043 0.0751601 7.07671e-20)
(0.504608 0.481307 4.95679e-20)
(1.16048 0.867255 -3.44117e-20)
(-0.0423095 -0.032867 1.3662e-19)
(1.02011 0.0103273 0)
(1.30241 0.253877 4.47245e-20)
(1.01298 -0.00537714 1.45692e-19)
(2.40134 0.167738 0)
(1.00983 0.00709711 2.44293e-19)
(0.28792 -0.44852 -1.86101e-19)
(1.02038 0.010567 -1.51174e-19)
(1.35104 0.271847 0)
(2.02694 -0.327762 5.44443e-22)
(1.01084 0.00264679 -1.01437e-19)
(0.994739 -0.0388524 2.67877e-19)
(1.08255 0.0852892 -2.4599e-21)
(1.11387 0.31 -4.6896e-20)
(-0.150124 -0.0786674 3.58497e-19)
(1.94039 0.321825 1.66635e-19)
(0.593732 0.119477 5.44086e-20)
(0.804456 0.015651 -3.66318e-19)
(0.795907 0.0250852 0)
(0.69763 -0.0330451 5.22473e-20)
(1.02101 -0.019022 -2.94137e-20)
(0.972527 0.0153377 0)
(1.04968 0.00040147 -1.869e-19)
(0.341802 -0.538785 -3.82822e-20)
(-1.47858 -0.0535165 2.65321e-19)
(2.18792 -0.609853 0)
(-1.04972 -0.037633 -7.79849e-19)
(1.53885 -0.353884 0)
(1.03944 -0.0178658 5.48197e-20)
(1.0953 0.0507556 1.75335e-21)
(1.0151 -0.00377222 1.57472e-19)
(-0.992616 0.11268 4.72223e-19)
(1.01743 0.00184144 0)
(0.99152 0.00372887 -3.80166e-19)
(1.00617 0.00813119 2.00343e-19)
(0.847231 0.112961 0)
(0.718933 -0.0825649 -9.34014e-21)
(0.958377 -0.00156803 -1.71408e-19)
(-0.228577 -0.59686 4.15021e-19)
(1.00559 -0.00231243 -1.95401e-19)
(1.00061 0.0177529 -4.5981e-19)
(1.67331 -0.623523 -5.5095e-21)
(-0.201836 -0.253514 -1.03969e-19)
(0.789015 0.676696 -1.68084e-19)
(0.78429 0.330957 0)
(1.02253 -0.0115229 4.11933e-19)
(1.03533 -0.0151381 2.16941e-19)
(0.451493 0.493045 -6.11292e-20)
(-0.625591 0.0824875 1.9738e-21)
(1.07827 0.00527875 -1.0867e-19)
(1.13693 -0.919679 4.81889e-20)
(1.00686 0.000458782 2.04112e-19)
(0.954053 -0.695512 1.85581e-19)
(-0.520595 0.207991 3.25442e-19)
(-0.167841 -0.234048 -8.05073e-20)
(0.774196 0.0114531 -6.07383e-20)
(0.722099 -0.187193 -6.40734e-19)
(1.02083 -0.0116149 0)
(1.35405 -0.830715 8.67964e-20)
(1.34863 0.69062 1.34904e-19)
(0.547543 0.0261015 0)
(-0.236103 -0.249456 0)
(-0.47043 0.610713 0)
(1.02787 0.00907714 8.70024e-20)
(2.21902 0.046732 0)
(1.05447 -0.0252149 3.46008e-21)
(-1.06015 0.188851 -2.08728e-19)
(-0.0496207 -0.0787337 2.27473e-19)
(-0.239635 0.336024 -1.07388e-21)
(1.42537 0.372785 9.46243e-20)
(0.0817537 -0.442963 4.98112e-19)
(1.03993 0.434296 0)
(-0.983749 -0.131475 -2.13601e-20)
(1.02057 0.0147496 5.35719e-20)
(-0.11327 -0.0981856 -1.39997e-19)
(0.85765 0.693559 -5.3594e-20)
(-0.0701914 -0.0926238 5.36872e-20)
(1.36114 -0.99448 -1.42624e-20)
(0.166831 -0.0757914 5.62134e-20)
(1.18015 -0.00165409 1.17973e-20)
(0.0163472 0.169614 -9.42004e-20)
(0.891999 0.00990457 0)
(0.420768 -0.278976 7.77549e-20)
(0.768159 -0.299504 -1.09431e-19)
(0.27779 -0.28502 2.94627e-20)
(2.03247 0.276173 0)
(1.05108 0.0226689 2.11165e-19)
(-1.26042 0.240413 0)
(1.25224 -0.0544434 2.21168e-20)
(-0.336581 0.286396 0)
(0.865711 0.311502 -2.10722e-19)
(1.41262 0.650179 -8.15335e-20)
(-0.126041 -0.206057 -1.65322e-20)
(0.943207 0.024501 -4.23862e-19)
(1.03118 -0.00368076 0)
(1.11791 0.00901159 1.08593e-19)
(1.46708 -0.276092 0)
(1.90719 -0.433917 0)
(1.01633 0.000129409 -3.74904e-20)
(0.985325 0.0296441 -1.81807e-19)
(1.79687 0.59339 -3.54657e-19)
(-0.122877 0.233616 0)
(1.02279 -0.0183905 1.35167e-22)
(0.957984 -0.776423 -1.17813e-19)
(0.629704 0.321805 0)
(1.07178 -0.027192 -2.68921e-19)
(1.99379 -0.341333 1.4688e-19)
(-0.332168 0.107502 -1.82809e-19)
(-0.134273 0.493666 1.61481e-19)
(-0.628918 -0.275862 2.34525e-20)
(-0.712176 0.229985 -1.57693e-19)
(-0.0715913 -0.0842417 3.06385e-19)
(1.35539 -0.589545 6.3848e-21)
(0.235308 -0.35255 2.81964e-19)
(0.975717 -0.731129 2.05408e-19)
(1.1012 -0.908908 0)
(1.01577 0.00265828 -4.41336e-19)
(0.747107 0.184052 -7.04807e-20)
(1.01825 -0.00443692 -1.66465e-19)
(-0.147357 -0.0877068 -9.95366e-20)
(-0.0672486 -0.521333 3.19796e-19)
(1.02002 0.0165847 -2.12544e-19)
(0.0178925 -0.504597 3.20659e-19)
(0.834666 -0.886299 5.40361e-21)
(1.03983 -0.0161754 -3.55e-19)
(1.73286 -0.0183848 0)
(-0.380952 0.135057 -1.04706e-19)
(-1.16698 0.0628237 -4.16356e-19)
(1.18228 0.440211 0)
(1.10691 0.077707 0)
(1.05125 0.0224623 2.45436e-19)
(1.56117 0.553034 -2.79119e-19)
(1.23714 -0.0261875 -2.11951e-20)
(1.13109 0.61126 1.61904e-19)
(-1.08002 -0.133248 -2.17686e-19)
(1.05719 0.0105006 1.2357e-19)
(0.0908091 -0.467531 -2.54168e-20)
(1.20801 0.147576 -3.63954e-19)
(-0.11611 0.253882 0)
(1.01718 -0.279376 -1.74943e-19)
(-0.830921 -0.132293 2.25439e-19)
(1.3938 -0.574104 -1.50945e-19)
(1.01977 -0.0231642 -2.48736e-19)
(0.448714 0.433107 -1.35836e-19)
(0.899761 0.287487 -3.12291e-19)
(-1.19727 0.00342091 3.29751e-19)
(0.879418 0.0328696 -2.96542e-19)
(0.527414 0.00278428 -1.90672e-19)
(1.00943 -0.00522283 -2.0733e-19)
(0.787545 0.581746 -2.28407e-19)
(-1.45257 0.0575649 -2.66061e-19)
(0.469088 -0.453218 -1.28086e-20)
(0.138535 -0.073311 1.0011e-19)
(0.593131 -0.443284 6.87371e-20)
(1.85523 -0.561292 0)
(1.12173 -0.875448 0)
(0.55703 0.165123 -1.48804e-20)
(0.895139 0.0378086 0)
(0.749457 -0.422974 1.7744e-19)
(-0.0895848 -0.117909 0)
(1.94323 0.341959 3.58714e-19)
(1.02073 0.0039361 0)
(2.34131 0.159403 -7.46813e-20)
(1.1052 -0.405028 3.05947e-19)
(0.978326 -0.00883637 1.82346e-19)
(1.05607 0.0730401 -1.85699e-19)
(0.996728 0.0846645 1.58666e-19)
(1.01762 0.0198264 2.5979e-19)
(1.14048 0.0479903 0)
(0.982083 0.00921769 2.11448e-19)
(1.06526 0.0113746 -1.6068e-21)
(-0.152791 -0.0436646 -1.89165e-21)
(1.38418 1.02876 5.3323e-22)
(1.01571 -0.0230071 2.83173e-19)
(1.12032 -0.327996 5.92096e-20)
(1.87345 0.624208 0)
(1.07925 0.773391 0)
(1.01097 -0.145962 -4.0209e-19)
(-0.827356 0.228464 0)
(0.674596 0.40223 6.79319e-20)
(1.23483 -0.951113 0)
(0.489289 0.325502 0)
(0.612526 0.555906 -5.11259e-19)
(2.04968 0.282523 3.34616e-20)
(1.03598 -0.0342125 -1.18635e-19)
(-0.0869475 0.22226 8.60656e-20)
(1.05036 0.0489343 0)
(1.03509 -0.0397976 0)
(0.854711 -0.667311 -5.06827e-20)
(-0.0671555 0.0873729 0)
(0.7344 0.452815 3.4356e-20)
(1.04124 -0.0132793 5.12196e-22)
(0.595528 0.434373 1.33266e-19)
(1.14091 0.0216547 2.82097e-20)
(1.59329 -0.621869 -2.96939e-20)
(1.07909 0.0306328 1.64295e-19)
(1.05296 -0.00963028 -1.77525e-19)
(1.12538 0.205313 1.92867e-19)
(1.00876 0.0218375 -4.19758e-19)
(0.194601 -0.245635 0)
(-0.497727 0.425384 -3.71868e-20)
(-0.740755 -0.12712 -3.07575e-19)
(0.907901 -0.161991 -2.32136e-19)
(2.31083 0.165779 0)
(-0.0406746 -0.171959 1.23356e-19)
(-0.0675255 0.136477 9.42968e-20)
(2.03845 0.423724 -2.3794e-19)
(0.84678 0.336179 2.22836e-20)
(1.39538 0.275633 6.87337e-21)
(0.831848 0.694301 4.0863e-19)
(0.712439 0.814751 -2.73659e-21)
(1.11546 -0.03796 0)
(1.02321 -0.102104 -1.18686e-19)
(-0.152288 0.297491 9.04056e-20)
(1.75657 -0.261916 -1.20955e-19)
(2.27353 0.179557 0)
(2.41285 -0.142624 0)
(1.53275 0.333882 1.42569e-19)
(-0.0367871 0.0907772 0)
(1.01328 0.0190932 -1.63739e-19)
(-0.2002 0.0545446 0)
(1.00016 -0.0205917 1.20705e-19)
(0.682973 -0.349326 -2.0488e-19)
(0.960461 -0.0357318 3.97107e-19)
(1.81189 0.344766 2.22509e-20)
(1.05917 -0.023703 -4.39056e-19)
(0.824657 0.0206151 5.24928e-20)
(2.43419 0.0502472 -2.21837e-19)
(1.08289 -0.042753 0)
(1.04669 -0.0086956 1.31385e-19)
(-0.585837 0.164376 -1.6994e-19)
(1.11804 0.000945576 -2.06608e-19)
(0.853279 0.615956 -4.49135e-19)
(1.2946 -0.235176 -1.41067e-20)
(2.25203 0.192238 0)
(0.314281 -0.12199 5.01409e-19)
(1.31302 -0.183974 0)
(-1.03892 0.0349126 1.15195e-19)
(-0.347854 -0.581285 2.33561e-19)
(1.11387 -0.926934 0)
(0.753209 0.0267733 1.06232e-19)
(-1.00395 0.2321 0)
(1.96677 0.593762 0)
(-0.0344544 -0.0186784 1.12763e-19)
(0.861512 0.0834593 -2.36727e-19)
(-0.669821 -0.329135 3.05491e-19)
(0.911918 0.669873 -3.62961e-19)
(1.00061 0.0334099 -5.95709e-21)
(1.03102 -0.0477655 1.35191e-19)
(2.50385 -0.0161618 0)
(1.06705 -0.110069 -5.1065e-20)
(0.593915 0.119566 6.6416e-19)
(1.01881 -0.0157489 2.75044e-19)
(1.08033 -0.0123793 1.05752e-19)
(1.84464 0.367218 0)
(1.00429 -0.0111919 0)
(0.966315 0.842117 -3.26145e-20)
(1.04455 -0.0259103 -1.64622e-19)
(1.19555 -0.474899 -9.11333e-20)
(-0.516001 0.138981 2.72241e-20)
(1.2529 0.0254915 0)
(1.57198 0.104168 0)
(1.21133 -0.457326 4.59141e-21)
(0.679311 0.249909 -2.38228e-19)
(0.488812 0.00230556 -1.47031e-20)
(0.982866 0.0546465 2.40352e-19)
(0.428102 0.183454 -1.46199e-19)
(2.16638 0.409696 0)
(0.294372 0.0839156 5.47676e-21)
(1.09912 0.0103184 -1.10185e-19)
(-0.00121769 0.00633473 0)
(0.803713 -0.00338353 0)
(0.207095 -0.066588 -1.71575e-20)
(-0.0103743 -0.0127274 9.06644e-21)
(0.774392 0.000897618 1.10738e-19)
(1.13068 -0.0104547 0)
(0.839361 -0.775615 0)
(0.171567 -0.49541 -2.35119e-20)
(0.989249 0.693823 -2.24963e-19)
(0.208712 0.0831249 -8.82289e-20)
(-0.130777 0.592208 7.10081e-21)
(1.87219 0.796187 1.74332e-19)
(0.989915 0.0240217 1.7252e-19)
(1.03667 -0.0679589 9.50777e-20)
(0.341336 -0.254347 -6.60363e-19)
(-0.0691597 -0.0502577 0)
(-0.171118 -0.11838 -1.06342e-19)
(0.604237 -0.579003 -3.17102e-19)
(-0.492003 -0.432809 3.42847e-19)
(0.934328 0.100687 -1.7666e-19)
(0.959169 0.328266 3.52984e-19)
(1.02571 -0.0954463 1.18615e-21)
(1.02187 0.0015771 -3.15252e-20)
(1.00119 -0.00872818 1.29211e-19)
(-1.08186 -0.0825978 -2.77833e-19)
(-0.109117 -0.170263 -1.63637e-19)
(-0.374842 -0.3505 0)
(1.16263 0.256737 1.35557e-19)
(1.1042 0.016018 0)
(-0.97446 0.268295 -3.30772e-19)
(-0.0687395 0.135046 -1.21139e-19)
(-0.191454 -0.430228 0)
(1.01055 0.00788807 1.8226e-19)
(0.994904 -0.052379 0)
(2.30584 0.266881 -3.41375e-19)
(-1.2656 0.0556275 2.76926e-21)
(0.976485 -0.0122589 -3.8002e-19)
(0.083239 -0.253727 6.00052e-21)
(1.58446 0.394641 -3.4266e-21)
(0.512684 0.499808 0)
(0.744287 0.650177 1.68693e-19)
(1.47103 0.365698 7.71861e-20)
(-0.37311 -0.483901 2.26021e-19)
(1.91939 0.212162 -4.25474e-21)
(-0.449838 -0.546513 -1.64635e-19)
(1.24266 0.422193 -2.51258e-19)
(1.2526 -0.017639 4.40084e-19)
(0.83819 -0.356246 -6.30134e-21)
(0.137507 -0.137037 1.76203e-19)
(0.124059 0.117798 0)
(-0.0843427 0.0847568 0)
(-0.162564 -0.195091 9.67567e-20)
(1.00199 0.00291186 -2.02245e-19)
(1.02567 -0.00357055 -1.71268e-19)
(-0.620965 0.308768 -1.6097e-19)
(1.7215 -0.521415 -1.59556e-21)
(1.37856 -1.04787 4.81872e-20)
(1.07391 0.725756 0)
(0.909673 0.0430048 -5.28348e-19)
(1.54822 -0.263082 -1.08627e-19)
(1.01166 -0.0217933 -5.09442e-20)
(1.41435 -0.490086 1.12832e-19)
(-0.343509 -0.520482 0)
(2.31553 0.278901 -3.14924e-20)
(-0.942298 0.134124 5.83842e-20)
(-0.156678 0.0327025 -2.51462e-19)
(1.0325 -0.0609767 1.82048e-19)
(-0.117656 -0.138514 0)
(1.57151 -0.178937 -1.15567e-19)
(0.465307 0.236403 1.15856e-19)
(-0.106453 -0.124121 1.065e-19)
(1.01706 -0.0147033 2.25221e-19)
(0.673105 0.296537 0)
(-0.0839906 0.162278 1.14041e-19)
(0.467348 -0.456229 0)
(0.139417 -0.140103 -3.29543e-19)
(-0.0560349 0.0641528 8.75849e-20)
(0.132775 0.131003 1.70155e-19)
(-0.0805023 -0.093366 -1.15454e-19)
(-0.236147 -0.528635 0)
(0.941607 0.28011 1.59375e-21)
(0.626206 0.250084 2.63242e-21)
(0.707491 -0.638696 2.17779e-19)
(1.01236 -0.0116846 0)
(-0.0710078 -0.0818894 0)
(0.963435 -0.0929726 2.12883e-19)
(1.51605 -0.731528 -5.01035e-21)
(-1.09933 -0.0832556 -4.90757e-19)
(0.965785 0.0328203 -2.38757e-19)
(0.649292 -0.595594 3.8849e-19)
(1.37917 -0.707767 -1.11215e-19)
(-0.463081 -0.326329 -4.57098e-19)
(1.0822 0.0619329 0)
(1.01511 -0.00973298 -2.60599e-19)
(-0.0347083 -0.0439053 0)
(-0.0949038 0.134522 -4.14127e-19)
(0.142887 0.141433 1.62321e-19)
(-0.0606473 -0.0745976 0)
(1.13507 0.0978917 -1.60412e-19)
(1.68695 0.437137 0)
(1.09491 -0.0828867 0)
(-0.151546 -0.148157 1.49464e-19)
(-0.455871 0.171749 -1.72488e-19)
(-0.015977 -0.020297 -1.10108e-19)
(-0.0688988 0.0763752 8.44744e-20)
(0.119804 0.109472 0)
(0.98199 -0.113032 -2.61531e-19)
(0.141261 -0.142541 -1.62827e-19)
(0.138424 0.133993 -3.24925e-19)
(0.194453 0.188121 1.225e-19)
(0.948204 0.00792199 6.38088e-19)
(0.179234 0.171122 -1.3356e-19)
(-0.012833 -0.0163271 1.04374e-19)
(0.143149 0.143567 -3.1054e-19)
(0.192256 -0.191648 -2.52543e-19)
(-0.0271455 0.034756 0)
(-0.040817 -0.0494054 2.31361e-19)
(-0.644271 0.159282 4.24525e-19)
(0.144977 0.140033 0)
(0.670383 -0.210736 0)
(-0.205054 -0.540751 0)
(0.924455 -0.454393 9.35639e-21)
(0.212171 0.20902 2.29594e-21)
(-0.0302056 0.0347258 -5.12341e-20)
(-0.0851395 0.0686622 7.68412e-20)
(0.187093 0.182175 -1.28728e-19)
(0.160633 -0.155481 0)
(-0.0203645 -0.0244836 1.1669e-19)
(-0.009245 0.013815 1.92695e-22)
(-0.250444 -0.598736 -2.12569e-19)
(1.21754 -0.022216 -2.61837e-20)
(-0.809307 -0.0165587 3.82224e-19)
(-0.0486535 0.0570769 -8.58629e-20)
(-0.00894243 -0.012416 0)
(0.209604 0.209115 0)
(0.177604 -0.176708 -5.9361e-20)
(-8.93657e-05 0.00246171 -8.4843e-20)
(2.18307 0.555036 1.4108e-19)
(1.48525 -0.606741 -4.32173e-19)
(0.192911 0.195962 2.36089e-19)
(-0.258046 -0.343152 8.85056e-20)
(-0.0756089 0.0806904 8.46855e-20)
(-0.00639757 -0.00869144 -3.04678e-19)
(0.21117 -0.210312 2.19005e-19)
(-0.100881 -0.481194 2.39753e-20)
(-0.0144772 0.0198952 0)
(0.141684 -0.140979 -3.37711e-19)
(0.972513 -0.0753052 0)
(1.56247 -0.365112 0)
(0.584015 -0.522442 -3.57895e-19)
(0.430638 -0.333986 4.20275e-20)
(0.184392 -0.177499 1.21158e-19)
(1.00439 0.00990917 1.77048e-19)
(0.8862 -0.119836 2.49344e-19)
(0.42417 -0.411654 4.98068e-19)
(1.62813 0.516631 1.99825e-20)
(0.216986 0.205969 9.81829e-20)
(0.815134 0.547374 0)
(0.635533 -0.554202 2.15435e-20)
(-0.00460796 -0.00650528 9.97589e-20)
(0.407236 0.0120927 2.12442e-20)
(1.06322 -0.131967 7.59865e-20)
(1.09738 -0.267481 0)
(0.94684 -0.148629 6.18564e-19)
(-0.0206364 0.0267744 0)
(0.688176 -0.41246 0)
(1.18233 -0.230311 1.69155e-19)
(1.13165 0.352432 2.05677e-19)
(1.11855 0.00134882 0)
(-0.914851 -0.219501 3.05685e-19)
(-1.45474 -0.0444852 1.50975e-20)
(1.03937 0.000481807 -2.48417e-19)
(-0.158317 -0.359376 0)
(1.19532 -0.223223 0)
(1.43764 0.575008 0)
(0.102922 0.0974028 4.30014e-19)
(-0.00317669 -0.00373586 0)
(0.188437 0.179378 1.14155e-19)
(0.175782 -0.161725 0)
(0.00312158 -0.00231989 -8.32608e-20)
(-0.00305255 -0.00286485 0)
(0.791257 0.358362 2.19417e-19)
(0.86035 -0.440566 -5.07116e-19)
(0.00247265 -0.00131478 1.41123e-22)
(-0.124949 -0.133119 -2.7563e-19)
(0.262072 -0.252827 0)
(0.236067 0.224591 0)
(-0.820489 -0.142399 3.1374e-19)
(0.936359 0.0481244 3.91954e-21)
(1.11488 -0.37721 -1.80078e-19)
(0.00158609 0.000538999 2.49385e-19)
(-0.0410265 -0.0102683 1.45035e-19)
(1.05033 0.128672 2.37495e-19)
(-0.118924 -0.195872 0)
(-0.00437648 -0.00382805 -9.57173e-23)
(-0.15937 -0.594938 7.11627e-21)
(-0.0850051 0.0262908 0)
(2.33084 -0.100908 -2.0235e-19)
(1.01943 0.131136 0)
(1.00461 -0.0793913 3.01504e-19)
(-1.42628 -0.0269383 0)
(0.237471 -0.220954 -3.90021e-21)
(1.01133 -0.026827 1.55895e-19)
(0.552428 0.128287 3.84291e-19)
(1.38048 -0.799022 1.62485e-19)
(0.298451 0.279469 1.77432e-22)
(1.5979 0.527882 0)
(0.974636 -0.596867 6.5948e-20)
(1.84742 -0.946133 1.71643e-19)
(0.00337859 -0.00341686 1.61546e-19)
(1.6875 -0.374411 5.63765e-20)
(2.30935 0.480808 8.0404e-20)
(0.00320577 -0.0029717 -4.75613e-20)
(1.01465 0.0267623 2.2749e-19)
(-0.0958153 0.221546 -1.6727e-19)
(0.322647 0.300682 0)
(-0.00605952 -0.00490753 0)
(0.249296 0.236357 8.53809e-20)
(0.304887 -0.284555 -2.00598e-19)
(0.00467065 -0.00406712 1.69439e-19)
(1.09653 -0.788381 -6.66958e-20)
(0.961737 0.00466761 2.07729e-19)
(0.343978 -0.327643 0)
(0.00269937 -0.00480416 0)
(0.26771 0.253948 0)
(-0.0141449 0.0206747 -9.85444e-20)
(0.281399 -0.278778 0)
(-0.0160656 -0.0106991 -1.75174e-19)
(0.286271 0.269972 -6.24718e-20)
(-0.00418521 -0.0034731 0)
(0.26585 -0.260828 0)
(-0.190903 -0.426948 0)
(-0.0189203 0.00614071 0)
(-0.0352711 0.0212729 -4.86065e-20)
(-0.136336 -0.256825 0)
(1.00183 -0.00188948 2.39555e-19)
(0.479175 -0.449411 4.04434e-20)
(-0.0775035 0.0508997 -8.44749e-20)
(-0.0371745 -0.0264313 3.24125e-19)
(0.359299 0.33038 -5.34184e-20)
(1.64399 0.395171 0)
(-0.156888 0.157308 0)
(-0.143234 -0.314695 2.71665e-20)
(-0.12199 0.0935329 0)
(0.36884 -0.347678 0)
(-0.0568813 -0.0416069 0)
(0.406746 0.368719 0)
(-0.091116 -0.0720334 1.98121e-19)
(0.480346 0.44418 1.86904e-20)
(-0.155567 0.144611 -3.8705e-19)
(0.547283 -0.50662 -7.49107e-20)
(1.14689 0.130233 0)
(0.852592 -0.262513 -4.02007e-20)
(-0.620525 -0.232305 -3.12056e-19)
(1.03453 0.0504033 -2.21336e-19)
(1.43029 0.0407114 0)
(1.35712 -0.510629 -9.61424e-21)
(1.37815 -0.515073 1.38487e-19)
(0.963488 0.0150887 0)
(0.137475 0.400959 4.94293e-19)
(-1.51716 -0.0663319 7.38076e-21)
(-0.0249771 -0.018574 -1.76793e-22)
(-1.05221 -0.0136617 0)
(1.13059 -0.185336 -2.08433e-19)
(0.356613 0.176416 4.14702e-19)
(2.33063 0.286277 -1.56127e-19)
(1.53564 0.592847 -1.94014e-20)
(1.58492 -0.766648 6.56828e-21)
(-0.385533 -0.472575 -9.40064e-20)
(1.92169 0.277675 1.53688e-20)
(1.91115 -0.750542 1.63979e-19)
(1.0372 0.0760593 -2.99715e-20)
(-0.422787 0.131818 1.63545e-19)
(1.11524 -0.00815983 0)
(2.167 0.154109 -2.84989e-20)
(0.118721 0.0704368 -2.02462e-21)
(1.31148 -0.234598 0)
(0.133416 -0.129403 -5.60442e-19)
(-0.00544833 0.00873893 0)
(0.535994 -0.498729 0)
(1.88806 0.631218 -6.73961e-20)
(0.914572 -0.442735 0)
(2.34804 -0.151474 2.43553e-19)
(-0.0147669 -0.0111659 1.79878e-19)
(0.268466 -0.273198 8.19108e-20)
(1.01935 -0.0562688 0)
(-0.614317 0.0693064 0)
(-0.0828885 -0.068222 1.48756e-19)
(-0.0934669 -0.0872526 1.56488e-19)
(1.00211 0.249714 -2.11741e-19)
(0.437643 0.430801 -3.41753e-19)
(1.02399 0.0119003 -8.34087e-21)
(2.24405 0.221455 0)
(-0.142301 -0.560017 2.28457e-19)
(-0.100489 -0.137034 0)
(0.632191 0.0566011 3.24022e-19)
(0.956107 0.15199 -4.65921e-20)
(0.700928 -0.60306 -1.80327e-19)
(0.98314 0.11897 3.2649e-19)
(0.99515 0.0110586 0)
(1.25426 0.565512 -2.10759e-20)
(2.11197 -0.222657 0)
(0.522694 0.472562 0)
(0.719669 -0.282786 0)
(-0.381152 -0.431074 -3.97501e-20)
(0.306372 0.225924 2.38219e-19)
(-0.113487 0.413012 0)
(1.12271 0.0715486 1.41217e-19)
(1.04336 -0.245323 0)
(0.523742 -0.0405171 1.55373e-19)
(0.38175 -0.200927 2.03548e-19)
(-0.105694 0.503463 2.37625e-19)
(0.500294 -0.411202 -3.52193e-19)
(0.984376 -0.0333266 1.78621e-21)
(1.51217 -0.610996 1.64196e-19)
(1.57198 -1.07675 -2.17544e-20)
(0.0768327 0.0802204 1.18287e-19)
(1.95901 0.527552 0)
(-0.540713 0.0140616 0)
(-0.104477 0.220749 0)
(1.403 -0.118725 1.56757e-19)
(-1.06405 0.0575657 -1.15949e-19)
(0.289656 -0.267787 -1.62995e-19)
(2.38724 0.122519 1.03027e-19)
(0.797184 0.503784 -6.8474e-20)
(0.817575 0.24022 4.53835e-21)
(0.943337 0.21876 6.3737e-20)
(1.35382 0.260382 -6.12158e-20)
(-0.109152 -0.37831 1.06803e-19)
(-0.601394 -0.328539 0)
(0.921914 -0.0201599 0)
(-0.560568 -0.319867 1.54526e-19)
(0.154923 0.153148 0)
(1.90806 0.514524 0)
(-0.774865 -0.0515051 1.21155e-19)
(0.540176 0.450464 -2.22627e-19)
(0.496862 -0.411999 2.84548e-19)
(-0.230329 -0.0395215 0)
(1.37513 0.916977 -2.50598e-20)
(1.0753 0.00742935 0)
(-0.770448 -0.177008 -6.29298e-19)
(-0.787552 0.219801 -1.84374e-19)
(1.29225 -0.406926 7.68023e-20)
(0.443271 0.406215 5.02037e-19)
(0.735214 -0.250849 2.11129e-19)
(-0.396905 0.538515 0)
(1.12678 0.056584 1.49589e-19)
(0.989567 0.557413 -9.1808e-20)
(-0.164635 -0.0850564 0)
(0.709651 -0.273136 0)
(1.29345 0.837041 6.53543e-20)
(-0.00261262 0.00565761 -1.68781e-19)
(1.96492 -0.494409 -3.08564e-19)
(1.22255 0.202127 0)
(1.27354 -0.355352 -1.79338e-20)
(0.759233 0.421586 0)
(-0.45115 -0.313124 -2.1964e-19)
(1.26017 0.904776 -8.27134e-20)
(1.71927 0.348112 1.01328e-20)
(1.20923 -0.621632 -7.91661e-21)
(-0.295338 -0.301358 -4.00876e-21)
(-0.123839 -0.322898 -1.12493e-19)
(1.01949 0.0632973 2.2628e-19)
(-0.18121 0.172306 0)
(0.968688 0.178619 3.20304e-21)
(1.70481 0.449724 -7.67197e-21)
(1.52908 -0.87417 9.00985e-20)
(1.29129 -0.316354 -1.13786e-19)
(1.70971 -0.337029 4.8489e-20)
(-0.199986 -0.117432 6.04226e-20)
(0.590279 0.531612 1.11482e-19)
(0.140023 -0.0801591 2.43173e-19)
(1.25205 0.321031 -1.11072e-20)
(1.5907 0.185282 -5.91919e-21)
(2.01065 0.223799 6.54573e-20)
(0.873716 0.589124 1.2994e-19)
(-0.559823 -0.38041 7.03369e-19)
(1.2899 -0.174612 -2.32685e-19)
(0.961759 0.252226 -1.3986e-19)
(-0.496425 -0.366497 -1.261e-19)
(-0.199091 0.295047 0)
(1.00197 0.00316632 5.00014e-19)
(0.727783 -0.182992 0)
(0.856541 0.549172 -1.33211e-19)
(1.3114 0.135293 -4.66636e-21)
(-0.158466 -0.444502 -1.57531e-20)
(1.93085 -0.453839 0)
(1.17524 -0.382439 0)
(1.50353 -0.304429 1.14945e-19)
(0.830622 -0.338426 3.20689e-19)
(1.09634 -0.336082 0)
(-0.201833 -0.569442 -2.27715e-19)
(0.938498 -0.0978911 -2.39681e-19)
(0.757695 -0.63935 -4.53693e-20)
(-0.68862 -0.19924 2.82914e-19)
(-0.217311 -0.270097 -1.06238e-19)
(-0.0965703 -0.06116 -2.38124e-19)
(0.136005 -0.0968891 -1.79901e-19)
(-1.31526 0.016263 6.11268e-22)
(0.834288 -0.315971 -1.38986e-19)
(1.37515 0.162665 -2.87189e-20)
(0.684147 0.012065 0)
(0.791643 0.0947592 2.99495e-19)
(1.21694 -0.37987 3.93672e-21)
(0.999349 -0.145712 -4.92866e-21)
(0.58095 0.511896 1.72754e-19)
(1.84842 0.237277 3.46585e-21)
(1.57387 -0.0144591 1.72725e-19)
(1.07186 -0.0289561 3.97446e-20)
(0.841416 -0.39719 1.40017e-19)
(0.512218 -0.240909 0)
(-0.193409 -0.22623 1.08339e-19)
(0.959537 0.0880872 1.51352e-19)
(1.07759 0.68707 9.09012e-20)
(-0.162554 -0.190912 2.31444e-19)
(1.06034 -0.628375 2.7131e-19)
(0.126832 -0.114522 0)
(1.75935 0.88239 0)
(0.225736 0.217681 3.3682e-19)
(1.57054 0.573825 0)
(-0.142894 0.138688 0)
(0.9963 -0.644322 -2.38398e-19)
(-0.140341 -0.16147 3.4676e-19)
(-0.0860706 -0.0164837 1.236e-19)
(1.10843 -0.0269444 4.70058e-20)
(1.53046 1.03674 -1.6352e-23)
(0.95979 -0.0520925 -1.68105e-19)
(0.128562 -0.125338 8.37554e-20)
(1.03897 0.132076 -1.65528e-19)
(-0.13583 0.147998 2.51362e-19)
(1.03184 0.353169 0)
(0.233402 0.232615 -1.7154e-19)
(-0.642404 0.365312 1.46765e-19)
(1.94064 0.38417 0)
(-0.861265 0.0963745 -2.46512e-19)
(0.0201841 0.066205 1.16598e-19)
(-0.646981 -0.277056 0)
(-0.0603386 -0.0586109 -4.9839e-20)
(0.235278 -0.235894 0)
(1.01756 -0.743551 0)
(-0.111433 0.127903 1.75748e-19)
(0.574806 -0.545204 4.34252e-19)
(-0.122012 -0.142788 -2.10903e-19)
(-0.536522 -0.255614 -1.83194e-19)
(0.242941 -0.244996 -1.6611e-19)
(0.241062 0.236418 5.02449e-19)
(-0.278869 0.280944 -2.58325e-19)
(-0.701565 -0.236285 -1.36487e-19)
(-0.0070797 -0.00508801 0)
(-0.187164 -0.515392 1.86848e-19)
(1.05146 -0.147743 -3.1043e-19)
(-0.0966736 0.11204 8.38288e-20)
(1.63988 -0.540942 1.85826e-20)
(1.30856 0.189282 0)
(2.16761 0.334232 -1.60568e-20)
(0.952849 -0.0516467 0)
(-0.0812363 -0.0899943 0)
(0.19999 0.196097 0)
(0.963461 0.0604707 0)
(1.11637 -0.271412 0)
(0.978513 0.0928201 -3.01994e-19)
(0.232902 0.231242 -1.62889e-19)
(-0.837281 -0.0528287 -1.76259e-19)
(-0.0932796 -0.113003 2.3333e-19)
(0.983862 -0.208736 1.58888e-19)
(0.784116 -0.386165 0)
(-0.160607 -0.137668 -2.1993e-19)
(1.01905 -0.0282039 -1.98519e-19)
(-1.54742 -0.0366245 7.89831e-19)
(-0.0313005 -0.0380263 0)
(-0.118445 -0.143609 -1.27554e-19)
(0.282479 0.264226 -1.3053e-21)
(0.254788 0.242952 0)
(-0.0393617 -0.0475704 1.14911e-19)
(-0.34043 0.402126 1.79043e-19)
(1.31396 -0.507756 1.67643e-19)
(1.79614 -0.430011 -2.63851e-21)
(0.823251 0.336012 -3.12886e-19)
(1.03425 0.0401809 0)
(0.331465 0.323164 -2.3389e-19)
(-1.01157 -0.0498303 2.91634e-19)
(0.313713 0.304949 -3.8802e-19)
(0.308422 0.299827 1.24018e-19)
(0.511114 -0.357353 0)
(-0.0617115 0.0760728 4.79532e-20)
(-0.127155 0.140412 0)
(-0.0251377 -0.0299362 2.85347e-19)
(-0.099404 -0.123841 2.55668e-19)
(0.50824 -0.405628 6.06207e-19)
(1.17319 -0.690097 -6.86689e-20)
(0.338888 0.338728 0)
(-0.0779061 0.0856504 2.06138e-19)
(0.239109 -0.244092 3.37849e-19)
(1.21877 0.133448 -4.87673e-21)
(0.334514 0.334972 0)
(0.999078 0.324572 -1.06201e-20)
(-0.453973 0.0576628 -9.79854e-21)
(2.4561 0.315488 7.95856e-20)
(-0.017598 -0.0219667 0)
(1.17032 0.752913 0)
(-0.0269079 0.0333805 -2.58089e-19)
(0.33321 -0.33521 -2.50036e-19)
(0.264628 -0.236546 2.43597e-20)
(1.90462 0.321105 -3.48544e-20)
(1.07907 0.333706 -1.27476e-19)
(0.309712 -0.301048 -2.53352e-19)
(1.03618 -0.0202931 3.35999e-19)
(0.997732 0.0605116 0)
(0.638826 0.123719 -1.49276e-21)
(1.07801 0.0209217 1.19434e-19)
(0.492296 -0.0890226 1.24431e-20)
(1.41231 -0.514891 0)
(1.18393 0.18029 -1.10151e-19)
(1.90431 0.483058 -1.47217e-19)
(-0.0488286 0.060778 0)
(-0.159469 0.0956946 2.98544e-19)
(1.69339 0.541852 0)
(1.00377 -0.00238215 5.34515e-20)
(0.333591 -0.322384 -1.175e-19)
(1.00479 0.00425414 5.49197e-19)
(0.798825 -0.39655 0)
(1.17172 -0.906552 0)
(-0.0138867 -0.0155261 1.02233e-19)
(0.0681011 0.0597171 0)
(1.08254 -0.0245066 7.09907e-20)
(0.520845 0.39181 6.1238e-20)
(0.719018 -0.0193606 -4.53016e-19)
(-0.037707 0.0458702 0)
(-0.447645 -0.129321 2.00864e-19)
(-0.909188 -0.0385118 0)
(1.80077 0.802248 0)
(-0.0319427 -0.0251312 0)
(-0.0401973 -0.0299997 1.01337e-19)
(1.67059 0.764521 -1.29568e-21)
(1.01015 0.047516 0)
(-0.13126 0.092964 7.72575e-20)
(-0.00156088 0.00381965 0)
(1.48602 0.146095 0)
(1.61922 -0.824824 -1.47656e-20)
(0.382134 0.359616 1.97764e-19)
(-1.14779 0.0989178 -5.1467e-19)
(-0.0100901 -0.0109531 -1.0802e-19)
(0.54329 -0.284723 -2.82976e-19)
(1.03076 0.26804 0)
(0.401074 -0.0495556 1.5651e-19)
(1.37877 0.0949844 0)
(0.909204 -0.0781259 3.28293e-19)
(0.217335 0.0432076 -1.6206e-19)
(0.401688 0.38026 -9.74723e-20)
(0.73049 0.223475 1.8617e-19)
(-0.247496 0.381457 1.75697e-19)
(1.44274 0.408509 -4.20619e-21)
(0.2243 -0.228775 1.83784e-19)
(-0.00925652 -0.00758149 2.41952e-19)
(1.49981 -0.476548 -9.48616e-20)
(-0.0173098 0.023476 8.60911e-20)
(-0.0180596 -0.0209712 0)
(-0.0957775 -0.0605384 -7.08597e-20)
(0.00302803 -0.00199362 8.4423e-20)
(1.03825 -0.207896 0)
(0.401236 -0.368144 1.18797e-19)
(0.257563 0.252819 1.49366e-19)
(0.250975 0.251497 -3.30821e-19)
(1.44548 0.076899 0)
(0.366969 -0.367136 -2.08031e-19)
(1.68491 0.484072 0)
(1.61469 0.138678 -4.30901e-22)
(-0.00863415 -0.0088955 1.19552e-19)
(0.90208 -0.0569691 0)
(0.58857 0.555016 -1.96323e-19)
(1.02105 -0.0150787 -2.47596e-19)
(1.09352 -0.0175332 -1.20965e-19)
(0.112685 -0.0550655 8.66094e-21)
(0.180568 0.0676124 -3.35239e-20)
(1.04817 0.0192429 -3.26959e-19)
(2.65429 0.000320667 -9.00361e-20)
(-0.149731 -0.0812252 1.65215e-19)
(0.0014043 0.00089946 -1.68404e-19)
(-0.088944 0.0187008 -1.6397e-19)
(1.33372 -0.382514 7.63331e-20)
(0.00457443 -0.00380078 1.07002e-22)
(1.11496 -0.000304081 -1.42707e-19)
(0.432039 -0.418748 7.54421e-20)
(-0.0497173 -0.064993 2.97531e-19)
(0.246721 -0.236434 0)
(-0.165136 0.278723 2.25467e-22)
(1.57678 0.979737 0)
(0.869493 0.016559 -1.34276e-19)
(-0.387929 -0.24247 -1.79679e-19)
(-0.560633 -0.366043 -1.79748e-19)
(0.742838 -0.368912 0)
(0.426493 0.401737 -2.63432e-19)
(-0.00507187 0.00930891 8.71451e-20)
(0.474794 0.525331 -2.11212e-19)
(0.540068 0.525521 -1.19912e-19)
(1.03868 -0.0288013 0)
(1.36334 -0.618786 4.2609e-20)
(1.7845 -0.395885 -1.56266e-20)
(-0.0708459 -0.224336 0)
(-0.0116319 -0.00981096 -1.04037e-19)
(0.793505 -0.491005 7.44043e-20)
(0.227986 0.440204 2.88407e-19)
(1.858 -0.445862 3.9583e-21)
(0.481129 -0.442061 -1.53039e-19)
(-0.781824 -0.160377 1.27908e-19)
(0.00388917 -0.00525453 -9.6305e-20)
(0.512419 0.416261 -3.43527e-19)
(0.560492 0.513509 -1.53506e-19)
(0.515518 0.478587 5.93016e-21)
(0.00658332 -0.00420262 4.53751e-20)
(-0.0561152 -0.0612736 -1.46808e-19)
(1.01327 0.0142382 1.63302e-19)
(0.277941 -0.267726 0)
(0.452748 0.426064 0)
(0.511826 -0.480092 1.28386e-19)
(0.00601447 -0.00684557 -1.69139e-19)
(-0.353062 -0.415881 -5.59233e-20)
(1.89482 -0.345616 2.18147e-20)
(0.485262 0.450813 0)
(0.489044 -0.486412 0)
(-0.000688858 -0.00564649 0)
(1.11422 0.0466918 8.39225e-20)
(0.62263 0.558487 0)
(-0.0196043 0.000402537 1.68688e-19)
(0.192128 0.177131 -6.32905e-19)
(-0.0471651 0.0220696 4.77592e-20)
(1.18819 -0.191176 2.69877e-19)
(-0.0441611 -0.0520176 -1.535e-19)
(1.13243 0.462582 -1.40617e-19)
(0.151764 -0.13273 -2.72247e-19)
(-0.0981455 0.0493946 2.82627e-19)
(-0.201602 0.234492 -2.43438e-19)
(-0.0813418 -0.0514651 -2.24228e-19)
(0.701984 -0.664019 0)
(-0.155645 0.0980477 -1.67176e-19)
(0.70578 0.615307 0)
(-0.238261 0.196245 7.2991e-20)
(0.792411 0.101631 -1.72305e-20)
(0.709739 0.368994 -3.65218e-20)
(-0.202553 0.136231 8.80205e-20)
(0.863239 -0.715715 0)
(-0.11909 -0.0717681 2.12278e-19)
(0.820631 0.690563 -9.96827e-21)
(0.358179 0.327544 -2.50526e-19)
(0.385088 -0.313203 4.79088e-19)
(0.517635 0.447688 1.66932e-19)
(1.00867 -0.00106177 0)
(0.460173 0.428687 0)
(1.6882 0.471161 0)
(1.02304 -0.0068863 0)
(-0.105228 0.141835 -7.57328e-20)
(0.768876 -0.627098 4.00535e-19)
(-0.0549009 -0.0383622 -2.61749e-22)
(1.1267 -0.222751 2.34935e-19)
(0.430952 -0.403482 2.43673e-19)
(2.45425 -0.18873 0)
(1.42519 -0.386169 0)
(0.0613793 0.402895 -4.2661e-19)
(0.448647 -0.185172 0)
(1.78015 0.307443 5.7613e-21)
(0.564239 -0.220984 -2.19029e-20)
(0.687871 0.637595 2.51164e-19)
(1.16327 0.248722 1.02957e-19)
(-0.0116318 0.0148092 0)
(-0.06028 0.086959 7.74036e-20)
(-0.030642 -0.0196952 0)
(0.40313 0.40975 3.75799e-19)
(0.631586 -0.0510154 9.26551e-22)
(0.706595 0.324333 0)
(1.02365 0.00818108 1.5504e-19)
(1.36149 -0.274539 1.2926e-19)
(1.01981 -0.0159248 -4.17439e-22)
(0.310681 -0.291334 1.51918e-19)
(0.299142 0.294784 0)
(-0.0718329 -0.0147663 0)
(-0.162743 -0.510634 6.51948e-20)
(1.4724 0.190576 1.65347e-19)
(1.10001 -0.119267 3.34752e-20)
(0.133093 0.124615 0)
(1.03146 -0.0138767 5.22908e-19)
(1.44787 -1.02437 9.22691e-21)
(-0.113247 0.312046 2.82447e-19)
(-0.0818405 -0.0411201 -2.45937e-19)
(0.506805 -0.434488 1.67842e-19)
(-0.0357937 -0.028684 1.86161e-19)
(2.09291 -0.0300198 0)
(0.376253 -0.34754 -3.08621e-19)
(1.06364 -0.0256065 -6.01781e-20)
(1.00947 -0.00445329 -2.23286e-19)
(0.55286 -0.056452 1.80634e-20)
(0.647192 0.0724061 -5.10306e-21)
(1.02456 0.0251239 -1.76549e-19)
(2.19431 0.492157 0)
(-0.028383 -0.0238839 -1.6838e-19)
(0.499233 0.0197731 -1.03071e-18)
(-0.368206 -0.45727 7.5664e-20)
(0.327437 0.308728 -1.42726e-19)
(-0.00928324 0.0187038 0)
(-0.00670346 0.0154109 0)
(1.73675 -0.834213 -8.35775e-20)
(0.99925 0.0753675 1.68902e-20)
(0.277271 -0.52927 2.9303e-19)
(-0.1179 -0.161429 -2.044e-19)
(1.01852 0.0126579 -4.96036e-22)
(0.746716 -0.706937 -6.33718e-20)
(1.1711 -0.0684344 1.37577e-20)
(1.02005 -0.010316 -8.37949e-20)
(-0.0137385 -0.0108816 0)
(0.931611 0.630118 3.98415e-19)
(0.783319 -0.242604 0)
(0.388913 -0.36028 0)
(-0.0206273 -0.0158505 1.99273e-19)
(1.03009 -0.0238251 2.84028e-19)
(0.514257 -0.483378 0)
(0.7712 0.705179 4.6464e-21)
(-0.656997 -0.1448 -1.49036e-19)
(1.81548e-05 0.00430294 7.86369e-20)
(0.314656 0.0893363 2.21052e-19)
(1.47111 -0.229834 -2.59453e-20)
(1.63366 0.242731 -2.9821e-19)
(1.68779 -0.294089 -2.17292e-20)
(0.936661 0.55398 1.34458e-19)
(1.02091 0.210809 1.93721e-19)
(-0.411903 -0.47976 -5.80401e-20)
(-0.630133 -0.232134 2.53171e-19)
(1.19989 0.169402 0)
(0.311102 0.213575 1.00605e-19)
(1.28859 -0.478544 1.1161e-19)
(-0.28248 0.330705 0)
(1.40378 0.203525 -1.68087e-20)
(1.02382 -0.00576947 3.68973e-20)
(-0.528137 0.455384 0)
(1.01909 0.0964995 -1.549e-20)
(0.658479 -0.249366 0)
(0.570841 -0.548631 -4.55058e-20)
(1.00384 0.181915 2.08108e-19)
(0.8019 0.426188 2.6644e-19)
(0.74795 0.380617 3.81256e-20)
(1.02098 -0.0106801 0)
(-0.902412 -0.082779 -1.73729e-19)
(1.59377 -1.02199 8.80063e-20)
(0.983716 0.768517 2.34508e-20)
(-0.143304 -0.124032 1.69278e-19)
(1.79929 -0.29318 1.31821e-19)
(0.00490773 -0.006999 7.1913e-20)
(0.803428 0.24018 0)
(0.820948 0.469133 0)
(-0.24064 -0.302641 1.95839e-19)
(1.05326 -0.178307 0)
(-0.305067 -0.0410404 -1.49509e-21)
(0.399235 -0.858652 -6.22479e-20)
(-0.0392093 -0.00508731 7.17675e-22)
(1.81848 0.539984 5.01393e-20)
(1.41513 -0.396732 -4.82761e-21)
(0.452367 -0.294483 0)
(1.02449 -0.000329771 -4.29366e-19)
(0.743178 0.67014 1.76564e-19)
(0.393031 0.541968 -5.85967e-19)
(1.105 -0.859666 6.15669e-20)
(0.581941 0.0256769 2.90759e-21)
(0.436869 -0.48175 -2.45847e-19)
(1.11232 -0.72744 -1.44877e-19)
(0.504241 -0.173837 1.42333e-19)
(-0.323515 0.352415 0)
(0.533309 0.159739 0)
(0.97375 -0.0860786 -3.11122e-19)
(1.05062 0.60136 0)
(0.860474 -0.360709 3.02055e-19)
(-0.553337 -0.317228 0)
(2.13278 0.397772 1.23058e-19)
(-0.0119287 -0.137065 -1.23328e-19)
(1.77655 0.751841 0)
(-0.285253 -0.373572 0)
(2.22711 0.0041197 1.43884e-19)
(-0.922685 0.244699 0)
(0.071552 -0.43919 -3.99787e-19)
(0.909174 0.59265 -1.32448e-19)
(2.13354 -0.384832 -2.09482e-20)
(0.221816 -0.216953 1.65621e-19)
(-0.197095 0.14457 1.00895e-19)
(1.94263 -0.469498 0)
(0.112942 -0.135686 -2.11786e-19)
(-0.0134979 -0.00621224 0)
(1.10756 -0.184547 -1.29374e-19)
(-0.0496718 -0.156206 -3.13044e-19)
(-0.64015 -0.289006 2.65261e-19)
(0.763834 -0.180263 6.71636e-20)
(1.9929 -0.266084 5.0063e-20)
(0.419817 0.402592 0)
(0.71644 -0.324349 -9.47658e-20)
(-0.379523 0.0160573 7.58872e-19)
(2.11592 0.42975 0)
(1.0182 0.566524 0)
(-0.118886 -0.070735 -1.76968e-19)
(1.46248 -0.311831 -1.52478e-19)
(0.883012 -0.262162 -1.04704e-19)
(1.38505 0.292054 4.82245e-19)
(1.56528 0.114251 -1.5422e-19)
(0.920264 0.357949 -1.68825e-19)
(1.0473 0.640621 -2.02092e-19)
(1.99899 -0.459992 6.2213e-20)
(-0.257357 -0.308001 -1.29095e-19)
(1.02548 -0.00261669 3.04618e-19)
(1.61291 0.159228 9.19584e-21)
(1.23723 0.292904 -2.44615e-19)
(1.00744 0.0428553 8.46648e-21)
(-0.400203 -0.0648093 1.18634e-19)
(-1.23531 0.11358 0)
(-0.585237 0.434624 0)
(0.628172 0.208433 0)
(1.89171 -0.291275 4.38246e-20)
(-0.37691 -0.50681 -2.21173e-19)
(0.472621 0.364422 0)
(-0.0262271 -0.0318158 1.14339e-19)
(1.6472 -0.387255 -5.79982e-20)
(-0.0955261 -0.0629951 -1.80541e-19)
(0.993771 0.664449 2.4439e-19)
(0.975379 0.289934 8.07711e-20)
(-0.573305 -0.180373 8.90455e-20)
(0.870478 0.774877 -2.22082e-19)
(1.24475 -0.295272 7.31145e-20)
(0.963133 -0.00862517 -2.83619e-19)
(1.0878 -0.0515212 -1.03144e-19)
(0.76228 0.258793 0)
(0.126502 -0.0498936 0)
(1.20319 -0.177286 5.88329e-20)
(1.42551 -0.310132 -1.48419e-19)
(-0.875324 0.277821 -5.54632e-21)
(1.04103 0.241226 2.22509e-19)
(1.25866 1.00776 0)
(0.572338 0.128786 -8.87953e-20)
(0.2135 -0.401709 -5.55426e-20)
(0.767871 -0.327224 3.96606e-19)
(0.792362 -0.300449 -1.31555e-19)
(1.42883 0.227909 2.30806e-19)
(-0.529873 -0.117369 9.46242e-20)
(-0.723982 -0.24007 -1.11679e-19)
(0.482526 0.46939 4.71194e-19)
(-0.477598 0.0448996 -2.82646e-19)
(1.54263 0.0625938 -5.62379e-20)
(0.99079 -0.256022 2.79192e-19)
(-0.0244419 0.0492223 -2.82712e-19)
(0.551639 0.370602 -3.43351e-19)
(0.866413 0.47287 0)
(-0.0395109 0.0574572 -9.22242e-20)
(-0.216139 0.221258 -1.90174e-19)
(-0.129976 0.314124 -1.61863e-19)
(-0.014755 0.0265786 -9.58542e-20)
(1.07539 0.0351473 -8.68217e-20)
(-0.252281 0.434274 -1.0032e-19)
(0.884534 0.508817 1.20078e-19)
(1.38299 0.818474 4.53217e-20)
(0.702207 0.649506 0)
(0.970815 0.626029 0)
(-0.0989644 0.0160324 -1.31532e-19)
(-0.593979 -0.0184912 0)
(0.925268 0.516996 -1.20554e-19)
(-0.0155293 0.0140835 0)
(1.5739 0.215488 5.03577e-21)
(0.678252 -0.0383284 6.49952e-19)
(-0.0440013 -0.0593707 2.87513e-22)
(-0.029967 0.0725925 0)
(0.537183 0.508511 0)
(-0.727279 0.347399 1.83343e-19)
(-0.222698 0.242768 7.75214e-20)
(1.90328 -0.33501 -1.41127e-20)
(-0.479628 -0.517102 2.19007e-19)
(0.563095 -0.0892869 -5.4482e-19)
(2.20851 -0.485537 3.70585e-20)
(1.7586 -0.224748 -2.42932e-20)
(-0.0607475 0.0928232 -8.17321e-20)
(0.375994 -0.365108 -3.64476e-19)
(-0.0870535 0.120506 1.39382e-19)
(-0.263953 0.244968 0)
(0.754853 0.689806 2.46628e-20)
(1.00633 -0.182199 -3.3143e-19)
(-0.103153 -0.0652498 1.00638e-22)
(0.580439 -0.17297 0)
(0.611827 0.575168 -2.88025e-20)
(0.479135 -0.466234 2.74804e-19)
(-0.240097 0.282591 6.22236e-22)
(0.381282 0.366474 -3.73414e-19)
(1.82429 0.601717 0)
(2.19512 -0.336815 3.81391e-19)
(-0.215912 0.2603 0)
(-0.2893 0.364252 -1.07897e-19)
(-0.113398 0.167226 6.25751e-20)
(0.399486 0.374212 2.92308e-19)
(0.784675 0.718813 -2.69079e-19)
(-0.170544 -0.272908 2.43395e-19)
(-0.0845154 0.131197 -1.42903e-19)
(-0.292305 -0.349869 -2.30089e-19)
(0.812555 0.297573 0)
(-0.215569 0.1027 -8.36564e-20)
(0.461886 -0.423525 2.96839e-19)
(-0.0701821 -0.0492419 -2.15757e-19)
(1.25746 0.234985 -1.82748e-19)
(-0.00236691 0.00832476 4.80754e-20)
(0.767464 0.708225 0)
(0.691521 0.646764 0)
(0.837517 0.754349 -2.27149e-19)
(0.872376 0.783995 7.38283e-20)
(1.44088 -0.837894 -8.45071e-20)
(-0.271266 0.177255 -1.8329e-21)
(0.892709 0.433516 0)
(-0.17059 0.202326 -4.6733e-20)
(1.45114 0.96041 -2.25982e-19)
(1.14744 -0.249831 1.60474e-19)
(1.53164 -0.480024 0)
(0.426073 -0.394597 4.06641e-21)
(1.96666 -0.356249 -1.56169e-19)
(-0.316613 0.310624 -1.34635e-19)
(-0.226445 0.406089 0)
(-0.00901313 0.0205047 -2.13034e-19)
(0.847025 0.757828 1.01151e-19)
(0.766731 0.422738 1.1169e-19)
(-0.00348116 0.0123194 -2.65186e-19)
(0.555027 -0.540257 0)
(1.59948 -0.450162 0)
(-0.0284367 0.0445343 7.95726e-20)
(0.336564 -0.311231 -5.42586e-19)
(-0.31133 -0.386061 -1.48612e-19)
(-1.19172 0.10819 -4.69396e-19)
(0.541833 -0.146205 3.03786e-19)
(-0.0150494 0.0333083 8.69959e-20)
(0.912802 0.805297 0)
(-0.294904 0.0454839 1.4027e-19)
(-0.00823662 -0.00668548 -8.77178e-20)
(-0.00112018 0.00628701 4.03636e-20)
(0.403781 -0.355862 1.77161e-19)
(0.00481255 -0.0636593 -1.62538e-19)
(0.673724 -0.197834 2.94359e-19)
(0.0037244 -0.00141485 -4.46559e-20)
(-0.542122 0.0501779 -1.89823e-19)
(0.752222 0.295357 0)
(1.954 -0.20202 3.34163e-20)
(-0.36035 0.185518 1.26541e-19)
(0.960149 0.807024 2.8959e-19)
(-0.460774 -0.519714 3.17187e-19)
(0.96499 0.850466 -8.91515e-21)
(2.0596 -0.363872 -6.43024e-21)
(-0.0149187 0.033776 1.31213e-19)
(1.18276 -0.302665 -3.98658e-21)
(-0.0384568 -0.513286 2.05109e-19)
(-0.0170124 0.0446345 1.2955e-19)
(-0.0031588 -0.00804369 1.55758e-19)
(-0.0285651 -0.0111837 -1.5489e-19)
(-0.115336 -0.0700093 2.30929e-19)
(1.15962 -0.299259 8.75192e-20)
(1.06865 0.922156 1.53141e-21)
(2.06534 -0.280941 2.02328e-20)
(-0.0409944 0.069842 1.7445e-19)
(0.63318 -0.160537 0)
(1.26614 -0.45854 0)
(-0.251471 0.269052 0)
(1.05911 0.793353 1.83548e-19)
(1.71689 -0.806082 1.80462e-20)
(0.00895364 0.082391 -9.8645e-20)
(-0.0569255 -0.0474506 1.45998e-19)
(-0.0266691 0.0484313 0)
(1.71564 -0.211222 -2.30124e-20)
(0.437417 0.411665 -5.29555e-19)
(-0.188932 0.325734 -1.18289e-19)
(-0.142324 -0.085814 -2.10802e-19)
(-0.549915 0.460784 2.07652e-19)
(2.03587 -0.324743 0)
(1.32391 1.00129 -1.18675e-21)
(-0.130104 -0.0759037 -1.03441e-19)
(0.48341 -0.131546 0)
(0.609785 -0.0827862 -3.13295e-19)
(1.04948 0.860519 0)
(-0.657923 -0.00969455 1.78321e-19)
(-0.121446 -0.0696681 2.01708e-19)
(0.927728 0.808444 -1.20876e-19)
(-0.120811 -0.0722204 9.88508e-20)
(0.460278 -0.0886028 -1.90424e-19)
(0.994295 0.857791 0)
(0.49537 -0.469139 -6.82143e-20)
(0.864978 0.737711 1.50248e-19)
(0.512448 -0.44948 -2.70761e-19)
(1.05929 0.90998 0)
(0.270601 0.0748487 -4.31931e-20)
(-0.702623 -0.0747933 1.66245e-19)
(1.13545 0.941645 1.06369e-20)
(-0.268247 0.336842 -1.8794e-19)
(1.3202 0.993287 3.02738e-20)
(1.71106 -0.664988 -1.61523e-20)
(-0.0110379 0.0214368 1.71126e-19)
(0.650021 -0.11663 -1.2986e-19)
(1.80158 -0.140303 0)
(1.15271 0.946231 6.13338e-20)
(2.05935 -0.175851 0)
(0.841358 -0.253375 3.1623e-19)
(-0.725227 0.0740212 -3.14091e-19)
)
;

boundaryField
{
    frontback
    {
        type            empty;
    }
    Top
    {
        type            noSlip;
    }
    outlet
    {
        type            zeroGradient;
    }
    bottom
    {
        type            noSlip;
    }
    Inlet
    {
        type            fixedValue;
        value           uniform (1 0 0);
    }
    rectangle
    {
        type            noSlip;
    }
}


// ************************************************************************* //
