/*--------------------------------*- C++ -*----------------------------------*\
| =========                 |                                                 |
| \\      /  F ield         | OpenFOAM: The Open Source CFD Toolbox           |
|  \\    /   O peration     | Version:  2306                                  |
|   \\  /    A nd           | Website:  www.openfoam.com                      |
|    \\/     M anipulation  |                                                 |
\*---------------------------------------------------------------------------*/
FoamFile
{
    version     2.0;
    format      ascii;
    arch        "LSB;label=32;scalar=64";
    class       volVectorField;
    location    "3.5";
    object      U;
}
// * * * * * * * * * * * * * * * * * * * * * * * * * * * * * * * * * * * * * //

dimensions      [0 1 -1 0 0 0 0];

internalField   nonuniform List<vector> 
2186
(
(1.17522 -0.123655 1.9913e-19)
(1.68774 -0.934792 -1.20706e-19)
(1.50576 -0.909332 -4.88751e-22)
(0.729109 -0.573068 -1.22548e-19)
(-0.580387 0.225154 -1.91811e-19)
(1.038 0.00612735 0)
(0.736068 -0.674478 0)
(-0.783969 -0.617915 1.53763e-19)
(2.17088 0.495867 2.54823e-19)
(0.540356 -0.319967 -2.28557e-21)
(0.670966 0.613973 0)
(1.10472 -0.265468 -1.53307e-19)
(-0.713271 -0.419868 -5.22672e-20)
(1.07256 -0.0490852 -3.19171e-19)
(1.8987 -0.632262 -1.2043e-19)
(1.01022 -0.0106858 1.49563e-19)
(1.00349 0.0420907 0)
(-0.146217 -0.405672 0)
(1.01738 -0.00337928 0)
(-0.216155 1.0169 -1.11656e-19)
(0.480734 0.0697392 -9.92244e-20)
(0.303832 0.374045 1.2123e-19)
(1.06492 -0.00643251 2.60686e-19)
(-0.187956 -0.388628 2.07054e-20)
(1.03074 0.0373771 -2.03338e-19)
(0.784345 -0.544698 0)
(0.75819 -0.0302816 1.24001e-19)
(0.613929 -0.587407 -1.39434e-19)
(1.2264 0.692472 0)
(0.953475 0.0358939 -2.79778e-19)
(-0.0652602 0.728839 0)
(1.02147 0.0190146 9.65734e-21)
(0.098144 0.684549 0)
(1.21861 0.088626 3.66643e-21)
(0.0501363 -0.965932 1.9379e-21)
(1.55247 0.73835 2.22296e-20)
(1.11515 0.00086665 4.66402e-21)
(0.509916 0.115073 -2.95343e-19)
(1.99105 -0.364492 -3.42422e-19)
(1.05324 -0.00440102 -1.79961e-21)
(-0.758593 -0.369012 0)
(0.271919 0.607426 0)
(2.03088 -0.836811 1.14016e-19)
(0.298841 0.585607 0)
(1.06351 0.267646 1.27149e-19)
(0.578831 -0.298337 2.41155e-19)
(0.953271 -0.803414 0)
(1.19849 -0.768418 8.18573e-20)
(1.11536 -0.116059 0)
(-0.564845 -0.174666 2.9106e-19)
(-0.145129 0.908762 1.65259e-19)
(0.619419 0.57436 6.38195e-20)
(2.20022 -0.654028 1.30269e-19)
(0.596943 0.24913 -2.36536e-19)
(0.306088 0.665085 7.30677e-20)
(0.761343 -0.637341 0)
(1.81587 -0.982129 2.266e-20)
(0.577803 -0.533596 0)
(2.00537 -0.26698 8.20964e-20)
(1.06906 -0.17153 -3.21725e-19)
(1.03072 0.00284092 2.83274e-21)
(1.33035 0.268478 -1.38089e-19)
(1.31365 0.526869 0)
(1.02376 0.0354214 1.97166e-21)
(1.32321 0.402858 -7.99017e-20)
(1.26631 -0.713085 -1.0927e-19)
(1.1768 0.638762 4.06474e-20)
(0.677459 0.0674798 -4.77226e-19)
(0.824729 0.0635705 0)
(2.03439 0.545925 -5.36371e-20)
(-0.822979 -0.56312 -2.1011e-19)
(1.12536 -0.0567349 9.0091e-22)
(0.715585 -0.0458696 -2.10225e-19)
(0.878229 -0.5051 0)
(0.816339 0.171999 -7.70188e-20)
(0.539103 -0.501232 -2.49819e-19)
(1.17783 -0.0880305 0)
(1.01887 -0.00205807 3.03723e-19)
(-0.125442 -0.975253 0)
(2.47186 0.0748199 0)
(1.17017 -1.00393 3.3833e-20)
(0.995033 -0.0253712 1.31924e-21)
(1.04693 0.0190101 3.39295e-20)
(1.30329 0.335765 2.05259e-20)
(0.953027 0.0341407 3.61717e-19)
(1.03484 -0.0108532 -8.43686e-21)
(0.67383 0.163572 -2.84355e-19)
(1.01993 0.00402578 -5.46543e-23)
(0.832234 -0.00292126 0)
(0.00954822 0.00929781 1.33251e-19)
(0.862328 -0.606852 -1.34475e-19)
(-0.647714 0.693278 5.50261e-21)
(1.04107 -0.0848434 2.09991e-19)
(0.792674 -0.198067 0)
(0.956696 -0.00573679 3.38052e-20)
(1.37578 0.613235 0)
(1.68252 -0.925981 0)
(1.30353 0.197145 0)
(-0.690169 0.16925 0)
(0.787522 -0.650603 2.40926e-19)
(0.885407 -0.525746 -6.9977e-21)
(0.922576 -0.66932 1.14717e-20)
(1.41163 0.123219 0)
(1.06002 -0.108278 -1.91993e-19)
(1.03489 0.0225331 1.50887e-19)
(0.0698702 0.0975668 3.73772e-19)
(0.635264 0.49233 0)
(1.79221 0.181497 -4.9232e-20)
(0.977675 -0.47562 6.71261e-20)
(0.893064 0.0344503 -1.32628e-20)
(2.03188 0.29328 1.71153e-19)
(-0.801871 0.0817917 -4.95882e-19)
(0.836672 -0.754581 0)
(0.564872 0.32291 1.43644e-19)
(2.2418 0.465123 -7.99954e-19)
(-0.340393 -0.128457 -2.97442e-19)
(1.0137 0.0251779 -3.57584e-21)
(1.05942 -0.122156 0)
(-0.0248238 -0.105398 -4.01409e-19)
(0.691186 -0.0850982 6.64854e-20)
(1.59712 0.863701 0)
(-0.0472856 -0.885672 -3.42565e-19)
(0.868925 0.753209 -2.17662e-19)
(0.141896 -0.465996 4.52797e-20)
(1.00955 -5.04414e-06 0)
(1.02682 -0.0348565 4.50524e-21)
(-0.741813 0.220778 0)
(0.684932 -0.493447 -8.94763e-20)
(-0.0744856 -0.389886 -4.19936e-20)
(0.804766 -0.727185 0)
(0.432899 -0.296631 3.52112e-19)
(0.533945 -0.461685 2.34859e-19)
(0.433632 -0.39105 0)
(0.998121 -0.779278 -9.59953e-20)
(0.98389 -0.825111 0)
(-0.541387 -0.329921 -2.27508e-19)
(0.811218 -0.685158 1.14102e-19)
(1.99223 0.333439 1.77229e-19)
(1.76742 -0.20826 0)
(-0.768337 -0.942153 0)
(0.673581 0.624834 -2.64505e-19)
(1.84098 -0.528842 2.31655e-20)
(-0.716988 -0.617973 0)
(0.995592 -0.800128 -1.06423e-20)
(1.0907 -0.0377484 0)
(1.05585 -0.107315 3.3683e-19)
(1.89577 0.108486 -7.09458e-20)
(-0.550138 0.231297 0)
(1.21721 -0.524972 -4.2044e-20)
(0.464022 0.857377 -9.12534e-20)
(-0.845229 0.623808 0)
(1.10602 -0.806035 1.23521e-20)
(1.01073 0.0239997 -5.07171e-19)
(0.638625 -0.483137 -8.82338e-21)
(0.809447 -0.508044 0)
(1.2128 -0.715224 -6.94135e-20)
(0.657812 0.217698 2.2159e-19)
(1.23885 0.15092 0)
(1.53952 -0.0166292 -1.39803e-19)
(1.21439 -0.850637 -1.31975e-19)
(-0.780098 -0.98319 -1.92012e-19)
(-0.26144 0.730034 -1.60294e-19)
(1.0796 0.0252283 1.89844e-19)
(0.933251 -0.453798 -8.44135e-20)
(1.05494 0.00146133 5.05987e-23)
(0.97092 -0.0175832 -3.12844e-21)
(0.842958 -0.122479 1.3494e-19)
(0.47964 -0.448442 -3.39849e-19)
(1.01768 0.0218025 0)
(1.05522 -0.00468207 -2.3955e-21)
(1.44023 0.617897 8.39947e-20)
(0.806293 -0.601039 -1.75717e-19)
(1.0043 0.0193511 1.04075e-20)
(0.709548 -0.526622 2.45943e-19)
(1.31797 0.76906 8.27002e-20)
(1.62484 -0.0603522 1.21529e-20)
(-0.481778 0.152209 0)
(1.00899 0.0782398 -1.97284e-19)
(0.228142 0.385588 -1.58219e-20)
(1.04953 0.468583 6.42283e-20)
(0.643862 -0.318229 2.0557e-19)
(1.03262 0.00778482 -3.60857e-20)
(-0.199781 0.976185 -3.15496e-19)
(1.30384 0.538795 -5.28545e-20)
(1.134 0.86353 0)
(-0.438183 0.0132202 -6.39912e-20)
(-0.11421 -0.0438681 0)
(0.651892 0.563661 -2.30631e-19)
(1.78556 -0.146604 -1.91422e-20)
(-0.57995 -0.269937 1.35066e-19)
(-0.217274 -0.0321244 -2.1462e-19)
(0.726619 0.0787922 2.09518e-19)
(1.26669 -0.34312 -2.17345e-21)
(0.986565 -0.34572 -2.49972e-20)
(-0.540282 -0.73035 0)
(0.905458 0.0338997 -1.90651e-20)
(1.35365 0.963025 1.85069e-20)
(0.829948 0.077112 -1.13954e-19)
(0.554348 0.524987 1.59489e-19)
(0.607265 0.180902 0)
(-0.441736 0.219196 -4.39727e-19)
(0.938761 -0.00202883 -1.37647e-20)
(1.3419 -0.96672 1.12994e-22)
(0.973887 -0.0476115 -1.61344e-19)
(-0.257197 -0.192283 -7.00194e-21)
(-0.609635 0.564603 2.05451e-19)
(0.0277095 -0.577313 -2.3066e-19)
(1.04891 -0.114533 0)
(1.07943 0.0619841 -2.66421e-19)
(1.28963 -0.195998 1.12946e-20)
(1.29111 -0.587662 7.12681e-20)
(1.03926 -0.00636996 -1.60645e-21)
(0.593783 0.303389 0)
(0.923885 0.736691 -1.27455e-20)
(0.671889 0.622493 1.46657e-19)
(0.905307 -0.552633 1.21444e-19)
(0.676883 0.485601 0)
(0.971911 0.0183811 6.8887e-21)
(0.886431 -0.649644 1.73103e-19)
(0.82506 0.404536 -3.79365e-19)
(1.28791 -0.0996814 0)
(-0.152557 -0.119029 -2.0661e-19)
(-0.049201 0.492834 -2.69402e-19)
(1.60354 0.685473 0)
(1.39094 -0.933105 -9.67175e-23)
(-0.157882 -0.479729 0)
(-0.651012 0.345156 1.34479e-19)
(0.725832 0.653861 -7.98415e-20)
(0.834719 -0.237315 0)
(0.71323 -0.65957 0)
(1.88932 -0.426375 0)
(0.87612 -0.102355 -2.97177e-20)
(1.2416 -0.879481 8.65291e-20)
(1.18617 -0.589815 4.66949e-20)
(1.04677 -0.071301 -1.35612e-19)
(0.881083 -0.678196 -1.36206e-19)
(0.181649 -0.185029 0)
(0.328007 -0.229725 0)
(1.0153 -0.50321 1.39805e-19)
(-0.843887 -0.826396 0)
(-0.698042 0.0156312 0)
(-0.309631 -0.0840887 2.54664e-19)
(0.776145 0.669393 6.92747e-20)
(0.997338 0.772489 0)
(0.687752 0.543197 -7.0623e-20)
(0.834346 -0.0438025 -1.88801e-19)
(0.731855 0.553627 -1.88114e-19)
(0.590184 0.554911 -1.37319e-19)
(-0.862596 -0.657701 2.40807e-21)
(0.725819 -0.643063 0)
(0.892796 0.162669 -2.6883e-19)
(-0.910404 -0.524994 9.65024e-20)
(0.597007 0.55893 3.04548e-19)
(0.938681 0.780779 0)
(0.863069 -0.104674 -2.39402e-20)
(-0.163868 -0.799708 8.43497e-19)
(0.527214 -0.292799 -4.87162e-19)
(0.661151 0.567846 -1.22843e-20)
(0.964968 -0.0257939 4.76773e-20)
(-0.693442 -0.176497 0)
(1.44037 0.255993 -4.82592e-20)
(0.962841 -0.0523556 1.0379e-20)
(0.650814 -0.595139 -6.16292e-20)
(0.243061 -0.617233 9.2972e-22)
(1.19049 0.414704 1.3845e-19)
(0.873501 0.3955 0)
(1.10673 -0.151739 1.62149e-19)
(0.257976 -0.0848663 -2.2686e-21)
(-0.509478 1.04859 7.31351e-19)
(1.02655 0.000275643 -4.36247e-20)
(1.1584 0.0975187 0)
(1.51426 0.127988 -1.02376e-19)
(1.52313 -0.0967151 0)
(0.547857 0.230584 -3.90559e-19)
(-0.679232 0.619176 0)
(-0.890548 -0.692065 4.17641e-19)
(0.86142 0.0162745 0)
(0.610421 -0.514289 -1.5153e-19)
(1.06016 -0.0143906 1.74987e-19)
(-0.657419 0.122331 3.67729e-20)
(1.22197 -0.0509112 -4.11141e-21)
(2.056 0.259859 -1.39889e-19)
(1.05984 0.230204 -1.78949e-19)
(-0.829312 -0.304805 -1.54169e-19)
(1.09424 -0.849259 0)
(0.814763 0.0264482 -1.27789e-19)
(0.949987 -0.375218 -2.39903e-19)
(1.75067 -0.547203 -9.30111e-21)
(1.55896 -0.00817855 1.1668e-19)
(1.04582 0.0075345 3.17546e-19)
(0.290104 0.448787 -4.08262e-19)
(1.01284 -0.440522 -1.02128e-19)
(0.191346 -0.184534 2.1402e-19)
(1.00075 -0.0352528 0)
(1.02935 0.00545333 0)
(1.03007 -0.0409651 -5.36962e-21)
(-0.132862 -0.0665418 -2.17839e-19)
(0.255702 -0.113901 -1.84542e-19)
(0.873155 -0.0638233 3.22191e-21)
(1.03648 -0.152777 0)
(1.24178 -0.343081 -8.43607e-21)
(0.974381 -0.838281 -5.22093e-20)
(1.8777 -0.561811 -9.8334e-20)
(1.09686 0.809383 0)
(0.463091 -0.4475 0)
(0.605014 0.511921 -1.48433e-19)
(1.05409 0.259564 -3.26691e-19)
(1.9795 0.119674 3.41244e-22)
(0.842002 0.154174 1.15783e-19)
(0.363117 0.994781 -8.51024e-19)
(1.05114 -0.0110257 2.78757e-21)
(-0.408164 0.585419 0)
(-0.663617 -1.05807 0)
(-0.490193 -0.043969 0)
(1.36606 -0.701013 -4.96173e-20)
(-0.80037 0.647024 -4.41481e-19)
(-0.760237 0.885032 0)
(1.30678 0.961032 -1.19998e-20)
(1.08334 0.122569 -3.38409e-19)
(1.02503 0.0187825 3.50802e-21)
(1.08359 0.909138 4.74473e-20)
(-0.801745 0.47131 2.74657e-19)
(1.03221 0.014802 0)
(-0.41802 -0.0307982 -2.23272e-19)
(-0.721783 0.379753 4.37595e-19)
(0.773416 0.0447547 1.54556e-19)
(1.56569 0.910172 4.93335e-20)
(1.02613 0.00200282 3.64022e-21)
(-0.611636 0.763779 1.95893e-20)
(0.753061 -0.679466 -2.92847e-20)
(1.30289 -0.0552592 0)
(1.55414 -0.00153629 0)
(1.16556 -0.00491646 0)
(0.978432 0.0233861 1.39903e-20)
(-0.60637 0.0492576 9.05914e-20)
(1.0326 0.821835 0)
(0.949032 0.0195503 4.30608e-19)
(0.751513 0.598 -1.87504e-19)
(0.935453 0.00704823 1.01109e-20)
(0.852931 0.0044959 -3.45822e-20)
(0.716969 -0.644364 -1.76541e-19)
(1.39289 0.677419 -1.64085e-20)
(0.554647 -0.458986 -2.44814e-19)
(1.04244 -0.000267501 -3.83637e-19)
(1.02455 0.0526014 3.8477e-20)
(1.48271 -0.152519 4.28033e-20)
(1.00493 0.00376493 1.5254e-21)
(-0.669818 -0.740316 1.22326e-21)
(1.05885 0.463793 -2.13506e-19)
(1.4829 0.633146 1.1169e-19)
(0.626986 -0.610195 0)
(-0.187176 0.796744 2.98232e-19)
(-0.193274 -0.119156 8.61431e-20)
(-0.151892 -0.511671 -1.80499e-19)
(0.474307 0.28996 0)
(0.987449 -0.0155765 0)
(-0.161905 0.259811 -2.2146e-19)
(-0.84948 -0.393722 -8.60549e-20)
(1.03846 0.00143277 1.52275e-19)
(-0.429226 0.222173 -3.6976e-20)
(1.01203 -0.182192 1.2586e-20)
(0.116572 -0.404552 0)
(0.843806 -0.73805 -2.35992e-19)
(1.00839 -0.00390932 -1.34724e-21)
(-0.0121697 0.629752 2.78812e-20)
(0.721102 0.153309 2.76862e-19)
(0.624523 0.120681 9.02556e-20)
(0.491968 -0.465405 1.67778e-19)
(-0.744986 -0.633103 -1.86562e-19)
(1.0392 -0.011459 0)
(0.3886 0.322763 -1.66262e-19)
(1.02284 0.0141058 -2.43967e-19)
(-0.195998 -0.0565712 8.92499e-20)
(1.40803 0.411057 -7.18596e-20)
(-0.85489 -0.834505 -9.04593e-20)
(0.727276 -0.657677 -1.38359e-20)
(0.803475 0.177029 -1.71833e-19)
(0.95066 0.428961 1.8468e-20)
(1.06461 -0.119792 2.98038e-20)
(0.588388 -0.237875 -2.53028e-19)
(2.05761 -0.0982779 -1.84972e-19)
(0.835387 -0.0160163 0)
(0.986132 0.00172068 2.50554e-21)
(0.885064 0.0392279 -2.88367e-21)
(1.38917 0.982417 6.62059e-20)
(1.35453 0.283623 -2.24396e-19)
(1.02622 0.00121241 -2.0299e-21)
(0.419339 0.378912 -2.14289e-19)
(0.0455331 -0.798031 1.50852e-19)
(1.68925 0.722093 0)
(1.0148 0.011922 0)
(0.892883 -0.781512 4.35851e-20)
(-0.375057 -0.636673 -9.22815e-19)
(0.455956 -0.329544 1.15498e-21)
(-0.745317 -0.831764 -4.02055e-19)
(-0.341058 -0.539767 -1.18423e-19)
(-0.176723 0.780562 0)
(-0.648242 -1.00006 7.46653e-20)
(0.888931 0.0301567 -2.87043e-19)
(-0.620996 0.510642 -4.57431e-19)
(0.781818 -0.13521 0)
(1.06364 -0.0207665 -4.61972e-21)
(-0.228534 -0.188774 0)
(0.96967 -0.0106781 3.09041e-19)
(-0.0303598 0.971238 1.21288e-21)
(0.53093 -0.43235 3.28084e-19)
(0.184082 0.299719 2.62204e-20)
(0.814001 -0.00713653 0)
(0.361163 -0.578228 2.83525e-19)
(1.01793 -0.00920113 -9.19326e-21)
(0.669318 -0.720732 0)
(1.03114 0.00158385 -4.7349e-20)
(0.864425 -0.715827 -2.29088e-19)
(0.999188 -0.0298912 0)
(0.94185 -0.28741 1.71638e-19)
(0.0563866 -0.661189 2.84886e-19)
(-0.251282 -0.36393 0)
(-0.72503 0.31471 -1.06233e-20)
(0.719491 -0.620277 -3.48142e-19)
(1.02202 -0.0409278 -2.25513e-19)
(-0.122355 -0.363528 1.22285e-18)
(-0.906712 -0.798198 2.93281e-19)
(-0.516453 0.560417 0)
(0.93558 0.472633 0)
(0.0469299 0.883566 7.40211e-20)
(1.21279 0.326195 -1.48192e-20)
(1.07185 0.87627 1.26791e-20)
(1.02828 0.177202 -1.01869e-19)
(1.09059 -0.0136641 -1.86148e-19)
(1.20116 0.0803118 -6.30459e-20)
(-0.581438 -0.267642 -1.04506e-18)
(1.10515 -0.0880293 5.90983e-20)
(0.906996 0.047387 1.68513e-19)
(1.12538 0.090067 1.91936e-20)
(1.18559 -0.209355 0)
(0.924925 0.112032 -2.24837e-20)
(1.00125 0.0237874 -4.19217e-19)
(1.74512 0.548831 -2.37847e-20)
(0.722067 -0.453618 -1.33931e-19)
(-0.043202 -0.175371 2.98981e-19)
(0.801949 -0.692434 3.02583e-19)
(1.20868 0.174106 5.78543e-20)
(0.995118 -0.00604689 2.10476e-19)
(-0.0382411 0.596805 -4.07514e-19)
(1.00291 0.0261449 0)
(1.04667 0.0456289 -3.26048e-21)
(-0.229045 -0.444343 0)
(1.05082 0.00726893 -1.24034e-19)
(0.886437 -0.0350016 3.44456e-20)
(1.6423 0.17738 1.2179e-20)
(-0.253803 -0.0879128 1.02483e-19)
(1.55786 0.02875 -1.36665e-20)
(1.06724 -0.00232557 4.33512e-20)
(1.3261 -0.112555 0)
(1.47347 -0.572878 -8.46857e-20)
(1.00722 0.0381868 -1.29915e-19)
(1.46047 0.768351 -8.4599e-21)
(1.31689 -0.0238635 0)
(1.01213 -0.0141149 1.84108e-21)
(-0.15201 0.301487 0)
(1.45651 0.0617669 0)
(-0.706575 -0.126202 0)
(1.21246 0.451943 0)
(2.12121 0.0192281 6.52919e-20)
(0.730486 0.617218 3.28361e-19)
(0.284656 -0.285351 -1.98633e-19)
(-0.93877 -0.613531 -6.88942e-19)
(-0.564812 -0.78094 0)
(1.06125 -0.00333617 -2.71384e-21)
(1.5927 0.474823 0)
(1.45733 0.255826 0)
(-0.383295 0.0663763 9.60674e-20)
(0.793146 0.701922 9.92761e-20)
(1.68074 0.061222 0)
(-0.637789 -0.457622 9.9489e-20)
(0.893755 0.220121 1.57784e-19)
(1.02385 -0.0476062 2.06851e-21)
(1.24805 0.903561 2.75345e-20)
(0.95484 -0.852586 -1.87786e-20)
(0.843473 -0.00131218 -9.18549e-23)
(0.780063 0.704852 1.0063e-19)
(1.1863 0.908002 0)
(1.11088 -0.0738242 -1.00015e-21)
(0.97721 0.092967 0)
(1.01674 -0.0276976 -4.05939e-21)
(1.13556 0.431953 2.87793e-19)
(0.998241 -0.0289036 0)
(0.941435 0.0950002 -2.07372e-20)
(0.869919 -0.194533 3.9951e-20)
(0.614305 -0.411551 0)
(0.648692 -0.383091 1.77504e-19)
(1.23621 0.528692 -2.51671e-20)
(0.480606 0.454103 2.31576e-19)
(-0.62128 0.505047 4.93894e-20)
(1.06979 0.455902 2.54545e-19)
(1.01526 0.0350729 0)
(1.35234 -0.893178 -2.68692e-20)
(1.03712 -0.0156825 3.38893e-19)
(1.61351 0.327613 1.77474e-19)
(-0.578396 -0.301047 8.17241e-20)
(0.375343 0.323803 0)
(1.16615 -0.246216 -8.95858e-20)
(-0.307887 -0.471661 -3.06782e-19)
(0.890596 0.272416 2.74769e-21)
(-0.109037 -0.0164811 1.33322e-21)
(-0.231716 0.0534923 4.14459e-19)
(1.05213 0.00187987 -1.09894e-22)
(1.54708 0.232445 6.47021e-20)
(1.18406 0.412074 -2.23274e-19)
(1.14229 -0.0735276 0)
(1.38644 0.025547 6.81242e-20)
(1.38687 0.0122151 3.63664e-20)
(0.919045 -0.758406 1.10456e-19)
(1.20719 -0.999597 -8.13621e-21)
(0.48317 0.451408 1.53935e-19)
(1.00363 0.13637 0)
(1.79123 0.523657 5.78684e-20)
(-0.389692 -0.633825 -6.33701e-19)
(0.870889 0.755271 0)
(1.04151 -0.0102088 0)
(0.28513 -0.284926 -3.56455e-21)
(0.317597 0.283767 0)
(0.419084 0.171284 1.23375e-20)
(-0.679161 0.450405 -1.66558e-19)
(1.85956 -0.438344 0)
(1.25702 0.0936717 1.01566e-19)
(0.425472 -0.508139 -2.88997e-23)
(0.526632 -0.495789 -3.80736e-19)
(1.32037 0.135086 -9.99198e-21)
(0.606146 -0.544305 0)
(1.10836 0.104033 0)
(1.47542 -0.412886 0)
(1.08299 0.247334 -1.88739e-19)
(1.20381 0.0733898 2.66829e-19)
(0.761813 -0.04038 0)
(1.00718 0.0579597 0)
(1.1176 -0.0492421 3.23079e-21)
(-0.678814 0.852558 2.18062e-19)
(1.23455 -0.163191 -1.38233e-20)
(1.23096 -0.551581 2.53986e-19)
(0.982702 -0.0558086 -2.29044e-20)
(0.176758 -0.318467 -1.54185e-20)
(1.34295 -0.132154 -5.36328e-20)
(0.983317 -0.0271183 3.49956e-19)
(1.52832 0.56169 0)
(-0.828535 0.353414 4.6547e-20)
(1.01904 -0.828262 1.29732e-19)
(0.865725 0.000480961 4.04223e-20)
(0.620138 -0.434962 0)
(1.96161 -0.370961 9.93259e-21)
(1.24937 -0.183964 1.13172e-19)
(1.00751 0.0124624 0)
(0.6149 -0.56642 3.493e-19)
(1.00514 0.0170692 2.89889e-21)
(1.21871 -0.213692 1.584e-20)
(-0.823715 0.800525 -4.57227e-19)
(1.33518 0.586155 1.01412e-19)
(1.14358 0.390128 2.8928e-21)
(0.893118 0.353622 1.85874e-19)
(1.13462 0.287064 -7.4412e-22)
(-0.560199 -0.087405 4.30275e-21)
(1.46992 0.983811 0)
(-0.148701 -0.0414064 4.59063e-19)
(1.15341 -0.9889 0)
(1.07026 -0.636152 1.68659e-20)
(1.07915 0.460119 -4.94131e-21)
(1.01884 0.0315374 -2.3971e-21)
(-0.261353 0.367339 -1.3675e-19)
(0.958075 0.483584 1.41661e-19)
(0.96001 0.0436011 -1.5449e-20)
(0.874138 -0.00628469 0)
(0.852891 -0.0105488 0)
(0.826201 -0.0074569 1.23701e-21)
(0.817523 -0.0308246 0)
(1.33683 -0.203413 -1.16459e-19)
(0.341116 -0.13512 -1.25999e-20)
(1.91542 0.399168 6.60199e-20)
(1.06692 0.0197361 0)
(0.540395 -0.357734 8.70497e-20)
(1.00335 0.0324234 1.66242e-19)
(0.985001 0.0459034 1.20586e-20)
(-0.0562227 -0.795145 0)
(1.11356 -0.467013 3.81824e-19)
(1.01252 -0.0113215 2.03685e-24)
(1.0802 -0.492233 -1.66385e-19)
(1.99543 -0.104937 1.75956e-19)
(1.30692 0.772588 0)
(0.990018 0.00719142 0)
(-0.521608 -0.158961 -1.66743e-19)
(-0.188445 0.344621 2.4977e-19)
(0.937072 0.357107 -1.69782e-19)
(0.626074 0.89679 -2.96172e-19)
(0.643081 0.386711 2.04671e-19)
(0.999549 0.00858011 0)
(0.539734 -0.497902 0)
(1.03665 -0.00572421 3.23973e-22)
(1.20446 -0.463606 -7.5667e-20)
(1.31951 -0.404602 3.27976e-20)
(0.712366 -0.168465 9.97261e-20)
(-0.533712 0.941324 -5.31094e-19)
(1.14143 -0.510144 1.26726e-20)
(0.652985 0.615332 0)
(1.28284 0.669598 0)
(1.50535 0.185665 0)
(-0.508888 0.489149 -1.41983e-19)
(1.40528 0.582538 2.93416e-19)
(1.32399 0.120265 9.76001e-21)
(1.08433 -0.00175054 0)
(1.02709 -0.0211805 0)
(1.36749 -0.0699829 -4.89974e-20)
(0.976659 0.080628 -1.41612e-20)
(0.999638 0.0149711 -1.64956e-19)
(1.45165 0.482508 0)
(-0.403349 -0.476126 0)
(1.21545 0.270696 2.29943e-19)
(0.996162 0.524589 -1.04115e-19)
(1.02311 0.00753533 0)
(1.07459 0.235274 0)
(2.11429 0.583713 -4.06213e-19)
(-0.615086 0.576657 -1.21144e-20)
(1.04118 0.0144241 0)
(0.698369 0.453071 -2.78228e-20)
(0.959393 -0.836135 0)
(1.04828 -0.00949873 3.81549e-20)
(1.02798 0.0171755 9.91478e-21)
(0.906011 -0.327286 2.52072e-19)
(1.00856 -0.0201061 -5.66741e-21)
(1.73587 0.224754 1.68884e-19)
(1.04093 -0.0045337 1.657e-22)
(0.813709 -0.0820889 0)
(0.980225 -0.0389638 0)
(0.170503 0.571202 0)
(0.654458 0.628449 -1.48195e-19)
(-0.564091 0.937093 3.56532e-19)
(1.13863 0.335535 -3.69561e-19)
(-0.463774 -0.0326413 0)
(0.808067 0.640034 1.36857e-19)
(1.02335 -0.329708 0)
(0.991562 0.00989755 9.56913e-20)
(0.951269 0.186245 -2.47053e-21)
(1.00812 0.398134 2.0528e-19)
(1.23728 -0.586909 0)
(1.71961 -0.207684 -3.32909e-20)
(0.806881 -0.123362 -3.056e-19)
(0.535999 0.148665 3.27742e-20)
(0.982953 0.12719 0)
(0.868987 0.23488 1.45803e-19)
(1.67429 0.443027 0)
(0.758633 0.507599 2.9993e-19)
(0.49628 -0.0572366 -1.37096e-20)
(-0.690941 0.932015 0)
(0.589673 0.567048 -5.76591e-20)
(1.03328 -0.626655 -1.18324e-19)
(0.471129 -0.260682 -1.03437e-19)
(1.00313 -0.0529294 0)
(0.179574 -0.768631 -4.33977e-20)
(0.627845 -0.557238 6.71176e-20)
(0.893825 0.276669 0)
(1.05333 -0.0316824 -5.31298e-21)
(0.974093 0.817585 1.82187e-20)
(0.995971 0.00782834 -9.49833e-21)
(1.36611 -0.0644502 -7.04804e-19)
(0.236405 -0.0759427 -4.72307e-19)
(-0.823748 -0.977587 1.83099e-20)
(0.806349 0.337817 2.04766e-19)
(-0.829091 0.527944 -9.16639e-21)
(1.43505 -0.613504 3.51878e-21)
(1.03916 0.00247267 -2.88686e-19)
(-0.264151 0.571251 0)
(0.99188 0.0332768 -3.35713e-19)
(1.1771 0.16426 6.18829e-22)
(0.863455 0.685162 2.2534e-19)
(1.02215 -0.0770995 1.34364e-19)
(0.987322 -0.00725868 1.33476e-19)
(1.01874 0.0286734 2.17348e-21)
(-0.441706 -0.310179 -1.1669e-21)
(1.83893 -0.85536 1.78815e-20)
(1.15111 -0.141931 -5.51949e-20)
(1.02915 0.0257691 6.39829e-20)
(0.91519 -0.304168 7.46218e-20)
(0.795562 -0.0325136 0)
(0.938938 0.723774 0)
(0.951287 0.223039 2.94402e-21)
(1.82412 0.0490969 -1.84735e-20)
(0.23099 0.0829854 2.01009e-21)
(1.03433 -0.532251 -4.09e-19)
(0.605021 -0.528107 3.23501e-19)
(1.89563 -0.687515 -9.70791e-20)
(1.20471 0.489282 4.16259e-20)
(1.0249 -0.0020323 0)
(0.753425 0.114577 -5.68603e-21)
(1.00413 -0.0165641 9.04136e-21)
(1.02417 0.743806 0)
(1.0377 -0.00771893 0)
(0.839692 -0.392597 0)
(-0.821836 -0.733147 -1.06859e-19)
(0.308427 0.206231 0)
(1.02768 0.0605702 -1.34552e-20)
(1.17286 0.18486 5.11513e-21)
(0.848615 -0.0180084 -1.38867e-20)
(1.03555 0.00679906 -1.50131e-21)
(1.88701 0.394627 -1.0915e-19)
(1.99847 -0.0972709 -2.71594e-20)
(-0.215639 -0.0469337 -2.92493e-19)
(-0.242216 0.875988 7.95367e-21)
(1.03113 0.0209387 0)
(0.807093 -0.0118706 0)
(0.990711 -0.0034083 7.12471e-22)
(-0.496428 0.394456 0)
(1.29767 0.034961 -5.66928e-20)
(0.770763 -0.00340033 0)
(1.07257 0.0453607 1.08113e-19)
(1.03771 0.0320229 -3.76496e-20)
(1.08007 -0.417896 -5.01914e-21)
(1.01693 0.0382787 -7.76036e-22)
(0.910355 -0.193384 -4.5136e-20)
(1.02881 -0.033344 3.08755e-19)
(0.661716 -0.59622 1.51002e-19)
(0.929531 -0.0335192 1.44703e-20)
(0.995299 0.00981511 -2.17196e-21)
(-0.247357 0.507274 0)
(1.12171 0.771548 0)
(1.02582 -0.0126313 0)
(1.01023 -0.760916 -8.04989e-20)
(1.07979 -0.912353 8.76083e-21)
(1.03389 -0.0424884 2.82254e-21)
(0.885953 0.127062 4.39401e-20)
(1.01876 -0.000577717 2.06401e-21)
(0.571713 -0.390607 -5.29451e-19)
(0.984294 0.0138493 3.95058e-21)
(1.01439 -0.00976829 -6.48544e-21)
(2.08947 0.0624666 1.15922e-19)
(1.00817 -0.00115365 2.99058e-21)
(-0.777327 -0.474996 -1.79397e-19)
(1.10845 0.539341 1.53925e-19)
(0.595512 -0.584208 0)
(0.401374 1.02194 3.97367e-19)
(-0.438707 -0.985075 1.3489e-20)
(1.0238 -0.00267901 2.76403e-19)
(1.03424 -0.00414586 -7.18681e-21)
(1.02834 -0.00880296 -7.61201e-20)
(1.0196 0.00601261 4.09674e-21)
(1.54661 0.253972 3.50593e-20)
(0.391267 -0.369531 -2.61578e-19)
(1.01722 0.0074101 -4.30903e-21)
(1.01948 -0.019725 -2.03629e-19)
(1.03516 0.0161052 2.23532e-21)
(1.03343 -0.0125092 0)
(1.10855 0.570212 -2.87075e-19)
(1.02849 0.0225497 7.66332e-20)
(0.673926 0.608798 2.1423e-19)
(1.03111 -0.00183551 -1.56031e-22)
(1.02164 -0.00479906 -2.52561e-20)
(1.00849 0.00267523 7.16844e-22)
(1.38636 -0.27851 1.39188e-21)
(0.777387 0.0237033 0)
(1.00247 -0.00770872 0)
(1.0663 -0.0391211 4.80996e-19)
(1.00904 -0.00248323 0)
(-0.555316 -0.948707 0)
(1.0789 -0.643707 0)
(1.01467 -0.0211238 -4.51819e-19)
(1.16453 -0.66158 6.13282e-20)
(1.00285 0.00182359 9.55373e-21)
(1.36158 0.930738 -7.30926e-21)
(1.55177 0.984323 -1.30112e-19)
(1.00917 0.00152793 -3.43166e-21)
(1.02558 0.18329 -4.61768e-21)
(0.826171 0.0130618 0)
(-0.340525 0.272216 0)
(1.27483 0.404594 1.90143e-20)
(1.00561 -0.0447081 0)
(0.998315 0.00529118 -1.40718e-19)
(1.01793 -0.0136238 2.73428e-19)
(1.29498 0.0974967 -5.42525e-20)
(0.029348 -0.075076 3.585e-19)
(1.01778 -0.0197112 1.50731e-19)
(1.00236 -0.0190786 -3.46355e-21)
(1.03101 -0.00493513 6.29481e-22)
(1.00649 0.013755 5.8738e-23)
(0.962877 -0.028343 -1.49937e-19)
(1.00472 0.00368982 1.76765e-19)
(0.993074 0.00338328 1.03817e-20)
(0.84493 -0.0417159 0)
(0.808552 0.0290417 0)
(0.808811 -0.00764614 2.19343e-23)
(0.786899 -0.00149286 0)
(0.841474 -0.0110823 0)
(0.76142 0.0567863 0)
(0.819539 -0.0357809 -3.83252e-21)
(0.991933 0.033388 1.44632e-21)
(1.0269 -0.00840225 0)
(1.01089 -0.00433973 1.87107e-21)
(1.02401 0.000241297 0)
(0.84319 0.0259662 0)
(0.793077 0.0095919 0)
(0.784553 0.0010805 8.91888e-22)
(0.791499 -0.00167387 -5.73615e-21)
(0.907571 0.0309114 0)
(0.819075 -0.00711603 0)
(1.0321 0.00795628 -1.85014e-19)
(0.862399 0.0111075 3.46193e-19)
(1.00361 8.39043e-05 0)
(1.01586 0.00471498 3.26758e-19)
(1.01497 0.00185909 -1.29751e-22)
(0.865869 0.0511109 2.93585e-19)
(1.02139 -0.00117399 -1.72412e-19)
(0.995258 -0.0142608 0)
(0.790896 -0.0146536 -6.30013e-22)
(0.968121 -0.00430414 -1.65093e-19)
(0.997182 0.0145273 -2.83423e-19)
(1.01818 0.00311109 0)
(0.999528 -0.00139981 0)
(1.02475 7.56612e-05 0)
(0.999397 -0.00821963 -3.04303e-21)
(1.01192 0.0058281 2.44788e-21)
(1.02848 -0.00475614 0)
(-0.454493 0.258506 1.80228e-19)
(0.948249 0.0534023 2.0318e-20)
(1.01504 0.00280027 -2.20799e-19)
(-0.89544 -0.20203 -1.33011e-19)
(0.995753 0.0157127 -1.7976e-19)
(1.29861 -0.183913 -7.26536e-20)
(0.785044 -0.465001 2.50193e-19)
(-0.709747 -0.854143 -1.65165e-19)
(1.03886 -0.0286976 0)
(1.03343 0.0107128 -4.8339e-20)
(1.0049 0.0140813 0)
(-0.307894 0.859869 4.56292e-19)
(1.00574 -0.021024 0)
(-0.587323 0.13788 -2.17028e-19)
(0.99428 0.000723248 2.27554e-21)
(1.67099 0.635688 7.78644e-20)
(-0.102347 0.261951 0)
(1.05008 0.00294551 1.5101e-19)
(1.01111 0.0219343 4.5407e-22)
(0.916734 -0.00817267 2.35716e-19)
(1.02846 -0.0194224 -1.48138e-19)
(1.70876 0.814167 8.58958e-20)
(0.528034 0.496132 0)
(0.446991 0.38761 1.73495e-19)
(0.995894 0.0447877 4.75813e-22)
(1.11131 0.119549 1.56789e-19)
(1.09128 -0.696192 0)
(1.01184 0.0121574 0)
(0.995269 0.024891 -3.46827e-19)
(1.03436 0.0360873 -3.3741e-19)
(-0.886256 -0.888859 0)
(1.23043 0.796693 -8.44187e-20)
(1.04687 -0.0203859 1.66119e-22)
(1.02873 -0.0112906 1.29941e-19)
(1.04447 -0.00844901 -1.6291e-19)
(-0.368845 0.106543 -1.81829e-20)
(1.02754 -0.00376366 -4.96363e-21)
(1.02731 0.0131005 5.53348e-19)
(1.03195 0.0119733 0)
(1.94103 0.606772 -9.1785e-20)
(1.01572 -0.0121195 -1.73591e-19)
(1.18214 0.0775494 -1.84752e-20)
(1.03816 -0.00822064 -4.01597e-22)
(0.996819 -0.0513441 3.4514e-20)
(1.79944 0.361359 -1.55775e-19)
(1.02432 -0.00125368 1.6799e-19)
(1.01953 -0.0129449 -3.01722e-22)
(0.968148 -0.00496753 0)
(0.923786 0.142016 4.12385e-20)
(0.77491 0.0775079 -3.70498e-22)
(1.04036 0.0283079 1.67463e-19)
(1.03993 0.0138674 4.06686e-22)
(1.00408 0.0018609 -8.48054e-22)
(1.21826 0.294493 3.15531e-19)
(1.02958 0.00681507 1.1389e-19)
(1.013 -0.0108249 9.69637e-22)
(1.66148 0.168262 -8.05455e-21)
(1.91331 0.949329 -1.44355e-19)
(0.784806 -0.696763 4.5474e-20)
(0.445563 -0.338026 -2.57451e-19)
(0.999571 0.0193676 0)
(1.01223 0.00171292 4.13142e-20)
(1.00184 0.00658091 8.93358e-20)
(1.00826 -0.0163736 -6.10949e-23)
(0.972958 0.0205463 -1.7271e-19)
(1.01888 -0.0409897 2.01498e-19)
(1.06684 -0.00566883 -1.65786e-19)
(0.998418 0.0310478 2.85308e-23)
(0.982305 -0.0133678 -9.7119e-22)
(1.03843 0.0286128 1.66417e-19)
(0.878308 0.0877918 4.27387e-19)
(1.03134 0.0328941 0)
(0.923381 0.421448 -1.19575e-20)
(1.04862 -0.000663366 0)
(1.01266 -0.0219447 -4.85564e-20)
(1.52094 0.341926 -4.69564e-20)
(0.930093 0.0570809 0)
(1.0779 -0.0207011 2.8348e-21)
(1.02863 0.0454211 2.54589e-21)
(0.942141 0.0117349 0)
(1.40038 0.443111 0)
(0.985295 0.0363648 1.18697e-20)
(1.02316 -0.0304381 -9.7028e-22)
(1.0119 -0.00445325 -1.76363e-19)
(1.11366 -0.549492 -4.68653e-20)
(1.00499 0.015036 -2.85997e-21)
(1.01744 -0.00541357 0)
(1.00322 -0.00928482 0)
(1.03631 0.0417827 0)
(0.810953 -0.452698 2.39532e-19)
(1.04021 0.0200296 4.61491e-21)
(0.97974 0.020486 0)
(0.263646 -1.0221 -1.76396e-19)
(1.73169 0.944243 -1.26186e-19)
(1.00431 -0.0123388 -3.42574e-19)
(1.02614 0.00681387 3.4199e-22)
(1.03721 -0.00781495 2.30025e-19)
(0.908856 -0.020699 0)
(-0.750214 -0.938804 -6.20578e-20)
(0.612395 0.413946 -2.87887e-19)
(1.07066 0.0299626 -6.62392e-21)
(0.398129 -1.01425 0)
(0.980302 0.147186 6.18694e-20)
(0.524824 0.504908 4.30481e-20)
(1.18953 0.858775 -2.14547e-20)
(-0.0924713 -0.25814 2.05283e-19)
(1.00696 0.0216949 0)
(1.02875 0.0163637 3.52538e-21)
(1.01627 -0.029419 1.29211e-19)
(1.6108 -0.277071 0)
(0.985861 0.00713385 2.15642e-19)
(0.560735 1.12249 -2.04264e-19)
(1.00975 -0.0104488 -1.3518e-19)
(1.02305 7.30622e-05 0)
(1.08011 -0.0287182 -2.20331e-24)
(1.01353 -0.00838093 -8.8732e-20)
(0.979812 -0.0562936 2.38773e-19)
(1.07627 0.100006 -2.98359e-21)
(1.01992 -0.00835545 -3.17403e-21)
(-0.0419141 -0.207421 4.8478e-19)
(2.25249 -0.312407 1.89749e-19)
(1.02624 0.00302543 3.57216e-21)
(0.830097 -0.023158 -3.26676e-19)
(0.947348 0.0205486 0)
(1.01986 0.00418805 3.59458e-21)
(1.02161 -0.0250683 -2.62151e-20)
(0.958536 0.0355565 0)
(1.02791 0.0008885 -1.66002e-19)
(0.999227 -0.00944352 -4.57135e-21)
(0.573231 0.0410009 -1.47771e-20)
(2.26506 -0.387837 0)
(0.788055 -0.107703 4.19586e-20)
(1.48291 -0.271325 0)
(0.98344 -0.0313184 4.87539e-20)
(1.0282 -0.0196463 -1.81517e-22)
(1.05357 -0.0134749 1.38121e-19)
(0.549318 -0.258423 -2.38046e-20)
(0.999543 0.00697212 0)
(1.01923 -0.00694822 -3.34034e-19)
(0.970048 0.0187603 1.76934e-19)
(1.02923 0.00217105 0)
(1.03318 0.00347997 2.68519e-22)
(1.0066 0.00420062 -1.52489e-19)
(-0.878625 -0.298328 6.86496e-19)
(0.969572 0.0109723 -1.72913e-19)
(0.964102 0.0366107 -4.09873e-19)
(1.67867 -0.521527 8.67305e-22)
(-0.644642 -0.565051 -1.17932e-19)
(0.795073 0.6964 -1.40427e-19)
(0.791719 0.336521 0)
(1.00634 -0.00860569 3.67476e-19)
(1.01363 0.00502445 1.93064e-19)
(1.01968 0.00576985 -5.51223e-21)
(1.00182 0.00907497 7.73306e-21)
(1.08861 -0.0264969 -9.68452e-20)
(1.13367 -0.898707 3.65062e-20)
(1.03644 -0.0194353 1.79571e-19)
(0.931104 -0.655154 1.62334e-19)
(-0.380503 0.0803837 2.43573e-19)
(-0.771229 -0.722989 -1.27813e-19)
(0.94559 -0.0177093 -5.33636e-20)
(0.689185 -0.173801 -5.75362e-19)
(1.02957 0.0105484 0)
(1.34389 -0.780195 6.64762e-20)
(1.01939 0.0195196 -9.91185e-21)
(1.00751 -0.00474518 0)
(0.9461 -0.0869947 0)
(0.998254 0.00805318 0)
(1.07133 0.00771815 7.77174e-20)
(1.17519 -0.131444 0)
(1.0218 0.0179408 3.09007e-21)
(0.0772993 -0.182778 -1.26852e-20)
(-0.626336 -0.84705 4.11808e-19)
(-0.641218 0.491766 -9.52205e-21)
(1.42316 0.302871 7.05499e-20)
(0.0767892 0.159175 1.24526e-18)
(1.01149 0.0363368 0)
(0.987197 -0.00871119 4.80425e-23)
(1.01829 0.00803272 4.77082e-20)
(-0.198462 -0.882674 -2.16982e-19)
(0.8606 0.709319 -4.46987e-20)
(-0.672052 -0.719168 9.47095e-20)
(1.40679 -0.987671 -5.39064e-20)
(1.01813 -0.00409076 5.39194e-21)
(1.01627 -0.0292746 1.11393e-21)
(1.00494 0.0138568 9.85048e-21)
(1.01306 0.008857 0)
(1.02548 0.0143371 5.6115e-21)
(1.64831 -0.236154 -2.04427e-19)
(1.00476 0.00196866 -7.51728e-21)
(1.74696 -0.463061 0)
(1.01905 0.0162942 1.87261e-19)
(0.979035 0.00178558 0)
(1.00649 0.00495458 4.30488e-21)
(0.846431 -0.323144 0)
(0.869283 0.312635 -1.8275e-19)
(1.03279 0.016588 6.73409e-21)
(-0.861406 -0.871467 -3.06753e-20)
(0.933583 0.0150277 -3.7664e-19)
(0.997026 -0.00635775 0)
(1.04828 0.0283309 9.62341e-20)
(1.41804 -0.201902 0)
(2.24587 -0.28546 0)
(1.01134 -0.0253444 -3.34524e-20)
(0.956833 0.0274917 -1.60886e-19)
(1.05658 0.100451 9.4461e-21)
(-0.791836 0.722151 0)
(1.01764 -0.00627016 5.46648e-22)
(0.935944 -0.737164 -1.02413e-19)
(0.64506 0.328397 0)
(1.05953 -0.0382066 -2.39855e-19)
(1.0559 -0.0668764 -2.79339e-21)
(0.976365 -0.0136683 1.15371e-20)
(-0.695209 0.462121 3.83168e-19)
(-0.141729 0.329601 3.26112e-20)
(-0.30417 -0.0857468 -8.67875e-20)
(-0.431286 -0.914764 5.12644e-19)
(1.03655 -0.000468291 -4.26432e-21)
(0.865594 0.799557 5.18411e-19)
(0.954809 -0.692325 1.79149e-19)
(1.13202 -0.914411 0)
(0.980726 0.00375643 -3.96907e-19)
(0.752637 0.199335 -6.24572e-20)
(1.03619 0.00503363 -1.48149e-19)
(-0.061334 -0.077006 -1.33742e-19)
(-0.373739 0.0508629 6.56885e-19)
(0.996104 0.0105566 -1.90018e-19)
(0.988987 -0.0356612 -1.6175e-20)
(1.01495 -0.00491952 -5.43293e-22)
(1.04546 0.00135235 -3.14998e-19)
(1.58679 0.0445512 0)
(-0.37967 0.136564 -9.28807e-20)
(0.594992 -0.14382 2.18076e-20)
(1.0002 0.0138142 0)
(1.03344 0.0563163 0)
(1.01425 0.0262752 2.17314e-19)
(1.06188 0.085049 1.14575e-20)
(1.13268 -0.0716927 -1.97156e-20)
(1.17108 0.609607 1.28186e-19)
(0.949575 -0.0423364 9.79073e-21)
(0.99793 0.00351962 1.10668e-19)
(0.274213 0.997018 -7.48821e-21)
(1.16928 0.140536 -3.10349e-19)
(1.08158 0.0342746 0)
(0.986566 -0.235698 -1.55922e-19)
(0.943088 -0.0758992 -1.01435e-20)
(1.38145 -0.512694 -1.19691e-19)
(1.02081 -0.00216665 -2.19959e-19)
(0.466173 0.452782 -1.17903e-19)
(0.970303 -0.284391 4.48575e-21)
(0.358897 0.0984969 -9.12025e-21)
(1.0239 0.0137398 -2.55155e-19)
(0.523397 0.0214509 -1.71306e-19)
(1.01225 -0.01202 -1.82362e-19)
(0.789815 0.599564 -1.94601e-19)
(0.975824 -0.00943391 1.56889e-20)
(0.441344 -0.42927 -1.14779e-20)
(1.48289 -0.123278 3.36523e-19)
(1.01987 -0.0239401 -1.17709e-20)
(1.9454 -0.445916 0)
(1.1143 -0.850064 0)
(0.975772 -0.236451 1.93435e-21)
(0.879221 0.0357197 0)
(0.709825 -0.399081 1.58783e-19)
(-0.694268 -0.708846 0)
(1.09321 0.14805 -9.55406e-21)
(1.00424 0.0322192 0)
(1.72812 -0.243707 -2.00244e-20)
(1.06562 -0.380296 2.67548e-19)
(0.969337 0.0142928 1.60278e-19)
(1.02897 0.083127 -1.62773e-19)
(1.03996 -0.37077 -5.97352e-21)
(0.993918 0.0376227 2.29737e-19)
(1.00935 -0.00437378 0)
(0.992854 0.0123875 1.88111e-19)
(1.02137 -0.00566058 1.66346e-22)
(1.00793 0.0102204 -7.41243e-21)
(1.45672 1.04952 7.99257e-20)
(1.00676 -0.0239661 2.5272e-19)
(1.04807 -0.033733 -2.46918e-21)
(1.90976 0.524893 0)
(1.01166 0.0168226 0)
(0.955816 -0.158524 -3.61651e-19)
(1.00768 0.00313311 0)
(0.687499 0.407741 5.9833e-20)
(1.23785 -0.931716 0)
(0.508507 0.334734 0)
(0.624153 0.57376 -4.31012e-19)
(1.80035 -0.38183 1.6779e-20)
(1.0291 -0.0419872 -1.06249e-19)
(-0.732992 0.940817 2.18239e-19)
(0.959916 0.0314421 0)
(1.05771 0.0157625 0)
(1.02775 -0.0123864 7.85746e-21)
(0.992597 0.0255563 0)
(0.742497 0.460882 2.99809e-20)
(0.999757 0.0158779 4.56026e-22)
(0.614037 0.443688 1.1779e-19)
(1.02836 0.0247181 2.50844e-20)
(1.60286 -0.544041 -1.18328e-20)
(1.0528 0.0243968 1.44009e-19)
(1.00686 0.000572248 -1.59237e-19)
(1.08159 0.191551 1.62981e-19)
(0.983244 0.0339563 -3.74425e-19)
(1.3629 0.320436 0)
(-0.565241 -0.152318 -3.78202e-20)
(0.96202 -0.0395135 1.55092e-20)
(0.866677 -0.163792 -2.07959e-19)
(1.1583 0.159301 0)
(0.996712 -0.00183232 -1.06447e-20)
(-0.640272 1.02243 2.54633e-19)
(1.08809 0.135032 4.25541e-21)
(1.00799 0.0177445 -6.22879e-21)
(1.0205 0.0321032 -3.58776e-21)
(0.83549 0.707145 3.34703e-19)
(1.00215 0.00555732 -8.61386e-22)
(1.05447 -0.0543088 0)
(0.969266 -0.102178 -1.05405e-19)
(-0.792296 0.71846 1.82424e-19)
(1.86261 0.73766 -8.37884e-20)
(1.70512 -0.237698 0)
(1.48915 0.421391 0)
(1.86535 -0.71038 1.85181e-19)
(-0.715888 0.852698 0)
(0.996873 0.0318011 -1.45375e-19)
(0.951367 -0.136454 0)
(1.01662 -0.0256992 1.07603e-19)
(0.644639 -0.325357 -1.83911e-19)
(0.939846 -0.04637 3.53009e-19)
(1.83283 0.0927838 5.31903e-20)
(1.06582 -0.0212164 -3.85629e-19)
(0.957208 0.0037034 4.64137e-20)
(1.27889 0.200477 -9.9242e-21)
(1.03422 -0.0299304 0)
(1.01063 0.00238166 1.15939e-19)
(-0.361395 -0.0314745 -1.15351e-19)
(1.01428 -0.00793801 -1.84453e-19)
(0.851428 0.634047 -3.77223e-19)
(1.00932 -0.0345279 4.75627e-22)
(1.41601 -0.266979 0)
(0.306764 -0.104167 4.53541e-19)
(0.976085 -0.118686 0)
(-0.0640808 0.0254808 1.61687e-20)
(-0.801517 0.0473482 2.78096e-19)
(1.12826 -0.920256 0)
(0.918719 0.0204893 9.52601e-20)
(-0.0592856 -0.144179 0)
(1.06502 0.0437009 0)
(-0.0876266 0.257763 1.94025e-19)
(0.846784 0.100414 -2.09747e-19)
(1.00681 -0.014757 -1.84652e-20)
(0.91088 0.682921 -3.00294e-19)
(0.981867 0.0395139 -5.29885e-21)
(1.01659 -0.0454271 1.21513e-19)
(1.44052 0.261555 0)
(1.017 -0.133612 -4.62751e-20)
(0.937405 -0.17388 -2.29419e-20)
(0.998283 -0.00247588 2.43055e-19)
(1.02011 -0.00186316 9.38488e-20)
(1.99286 0.140133 0)
(1.02007 -0.0231649 0)
(0.986396 0.845914 -2.46942e-20)
(1.02349 -0.0291742 -1.47918e-19)
(1.14276 -0.43225 -7.87098e-20)
(0.696291 -0.298579 -1.34639e-21)
(1.0494 0.00713928 0)
(1.03462 -0.0157502 0)
(1.01971 -0.0324609 8.14868e-22)
(0.692675 0.262113 -2.10657e-19)
(1.02262 0.000863325 3.69663e-22)
(0.946123 0.0542135 2.12704e-19)
(0.439073 0.196348 -1.31846e-19)
(1.04044 0.0233116 0)
(0.905094 -0.00587908 4.47212e-23)
(1.0865 0.00990385 -9.77325e-20)
(0.814012 -0.0143729 0)
(0.842987 -0.015295 0)
(0.909417 0.0103552 7.54304e-22)
(0.818538 0.00676505 1.39059e-22)
(0.831 0.00598206 9.77381e-20)
(1.10714 -0.0193065 0)
(0.842046 -0.7717 0)
(0.394532 1.09422 -1.80631e-20)
(0.994687 0.698222 -1.81952e-19)
(1.38836 0.198223 -2.73484e-19)
(-0.660183 0.231929 -1.75666e-20)
(2.00275 0.729212 2.70305e-19)
(0.977291 0.0301976 1.53729e-19)
(1.00597 -0.0423027 8.45582e-20)
(0.326704 -0.238737 -5.96517e-19)
(-0.164719 -0.50785 0)
(0.988051 -0.0214717 5.90226e-21)
(0.594787 -0.565743 -2.75433e-19)
(-0.463654 0.183964 2.17956e-19)
(0.914546 0.112359 -1.55663e-19)
(0.976461 0.3372 3.02856e-19)
(0.999419 -0.0560932 2.00801e-21)
(1.01764 -0.0201712 -2.81369e-20)
(1.0226 -0.0566399 1.15878e-19)
(0.60541 0.217727 1.21436e-20)
(-0.535851 -1.09436 -2.9636e-19)
(-0.275407 0.559209 0)
(1.14368 0.233161 1.14312e-19)
(1.05867 0.0109802 0)
(0.863463 -0.195726 1.23012e-20)
(-0.780475 0.794041 -2.65698e-19)
(-0.830881 -0.776328 0)
(1.03649 -0.0177867 1.61325e-19)
(0.966709 -0.0274551 0)
(1.16724 0.0910723 -3.57788e-21)
(0.401695 -0.0508552 -6.51784e-22)
(0.959511 -0.0178792 -3.37916e-19)
(1.01327 -0.0602484 -2.1724e-22)
(1.56339 0.35574 -3.5341e-21)
(0.518392 0.505146 0)
(0.750894 0.667353 1.41483e-19)
(1.04122 0.0187682 -7.40114e-21)
(-0.668452 0.328631 1.80644e-19)
(1.82328 0.183096 -9.22701e-21)
(-0.447523 -0.220019 -1.27803e-19)
(1.83445 0.229538 -4.33998e-19)
(1.01969 0.379329 -5.61984e-22)
(0.990399 -0.0720893 2.28157e-22)
(0.131111 -0.131171 1.5901e-19)
(0.128542 0.121435 0)
(-0.158994 0.14521 0)
(-0.156755 -0.135709 7.28749e-20)
(0.98678 -0.00968733 -1.79636e-19)
(1.02039 -0.0181904 -1.52771e-19)
(-0.369716 -0.192737 -9.75589e-20)
(1.73848 -0.379562 -1.91845e-20)
(1.43413 -1.05669 7.30834e-20)
(1.09111 0.721992 0)
(0.895645 0.0494268 -4.69106e-19)
(1.54483 0.748501 -2.80164e-20)
(1.02835 -0.0460491 -4.53164e-20)
(1.02465 -0.0709382 -2.7778e-21)
(-0.767137 0.154245 0)
(1.80838 -0.409939 -1.60517e-20)
(-0.0868545 -0.0549303 1.69916e-20)
(-0.196151 -0.0228864 -3.98512e-19)
(1.01895 -0.0925368 1.63576e-19)
(-0.15925 -0.144209 0)
(1.39287 0.640039 -5.86121e-21)
(0.48008 0.247029 1.03437e-19)
(-0.197663 -0.178897 9.16246e-20)
(0.995154 0.0157866 1.98437e-19)
(0.685318 0.305035 0)
(-0.763528 0.784711 2.47397e-19)
(0.441849 -0.429078 0)
(0.130725 -0.131565 -2.95449e-19)
(-0.209781 0.194097 1.18689e-19)
(0.140061 0.137939 1.50914e-19)
(-0.207441 -0.189102 -1.16187e-19)
(-0.765336 0.435275 0)
(0.959411 0.275576 2.29701e-21)
(1.01194 0.0073891 8.28584e-22)
(0.676974 -0.601755 1.93532e-19)
(1.02159 -0.00827465 0)
(-0.242803 -0.220661 0)
(0.929069 -0.0637066 1.91064e-19)
(1.51926 -0.670244 -5.37002e-21)
(0.688352 0.163037 2.83984e-20)
(0.976166 0.030663 -2.10334e-19)
(0.619104 -0.560767 3.45397e-19)
(1.52962 -0.734455 -1.47124e-19)
(-0.0943347 0.553133 -1.16508e-19)
(1.05442 0.0863499 0)
(1.00109 0.029128 -2.3092e-19)
(-0.285794 -0.290695 0)
(0.833676 -0.234381 2.01068e-20)
(0.150162 0.148082 1.4465e-19)
(-0.279573 -0.256716 0)
(1.0574 0.0979074 -1.39991e-19)
(1.01051 0.0225524 0)
(1.0725 -0.0944475 0)
(-0.0602716 -0.931715 2.81725e-19)
(0.822208 0.161917 9.02403e-21)
(-0.256387 -0.270238 -1.8688e-19)
(-0.194616 0.180521 1.0434e-19)
(0.124898 0.114509 0)
(0.97459 -0.0698355 -2.34747e-19)
(0.133062 -0.134834 -1.46161e-19)
(0.146127 0.141466 -2.86451e-19)
(0.199434 0.193814 1.03705e-19)
(0.938084 0.0125637 5.6408e-19)
(0.186144 0.178651 -1.15091e-19)
(-0.247169 -0.268837 1.825e-19)
(0.150529 0.151778 -2.70521e-19)
(0.179275 -0.178415 -2.25464e-19)
(-0.251168 0.241294 0)
(-0.261463 -0.253037 3.06854e-19)
(-0.30871 -0.0675383 2.3834e-19)
(0.151299 0.14532 0)
(1.01573 -0.114518 0)
(-0.809157 0.155155 0)
(1.02639 -0.00393264 2.68691e-21)
(0.21641 0.214028 2.40092e-21)
(-0.20093 0.194276 -8.28045e-20)
(-0.14293 0.128732 7.436e-20)
(0.193023 0.188996 -1.09968e-19)
(0.151958 -0.146349 0)
(-0.254614 -0.256392 1.88879e-19)
(-0.241209 0.251662 -3.20179e-21)
(-0.815433 -0.0474278 -3.4155e-19)
(1.01708 0.00202701 -4.87129e-22)
(0.746223 -0.220686 -1.87459e-20)
(-0.23246 0.219532 -1.21709e-19)
(-0.211985 -0.246852 0)
(0.212915 0.212927 0)
(0.171541 -0.16974 -5.22797e-20)
(-0.16752 0.192597 -1.87199e-19)
(2.2087 0.338445 2.4125e-19)
(1.70074 -0.613083 -5.67411e-19)
(0.195467 0.198619 1.92954e-19)
(-0.676286 -0.550047 1.12618e-19)
(-0.172509 0.158154 9.59287e-20)
(-0.166373 -0.212145 -5.35896e-19)
(0.202544 -0.200324 1.94132e-19)
(0.33684 0.87846 7.04257e-21)
(-0.259716 0.264033 0)
(0.134075 -0.134218 -3.03884e-19)
(1.04726 -0.0973545 0)
(1.43746 -0.244689 0)
(0.551244 -0.49713 -3.20359e-19)
(1.0238 -0.0188838 2.94146e-21)
(0.175661 -0.168035 1.07573e-19)
(0.992724 0.0315067 1.57192e-19)
(0.86783 -0.118399 2.23556e-19)
(0.397574 -0.386951 4.45947e-19)
(1.02485 0.0109471 -3.06313e-21)
(0.22096 0.208825 7.60656e-20)
(0.814297 0.561714 0)
(0.649783 -0.563348 1.40931e-20)
(-0.118504 -0.168333 1.72286e-19)
(0.407532 0.0290844 1.91648e-20)
(1.0117 -0.114064 6.70281e-20)
(1.06955 -0.246696 0)
(0.904621 -0.156924 5.54355e-19)
(-0.263189 0.259105 0)
(1.00592 0.766153 0)
(1.08794 -0.178365 1.53107e-19)
(1.13023 0.324814 1.72784e-19)
(1.03913 -0.0115712 0)
(0.566533 0.331905 -1.33704e-20)
(0.648457 0.0295802 4.04816e-22)
(1.01888 0.000517434 -2.22569e-19)
(-0.71511 -0.906688 0)
(1.10139 -0.236252 0)
(1.03107 0.0132762 0)
(0.106058 0.100455 3.87059e-19)
(-0.0612371 -0.0961681 0)
(0.191189 0.181621 9.10192e-20)
(0.173187 -0.158908 0)
(-0.0540965 0.0863988 -1.72289e-19)
(-0.0149157 -0.031937 0)
(1.30284 -1.0959 1.66982e-19)
(0.827047 -0.413805 -4.52809e-19)
(-0.0978661 0.134767 2.16296e-21)
(-0.410816 -1.10953 -4.93458e-19)
(0.259368 -0.248985 0)
(0.241648 0.228702 0)
(-0.0614177 0.179655 7.57731e-20)
(0.940037 0.0541111 4.24179e-21)
(1.0623 -0.355827 -1.57135e-19)
(-0.135396 0.167004 5.44168e-19)
(-0.118566 0.0916444 1.29095e-19)
(1.01676 0.140825 2.06261e-19)
(0.715598 0.386026 0)
(0.00335695 -0.0256404 -3.05333e-21)
(-0.630055 -0.125846 -5.31222e-21)
(-0.155634 0.711014 0)
(1.71504 0.177653 -6.55547e-20)
(0.993428 0.139135 0)
(0.968847 -0.0847603 2.68766e-19)
(0.814757 0.0774232 0)
(0.236673 -0.219209 -3.89854e-21)
(0.992002 -0.0164437 1.38619e-19)
(0.562807 0.142317 3.4482e-19)
(1.37665 -0.753898 1.16896e-19)
(0.314738 0.292636 1.81996e-22)
(1.65745 0.453595 0)
(0.958392 -0.562896 5.7388e-20)
(1.9066 -0.8758 2.45838e-19)
(-0.0274945 0.0639869 3.26742e-19)
(1.00747 -0.103543 -1.7052e-21)
(2.42737 0.169669 1.2771e-19)
(0.0120923 0.0033531 -9.18756e-20)
(1.01977 0.00834484 2.01763e-19)
(-0.522935 0.841205 -4.30447e-19)
(0.343031 0.317776 0)
(0.0303119 -0.00264314 0)
(0.256779 0.241979 6.3327e-20)
(0.305567 -0.283668 -1.66444e-19)
(0.0244011 -0.00412987 3.16423e-19)
(1.07676 -0.747373 -5.52957e-20)
(0.995475 0.313967 -3.16819e-21)
(0.34659 -0.327772 0)
(0.0319818 -0.0185818 0)
(0.277752 0.261846 0)
(-0.402663 0.741981 -2.01196e-19)
(0.285195 -0.28114 0)
(0.0467583 0.0392835 -2.50971e-19)
(0.299344 0.280305 -3.93169e-20)
(0.0323829 -0.0294631 0)
(0.259875 -0.253459 0)
(0.318047 0.689743 0)
(0.0220143 -0.0293747 0)
(-0.00649777 -0.013943 -8.09814e-20)
(-0.402631 -0.960477 0)
(0.973342 -0.00850847 2.10704e-19)
(0.493948 -0.458489 1.49631e-20)
(-0.0687326 0.0217937 -1.36006e-19)
(-0.0112945 0.020476 4.29703e-19)
(0.385765 0.352162 1.53208e-21)
(1.59909 0.289329 0)
(-0.378168 0.993088 0)
(-0.487671 -0.999393 6.03115e-20)
(-0.145042 0.0916379 0)
(0.384581 -0.363544 0)
(-0.0596979 -0.0252255 0)
(0.440225 0.397957 0)
(-0.108374 -0.0774002 2.60801e-19)
(0.523918 0.486323 8.20157e-20)
(-0.189769 0.171134 -5.98914e-19)
(0.577303 -0.535398 -1.28271e-19)
(1.06693 0.11293 0)
(1.02549 0.00968519 1.09583e-21)
(0.477426 0.401264 -1.46044e-21)
(1.0164 0.0766847 -1.95127e-19)
(1.37608 -0.0465087 0)
(1.02257 -0.00575011 1.92923e-21)
(1.35958 -0.433853 1.09809e-19)
(0.941713 -0.0234747 0)
(0.647219 -0.959234 1.09253e-19)
(0.727516 0.094558 4.22086e-22)
(0.0244769 0.037199 1.58107e-21)
(0.187552 0.151858 0)
(1.10109 -0.179613 -1.88681e-19)
(0.365569 0.189665 3.73165e-19)
(1.11642 0.0285224 7.90826e-22)
(1.03967 0.0147431 2.97229e-21)
(1.59223 -0.710618 -1.03351e-21)
(-0.447753 -0.271751 -8.39924e-20)
(1.83709 -0.0316764 1.98651e-20)
(1.94992 -0.643732 2.25042e-19)
(1.00682 0.0841346 -2.60902e-20)
(-0.371858 0.100172 1.23928e-19)
(1.02244 -0.000187524 0)
(1.33936 -0.392823 -1.94717e-21)
(0.122969 0.0766757 -2.13204e-21)
(1.38843 -0.222354 0)
(0.127696 -0.12372 -5.06823e-19)
(-0.220031 0.231925 0)
(0.503947 -0.470996 0)
(2.01684 0.554188 -1.05319e-19)
(0.90273 -0.414406 0)
(1.64988 0.264388 7.89538e-20)
(0.0356388 0.0377496 2.50011e-19)
(0.253111 -0.256127 7.29677e-20)
(0.991823 -0.0633298 0)
(0.693818 -0.435706 0)
(-0.307506 -0.762967 2.29636e-19)
(-0.140761 -0.0752044 2.48688e-19)
(0.983086 0.24422 -1.82849e-19)
(1.61691 -0.852985 -9.91331e-19)
(1.00017 0.00927807 -7.37542e-21)
(1.55768 -0.487375 0)
(-0.697426 -0.372502 4.69979e-19)
(-0.752338 -0.797996 0)
(0.637133 0.0774298 2.90318e-19)
(0.9384 0.152834 -4.09069e-20)
(0.665119 -0.568743 -1.60843e-19)
(0.985864 0.102998 2.85741e-19)
(1.00273 0.0246319 0)
(1.02942 -0.00190208 5.89231e-21)
(1.86311 -0.0166452 0)
(0.546243 0.492491 0)
(0.911761 0.542294 0)
(-0.301621 -0.19233 -2.79743e-20)
(0.316405 0.236175 2.14756e-19)
(-0.779569 0.71065 0)
(1.08742 0.061073 1.23563e-19)
(1.02208 -0.197482 0)
(0.511777 -0.0207904 1.3964e-19)
(0.367411 -0.181948 1.83945e-19)
(-0.453715 0.365408 6.88366e-19)
(0.99195 1.11273 -1.88121e-19)
(0.971317 -0.0443069 2.08307e-21)
(1.4996 -0.551243 1.13837e-19)
(1.65174 -1.0666 -3.48685e-20)
(0.224839 0.0919023 1.83202e-19)
(1.03712 0.0473597 0)
(0.851376 0.164666 0)
(-0.78997 0.789819 0)
(1.42268 -0.0913152 1.30598e-19)
(0.0402201 0.0279498 -1.62847e-20)
(0.270261 -0.250376 -1.45885e-19)
(1.28146 0.1113 4.02495e-21)
(0.799624 0.516931 -5.90992e-20)
(0.82013 0.252327 4.47017e-21)
(0.943453 0.222509 5.55598e-20)
(1.27087 -0.731063 -1.10133e-20)
(-0.16257 -0.682458 2.65128e-19)
(-0.306787 0.148502 0)
(0.915186 -0.01418 0)
(-0.290243 0.0542305 9.33295e-20)
(0.16352 0.161992 0)
(2.10481 0.359255 0)
(-0.204738 0.0586863 4.62356e-20)
(0.562829 0.465204 -1.96787e-19)
(0.469644 -0.394012 2.55866e-19)
(-0.0689306 -0.822177 0)
(1.42599 0.914856 -9.24591e-21)
(1.01315 -0.0481171 0)
(-0.11746 0.225971 -1.68523e-19)
(-0.207755 -0.150482 -6.92864e-20)
(1.20428 -0.367797 6.63216e-20)
(0.464715 0.422298 4.46329e-19)
(0.69966 -0.233029 1.89642e-19)
(-0.528944 -0.495598 0)
(1.09254 0.0716712 1.30536e-19)
(0.99102 0.570043 -7.67544e-20)
(-0.262409 -0.906763 0)
(0.673993 -0.252426 0)
(1.33632 0.829996 3.52503e-20)
(-0.200376 0.218718 -3.7081e-19)
(1.02294 -0.0577187 7.0163e-21)
(1.00438 -0.00629101 0)
(1.00885 -0.0300548 4.10938e-21)
(0.764774 0.428504 0)
(-0.272164 -0.00351115 -1.45462e-19)
(1.29853 0.89958 -4.46046e-20)
(0.997796 0.00695542 6.72551e-21)
(1.02688 0.00884318 5.28685e-21)
(-0.196272 0.029263 1.79281e-22)
(0.0371025 -0.99861 -2.79004e-19)
(1.00634 0.102288 1.99482e-19)
(0.641201 -0.58552 0)
(0.972029 0.186989 2.782e-21)
(1.77796 0.309187 -3.93535e-20)
(1.53323 -0.81773 4.59792e-20)
(1.23914 -0.22712 -9.66133e-20)
(1.5581 -0.173245 3.54262e-20)
(0.0504323 -0.819192 9.66734e-20)
(0.660671 0.587678 1.96768e-19)
(0.184224 -0.0818579 3.15414e-19)
(1.05663 0.0165024 1.4781e-21)
(1.02435 -0.01579 -7.34114e-22)
(1.44291 -0.443924 1.17862e-20)
(0.869677 0.606517 1.08783e-19)
(0.446912 0.566893 7.31372e-21)
(1.1399 0.538975 -1.78076e-20)
(0.982728 0.251972 -1.20892e-19)
(-0.435182 0.291389 -7.31049e-20)
(-0.741107 0.591507 0)
(1.02083 0.024309 4.39344e-19)
(1.8717 0.613092 0)
(0.854227 0.566856 -1.13663e-19)
(1.03568 0.00936205 1.93673e-21)
(-0.7211 -0.766551 -3.94478e-20)
(1.87703 -0.370511 0)
(1.09913 -0.378644 0)
(2.04725 -0.0485118 2.15117e-19)
(1.23164 0.927179 5.10112e-20)
(1.05136 -0.322684 0)
(-0.766854 -0.518043 -4.85726e-19)
(0.932226 -0.0539164 -2.15475e-19)
(0.821095 -0.681086 -6.62486e-20)
(-0.249102 0.104894 1.20822e-19)
(-0.249936 -0.223344 -8.00447e-20)
(-0.143159 -0.423666 -3.37416e-19)
(0.130124 -0.0887996 -1.63321e-19)
(0.668642 -0.123006 9.16275e-22)
(0.79633 -0.302672 -1.24352e-19)
(1.04437 0.000391403 -1.88123e-21)
(0.767097 0.00672834 0)
(0.788602 0.120951 2.65272e-19)
(1.15257 -0.338225 4.32243e-21)
(0.93645 -0.14065 -3.16554e-21)
(0.602933 0.533023 1.51441e-19)
(1.74498 0.0762465 -1.37246e-20)
(1.10318 -0.218422 -5.19783e-21)
(0.991778 -0.0220694 3.57922e-20)
(0.8061 -0.374011 1.25029e-19)
(0.486484 -0.218534 0)
(-0.292194 -0.260512 9.10178e-20)
(0.932001 0.0990288 1.33361e-19)
(1.09946 0.686791 7.35828e-20)
(-0.330756 -0.2998 2.16337e-19)
(1.04363 -0.596588 2.35015e-19)
(0.118737 -0.107499 0)
(1.89027 0.853628 0)
(0.235685 0.22569 3.01478e-19)
(1.58391 0.547473 0)
(-0.244363 0.219499 0)
(0.979716 -0.608327 -2.07738e-19)
(-0.376777 -0.336167 3.5568e-19)
(-0.0699411 0.0150395 2.02676e-19)
(1.05397 0.0160605 4.23262e-20)
(1.65384 1.06736 -2.86549e-23)
(0.945475 -0.0289995 -1.50255e-19)
(0.120925 -0.117639 7.46225e-20)
(0.993359 0.125983 -1.43485e-19)
(-0.273828 0.247726 2.69244e-19)
(1.01948 0.367684 0)
(0.245854 0.244357 -1.52147e-19)
(-0.352893 -0.25297 8.8809e-20)
(1.86907 0.307402 0)
(0.754008 -0.163597 1.42199e-20)
(0.0308967 0.0629581 1.72703e-19)
(-0.271146 0.0996994 0)
(-0.322782 -0.734394 -8.46492e-20)
(0.222865 -0.22503 0)
(0.995401 -0.702249 0)
(-0.337273 0.310439 2.28031e-19)
(0.554016 -0.520149 3.83898e-19)
(-0.422451 -0.386685 -2.43611e-19)
(-0.283245 0.0324967 -1.08846e-19)
(0.228211 -0.230792 -1.48988e-19)
(0.254452 0.249256 4.43848e-19)
(0.653441 -0.727845 -1.34271e-20)
(0.0229387 0.316903 -1.97308e-20)
(0.0385872 0.0263433 0)
(-0.847498 -0.648727 3.90604e-19)
(0.999478 -0.144517 -2.81712e-19)
(-0.371493 0.347961 1.1861e-19)
(1.60762 -0.485129 6.37936e-21)
(2.00049 -0.0130806 0)
(1.94864 0.121871 -2.07519e-20)
(0.923199 -0.0363062 0)
(-0.446684 -0.465418 0)
(0.207482 0.202425 0)
(0.92958 0.0630352 0)
(1.07679 -0.254508 0)
(0.958016 0.077403 -2.643e-19)
(0.244366 0.241395 -1.45156e-19)
(-0.183539 0.0901936 -6.25054e-20)
(-0.431223 -0.422253 2.99546e-19)
(0.945973 -0.188842 1.41856e-19)
(0.742755 -0.364367 0)
(-0.206744 0.104069 -1.7109e-19)
(0.989111 -0.000999607 -1.7697e-19)
(0.700813 -0.0326651 -4.88153e-20)
(-0.418521 -0.461893 0)
(-0.666075 -0.643506 -2.09673e-19)
(0.293957 0.275757 -1.4046e-21)
(0.265625 0.255038 0)
(-0.434838 -0.464211 1.95128e-19)
(-0.629364 0.324983 2.2063e-19)
(1.28256 -0.444079 1.39492e-19)
(1.7362 -0.375957 9.52012e-21)
(1.48872 -1.03605 -1.85958e-19)
(1.01543 0.0491513 0)
(0.3381 0.331156 -1.96201e-19)
(0.0858755 0.128422 3.38794e-20)
(0.321924 0.314272 -3.29098e-19)
(0.318041 0.311213 1.0594e-19)
(1.34425 1.12035 0)
(-0.407991 0.394761 7.75419e-20)
(-0.304586 0.279042 0)
(-0.377111 -0.445423 5.05961e-19)
(-0.647446 -0.652854 4.0312e-19)
(0.480343 -0.386871 5.45376e-19)
(1.03473 0.00459151 3.43244e-21)
(0.344042 0.344913 0)
(-0.373784 0.366731 3.17091e-19)
(0.225359 -0.231389 3.03685e-19)
(1.13738 0.128572 -4.24431e-21)
(0.338581 0.339499 0)
(0.987119 0.347146 -9.0519e-21)
(0.762201 0.240203 -1.7066e-21)
(1.12514 0.101877 -5.62863e-22)
(-0.307427 -0.390779 0)
(1.20154 0.741862 0)
(-0.41069 0.438509 -5.32605e-19)
(0.322003 -0.321862 -2.21159e-19)
(0.270352 -0.241856 1.64157e-20)
(2.00773 -0.0981089 -5.13562e-20)
(1.06182 0.348915 -1.05792e-19)
(0.2946 -0.284589 -2.2517e-19)
(1.0074 0.000313441 2.95008e-19)
(0.979004 0.0677134 0)
(1.04158 -0.00801583 -5.06158e-22)
(1.01717 0.0161211 1.05934e-19)
(1.04223 0.00890085 -3.58455e-22)
(1.37993 -0.461743 0)
(1.15011 0.149439 -9.25089e-20)
(2.02953 0.412671 -2.33843e-19)
(-0.429048 0.426553 0)
(-0.192287 0.0846348 4.73204e-19)
(1.81728 0.469637 0)
(0.997898 0.0206926 4.80731e-20)
(0.319684 -0.306706 -1.04326e-19)
(0.988899 -0.0142706 4.86239e-19)
(1.1413 0.87009 0)
(1.27712 -0.962112 0)
(-0.23748 -0.319534 1.79343e-19)
(0.16669 0.174805 0)
(1.0362 -0.00144723 6.31096e-20)
(0.542105 0.401875 5.44186e-20)
(0.775417 0.000936927 -4.01151e-19)
(-0.426664 0.441335 0)
(-0.290447 0.0673426 1.38634e-19)
(-0.0945793 0.0816003 0)
(1.90795 0.75925 0)
(-0.0262293 -0.107025 0)
(-0.00230113 -0.0534416 1.44908e-19)
(1.77338 0.740275 -6.56836e-20)
(1.01603 0.066867 0)
(-0.214272 0.189834 7.21522e-20)
(-0.270342 0.328595 0)
(1.01484 -0.0100917 0)
(1.64868 -0.764045 -3.95396e-20)
(0.388633 0.36428 1.55815e-19)
(0.86303 0.0758356 2.55389e-20)
(-0.167559 -0.230503 -1.86633e-19)
(1.606 0.938681 -4.67741e-19)
(1.00299 0.283314 0)
(0.393539 -0.0307424 1.40856e-19)
(1.03548 -0.00670834 0)
(0.91495 -0.0453012 2.94343e-19)
(0.221088 0.0577117 -1.46402e-19)
(0.41068 0.386493 -7.55132e-20)
(0.737799 0.238072 1.64563e-19)
(-0.74356 0.525338 2.82975e-19)
(1.0201 0.0128166 -4.662e-21)
(0.213706 -0.218786 1.6596e-19)
(-0.112029 -0.13467 4.00755e-19)
(1.48825 -0.369843 -6.66232e-20)
(-0.387402 0.418987 1.8165e-19)
(-0.19853 -0.194851 0)
(-0.134316 0.0494375 -1.05848e-19)
(-0.153827 0.214712 1.80034e-19)
(1.01359 -0.171456 0)
(0.396088 -0.361784 1.02973e-19)
(0.271598 0.266803 1.31522e-19)
(0.263618 0.265088 -2.8902e-19)
(1.0328 -0.00115186 0)
(0.361027 -0.359067 -1.81375e-19)
(1.70515 0.464174 0)
(1.01938 -0.00761454 -5.81708e-21)
(-0.0591082 -0.0982307 1.89313e-19)
(0.887649 -0.0283364 0)
(0.595746 0.560315 -1.54691e-19)
(1.0083 -0.025118 -2.16793e-19)
(1.07232 -0.0218286 -1.06764e-19)
(0.949978 0.00760252 -9.59899e-22)
(0.934339 -0.0286608 3.42701e-21)
(1.05644 0.0255705 -2.89384e-19)
(1.33643 0.148266 -8.78953e-21)
(-0.120728 -0.646458 2.33902e-19)
(-0.214047 0.280566 -3.64766e-19)
(-0.041129 -0.0141107 -2.69698e-19)
(1.30119 -0.285986 6.5644e-20)
(-0.101637 0.152127 3.21028e-21)
(1.06789 -0.0441241 -1.2798e-19)
(0.42962 -0.413919 6.42249e-20)
(-0.477172 -0.812788 4.972e-19)
(0.231034 -0.221661 0)
(-0.796981 0.656497 -9.96133e-21)
(1.674 0.97939 0)
(0.908762 0.0201252 -1.20427e-19)
(-0.246517 0.0170524 -1.23106e-19)
(-0.321591 0.0132468 -1.08735e-19)
(0.954738 0.632301 0)
(0.438515 0.410329 -1.96549e-19)
(-0.315906 0.368521 1.92338e-19)
(1.32398 -1.1558 -3.53134e-19)
(0.547703 0.537123 -9.94435e-20)
(1.039 -0.0193566 0)
(1.00829 -0.014289 -8.94125e-21)
(1.6843 -0.222572 -7.00687e-21)
(0.721043 0.503355 0)
(-0.010687 -0.0485658 -1.62015e-19)
(1.00855 -0.0251042 -3.71996e-21)
(0.84502 -1.23444 2.22453e-19)
(1.83524 -0.267843 7.43258e-21)
(0.481148 -0.43928 -1.28773e-19)
(-0.182297 0.137085 3.12282e-20)
(-0.0493476 0.069435 -1.93622e-19)
(0.534709 0.429047 -3.05103e-19)
(0.595762 0.540339 -7.75288e-20)
(0.542884 0.499151 6.32494e-21)
(-0.0118879 0.0361114 8.76296e-20)
(-0.410506 -0.431353 -2.25944e-19)
(0.975739 0.021143 1.45828e-19)
(0.262127 -0.25193 0)
(0.468976 0.43785 0)
(0.514735 -0.479477 1.06475e-19)
(0.00762956 0.00573448 -3.08795e-19)
(-0.352465 -0.268127 -4.67832e-20)
(2.13334 -0.24389 3.30484e-20)
(0.506333 0.466433 0)
(0.49495 -0.489322 0)
(0.0272743 -0.0197657 0)
(1.12643 0.0377006 7.21922e-20)
(0.669231 0.592699 0)
(0.0259177 -0.0371021 2.90604e-19)
(0.198084 0.183809 -5.70723e-19)
(0.0056303 -0.0341887 7.95545e-20)
(1.22471 0.646932 1.65836e-20)
(-0.42483 -0.422851 -2.48632e-19)
(1.39159 0.50547 -2.31032e-19)
(0.147837 -0.128922 -2.39487e-19)
(-0.071657 -0.00734518 4.57333e-19)
(-0.483653 0.40678 -3.07898e-19)
(-0.0678871 0.0128437 -2.94363e-19)
(0.734446 -0.686192 0)
(-0.180053 0.0654249 -2.64007e-19)
(0.767834 0.65986 0)
(-0.345565 0.27667 6.98334e-20)
(1.00922 0.0421973 2.04011e-21)
(0.718667 0.37397 -3.19961e-20)
(-0.242636 0.150312 1.37038e-19)
(0.914824 -0.744141 0)
(-0.134428 -0.0546253 2.79851e-19)
(0.903902 0.746267 -4.26545e-20)
(0.373619 0.338806 -2.23809e-19)
(0.367414 -0.296812 4.32651e-19)
(0.540676 0.464705 1.47688e-19)
(0.995415 0.00753272 0)
(0.482733 0.449448 0)
(1.90142 0.437454 0)
(0.973054 -0.0274157 0)
(-0.637408 0.611819 -1.4117e-19)
(0.733953 -0.58924 3.56163e-19)
(0.00731454 0.0482678 9.36869e-22)
(1.93759 0.194438 5.03367e-19)
(0.405922 -0.383013 2.1871e-19)
(1.75297 0.435178 0)
(1.37396 -0.286135 0)
(0.688346 -1.04294 -1.12607e-19)
(0.430329 -0.16453 0)
(1.72782 0.265998 -1.0693e-20)
(0.534798 -0.197026 -1.971e-20)
(0.701494 0.645368 1.87378e-19)
(1.13727 0.231963 8.64695e-20)
(-0.359551 0.397435 0)
(-0.653204 0.669448 1.56687e-19)
(0.0455337 0.0572981 0)
(1.21733 -0.980124 6.07207e-19)
(0.616734 -0.0303682 1.11428e-21)
(0.717562 0.331264 0)
(1.02627 0.0206074 1.37687e-19)
(1.3265 -0.21978 1.09688e-19)
(0.987121 0.000979823 -3.90512e-22)
(0.301883 -0.281657 1.34078e-19)
(0.302661 0.298256 0)
(-0.123949 0.466698 0)
(-0.696175 -0.593891 1.4791e-19)
(1.54222 0.188021 8.98963e-20)
(1.00181 -0.0130705 3.19088e-21)
(0.134832 0.126119 0)
(0.994218 0.000522149 4.62623e-19)
(1.47506 -0.998918 3.48855e-20)
(-0.796291 0.803796 6.88329e-19)
(-0.0999788 0.111423 -4.05938e-19)
(0.939573 1.09504 9.56806e-20)
(0.0422341 0.0526523 2.56115e-19)
(1.14706 -0.161584 0)
(0.356898 -0.332275 -2.77763e-19)
(1.06666 -0.0429293 -5.27598e-20)
(1.01385 -0.00317799 -1.96733e-19)
(1.00116 0.0102092 -2.25555e-21)
(0.981128 -0.00289105 4.57175e-22)
(1.01572 0.0044557 -1.56421e-19)
(1.0612 0.0789718 0)
(-0.134123 -0.264878 -2.53661e-19)
(0.874203 0.340637 3.27526e-20)
(-0.489607 -0.365386 7.01288e-20)
(0.331966 0.312395 -1.13801e-19)
(-0.540363 0.635016 0)
(-0.253248 0.535121 0)
(1.78298 -0.760963 -1.22631e-19)
(0.98603 0.0674939 1.48385e-20)
(0.698744 0.933872 5.60212e-20)
(-0.739197 -0.740111 -3.39644e-19)
(1.00236 0.012367 -6.03809e-22)
(0.742306 -0.697059 -5.31895e-20)
(1.24208 -0.0762603 1.99703e-20)
(1.01553 -0.0153697 -7.45372e-20)
(0.0213912 0.00903176 0)
(0.928758 0.644494 3.30153e-19)
(0.747662 -0.229312 0)
(0.379736 -0.349931 0)
(0.0536977 0.0286963 2.85684e-19)
(1.0186 -0.0415557 2.51477e-19)
(0.523355 -0.490367 0)
(0.794622 0.719118 4.8619e-21)
(-0.259434 0.0675979 -7.22869e-20)
(-0.385903 0.532917 1.67335e-19)
(0.317821 0.104529 1.9983e-19)
(1.49695 -0.214972 -2.15282e-20)
(1.73471 -0.65275 -1.58882e-19)
(1.64754 -0.252177 -1.71109e-20)
(0.931066 0.571738 1.12411e-19)
(0.994911 0.199359 1.67298e-19)
(-0.364578 -0.227782 -4.40781e-20)
(-0.0372762 0.408892 6.34078e-20)
(1.03208 -0.00638285 0)
(1.66954 -0.555621 3.23331e-19)
(1.45945 -0.456798 1.46247e-19)
(-0.54017 0.37751 0)
(1.02237 -0.0067425 -3.46766e-21)
(1.02801 -0.00644766 3.29317e-20)
(-0.524304 -0.178542 0)
(1.01708 0.0952712 -1.36083e-20)
(0.623101 -0.227266 0)
(0.539637 -0.515092 -4.05405e-20)
(0.98483 0.172049 1.80388e-19)
(0.8067 0.43428 2.30975e-19)
(0.756667 0.385967 3.34014e-20)
(1.0094 -0.00699215 0)
(0.0221221 0.205503 -1.52786e-20)
(1.68187 -1.02046 1.17692e-19)
(1.09849 0.83486 5.72425e-20)
(-0.152537 -0.138467 2.23518e-19)
(2.34458 0.220849 2.4794e-19)
(-0.0767842 0.153507 1.33528e-19)
(0.806542 0.248186 0)
(0.824941 0.480441 0)
(-0.579635 -0.49997 2.25806e-19)
(1.04185 -0.152965 0)
(-0.267384 0.145143 -4.96976e-21)
(1.00944 -0.00191715 1.42826e-20)
(-0.0173894 0.0186599 -2.13891e-21)
(1.02552 0.0202729 -4.06755e-21)
(1.32516 -0.320761 -3.01108e-21)
(1.24089 1.02178 0)
(1.03258 0.0127864 -3.80829e-19)
(0.748752 0.68338 1.46763e-19)
(0.870811 -1.10149 -4.49394e-19)
(1.18954 -0.897994 9.40983e-20)
(0.576762 0.0454979 3.12733e-21)
(0.751553 1.02707 -5.22422e-20)
(1.01826 -0.0367086 6.49984e-21)
(1.6254 0.744413 2.64754e-19)
(-0.514913 0.31956 0)
(0.689343 0.166605 0)
(0.968564 -0.0919152 -2.76759e-19)
(1.06665 0.605912 0)
(0.828921 -0.340533 2.6979e-19)
(-0.338946 0.284705 0)
(1.08611 0.041219 -1.00837e-21)
(-0.0375416 -0.0137451 -1.53509e-19)
(1.84414 0.687299 0)
(-0.593695 -0.477078 0)
(1.33152 0.243607 7.20127e-21)
(-0.0683141 -0.187917 0)
(0.65883 0.622814 -6.34763e-21)
(0.905492 0.609289 -1.10283e-19)
(2.43802 -0.0683082 -3.17681e-20)
(0.212197 -0.206237 1.49847e-19)
(-0.225651 0.171593 1.54872e-19)
(2.02489 -0.398938 0)
(0.180654 -0.0774344 -2.77412e-19)
(-0.099599 0.362256 0)
(1.08133 -0.143139 -1.17272e-19)
(-0.0595022 -0.0702652 -3.79073e-19)
(-0.276701 0.206764 1.06444e-19)
(1.98065 0.292671 1.04328e-19)
(1.85307 -0.142498 5.27775e-20)
(0.441192 0.423159 0)
(0.678242 -0.301564 -8.50016e-20)
(0.758086 0.32656 -3.05951e-20)
(1.08121 0.0892109 0)
(1.02148 0.578481 0)
(-0.120153 -0.00244804 -2.33429e-19)
(2.19987 0.0235439 -2.52485e-19)
(0.848786 -0.257404 -9.36006e-20)
(1.503 -0.749655 2.71798e-19)
(1.11538 -0.275032 -4.52443e-21)
(1.81512 -1.01088 -2.75799e-19)
(1.06159 0.642658 -1.6086e-19)
(2.01156 -0.252758 7.52466e-20)
(-0.510222 -0.429961 -1.36247e-19)
(0.995578 -0.0133821 2.6999e-19)
(1.63059 0.183094 8.65758e-21)
(2.04766 -0.640371 -3.73852e-19)
(1.00766 0.0617895 7.53112e-21)
(-0.302695 0.0885442 8.65883e-20)
(0.123025 -0.0811782 0)
(-0.378957 -0.350271 0)
(0.823617 0.231326 0)
(1.714 -0.127072 4.72537e-20)
(-0.625032 -0.359689 -2.20644e-19)
(0.493735 0.375423 0)
(-0.429479 -0.560523 1.92778e-19)
(1.58305 -0.325668 -4.22572e-20)
(-0.0124476 0.0544708 -2.43285e-19)
(0.999444 0.671762 1.97662e-19)
(2.08432 -0.117872 2.73724e-19)
(-0.289841 0.0542247 5.20337e-20)
(0.881879 0.778001 -1.70265e-19)
(1.1402 -0.29347 6.37884e-20)
(0.920909 -0.00708319 -2.52354e-19)
(1.02903 -0.0743386 -9.28776e-20)
(0.769657 0.268726 0)
(0.168396 -0.103218 0)
(1.04641 -0.144402 5.55439e-20)
(1.35311 -0.226322 -1.26e-19)
(-0.203008 -0.193086 -5.484e-21)
(1.02501 0.247498 1.91657e-19)
(1.34789 1.06029 0)
(1.79213 -0.344798 -3.00671e-19)
(0.716903 0.76047 -6.37668e-21)
(0.729049 -0.308822 3.55281e-19)
(0.754944 -0.284503 -1.17927e-19)
(2.18792 -0.328055 4.33759e-19)
(-0.30007 0.0461819 5.70506e-20)
(-0.190962 0.183224 -6.15246e-20)
(0.494698 0.485268 4.0016e-19)
(-0.34781 0.0823703 -2.12104e-19)
(1.54891 0.00312617 -2.54439e-20)
(1.78166 1.01571 2.47347e-19)
(-0.348651 0.789778 -5.54211e-19)
(0.571377 0.378365 -3.049e-19)
(0.866091 0.487091 0)
(-0.60974 0.650348 -2.00256e-19)
(-0.375796 0.319211 -2.02271e-19)
(-0.825672 0.763918 -3.93762e-19)
(-0.55537 0.623141 -2.13597e-19)
(1.05039 0.0589487 -7.56968e-20)
(-0.79117 0.429594 -1.767e-19)
(0.882215 0.526556 1.02245e-19)
(1.43758 0.796166 1.46127e-20)
(0.711272 0.654228 0)
(0.972202 0.637069 0)
(-0.0660052 0.412316 -2.05814e-19)
(-0.317931 0.039952 0)
(0.921101 0.534497 -1.01574e-19)
(-0.186508 0.517637 0)
(1.0291 -0.0018691 -2.13401e-21)
(0.667388 -0.0149615 5.82711e-19)
(-0.598449 -0.709734 1.83591e-21)
(-0.723134 0.842316 0)
(0.54289 0.51424 0)
(-0.257909 -0.303467 7.24712e-20)
(-0.439819 0.367017 9.25126e-20)
(1.81843 -0.281731 -1.81268e-20)
(-0.382912 -0.105086 1.52717e-19)
(0.544345 -0.0688133 -4.90235e-19)
(2.27673 -0.19058 4.48781e-20)
(1.59224 -0.127819 -1.9195e-20)
(-0.700205 0.74526 -1.80767e-19)
(0.355318 -0.347497 -3.27645e-19)
(-0.667897 0.653796 2.79853e-19)
(-0.394894 0.307623 0)
(0.767518 0.695365 1.88872e-20)
(1.85531 0.859454 -2.94301e-19)
(-0.0137311 0.0233107 -2.60949e-22)
(0.553411 -0.150254 0)
(0.62213 0.581718 -2.20572e-20)
(0.456884 -0.440896 2.44208e-19)
(-0.506169 0.398485 4.95238e-21)
(0.401144 0.384882 -3.29994e-19)
(1.03651 0.00365205 0)
(2.31648 0.269471 4.53575e-19)
(-0.548663 0.452116 0)
(-0.599741 0.38183 -1.40029e-19)
(-0.70733 0.68519 1.1616e-19)
(0.419562 0.390622 2.59074e-19)
(0.801361 0.726441 -1.98145e-19)
(-0.854031 -0.759808 4.09931e-19)
(-0.716228 0.732815 -2.86638e-19)
(-0.448817 -0.374307 -2.15557e-19)
(0.816324 0.301932 0)
(-0.290216 0.221949 -7.72474e-20)
(0.435697 -0.403107 2.66695e-19)
(0.0200321 0.0305507 -2.94965e-19)
(1.2402 0.18756 -1.47967e-19)
(-0.445866 0.552959 1.05496e-19)
(0.797616 0.7288 0)
(0.709821 0.658382 0)
(0.859536 0.764406 -1.58913e-19)
(0.900508 0.798102 4.90661e-20)
(1.44814 -0.787244 -4.27294e-20)
(-0.354952 0.251956 -4.59758e-21)
(0.892715 0.445491 0)
(-0.511765 0.459407 -6.70524e-20)
(1.57383 1.01102 -3.65033e-19)
(2.05484 0.857868 2.33969e-19)
(1.49246 -0.42056 0)
(0.403141 -0.376929 3.85472e-21)
(1.88633 -0.128145 -1.55697e-19)
(-0.486409 0.320774 -1.4327e-19)
(-0.802851 0.562036 0)
(-0.568212 0.709424 -4.74394e-19)
(0.886302 0.783223 4.98496e-20)
(0.879902 0.482407 1.72163e-19)
(-0.472039 0.66637 -5.71169e-19)
(0.540703 -0.522445 0)
(1.58514 -0.320762 0)
(-0.617791 0.659752 1.75095e-19)
(0.320583 -0.296767 -4.89526e-19)
(-0.525898 -0.412898 -1.50935e-19)
(0.208503 -0.0508243 -1.7359e-21)
(0.520515 -0.123676 2.73471e-19)
(-0.613944 0.728314 1.93157e-19)
(0.96132 0.83686 0)
(-0.30781 0.182076 1.15007e-19)
(-0.0237908 0.0621773 -1.55911e-19)
(-0.385247 0.58165 8.31366e-20)
(0.383379 -0.34003 1.59781e-19)
(-0.0125059 -0.0979456 -2.51653e-19)
(0.640997 -0.179486 2.64531e-19)
(-0.275768 0.39406 -9.166e-20)
(-0.329627 0.0406731 -1.25276e-19)
(0.760116 0.303272 0)
(1.76263 -0.0240757 2.71425e-20)
(-0.398897 0.209951 1.12348e-19)
(0.977646 0.808414 2.10949e-19)
(-0.408437 -0.178102 2.4096e-19)
(1.02743 0.894648 8.94598e-21)
(1.95318 -0.225968 -1.05641e-20)
(-0.599765 0.84178 2.83096e-19)
(1.10894 -0.286378 -3.82932e-21)
(-0.290594 0.15949 5.0615e-19)
(-0.623428 0.881498 2.90857e-19)
(-0.0734405 0.157559 2.78403e-19)
(-0.0378853 0.081303 -2.67297e-19)
(-0.0974561 0.0287635 3.03204e-19)
(1.07996 -0.306492 7.58515e-20)
(1.14405 0.974787 1.09563e-20)
(1.88363 -0.0165025 1.75152e-20)
(-0.679669 0.736036 3.82307e-19)
(0.603348 -0.139606 0)
(1.53149 -0.464697 0)
(-0.452535 0.347319 0)
(1.1939 0.878235 2.9294e-19)
(1.74735 -0.733941 4.83419e-20)
(0.0187098 0.0766724 -1.56533e-19)
(-0.0623672 0.215108 2.27272e-19)
(-0.663618 0.742771 0)
(1.66756 -0.137047 -2.35433e-20)
(0.459343 0.430619 -4.69057e-19)
(-0.779132 0.609435 -2.25996e-19)
(-0.13311 0.033486 -2.77611e-19)
(-0.39935 -0.42543 1.60755e-19)
(2.24202 -0.0531662 0)
(1.41028 1.03559 -8.49718e-21)
(-0.146197 0.0328151 -1.35723e-19)
(0.465678 -0.110259 0)
(0.590509 -0.0614245 -2.81471e-19)
(1.07765 0.864688 0)
(-0.295885 0.0261106 9.09466e-20)
(-0.086431 0.0619794 2.65908e-19)
(0.963761 0.826431 -7.02502e-20)
(-0.124111 0.0830008 1.29835e-19)
(0.448809 -0.0685574 -1.71996e-19)
(1.03873 0.881886 0)
(0.467516 -0.439758 -6.07591e-20)
(0.874639 0.739899 1.1578e-19)
(0.483861 -0.429491 -2.43239e-19)
(1.11376 0.94071 0)
(0.362599 0.0900372 -6.78282e-20)
(-0.270892 0.048467 8.04034e-20)
(1.20321 0.979518 -1.06692e-20)
(-0.619096 0.416911 -2.61752e-19)
(1.38483 1.01267 -2.50125e-20)
(1.72642 -0.594079 -3.6527e-20)
(-0.457046 0.813671 3.56423e-19)
(0.624161 -0.0982385 -1.16652e-19)
(1.72997 -0.0566171 0)
(1.19515 0.960016 2.17398e-20)
(1.81856 0.0427807 0)
(1.02288 -0.223282 3.68347e-19)
(-0.289387 0.00394748 -1.61842e-19)
)
;

boundaryField
{
    frontback
    {
        type            empty;
    }
    Top
    {
        type            noSlip;
    }
    outlet
    {
        type            zeroGradient;
    }
    bottom
    {
        type            noSlip;
    }
    Inlet
    {
        type            fixedValue;
        value           uniform (1 0 0);
    }
    rectangle
    {
        type            noSlip;
    }
}


// ************************************************************************* //
