/*--------------------------------*- C++ -*----------------------------------*\
| =========                 |                                                 |
| \\      /  F ield         | OpenFOAM: The Open Source CFD Toolbox           |
|  \\    /   O peration     | Version:  2306                                  |
|   \\  /    A nd           | Website:  www.openfoam.com                      |
|    \\/     M anipulation  |                                                 |
\*---------------------------------------------------------------------------*/
FoamFile
{
    version     2.0;
    format      ascii;
    arch        "LSB;label=32;scalar=64";
    class       volVectorField;
    location    "12.9";
    object      U;
}
// * * * * * * * * * * * * * * * * * * * * * * * * * * * * * * * * * * * * * //

dimensions      [0 1 -1 0 0 0 0];

internalField   nonuniform List<vector> 
2186
(
(1.30021 -0.0762148 1.6879e-19)
(1.62233 -0.944249 -1.20563e-19)
(1.46662 -0.920228 -1.43641e-21)
(0.745958 -0.589628 -1.17369e-19)
(-0.537458 0.51066 -2.12668e-19)
(1.0731 0.120658 0)
(0.729371 -0.674062 0)
(-0.313224 -0.539457 1.35576e-19)
(1.48197 -0.258142 2.10084e-19)
(0.558758 -0.32115 -2.40356e-21)
(0.67383 0.606359 0)
(0.846118 -0.273678 -1.56815e-19)
(-0.392614 -0.661476 -5.53796e-20)
(1.18552 0.0215159 -2.97589e-19)
(1.81092 -0.687648 -1.26121e-19)
(1.019 -0.000643061 1.4097e-19)
(0.991575 0.0154957 0)
(-0.730852 0.629701 0)
(1.12057 0.0593701 0)
(-0.0675162 0.276413 -7.3678e-20)
(0.481511 0.0783612 -9.74472e-20)
(-0.236918 0.177282 9.94064e-20)
(1.1733 0.0276768 2.46674e-19)
(-0.208586 -0.00149063 4.25185e-21)
(1.03381 0.000247001 -1.93879e-19)
(0.794692 -0.564072 0)
(0.759496 -0.0378002 1.19943e-19)
(0.618374 -0.598555 -1.31047e-19)
(1.20584 0.710984 0)
(0.965664 0.0197564 -2.64901e-19)
(-0.011414 0.0566187 0)
(1.02807 -0.013742 9.15226e-21)
(0.0134281 0.381672 0)
(2.37675 0.207565 2.15047e-19)
(-0.107687 -0.137495 3.30443e-21)
(1.52491 0.780023 2.78635e-20)
(1.75139 0.147966 1.29966e-19)
(0.506912 0.126795 -2.90012e-19)
(1.93783 0.318069 -4.23341e-19)
(1.03087 0.113881 4.14703e-21)
(-0.449212 -0.716542 0)
(-0.209039 0.15408 0)
(1.88999 -0.884654 1.03773e-19)
(-0.41817 0.20654 0)
(1.10414 0.280885 1.23078e-19)
(0.601429 -0.302788 2.35753e-19)
(0.928724 -0.791177 0)
(1.19262 -0.792186 7.22339e-20)
(2.31331 -0.507934 0)
(-0.47772 0.634521 2.34914e-19)
(0.000238451 0.12385 1.08955e-19)
(0.626464 0.577945 6.39624e-20)
(2.07915 -0.764556 1.33307e-19)
(0.59138 0.262739 -2.32458e-19)
(-0.228004 0.255228 3.72251e-20)
(0.770608 -0.658389 0)
(1.67586 -0.973612 1.86458e-20)
(0.589012 -0.549727 0)
(2.39421 0.257247 1.36236e-19)
(1.12296 -0.170512 -2.73451e-19)
(1.62126 -0.100521 1.37178e-19)
(1.34146 0.303147 -1.33503e-19)
(1.33915 0.536289 0)
(0.944151 0.125135 -4.54338e-21)
(1.35107 0.387168 -7.58358e-20)
(1.26044 -0.736342 -9.35303e-20)
(1.16492 0.660744 4.03159e-20)
(0.677533 0.062794 -4.67027e-19)
(0.814297 0.0477955 0)
(2.08478 -0.225331 -7.58116e-20)
(-0.29154 -0.605836 -1.57427e-19)
(1.82936 -0.467012 -1.22593e-19)
(0.72483 -0.0470194 -2.05179e-19)
(0.876534 -0.523511 0)
(0.82903 0.171034 -7.53615e-20)
(0.556652 -0.518355 -2.4194e-19)
(2.27892 -0.359244 0)
(1.00232 0.00518616 2.91676e-19)
(-0.088879 -0.221679 0)
(1.97367 0.461621 0)
(0.885483 0.400816 1.6292e-19)
(0.849454 0.112684 -1.04843e-20)
(1.0353 0.00787178 3.21085e-20)
(1.3173 0.429201 1.98613e-20)
(0.970689 0.0260666 3.36638e-19)
(1.03665 0.0268595 -7.99574e-21)
(0.667586 0.167838 -2.7944e-19)
(1.13692 0.0965458 -3.85001e-22)
(0.266673 -0.0621013 0)
(-0.0706186 -0.0356666 1.12371e-19)
(0.865122 -0.628864 -1.26737e-19)
(-0.0968575 0.603088 -2.88118e-21)
(1.12867 -0.0720568 1.93222e-19)
(0.818794 -0.189786 0)
(0.977354 0.023054 3.23246e-20)
(1.36019 0.651039 0)
(1.63233 -0.957189 0)
(1.29361 0.223098 0)
(-0.559253 0.59559 0)
(0.798686 -0.674393 2.28755e-19)
(0.717525 0.0805226 -4.88906e-19)
(0.862191 0.283118 3.19827e-19)
(1.5216 0.193584 0)
(1.12591 -0.100866 -1.76638e-19)
(1.09754 0.0226845 1.44435e-19)
(0.00382507 0.69334 1.48454e-19)
(0.630718 0.495547 0)
(2.19254 -0.164184 -1.49993e-19)
(0.969784 -0.487054 6.37918e-20)
(-1.39592 0.0775894 2.17003e-19)
(1.71646 0.333915 1.32304e-19)
(-0.381874 0.67444 -3.32501e-19)
(0.823432 -0.748448 0)
(0.559253 0.337186 1.41e-19)
(1.65584 -0.263321 -6.05672e-19)
(-0.578661 -0.471694 -5.2934e-19)
(1.10958 -0.00197684 5.0933e-20)
(1.95581 -0.606758 0)
(-0.0930928 -0.0354469 -3.36414e-19)
(0.709425 -0.0820736 6.48945e-20)
(1.54598 0.883417 0)
(-0.424112 0.7293 -3.70484e-19)
(0.882267 0.757015 -2.17295e-19)
(-0.965895 0.589043 5.49434e-19)
(1.02884 -0.0231114 0)
(1.16881 0.0508099 -6.41724e-20)
(-0.491454 0.62231 0)
(0.70361 -0.50255 -8.62756e-20)
(-0.902668 0.623324 -2.92127e-19)
(0.795926 -0.72672 0)
(0.442741 -0.289773 3.46401e-19)
(0.550517 -0.466387 2.2893e-19)
(0.417188 -0.377637 0)
(0.990787 -0.78786 -8.63111e-20)
(0.928379 0.245372 0)
(-0.257112 0.705142 -1.84272e-19)
(0.818751 -0.706236 1.07182e-19)
(2.39876 -0.257181 3.33466e-19)
(2.27537 0.158418 0)
(-0.0589464 -0.144212 0)
(0.681774 0.633498 -2.65589e-19)
(1.79071 -0.629935 2.78797e-20)
(-0.185579 -0.265133 0)
(0.990952 -0.813254 -9.67e-21)
(1.14611 -0.0960229 0)
(1.1079 -0.117671 3.08166e-19)
(2.10259 -0.177904 -1.48053e-19)
(-0.570075 0.50581 0)
(1.23815 -0.56095 -3.7682e-20)
(-0.191123 0.417716 -4.64837e-20)
(-0.338611 0.667135 0)
(1.10007 -0.8188 1.2451e-20)
(1.00655 0.00501211 -4.872e-19)
(0.658522 -0.489052 -8.54607e-21)
(0.820202 -0.522582 0)
(1.20779 -0.733772 -6.17614e-20)
(0.654706 0.228621 2.178e-19)
(1.2379 0.101262 0)
(1.50563 0.101711 -1.25417e-19)
(1.2051 -0.860239 -1.10221e-19)
(-0.0496651 -0.122429 -1.24289e-19)
(-0.0832754 -0.374998 -2.38184e-19)
(1.06919 0.00602454 1.82038e-19)
(0.919847 -0.471686 -8.02199e-20)
(1.12485 0.100817 3.56458e-22)
(1.19816 0.0487003 -7.83958e-22)
(0.747771 -0.104867 1.39577e-19)
(-0.19981 -0.00224899 -3.04183e-19)
(1.23229 -0.32324 0)
(1.30085 -0.441558 4.99532e-20)
(1.43927 0.655079 8.57562e-20)
(0.814185 -0.621851 -1.66862e-19)
(0.996793 0.00759253 9.98081e-21)
(0.727813 -0.53936 2.37186e-19)
(1.29414 0.800793 8.39128e-20)
(1.89598 0.0698547 2.77308e-20)
(-0.602732 0.416345 0)
(1.07923 0.0529975 -1.88402e-19)
(-1.04415 -0.00309338 -3.24458e-19)
(1.07324 0.492335 6.29448e-20)
(0.0818475 -0.0830045 1.8375e-19)
(1.13737 0.0308564 -3.44981e-20)
(-0.155875 0.278666 -1.79238e-19)
(1.29196 0.589426 -5.31089e-20)
(1.13075 0.883354 0)
(-0.653029 0.430355 -1.11952e-19)
(-0.273919 -0.225323 0)
(0.646991 0.553466 -2.27822e-19)
(2.08207 0.250565 -2.97742e-20)
(-0.524778 -0.683456 1.89331e-19)
(-0.935396 0.298033 -7.67412e-19)
(0.722623 0.0644231 2.05e-19)
(2.19065 -0.137083 -6.92874e-20)
(0.990786 -0.359066 -2.3779e-20)
(-0.0088369 -0.0227014 0)
(-0.924309 -0.0714271 2.84732e-19)
(1.31542 0.969458 9.80513e-21)
(0.839681 0.0625287 -1.11377e-19)
(0.55036 0.515479 1.57861e-19)
(0.395119 0.189498 0)
(-0.0262279 -0.628513 -2.72469e-19)
(-0.541453 -0.0840111 1.41824e-19)
(1.30563 -0.96327 4.77339e-23)
(0.982709 -0.0356539 -1.5137e-19)
(-0.160848 -0.137355 7.52799e-21)
(-0.270474 0.332794 1.72544e-19)
(-0.323107 -0.113754 -2.19707e-19)
(1.95563 -0.586686 0)
(1.12104 0.0429979 -2.5176e-19)
(2.24076 -0.0475613 2.52328e-19)
(1.29191 -0.626347 6.13104e-20)
(0.488406 0.0342455 1.33826e-20)
(0.587512 0.317237 0)
(0.937718 0.74457 -1.27362e-20)
(0.679614 0.624757 1.465e-19)
(0.899762 -0.569634 1.14747e-19)
(0.678917 0.49131 0)
(1.02016 -0.000170883 6.46321e-21)
(0.887483 -0.670599 1.63145e-19)
(0.837394 0.419673 -3.7339e-19)
(1.23796 -0.1221 0)
(-0.269381 -0.288884 -3.50615e-19)
(0.033083 0.566866 -1.11202e-19)
(1.57579 0.730559 0)
(1.35852 -0.943517 -4.08531e-23)
(-0.770852 0.660663 0)
(-0.526346 0.611898 1.34707e-19)
(0.73042 0.644924 -7.92259e-20)
(0.855191 -0.225356 0)
(-0.193791 -0.125052 0)
(1.62418 -0.45565 0)
(-0.627709 -0.523739 5.44591e-19)
(1.2205 -0.889072 7.26214e-20)
(1.18991 -0.610627 4.18452e-20)
(1.03661 -0.158259 -1.20395e-19)
(0.885108 -0.700874 -1.27699e-19)
(0.190141 -0.19429 0)
(-1.26158 0.394938 0)
(1.00803 -0.517887 1.31025e-19)
(-0.115692 -0.240095 0)
(-0.473156 0.632211 0)
(-0.551095 -0.432082 4.50662e-19)
(0.786693 0.662795 6.87369e-20)
(1.00616 0.789139 0)
(0.690326 0.543607 -6.96357e-20)
(0.828204 -0.049997 -1.83157e-19)
(0.739737 0.552628 -1.85568e-19)
(0.585468 0.543017 -1.35944e-19)
(-0.235906 -0.584367 3.07925e-21)
(0.72632 -0.652089 0)
(0.901128 0.164937 -2.62456e-19)
(-0.351101 -0.713055 7.26403e-20)
(0.598276 0.554078 3.02876e-19)
(0.951545 0.7924 0)
(-0.776507 -0.328727 4.90152e-19)
(-0.0480704 -0.442738 3.73653e-19)
(0.0343737 -0.369103 -1.91125e-19)
(0.657181 0.560237 -1.21149e-20)
(0.967693 -0.0100589 4.70413e-20)
(-0.467234 -0.722748 0)
(2.31406 0.00362349 -3.44467e-19)
(1.6169 -0.640181 -1.41725e-19)
(0.659952 -0.612013 -5.81181e-20)
(-0.469014 0.451056 2.01934e-20)
(1.19252 0.466358 1.36697e-19)
(0.884807 0.410894 0)
(1.05334 -0.186766 1.47118e-19)
(0.154222 -0.551312 -1.00866e-20)
(-0.0700112 0.153193 4.16061e-19)
(0.925773 0.0201875 -4.14568e-20)
(1.13087 0.130722 0)
(1.92144 -0.0499322 -3.4874e-19)
(1.96458 0.0895887 0)
(0.540305 0.241662 -3.83438e-19)
(-0.289729 0.395515 0)
(-0.266251 -0.532668 3.08773e-19)
(0.711099 0.0896989 0)
(0.62883 -0.523504 -1.46769e-19)
(1.12064 0.0224365 1.64742e-19)
(-0.600764 0.540634 5.05259e-20)
(2.05171 -0.113775 -4.23864e-21)
(2.0881 -0.264816 -1.54623e-19)
(1.11022 0.2286 -1.72627e-19)
(-0.376775 -0.754142 -1.45381e-19)
(1.08225 -0.856716 0)
(0.804948 0.0181917 -1.19942e-19)
(0.93144 -0.388429 -2.29181e-19)
(1.7348 -0.57551 -1.11593e-20)
(1.7362 0.0364756 3.27409e-19)
(1.07659 -0.00306955 3.02788e-19)
(0.146897 -0.51375 -1.90211e-19)
(1.0068 -0.451102 -9.62191e-20)
(0.20042 -0.193123 2.08075e-19)
(1.00943 -0.00905585 0)
(1.00547 -0.00716318 0)
(1.24632 -0.709394 4.47362e-20)
(-0.164268 0.705198 -1.25565e-19)
(0.187422 -0.119754 -1.62855e-19)
(1.71432 -0.162777 2.14155e-20)
(1.29007 -0.500725 0)
(2.14802 -0.110449 -1.68572e-19)
(0.951294 -0.827394 -4.44486e-20)
(1.80539 -0.555981 -1.00675e-19)
(1.09704 0.832659 0)
(0.480033 -0.462447 0)
(0.597509 0.50772 -1.45959e-19)
(1.09741 0.282755 -3.16655e-19)
(2.25154 -0.253897 5.05081e-22)
(0.86745 0.148897 1.12887e-19)
(0.128343 -0.518385 -5.78862e-19)
(0.978326 0.0287579 -2.79829e-20)
(-0.183759 -0.468638 0)
(-0.0645269 -0.148428 0)
(-0.595123 -0.587664 0)
(1.35082 -0.727292 -3.74252e-20)
(-0.353865 0.688843 -2.57596e-19)
(-0.129343 0.298859 0)
(1.27699 0.971427 -1.48713e-20)
(1.1103 0.145139 -3.29939e-19)
(1.59044 0.459906 -4.46669e-20)
(1.07115 0.917138 5.018e-20)
(-0.322043 0.744329 1.71336e-19)
(0.561746 0.0219912 0)
(-0.600251 -0.488554 -3.96497e-19)
(-0.422462 0.702202 3.19809e-19)
(0.774453 0.022175 1.50363e-19)
(1.51728 0.947893 3.58705e-20)
(1.3854 0.281806 -2.28959e-20)
(-0.162797 0.581528 -3.52558e-21)
(0.752588 -0.687249 -2.7012e-20)
(1.16125 0.00665587 0)
(1.74305 -0.0189349 0)
(1.03321 0.0390612 0)
(-0.820817 0.285482 -1.58554e-19)
(-0.510367 -0.580693 1.47821e-19)
(1.03972 0.838924 0)
(0.995682 -0.00531772 4.06865e-19)
(0.761467 0.595022 -1.8547e-19)
(-1.38586 0.0518618 -1.65716e-19)
(0.857367 0.00955095 -3.34094e-20)
(0.721566 -0.659544 -1.65319e-19)
(1.37364 0.70939 -1.74101e-20)
(0.57141 -0.461118 -2.3916e-19)
(1.11679 0.000524245 -3.64649e-19)
(0.829659 0.0427169 3.4938e-20)
(1.53165 -0.199619 3.07215e-20)
(0.906049 -0.125479 -4.20937e-20)
(-0.0329744 -0.0551053 -4.21509e-23)
(1.08194 0.470008 -2.1018e-19)
(1.28705 0.609253 8.94184e-20)
(-0.0546838 -0.397681 0)
(0.0950605 -0.467574 2.16331e-19)
(-0.373052 -0.395622 1.47047e-19)
(-0.207631 -0.0668464 -1.56106e-19)
(0.467551 0.302133 0)
(1.36635 -0.712429 0)
(0.0132792 -0.00691774 -1.51141e-19)
(-0.277915 -0.749393 -8.34871e-20)
(1.04964 -0.0300192 1.44523e-19)
(-0.524565 0.401515 -5.05117e-20)
(1.68606 -0.536516 -5.75614e-19)
(-0.085799 0.760646 0)
(0.839921 -0.745194 -2.16923e-19)
(0.625619 -0.080236 7.44982e-20)
(-0.556847 -0.17778 2.08001e-19)
(0.719498 0.151797 2.7205e-19)
(0.620167 0.126429 8.86276e-20)
(0.509034 -0.482591 1.62224e-19)
(-0.209167 -0.341086 -1.64687e-19)
(1.35542 0.32801 0)
(0.384378 0.332059 -1.62752e-19)
(1.02789 -0.0146469 -2.30087e-19)
(-1.02234 0.313726 2.98706e-19)
(1.41226 0.49672 -7.33713e-20)
(-0.142213 -0.319229 -6.16134e-20)
(0.694141 -0.633391 -6.9929e-21)
(0.818519 0.178695 -1.68819e-19)
(0.978783 0.424686 1.81808e-20)
(1.13872 -0.14554 2.64172e-20)
(0.610462 -0.240372 -2.47306e-19)
(1.99851 -0.361197 -2.1127e-19)
(1.03475 -0.200907 0)
(1.17115 0.433713 -3.72147e-20)
(1.67003 0.146385 -2.07824e-20)
(0.962406 -0.247886 1.56459e-19)
(0.869057 0.353536 -2.02274e-19)
(0.925578 0.112091 1.91505e-20)
(0.410527 0.378116 -2.0992e-19)
(-0.193493 0.412903 3.4045e-19)
(1.9416 -0.181891 0)
(0.935585 0.0101365 0)
(0.879864 -0.778459 3.91134e-20)
(-0.0441351 -0.5366 -4.08661e-19)
(-0.847976 0.192623 -3.90014e-19)
(-0.0525141 -0.0962124 -2.64708e-19)
(-0.596306 0.711127 -2.13798e-19)
(-0.309137 -0.341943 0)
(-0.0475183 -0.100726 4.69234e-20)
(0.339212 0.664788 -1.1272e-19)
(-0.301236 0.371464 -3.94696e-19)
(0.803173 -0.117585 0)
(1.41958 -0.574371 5.34957e-20)
(-0.336846 -0.407321 0)
(0.999889 0.0209699 2.92999e-19)
(-0.0013574 -0.468528 2.78545e-20)
(0.547441 -0.433276 3.20512e-19)
(-1.011 0.0085171 5.3831e-19)
(-1.45861 -0.263707 0)
(0.260795 0.691345 1.46414e-19)
(1.00539 0.0247533 -8.77242e-21)
(-0.198124 -0.0839116 0)
(1.0049 -0.0111561 -4.56509e-20)
(0.866414 -0.733267 -2.13124e-19)
(1.33097 -0.82199 0)
(0.942455 -0.281349 1.63311e-19)
(0.061249 0.643324 3.09489e-19)
(-0.00391311 0.00134625 0)
(-0.0759527 -0.558662 -7.97505e-21)
(0.732906 -0.641657 -3.32289e-19)
(0.974006 -0.0275691 -2.07094e-19)
(-0.0459217 -0.600576 5.0948e-19)
(-0.193646 -0.47245 1.88445e-19)
(-0.250075 -0.436962 0)
(0.956957 0.472913 0)
(-0.359015 -0.402078 2.62792e-19)
(1.89787 0.072798 -2.43881e-19)
(1.06751 0.892651 1.29116e-20)
(1.06955 0.206956 -9.79465e-20)
(1.14916 0.0137904 -1.68879e-19)
(1.05722 -0.0464058 -5.68451e-20)
(-0.0222451 -0.637458 -4.71816e-19)
(1.95647 0.0150746 5.35852e-19)
(0.698913 0.0232503 1.60442e-19)
(1.90563 -0.0590497 1.56279e-19)
(1.04461 -0.170927 0)
(0.0876657 0.551071 4.48137e-19)
(1.11496 0.0207503 -3.97112e-19)
(1.7337 0.630938 -1.98017e-20)
(0.745115 -0.461325 -1.29385e-19)
(-0.0734145 -0.0270708 2.51583e-19)
(0.804056 -0.706348 2.82497e-19)
(1.22554 0.197216 5.5909e-20)
(1.00646 -0.0106285 2.02257e-19)
(0.168083 -0.566642 -2.11023e-19)
(1.02691 0.0184822 0)
(1.47386 0.184278 -1.88225e-19)
(-0.0153056 -0.0026851 0)
(1.02566 0.0130192 -1.18761e-19)
(-1.27307 -0.285637 -5.91237e-19)
(1.69552 0.33789 6.09054e-21)
(-0.514537 -0.377375 1.87314e-19)
(1.6339 0.0314246 -3.35764e-20)
(1.01812 -0.0197679 4.1764e-20)
(1.33306 -0.0926706 0)
(1.45912 -0.612353 -6.47041e-20)
(1.02169 0.0317066 -1.23711e-19)
(1.42978 0.78989 -1.38528e-20)
(1.38893 -0.0606051 0)
(0.896198 -0.154493 -4.00278e-21)
(0.0138308 -0.00672621 0)
(1.37245 0.0450371 0)
(-0.483488 -0.656836 0)
(1.23513 0.444124 0)
(1.87243 0.337152 6.68646e-20)
(0.734966 0.607213 3.24797e-19)
(0.296631 -0.298586 -1.92027e-19)
(-0.242959 -0.679173 -4.55802e-19)
(-0.00964545 -0.023231 0)
(1.40737 -0.517605 6.93223e-20)
(1.29169 0.519485 0)
(1.447 0.299987 0)
(-0.641812 -0.420924 1.76126e-19)
(0.803634 0.709695 9.95628e-20)
(1.71083 -0.0203574 0)
(-0.415682 -0.597872 1.05671e-19)
(0.907657 0.212718 1.54063e-19)
(1.43692 -0.404031 -4.47671e-20)
(1.23242 0.924743 2.86968e-20)
(0.928515 -0.83513 -1.50976e-20)
(0.654991 -0.178977 -3.57435e-20)
(0.790114 0.713771 1.01184e-19)
(1.16989 0.923424 0)
(1.99097 -0.411508 1.36158e-19)
(1.23612 0.726783 0)
(1.31581 -0.434023 2.12187e-20)
(0.873553 0.11248 2.02418e-19)
(1.00504 -0.0071484 0)
(0.155343 0.234559 3.7785e-19)
(0.889701 -0.174449 3.82495e-20)
(0.635143 -0.415923 0)
(0.673433 -0.388828 1.7264e-19)
(1.23686 0.559348 -2.48858e-20)
(0.468942 0.441377 2.27954e-19)
(-0.345566 0.450526 4.68337e-20)
(0.105512 0.100744 1.08795e-19)
(0.771516 0.063669 0)
(1.33153 -0.904007 -1.4475e-20)
(1.0458 -0.0384289 3.20606e-19)
(1.45347 0.335884 1.60351e-19)
(-0.456692 -0.648253 9.19922e-20)
(-1.0509 -0.0076802 0)
(1.21496 -0.245163 -8.24641e-20)
(-0.000944969 0.000159487 -2.15998e-19)
(0.0548729 0.117586 -5.24225e-20)
(-0.123186 0.0305931 -3.30545e-22)
(-0.19904 0.0822615 3.29391e-19)
(1.20208 0.0737113 -5.48489e-23)
(2.37322 -0.0358081 4.61281e-19)
(1.1932 0.468097 -2.20437e-19)
(0.917743 -0.0296032 0)
(1.91296 -0.070458 3.23443e-19)
(1.83427 0.126832 1.42747e-19)
(0.916986 -0.771326 1.01628e-19)
(1.16433 -0.980282 -2.78771e-21)
(0.473842 0.439093 1.52034e-19)
(1.49029 0.513219 0)
(1.74257 0.594811 5.22989e-20)
(-0.00467014 -0.00786022 -4.40246e-19)
(0.880224 0.768251 0)
(1.19434 0.14247 0)
(0.298015 -0.297785 -3.86289e-21)
(0.316877 0.292454 0)
(-1.41837 0.0344345 -5.05047e-19)
(-0.440283 0.583057 -1.40859e-19)
(1.75489 -0.412844 0)
(1.28921 0.0645588 8.38947e-20)
(-0.682369 0.24722 3.27887e-19)
(0.54041 -0.513938 -3.64222e-19)
(1.94071 -0.0862659 -5.82762e-20)
(0.618233 -0.561963 0)
(1.04179 0.11611 0)
(1.39227 -0.217606 0)
(1.1022 0.228337 -1.82182e-19)
(1.31765 0.108935 2.55551e-19)
(-1.27546 -0.0953621 0)
(0.857121 -0.0527353 0)
(1.90418 -0.120832 1.41695e-20)
(-0.121624 0.307914 1.15917e-19)
(2.42755 -0.23424 -3.34708e-19)
(1.07919 -0.515782 2.28701e-19)
(1.88607 -0.0683243 -3.44362e-19)
(-1.17059 0.433613 -2.479e-19)
(2.01578 0.0909002 -2.74843e-19)
(1.01558 -0.024134 3.28803e-19)
(1.50956 0.61491 0)
(-0.483899 0.625587 3.73305e-20)
(1.00977 -0.834091 1.16808e-19)
(0.852672 -0.0214291 3.90514e-20)
(0.640028 -0.438949 0)
(1.90532 -0.541485 1.1919e-20)
(1.21433 -0.184821 1.04748e-19)
(1.40155 -0.512467 0)
(0.612991 -0.569585 3.21986e-19)
(0.500203 0.0791427 -5.42611e-20)
(2.3875 -0.282394 6.35519e-19)
(-0.179374 0.47099 -2.42754e-19)
(1.32909 0.62272 1.01894e-19)
(1.14745 0.408478 2.85302e-21)
(0.904693 0.372197 1.82595e-19)
(1.96068 0.191487 -2.57568e-19)
(-0.0425415 -0.660926 -7.29977e-21)
(0.95047 -0.184381 0)
(-0.15331 -0.100115 4.17123e-19)
(1.09956 -0.95582 0)
(1.06675 -0.655223 1.55898e-20)
(1.24914 -0.00554874 -7.33865e-19)
(1.18998 -0.0693709 3.07142e-22)
(-0.746583 -0.105462 -5.04617e-19)
(0.988336 0.483196 1.39505e-19)
(-0.0642506 0.264995 1.7544e-19)
(0.710686 -0.042878 0)
(1.41267 -0.195575 0)
(1.27958 0.151557 1.94632e-20)
(0.758901 -0.0146821 0)
(1.36065 -0.213462 -1.07784e-19)
(-1.72123 0.273604 6.95812e-19)
(1.9169 0.508169 5.29967e-20)
(1.05212 -0.0333516 0)
(0.55809 -0.35772 8.45349e-20)
(1.01271 0.0270572 1.57327e-19)
(0.893677 0.809422 -1.85652e-19)
(-0.539165 0.743616 0)
(1.12522 -0.485898 3.56453e-19)
(1.26083 -0.111555 -3.17938e-22)
(1.11668 -0.508454 -1.55464e-19)
(2.38565 0.222302 2.39945e-19)
(1.28063 0.789583 0)
(0.869312 0.0185214 0)
(-0.531365 -0.646807 -2.33484e-19)
(0.0117113 -0.00503629 1.70034e-19)
(0.952322 0.36704 -1.67191e-19)
(0.333935 -0.428673 -1.85835e-19)
(0.643681 0.40096 2.01151e-19)
(0.857451 -0.156377 0)
(0.543502 -0.505689 0)
(1.2412 -0.0517989 2.15495e-21)
(1.25265 -0.517105 -6.81976e-20)
(0.646806 0.0261117 1.51491e-20)
(0.731447 -0.161441 9.70382e-20)
(-0.0689281 0.161403 -3.05818e-19)
(1.51886 0.0921903 3.87511e-19)
(0.657378 0.611881 0)
(1.26416 0.695383 0)
(1.58595 0.256659 0)
(-0.409623 -0.372628 -2.21852e-19)
(1.22464 0.555541 2.29255e-19)
(1.96793 0.0898002 5.68498e-20)
(0.954775 -0.00144824 0)
(1.2009 -0.242867 0)
(2.14004 -0.103639 -4.16315e-19)
(0.859691 0.569939 2.12204e-19)
(1.00621 0.00340351 -1.57212e-19)
(1.48357 0.477054 0)
(-0.452422 0.675394 0)
(1.24085 0.325184 2.19443e-19)
(1.02294 0.527485 -1.02025e-19)
(1.06477 0.0275886 0)
(1.77555 0.289958 0)
(1.94809 0.685645 -3.47535e-19)
(-0.138553 0.724452 -8.04033e-21)
(0.998698 0.0130039 0)
(0.704818 0.466127 -2.74011e-20)
(0.94143 -0.829602 0)
(1.00904 0.0168671 3.64771e-20)
(1.10312 -0.265028 5.47948e-20)
(0.907978 -0.331291 2.4029e-19)
(1.14885 -0.0686655 -4.67032e-20)
(2.17137 -0.125039 4.26399e-19)
(1.10996 0.16707 7.62237e-20)
(0.764891 -0.0243599 0)
(1.01841 0.00752386 0)
(-0.758323 -0.183563 0)
(0.662356 0.633901 -1.48327e-19)
(-0.0346597 0.0860715 2.06498e-19)
(1.16247 0.349472 -3.53362e-19)
(-0.719998 0.456536 0)
(0.824396 0.63545 1.35537e-19)
(1.02284 -0.347288 0)
(1.00664 -0.00198733 9.20075e-20)
(0.474104 0.135143 6.56717e-20)
(1.03727 0.407337 2.02067e-19)
(1.59921 0.107261 0)
(2.20406 0.19104 -1.1238e-19)
(0.823254 -0.114159 -2.94207e-19)
(-1.2948 0.0423454 -6.66321e-19)
(1.25346 0.390637 0)
(0.8798 0.236612 1.43122e-19)
(2.05851 -0.134377 0)
(0.772731 0.515018 2.95834e-19)
(-1.72568 0.167408 2.77683e-19)
(-0.0681115 0.17335 0)
(0.586642 0.556619 -5.72207e-20)
(1.02749 -0.642588 -1.09656e-19)
(0.48447 -0.256999 -1.01973e-19)
(1.01503 -0.0174505 0)
(-0.50926 0.461781 -3.23688e-19)
(0.644327 -0.57563 6.46516e-20)
(0.905824 0.286023 0)
(1.56877 -0.670157 8.06169e-20)
(0.978494 0.834713 1.83176e-20)
(1.13749 -0.216791 -4.02275e-20)
(0.237794 -0.253916 -2.897e-19)
(0.234649 -0.0552291 -4.65596e-19)
(-0.0890663 -0.219961 1.14307e-20)
(0.817654 0.356322 2.0155e-19)
(-0.385332 0.6823 -6.43694e-21)
(1.42901 -0.655124 3.50747e-21)
(1.02439 0.00757771 -2.71487e-19)
(-0.542513 -0.264034 0)
(1.03377 0.0345378 -3.21432e-19)
(2.13791 0.31994 2.14148e-19)
(0.882613 0.682793 2.23846e-19)
(1.11021 -0.0606111 1.24051e-19)
(1.00223 -0.0296361 1.25846e-19)
(1.22881 -0.082792 -3.13488e-22)
(-0.420108 -0.51806 -4.01442e-22)
(1.74046 -0.874477 1.54673e-20)
(1.12575 -0.139792 -5.16565e-20)
(0.802335 0.048343 5.8827e-20)
(0.912465 -0.301202 7.15397e-20)
(0.522005 0.146899 0)
(0.956454 0.727903 0)
(0.858845 0.210004 -7.82854e-20)
(2.07472 0.212076 -4.21481e-20)
(-1.31231 0.120774 2.45244e-19)
(1.03352 -0.544364 -3.84565e-19)
(0.623094 -0.540889 3.1375e-19)
(1.36684 0.27737 -2.05037e-19)
(0.353549 -0.496522 2.14353e-20)
(1.29282 -0.196641 0)
(0.754593 0.106722 -5.56314e-21)
(1.30599 -0.324691 -4.42641e-20)
(1.03357 0.755762 0)
(1.21686 -0.356748 0)
(0.711361 0.0215964 0)
(-0.19122 -0.367409 -7.47508e-20)
(-0.178232 0.169486 0)
(1.57838 0.749625 2.53543e-19)
(1.20775 0.18234 4.92245e-21)
(-1.03544 -0.166008 2.19134e-19)
(1.40236 0.416326 2.54287e-20)
(1.8082 0.49436 -1.00753e-19)
(2.12126 -0.31658 -4.44572e-20)
(-0.168841 -0.00189641 -2.34018e-19)
(-0.0906924 -0.526476 5.94246e-21)
(0.798979 0.104162 0)
(0.692429 -0.0366917 0)
(1.00128 -0.000526612 1.60556e-22)
(-0.482133 -0.337961 0)
(1.5183 0.00459142 -1.50862e-19)
(0.688403 -0.029972 0)
(1.06766 0.00671056 9.93149e-20)
(0.999413 0.0130358 -3.57747e-20)
(1.43242 -0.0568886 2.38384e-19)
(1.0598 -0.0156811 -7.33318e-22)
(0.953608 -0.193667 -4.32126e-20)
(1.02148 -0.0288551 2.91217e-19)
(0.677633 -0.617013 1.44713e-19)
(-0.445133 -0.250323 -1.98912e-19)
(0.985005 0.184032 4.28182e-20)
(0.00946593 0.00798673 0)
(1.11855 0.789836 0)
(1.02709 -0.00458541 0)
(1.00611 -0.777788 -7.32322e-20)
(1.04554 -0.895344 3.00189e-21)
(0.73325 -0.105206 -3.29954e-20)
(0.0335393 0.245938 -8.77407e-19)
(1.20975 -0.118058 2.32151e-21)
(0.591094 -0.390526 -5.17769e-19)
(1.03348 0.368097 -7.10801e-20)
(1.24718 0.0228201 -2.66387e-20)
(2.05432 -0.323207 1.44438e-19)
(0.424972 -0.037511 -5.45583e-20)
(-0.353062 -0.588212 -1.57909e-19)
(1.11516 0.553542 1.51104e-19)
(-0.0752426 -0.335788 0)
(0.282268 -0.444218 4.79828e-19)
(-0.0579213 -0.0797568 3.08973e-23)
(1.04211 -0.0432256 2.62974e-19)
(1.02029 0.00491025 -6.74286e-21)
(1.09827 -0.00961233 -7.27695e-20)
(1.11564 -0.126769 -5.12721e-21)
(1.6164 0.319485 2.90686e-20)
(0.405609 -0.380623 -2.55298e-19)
(0.778747 -0.105949 5.64611e-20)
(1.02918 0.00391647 -1.92081e-19)
(0.799559 0.0501562 -4.40652e-20)
(1.06559 -0.169577 0)
(1.10795 0.59065 -2.82245e-19)
(1.00186 9.89944e-05 7.50807e-20)
(0.66999 0.596738 2.1161e-19)
(1.18205 -0.0282896 5.53753e-22)
(1.06606 -0.00700518 -2.38648e-20)
(1.11376 0.0128546 6.77388e-22)
(2.44826 -0.11521 2.49102e-20)
(0.0782933 0.0209699 0)
(1.06364 -0.0400309 0)
(1.06277 -0.0367417 4.62529e-19)
(1.00392 -0.00111123 0)
(-0.0273594 -0.0489126 0)
(0.964922 -0.584237 0)
(0.998309 -0.00307036 -4.36789e-19)
(1.16235 -0.684475 5.45652e-20)
(1.02425 0.000385491 9.1163e-21)
(1.33342 0.95586 -1.00306e-20)
(1.51288 1.00481 -9.56474e-20)
(1.22933 -0.0225805 -3.96192e-21)
(1.59796 0.333525 2.12801e-19)
(1.01047 0.223058 0)
(0.0540573 0.727218 0)
(2.14324 -0.000338966 5.3575e-19)
(1.22073 -0.565717 0)
(0.997734 -0.00228195 -1.35756e-19)
(1.00895 -0.00106449 2.63458e-19)
(1.41009 0.145345 -5.2428e-20)
(0.00841851 -0.127066 3.2188e-19)
(0.973918 0.000186933 1.42691e-19)
(0.496371 -0.0793452 3.4961e-20)
(0.513105 0.0804112 -1.92378e-20)
(1.10571 -0.124803 -4.28573e-23)
(0.922351 0.0178804 -1.43075e-19)
(0.999932 0.00524021 1.69922e-19)
(1.0023 -8.49069e-05 1.00267e-20)
(0.787793 -0.0118219 0)
(0.725167 -0.0289636 0)
(0.722148 -0.0246424 6.23524e-22)
(0.700636 -0.0299778 0)
(0.305927 -0.0575949 0)
(0.230563 0.00550902 0)
(0.436037 0.0176134 1.32569e-20)
(0.598508 0.0702243 -8.91393e-21)
(1.0699 0.0799977 0)
(1.16021 0.0159909 4.58448e-22)
(1.11608 -0.0766954 0)
(0.469599 -0.0204582 0)
(0.270323 -0.0240715 0)
(0.138328 -0.00256686 8.30418e-21)
(0.198633 0.0530492 1.06165e-19)
(0.792714 0.0239041 0)
(0.808785 0.0213985 0)
(0.9565 0.0256145 -1.76596e-19)
(0.829506 0.00998006 3.3153e-19)
(1.00568 -0.000717326 0)
(1.0007 -0.000495956 3.13772e-19)
(0.999835 -0.00158831 -3.66831e-22)
(0.803006 0.0193522 2.80124e-19)
(0.992108 -0.00531791 -1.6387e-19)
(0.598874 -0.0679137 0)
(0.305586 0.0211815 1.92559e-20)
(1.00069 0.000278367 -1.58627e-19)
(0.9972 0.00165289 -2.72161e-19)
(1.06049 -0.0916193 0)
(1.00127 0.00286475 0)
(0.998896 9.22997e-05 0)
(1.187 -0.0729677 1.4642e-20)
(1.31053 0.0164723 4.3087e-21)
(0.803609 -0.0128209 0)
(-0.485162 0.410234 2.36327e-19)
(-0.466217 0.538537 -3.6759e-19)
(1.02026 -0.014048 -2.10659e-19)
(-0.353757 -0.70953 -1.53033e-19)
(1.0211 0.00367295 -1.69089e-19)
(1.17114 -0.213875 -6.25236e-20)
(0.799632 -0.477363 2.39842e-19)
(-0.0347123 -0.0633191 -1.06991e-19)
(1.02461 0.012728 0)
(1.064 -0.0107278 -4.56856e-20)
(0.865754 0.0188429 0)
(-0.034414 0.0706408 2.99984e-19)
(1.19857 -0.514153 0)
(-0.544661 -0.461742 -3.87899e-19)
(0.440478 -0.0764134 -4.08439e-20)
(1.64316 0.693401 6.52716e-20)
(-0.0450782 -0.0408917 0)
(1.06933 -0.0356016 1.42816e-19)
(1.25491 -0.00259026 4.88543e-22)
(0.922288 -0.011287 2.26961e-19)
(1.01607 -0.00338906 -1.43718e-19)
(1.65857 0.86892 6.96154e-20)
(0.516674 0.483507 0)
(0.438597 0.391151 1.69876e-19)
(1.1248 -0.0572471 -4.47343e-21)
(1.13133 0.124603 1.51349e-19)
(1.08759 -0.712864 0)
(1.02476 0.0017895 0)
(1.00194 -0.0142112 -3.31641e-19)
(1.01618 0.0149454 -3.22158e-19)
(-0.13386 -0.376251 0)
(1.21385 0.818678 -8.56621e-20)
(1.1763 0.0150915 -5.89527e-22)
(1.01655 0.00448575 1.23968e-19)
(1.00977 0.0139729 -1.55976e-19)
(-0.680726 -0.346157 -3.8051e-20)
(1.27163 0.0222528 -1.06064e-20)
(1.01405 -0.0130588 5.29702e-19)
(1.09546 0.0870913 0)
(1.83964 0.669377 -8.29464e-20)
(1.02022 -0.00869711 -1.6489e-19)
(1.92313 0.126177 -1.42533e-19)
(1.05185 0.00615395 -3.80534e-22)
(1.00917 -0.0096535 3.30733e-20)
(2.07589 -0.236215 -3.49397e-19)
(1.01494 0.00869246 1.59956e-19)
(1.28502 0.0956364 5.29275e-21)
(1.02116 0.00411326 0)
(0.933374 0.142969 4.00245e-20)
(-1.31229 -0.0607997 6.14527e-21)
(0.992245 0.0223806 1.59342e-19)
(1.0358 0.0172845 -5.08935e-22)
(1.20446 0.0515139 5.39087e-22)
(1.24319 0.315459 3.05412e-19)
(1.00213 0.011995 1.08961e-19)
(1.01491 -0.0131402 6.10303e-22)
(1.74296 0.26078 -4.0293e-21)
(1.74026 0.937703 -1.14748e-19)
(0.779364 -0.699753 4.17332e-20)
(0.455628 -0.332163 -2.52901e-19)
(1.00111 -0.0140091 0)
(1.02173 0.00448559 3.96789e-20)
(1.01324 -0.00459979 8.38225e-20)
(1.29807 0.00594451 2.93519e-21)
(1.01789 0.0048381 -1.6628e-19)
(1.02648 -0.025804 1.89394e-19)
(1.00971 -0.00694812 -1.56909e-19)
(1.01088 0.00500253 -4.88877e-22)
(1.01206 0.0076843 -3.88947e-22)
(1.01653 0.0183794 1.59266e-19)
(0.905385 0.0818688 4.13285e-19)
(1.73584 0.671628 0)
(0.625313 0.00821715 2.76468e-19)
(1.01182 -0.00259184 0)
(1.02281 -0.0193657 -4.61479e-20)
(1.53329 0.462141 -3.91683e-20)
(1.78084 0.0365049 0)
(1.71877 -0.423783 -7.24071e-20)
(1.38822 0.707224 -3.97974e-20)
(0.785612 -0.0111092 0)
(1.97706 -0.0555017 0)
(0.683273 0.532764 -1.22789e-19)
(1.21212 -0.0154705 -6.03183e-22)
(1.0143 -0.00587601 -1.67692e-19)
(1.12643 -0.568324 -4.35308e-20)
(1.2364 0.0662109 -1.4911e-21)
(1.40941 0.367536 0)
(1.21806 -0.10324 0)
(1.61945 0.524174 0)
(0.276562 0.601576 1.31254e-19)
(1.33523 0.0543573 2.49095e-21)
(-0.0343291 0.134527 0)
(-0.107108 0.631836 -3.99053e-19)
(1.68236 0.97167 -1.02288e-19)
(1.00702 -0.00317599 -3.28011e-19)
(1.31116 -0.0204399 1.17957e-21)
(1.02155 0.00991349 2.16361e-19)
(0.708837 -0.041275 0)
(-0.105387 -0.315312 -3.26047e-20)
(0.609598 0.425588 -2.83074e-19)
(1.69256 0.704757 7.69098e-20)
(0.129311 0.647369 0)
(0.797982 0.0946238 5.57337e-20)
(0.514998 0.491204 4.24641e-20)
(1.17932 0.883215 -2.23608e-20)
(-0.0284358 -0.0092936 1.59536e-19)
(1.01922 0.011089 0)
(1.34809 0.194294 5.77762e-21)
(1.00917 -0.000178 1.2309e-19)
(2.45291 0.0285088 0)
(1.01182 0.00815697 2.06502e-19)
(0.34564 -0.454738 -2.25986e-19)
(1.01351 0.0105639 -1.2766e-19)
(1.28573 0.0676412 0)
(1.63343 -0.501002 3.43892e-22)
(1.0108 0.00562556 -8.58301e-20)
(0.996177 -0.0227526 2.26783e-19)
(1.09051 0.0898311 -2.5089e-21)
(1.29578 0.232827 -1.86415e-20)
(-0.162761 -0.0605401 4.19907e-19)
(2.02588 0.358159 2.52552e-19)
(1.12566 0.258056 2.2146e-20)
(0.817232 0.0190289 -3.10632e-19)
(0.805394 0.0271337 0)
(1.25967 0.0931145 1.66051e-20)
(1.02955 -0.0124663 -2.48341e-20)
(0.974474 0.0317781 0)
(1.04643 -0.0019876 -1.57551e-19)
(0.874402 -0.0731452 -5.34764e-20)
(-1.6112 -0.0204713 2.88014e-19)
(2.15258 -0.581738 0)
(-0.920573 -0.366414 -8.66067e-19)
(1.51969 -0.354591 0)
(1.0352 -0.0180249 4.62552e-20)
(1.00046 -0.139992 5.03168e-22)
(1.0192 -0.00520227 1.3298e-19)
(-1.03699 0.135642 6.26564e-19)
(1.02091 0.00604483 0)
(0.987742 0.0039539 -3.22685e-19)
(1.01139 0.00949343 1.69378e-19)
(0.999271 0.0730262 0)
(0.974682 -0.0726756 -1.53376e-21)
(0.96883 -0.000400689 -1.45594e-19)
(-0.232776 -0.709254 5.06124e-19)
(1.00084 -0.000355624 -1.65456e-19)
(1.00642 0.0328521 -3.89221e-19)
(1.65489 -0.606649 4.88304e-21)
(-0.21986 -0.291306 -1.24355e-19)
(0.804952 0.690075 -1.39937e-19)
(0.802055 0.353575 0)
(1.01533 -0.00990107 3.4767e-19)
(1.03473 -0.0204778 1.83126e-19)
(1.04185 0.311888 -4.1518e-20)
(0.490565 0.216868 5.82376e-20)
(1.08047 0.00893757 -9.13448e-20)
(1.11539 -0.899225 3.10772e-20)
(1.00655 -0.00323929 1.72654e-19)
(0.931727 -0.676913 1.51856e-19)
(-0.676302 0.357068 4.41439e-19)
(-0.16796 -0.254081 -9.50575e-20)
(0.791584 0.0141153 -5.02919e-20)
(0.71174 -0.167161 -5.60029e-19)
(1.02381 -0.00659204 0)
(1.33168 -0.80841 5.54195e-20)
(1.32894 0.719873 1.00309e-19)
(1.1141 0.120154 0)
(0.0522842 -0.612055 0)
(0.614855 0.755507 0)
(1.03566 0.0112451 7.32208e-20)
(2.11728 -0.201117 0)
(1.05415 -0.0268977 2.91468e-21)
(-1.23919 0.411259 -2.84538e-19)
(-0.0154593 -0.0461281 2.66099e-19)
(-0.429593 0.545195 -1.85307e-21)
(1.44019 0.38113 6.65794e-20)
(0.134564 -0.527936 5.99455e-19)
(1.20385 0.690522 0)
(0.029143 -0.380954 -8.40864e-22)
(1.01347 0.0172558 4.50455e-20)
(-0.0956144 -0.0423986 -1.63582e-19)
(0.875047 0.707624 -4.44974e-20)
(-0.0468582 -0.0739716 6.29115e-20)
(1.34372 -0.976516 -5.95719e-20)
(0.846069 0.185626 4.01532e-20)
(1.2473 -0.00433012 5.4647e-22)
(0.130123 0.0156612 3.78539e-20)
(0.901905 0.012668 0)
(1.09598 -0.0479307 4.67402e-20)
(0.774883 -0.280506 -1.24391e-19)
(0.399642 -0.110821 -5.73517e-20)
(2.13076 0.205156 0)
(1.04407 0.0224155 1.78095e-19)
(-0.729743 0.0650499 0)
(1.201 0.042849 9.46151e-22)
(0.229244 -0.0979448 0)
(0.879086 0.330136 -1.79516e-19)
(1.57784 0.617509 -7.82107e-20)
(-0.0960888 -0.197994 -1.93565e-20)
(0.941391 0.0366936 -3.6205e-19)
(1.04012 0.00454259 0)
(1.10862 0.00382262 9.12773e-20)
(1.44562 -0.275397 0)
(1.89577 -0.40781 0)
(1.01233 -0.0026803 -3.16768e-20)
(0.984882 0.0450916 -1.54288e-19)
(1.77289 0.636955 -2.8878e-19)
(-0.249361 0.457096 0)
(1.01853 -0.00948103 3.3776e-22)
(0.935742 -0.7566 -9.46978e-20)
(0.644111 0.343381 0)
(1.07294 -0.0242614 -2.27397e-19)
(1.77991 -0.634148 8.94076e-20)
(-0.124291 -0.200945 -4.72618e-20)
(-0.243318 0.782119 2.23416e-19)
(-0.801931 -0.106205 3.34036e-20)
(-0.865656 0.416717 -2.14061e-19)
(-0.0373119 -0.0365624 3.58188e-19)
(1.19801 -0.203274 -6.58351e-21)
(0.382815 -0.438709 3.40514e-19)
(0.953356 -0.711899 1.66214e-19)
(1.0854 -0.89327 0)
(1.0151 0.0117371 -3.7311e-19)
(0.761027 0.205536 -6.13457e-20)
(1.018 -0.00793391 -1.40541e-19)
(-0.157905 -0.0844121 -1.16595e-19)
(-0.0493819 -0.585813 3.91376e-19)
(1.01281 0.0213954 -1.79361e-19)
(0.65398 -0.920551 1.94426e-19)
(0.899361 -0.566234 -1.66086e-21)
(1.05022 -0.0191181 -2.9919e-19)
(1.71772 -0.00911731 0)
(-0.516831 0.253542 -1.40648e-19)
(-1.19434 -0.0181682 -5.48885e-19)
(1.36365 0.391262 0)
(1.10388 0.0844879 0)
(1.06621 0.0288641 2.04752e-19)
(1.6291 0.634624 -2.25268e-19)
(1.209 -0.0426447 -1.74727e-20)
(1.15403 0.628704 1.26543e-19)
(-0.714742 -0.434498 -1.50794e-19)
(1.04446 0.0110883 1.03934e-19)
(0.0881312 -0.429415 -3.02273e-20)
(1.21564 0.155021 -2.96872e-19)
(0.0679671 0.416071 0)
(1.00993 -0.269023 -1.48358e-19)
(-0.132247 -0.419627 1.56173e-19)
(1.3852 -0.564359 -1.01318e-19)
(1.01349 -0.0190045 -2.10049e-19)
(0.457771 0.441548 -1.16311e-19)
(1.20886 -0.237743 -3.88744e-19)
(-1.33976 0.144273 3.76349e-19)
(0.908053 0.0376166 -2.42925e-19)
(0.527581 0.0290933 -1.681e-19)
(1.00946 -0.0102543 -1.75549e-19)
(0.803862 0.595478 -1.92629e-19)
(-1.05119 -0.194419 -1.61486e-19)
(0.455851 -0.438694 -1.12146e-20)
(0.120895 -0.0464219 1.11352e-19)
(0.91961 -0.49749 -5.67015e-20)
(1.8458 -0.540463 0)
(1.09977 -0.854843 0)
(0.866228 -0.343871 -2.08927e-20)
(0.890504 0.0476799 0)
(0.732319 -0.404871 1.53386e-19)
(-0.071895 -0.106818 0)
(1.88592 0.469728 2.9205e-19)
(1.02894 0.0133096 0)
(2.36506 0.0649683 -9.52624e-20)
(1.10116 -0.400704 2.51385e-19)
(0.981393 -0.00791794 1.54661e-19)
(1.06284 0.0799129 -1.55814e-19)
(1.24372 -0.145668 1.87921e-19)
(1.00887 0.0164234 2.19384e-19)
(1.03911 0.115693 0)
(0.985983 0.0074616 1.79604e-19)
(1.0116 -0.123853 -4.6115e-22)
(0.659716 0.364085 -5.582e-20)
(1.40567 1.04899 5.99076e-20)
(1.01061 -0.0235387 2.39218e-19)
(0.934108 0.0609636 4.69626e-20)
(1.90024 0.642366 0)
(1.16037 0.611976 0)
(1.01261 -0.127535 -3.40326e-19)
(0.424812 0.560913 0)
(0.690521 0.421911 5.88596e-20)
(1.21379 -0.930596 0)
(0.500598 0.346341 0)
(0.625379 0.567553 -4.28672e-19)
(2.14344 0.252863 4.81654e-20)
(1.04076 -0.0259945 -9.97836e-20)
(-0.165196 0.442542 1.14148e-19)
(1.05635 0.0517392 0)
(1.04273 -0.037952 0)
(1.08786 -0.438488 3.00999e-20)
(0.617592 0.441693 0)
(0.751694 0.471234 2.95268e-20)
(1.03797 -0.00811442 4.3211e-22)
(0.60945 0.450635 1.15639e-19)
(1.12896 0.0238107 2.37033e-20)
(1.58012 -0.608886 -1.49365e-22)
(1.08219 0.031651 1.37855e-19)
(1.03599 -0.00111575 -1.49376e-19)
(1.1379 0.211261 1.59256e-19)
(1.0033 0.0212022 -3.5471e-19)
(0.319012 -0.279394 0)
(-0.661305 0.539748 -5.20937e-20)
(-0.0164004 -0.377902 -1.86472e-19)
(0.903727 -0.144335 -1.98509e-19)
(2.17738 0.300765 0)
(0.24315 -0.352778 -3.98632e-20)
(-0.104725 0.279025 1.24117e-19)
(1.96195 0.487794 -1.96125e-19)
(1.14489 0.576092 1.63918e-20)
(1.08641 -0.078647 1.7177e-20)
(0.848207 0.707798 3.34131e-19)
(1.07714 0.464937 -2.49734e-21)
(1.0979 -0.0288073 0)
(1.01722 -0.0891115 -9.99288e-20)
(-0.298461 0.552408 1.22222e-19)
(1.77097 -0.243145 -1.37095e-19)
(2.35169 0.139833 0)
(2.36927 -0.0977016 0)
(1.63875 0.368419 2.1705e-19)
(-0.0847813 0.19886 0)
(1.00993 0.0162628 -1.38475e-19)
(0.388596 -0.444331 0)
(1.00449 -0.0132 1.02027e-19)
(0.667884 -0.329589 -1.78845e-19)
(0.960324 -0.0223873 3.38377e-19)
(1.84426 0.369216 7.2479e-20)
(1.06009 -0.0256622 -3.7162e-19)
(0.832441 0.0231766 4.38645e-20)
(2.32633 0.13243 -2.0711e-19)
(1.07883 -0.0358778 0)
(1.05142 -0.00309647 1.10687e-19)
(-0.728071 0.324913 -2.32619e-19)
(1.10516 0.00592251 -1.74042e-19)
(0.869823 0.629143 -3.74014e-19)
(1.05178 0.0656069 -6.67108e-21)
(2.31113 0.117997 0)
(0.308787 -0.0880992 4.46777e-19)
(1.41965 -0.651645 0)
(-1.22887 0.248864 1.48711e-19)
(-0.389498 -0.665526 2.88957e-19)
(1.09572 -0.908704 0)
(0.753636 0.0279267 8.9487e-20)
(-1.15121 0.472361 0)
(1.79946 0.656803 0)
(-0.0198512 -0.0342707 1.45131e-19)
(0.871542 0.0900765 -2.03587e-19)
(0.231963 -0.792864 8.2486e-20)
(0.928771 0.682776 -2.98082e-19)
(1.00002 0.0417019 -5.03867e-21)
(1.03174 -0.0325343 1.137e-19)
(2.42165 0.0274134 0)
(1.06504 -0.0965491 -4.27553e-20)
(0.792154 -0.475097 7.01391e-19)
(1.01906 -0.0132172 2.3278e-19)
(1.07804 -0.0138228 8.96102e-20)
(1.86588 0.402787 0)
(1.00375 -0.00435952 0)
(0.985608 0.859281 -2.48686e-20)
(1.02997 -0.023757 -1.38703e-19)
(1.19277 -0.470463 -7.29974e-20)
(-0.527091 0.00183799 3.73837e-20)
(1.19944 -0.0102484 0)
(1.17911 -0.0785052 0)
(1.18759 -0.129217 1.06045e-21)
(0.694226 0.27366 -2.07183e-19)
(0.76441 -0.139373 -1.27706e-20)
(0.983618 0.0727269 2.03996e-19)
(0.434216 0.208289 -1.29331e-19)
(1.76647 0.421179 0)
(0.682371 0.0282545 9.47766e-22)
(1.09849 0.0109176 -9.38357e-20)
(0.475125 0.00850012 0)
(0.812487 -0.00460482 0)
(0.674853 -0.0278221 -4.98828e-21)
(0.48619 -0.00909331 3.04677e-21)
(0.772604 0.00288652 9.41459e-20)
(1.13126 -0.011772 0)
(0.823635 -0.759937 0)
(0.195434 -0.440901 -2.84083e-20)
(1.00667 0.706858 -1.80682e-19)
(0.195092 0.122242 -1.1667e-19)
(-0.206018 0.776786 1.29459e-20)
(1.89473 0.82094 2.31024e-19)
(0.994669 0.0330879 1.46324e-19)
(1.02869 -0.0618547 7.98326e-20)
(0.328364 -0.22738 -5.88204e-19)
(-0.0552268 -0.0182931 0)
(0.439759 -0.472336 -3.09603e-20)
(0.590927 -0.565783 -2.53413e-19)
(-0.59486 -0.383656 4.29375e-19)
(0.935208 0.11028 -1.50726e-19)
(0.977163 0.342212 2.98287e-19)
(1.031 -0.0911973 1.2588e-21)
(1.02168 0.00216097 -2.66074e-20)
(1.00413 -0.0134601 1.082e-19)
(-1.30696 9.90503e-06 -2.86046e-19)
(-0.0682832 -0.11761 -1.91476e-19)
(-0.475328 -0.243489 0)
(1.17225 0.264446 1.09693e-19)
(1.10019 0.0188134 0)
(-0.183143 -0.343443 -3.41509e-19)
(-0.156206 0.290176 -1.59891e-19)
(-0.163859 -0.498283 0)
(1.01247 0.00712447 1.54458e-19)
(0.989255 -0.047756 0)
(2.13152 0.352019 -2.94045e-19)
(-1.42507 0.118315 -1.46033e-20)
(0.990929 0.00204925 -3.22604e-19)
(0.694613 -0.497245 4.04782e-21)
(1.60542 0.411681 -2.73288e-21)
(0.524135 0.510559 0)
(0.759805 0.66327 1.40775e-19)
(1.18023 0.335049 1.23791e-19)
(-0.424283 -0.484038 2.83462e-19)
(1.92724 0.241749 -3.33425e-21)
(-0.530485 -0.632086 -1.98604e-19)
(1.21999 0.46633 -3.20319e-19)
(1.24322 0.13625 4.40575e-19)
(1.14253 -0.750965 -4.25059e-21)
(0.133281 -0.131281 1.56792e-19)
(0.127232 0.122193 0)
(-0.146464 0.147451 0)
(-0.208251 -0.244059 1.1479e-19)
(1.00559 -0.0018031 -1.71206e-19)
(1.02401 0.000886153 -1.44496e-19)
(-0.774365 0.472156 -2.23475e-19)
(1.69926 -0.509636 -3.76345e-20)
(1.36263 -1.03096 7.09186e-20)
(1.09197 0.738991 0)
(0.920633 0.0526573 -4.5229e-19)
(1.6075 -0.231673 -1.20768e-19)
(1.01372 -0.0208534 -4.3049e-20)
(1.53832 -0.701794 5.90597e-20)
(-0.375136 -0.556584 0)
(2.43663 0.201623 -4.55439e-20)
(-1.1046 0.353627 7.80812e-20)
(-0.16291 0.0286353 -3.14673e-19)
(1.03386 -0.0606077 1.53386e-19)
(-0.149798 -0.179186 0)
(1.62925 -0.0894373 -1.24594e-19)
(0.47375 0.260284 1.01558e-19)
(-0.129908 -0.156627 1.27541e-19)
(1.01612 -0.0114862 1.90361e-19)
(0.689323 0.319578 0)
(-0.182478 0.344264 1.51821e-19)
(0.456042 -0.445441 0)
(0.136691 -0.137267 -2.89152e-19)
(-0.105091 0.117651 1.19472e-19)
(0.134583 0.132737 1.47846e-19)
(-0.0940357 -0.11303 -1.3842e-19)
(-0.246785 -0.562785 0)
(0.955094 0.289573 1.66107e-21)
(1.10726 0.410175 2.40217e-21)
(0.689765 -0.622151 1.8459e-19)
(1.00847 -0.0100991 0)
(-0.0785177 -0.0946175 0)
(0.956777 -0.0751656 1.80883e-19)
(1.49878 -0.712993 -4.88056e-21)
(-1.10452 -0.0473518 -4.73256e-19)
(0.976218 0.0487222 -2.0356e-19)
(0.633432 -0.580406 3.30445e-19)
(1.37451 -0.695218 -1.34557e-19)
(-0.576537 -0.196887 -5.54627e-19)
(1.08639 0.0626495 0)
(1.01212 -0.00929385 -2.2014e-19)
(-0.0283904 -0.0408678 0)
(0.0588844 -0.305677 -5.55849e-19)
(0.145045 0.14385 1.41548e-19)
(-0.0627201 -0.0822191 0)
(1.13123 0.104854 -1.33212e-19)
(1.31293 0.118566 0)
(1.10429 -0.0744794 0)
(-0.157268 -0.0790147 1.75166e-19)
(-0.483001 0.124629 -1.61295e-19)
(-0.00726668 -0.0128181 -1.29241e-19)
(-0.124622 0.136208 1.14861e-19)
(0.121666 0.110929 0)
(0.97488 -0.102939 -2.22455e-19)
(0.138252 -0.13915 -1.43354e-19)
(0.14033 0.135726 -2.8115e-19)
(0.198125 0.191568 1.03115e-19)
(0.963049 0.0271037 5.43498e-19)
(0.182333 0.173923 -1.13843e-19)
(-0.00311713 -0.00754903 1.22225e-19)
(0.145318 0.14568 -2.66568e-19)
(0.188239 -0.187567 -2.18773e-19)
(-0.0558476 0.0689064 0)
(-0.038122 -0.0498792 2.75069e-19)
(-0.798705 0.335084 5.73203e-19)
(0.147736 0.143569 0)
(0.942814 -0.610876 0)
(-0.202484 -0.609482 0)
(1.17621 -0.184057 1.08498e-20)
(0.216354 0.213001 2.28952e-21)
(-0.0584775 0.0654698 -6.96131e-20)
(-0.147879 0.129051 1.01575e-19)
(0.19056 0.18541 -1.09074e-19)
(0.157391 -0.152483 0)
(-0.0131971 -0.0182674 1.37305e-19)
(-0.0190798 0.0284443 5.65248e-22)
(-0.267154 -0.704851 -2.6077e-19)
(1.26044 0.000903174 -1.80996e-21)
(-0.618833 -0.14159 5.18202e-19)
(-0.0936253 0.109495 -1.17021e-19)
(0.000990193 -0.00365426 0)
(0.213811 0.213347 0)
(0.174015 -0.173004 -4.87876e-20)
(-0.00162406 0.00606112 -1.11744e-19)
(2.21942 0.568544 2.30625e-19)
(1.48764 -0.593085 -5.19533e-19)
(0.196806 0.200098 1.93268e-19)
(-0.28682 -0.405782 1.05414e-19)
(-0.133192 0.140923 1.14703e-19)
(0.00377176 6.79717e-05 -3.56115e-19)
(0.206758 -0.205869 1.83495e-19)
(-0.132122 -0.382477 2.85069e-20)
(-0.0301795 0.0410182 0)
(0.138266 -0.136839 -2.98917e-19)
(0.969094 -0.064456 0)
(1.53463 -0.362612 0)
(0.568274 -0.505519 -3.12167e-19)
(0.874604 -0.207543 4.53652e-20)
(0.180675 -0.173937 1.02073e-19)
(1.00124 0.0131307 1.49731e-19)
(0.875048 -0.102462 2.15372e-19)
(0.413011 -0.400426 4.34981e-19)
(1.45594 0.497748 2.3703e-20)
(0.221518 0.210261 7.66249e-20)
(0.832609 0.563062 0)
(0.624931 -0.54437 1.12892e-20)
(0.00478452 0.0030723 1.16553e-19)
(0.409816 0.0431248 1.88466e-20)
(1.07194 -0.114132 6.47513e-20)
(1.09333 -0.255261 0)
(0.936664 -0.129982 5.28485e-19)
(-0.0429228 0.0551584 0)
(0.707862 -0.282659 0)
(1.15845 -0.216148 1.39206e-19)
(1.149 0.363989 1.68325e-19)
(1.12024 -0.00295762 0)
(-0.98667 -0.0416334 3.1471e-19)
(-1.51448 0.0471594 -1.3699e-20)
(1.03503 0.00491824 -2.09197e-19)
(-0.113874 -0.3884 0)
(1.18378 -0.208476 0)
(1.48919 0.537922 0)
(0.107326 0.103968 3.78804e-19)
(0.00382794 0.00413992 0)
(0.192236 0.18286 9.14237e-20)
(0.172185 -0.158589 0)
(0.00567639 -0.00382187 -1.08477e-19)
(0.00242517 0.00310876 0)
(0.995182 0.354684 3.2127e-19)
(0.840321 -0.424222 -4.34215e-19)
(0.00429835 -0.00135235 3.50046e-22)
(-0.100194 -0.072934 -3.22595e-19)
(0.256725 -0.247621 0)
(0.240907 0.229266 0)
(-1.02285 0.0733646 3.91857e-19)
(0.945903 0.0627067 3.88426e-21)
(1.12057 -0.374255 -1.4743e-19)
(0.00175877 0.00239874 3.26858e-19)
(-0.102048 0.0338169 1.83667e-19)
(1.05925 0.13459 1.98961e-19)
(-0.263376 0.0053575 0)
(0.000780713 0.00245416 -1.27443e-22)
(-0.155409 -0.715896 1.12967e-20)
(-0.0787152 0.0239142 0)
(2.28189 -0.0744673 -2.20779e-19)
(1.03418 0.139747 0)
(0.998107 -0.083825 2.54994e-19)
(-1.56819 -0.0420171 0)
(0.232887 -0.216632 -3.8584e-21)
(1.01171 -0.0185533 1.31863e-19)
(0.558075 0.152744 3.38602e-19)
(1.36345 -0.779671 9.12359e-20)
(0.303997 0.284776 1.83122e-22)
(1.62132 0.549026 0)
(0.952088 -0.579469 5.40215e-20)
(1.82521 -0.92159 2.43984e-19)
(0.00677097 -0.00582746 2.10048e-19)
(1.66873 -0.80527 3.6345e-20)
(2.3554 0.496629 1.175e-19)
(0.00675953 -0.00612917 -6.16558e-20)
(1.01821 0.0258511 1.92124e-19)
(-0.118252 0.427435 -2.19357e-19)
(0.328363 0.306147 0)
(-0.00204921 0.000541733 0)
(0.254347 0.241194 6.40685e-20)
(0.299099 -0.278863 -1.48343e-19)
(0.00955706 -0.00823521 2.19183e-19)
(1.07391 -0.76777 -4.88431e-20)
(1.02859 0.232441 1.94894e-19)
(0.337407 -0.321156 0)
(0.0084188 -0.00984036 0)
(0.272993 0.259083 0)
(-0.0114809 0.0345818 -1.28003e-19)
(0.276389 -0.273636 0)
(-0.0159491 -0.00752799 -2.04595e-19)
(0.291837 0.275306 -4.09112e-20)
(0.00158595 -0.00902343 0)
(0.260053 -0.254887 0)
(-0.335425 -0.246343 0)
(-0.0153547 0.000869023 0)
(-0.034005 0.0185171 -6.20585e-20)
(-0.091692 -0.222553 0)
(1.00176 -0.0032341 2.02835e-19)
(0.472111 -0.442278 7.561e-21)
(-0.0788449 0.0501657 -1.07038e-19)
(-0.0402155 -0.0295685 3.80334e-19)
(0.365253 0.336205 -8.07445e-21)
(1.66228 0.407878 0)
(-0.173306 0.352935 0)
(-0.0994101 -0.31176 3.1714e-20)
(-0.1245 0.0950503 0)
(0.364667 -0.343429 0)
(-0.058654 -0.0442513 0)
(0.412937 0.374827 0)
(-0.0911721 -0.0740737 2.3146e-19)
(0.487005 0.451017 6.31649e-20)
(-0.158243 0.147439 -4.7497e-19)
(0.54163 -0.500899 -1.25665e-19)
(1.14268 0.136991 0)
(0.817014 0.0942516 -2.76244e-20)
(-0.868458 -0.0173109 -3.44616e-19)
(1.04322 0.0559107 -1.86679e-19)
(1.49688 -0.0142669 0)
(1.13466 -0.143842 -1.18371e-20)
(1.37813 -0.508256 9.29566e-20)
(0.967414 0.0136624 0)
(0.275617 0.539166 7.20438e-19)
(-1.66836 -0.048702 -1.68214e-20)
(-0.0279311 -0.0207386 -3.15523e-22)
(-1.18753 0.16077 0)
(1.13457 -0.172232 -1.71538e-19)
(0.364529 0.204798 3.66079e-19)
(1.94745 0.338502 -1.23249e-19)
(1.54778 0.636703 -2.30067e-20)
(1.566 -0.746637 -5.82212e-21)
(-0.457528 -0.567017 -1.13102e-19)
(1.96612 0.296455 2.62246e-20)
(1.88582 -0.725443 2.37494e-19)
(1.05291 0.082868 -2.51805e-20)
(-0.568968 0.254537 2.17762e-19)
(1.1181 -0.00417598 0)
(2.37174 -0.0180712 -3.48552e-20)
(0.128545 0.0869089 -2.35808e-21)
(1.29047 -0.243224 0)
(0.127484 -0.120534 -5.00346e-19)
(-0.0117722 0.0180044 0)
(0.52132 -0.483838 0)
(1.9089 0.658332 -1.03853e-19)
(0.89826 -0.430096 0)
(2.27845 -0.100118 2.65741e-19)
(-0.0164582 -0.0115136 2.10348e-19)
(0.263051 -0.267639 7.02489e-20)
(1.01913 -0.0504393 0)
(-0.460972 0.0575524 0)
(-0.0629921 -0.0248482 1.73837e-19)
(-0.0979581 -0.107515 1.99029e-19)
(1.01762 0.258314 -1.77998e-19)
(0.641901 0.55415 -5.31259e-19)
(1.02696 0.0220278 -7.03065e-21)
(2.40271 0.124703 0)
(-0.1264 -0.678372 2.76466e-19)
(-0.0783837 -0.12406 0)
(0.635042 0.0807508 2.84598e-19)
(0.96967 0.15721 -3.97032e-20)
(0.682537 -0.585314 -1.54792e-19)
(1.00147 0.128311 2.76724e-19)
(0.99955 0.0125697 0)
(1.44221 0.545127 -1.5503e-20)
(2.06692 -0.197651 0)
(0.534756 0.485195 0)
(0.699638 -0.154412 0)
(-0.453658 -0.480006 -4.75498e-20)
(0.317569 0.249397 2.10312e-19)
(-0.218494 0.681522 0)
(1.12263 0.0789961 1.17587e-19)
(1.04626 -0.233811 0)
(0.519858 -0.0146101 1.36907e-19)
(0.371119 -0.169173 1.81416e-19)
(-0.15502 0.746 3.32959e-19)
(0.557318 -0.377687 -4.18039e-19)
(0.973012 -0.0304079 1.54654e-21)
(1.50165 -0.601112 8.16272e-20)
(1.55577 -1.05725 -3.43944e-20)
(0.0478225 0.0709202 1.51493e-19)
(1.89894 0.598001 0)
(-0.703597 -0.0696933 0)
(-0.217049 0.443121 0)
(1.38241 -0.112539 1.1618e-19)
(-1.21233 0.253914 -1.49587e-19)
(0.28277 -0.261498 -1.42176e-19)
(2.25741 0.188397 9.49431e-20)
(0.814954 0.520861 -5.82882e-20)
(0.833016 0.258468 4.54022e-21)
(0.955532 0.22382 5.43775e-20)
(1.63814 0.209676 -8.6898e-20)
(-0.0549025 -0.433881 1.23876e-19)
(-0.744646 -0.208479 0)
(0.910499 -0.00988865 0)
(-0.690976 -0.237095 1.90917e-19)
(0.157219 0.155417 0)
(1.92737 0.545396 0)
(-0.937325 0.139349 1.5901e-19)
(0.553086 0.465764 -1.93178e-19)
(0.481109 -0.391803 2.51269e-19)
(-0.246019 0.0278907 0)
(1.39487 0.93428 -1.08197e-20)
(1.07413 0.00864568 0)
(-0.946087 0.0301444 -7.87506e-19)
(-0.931978 0.419866 -2.51057e-19)
(1.28509 -0.402836 6.13814e-20)
(0.453951 0.419374 4.37378e-19)
(0.72279 -0.231549 1.84359e-19)
(-0.549695 0.642269 0)
(1.11916 0.0589812 1.24213e-19)
(1.00921 0.574404 -7.56493e-20)
(-0.167493 -0.028404 0)
(0.697099 -0.253744 0)
(1.31273 0.852572 3.77482e-20)
(-0.00646827 0.0122924 -2.22771e-19)
(1.75347 -0.692998 -1.80084e-19)
(0.994528 -0.126249 0)
(1.1152 0.015805 -1.97752e-20)
(0.777834 0.442374 0)
(-0.557911 -0.241048 -2.65716e-19)
(1.27953 0.921557 -4.77718e-20)
(1.28229 0.0250896 -2.24776e-20)
(1.17165 -0.304064 8.16283e-21)
(-0.386718 -0.236018 -4.72837e-21)
(-0.107166 -0.304314 -1.30486e-19)
(1.02402 0.0703388 1.90849e-19)
(0.0115329 0.200341 0)
(0.985485 0.184954 2.70857e-21)
(1.72918 0.471022 -2.83896e-20)
(1.50606 -0.851034 2.54143e-20)
(1.2781 -0.307192 -8.74282e-20)
(1.66374 -0.337929 1.92258e-20)
(-0.212353 -0.0557249 7.07953e-20)
(0.597039 0.538683 1.59483e-19)
(0.145153 -0.0779176 2.78577e-19)
(1.00709 0.240249 -2.5044e-20)
(1.26274 -0.0620349 1.18793e-21)
(2.15447 0.0904953 9.29257e-20)
(0.89103 0.603974 1.08003e-19)
(-0.664458 -0.149068 7.72382e-19)
(1.34948 -0.0645578 -2.5076e-19)
(0.978053 0.261023 -1.18585e-19)
(-0.605006 -0.273312 -1.58049e-19)
(-0.370626 0.514442 0)
(1.00152 0.0049299 4.23286e-19)
(0.766743 -0.238858 0)
(0.874495 0.565168 -1.1205e-19)
(1.07657 -0.147422 -9.73848e-21)
(-0.120643 -0.523779 -1.83855e-20)
(1.88895 -0.429266 0)
(1.17182 -0.378406 0)
(1.49488 -0.287447 1.30656e-19)
(0.927784 -0.27058 3.57737e-19)
(1.09306 -0.329755 0)
(-0.195291 -0.699655 -2.70018e-19)
(0.921644 -0.0826581 -2.05406e-19)
(0.752185 -0.632696 -6.19653e-20)
(-0.843379 -0.0407894 3.58889e-19)
(-0.270682 -0.340485 -1.25982e-19)
(-0.0928248 -0.0304638 -2.78255e-19)
(0.126169 -0.0791955 -1.61572e-19)
(-1.31371 -0.0652094 2.21226e-20)
(0.822799 -0.301339 -1.20136e-19)
(1.26865 -0.0334241 2.10633e-22)
(0.662615 0.00480509 0)
(0.800762 0.109813 2.59373e-19)
(1.22464 -0.375865 4.16009e-21)
(0.992325 -0.124924 -5.05056e-21)
(0.59393 0.524537 1.48927e-19)
(1.88885 0.229326 -1.41258e-20)
(1.77934 -0.342548 1.62834e-19)
(1.07053 -0.0218558 3.33702e-20)
(0.825543 -0.382473 1.1975e-19)
(0.501037 -0.216136 0)
(-0.233222 -0.284402 1.29922e-19)
(0.961221 0.100411 1.29133e-19)
(1.09584 0.701021 7.28422e-20)
(-0.190679 -0.233148 2.77747e-19)
(1.03762 -0.610336 2.18604e-19)
(0.124429 -0.112675 0)
(1.78073 0.904171 0)
(0.23128 0.224635 2.94978e-19)
(1.59323 0.588824 0)
(-0.240329 0.241906 0)
(0.973853 -0.626885 -1.93725e-19)
(-0.159274 -0.190922 4.15691e-19)
(-0.0795451 -0.0332156 1.5833e-19)
(1.10449 -0.0143524 3.94114e-20)
(1.55131 1.05672 -2.35361e-23)
(0.944951 -0.0437737 -1.43456e-19)
(0.126063 -0.123112 7.16914e-20)
(1.05677 0.139251 -1.39284e-19)
(-0.232265 0.252498 3.38979e-19)
(1.05152 0.367858 0)
(0.23748 0.236568 -1.4905e-19)
(-0.77984 0.54389 2.03845e-19)
(1.97109 0.389559 0)
(-0.923985 -0.118755 -3.01278e-19)
(0.0147098 0.0682939 1.39837e-19)
(-0.786742 -0.157516 0)
(-0.0324667 -0.0178406 -5.82662e-20)
(0.22835 -0.227357 0)
(0.994976 -0.723895 0)
(-0.200552 0.227198 2.39743e-19)
(0.561126 -0.532338 3.61345e-19)
(-0.132595 -0.162174 -2.52018e-19)
(-0.662376 -0.168352 -2.29563e-19)
(0.237155 -0.239109 -1.45788e-19)
(0.245209 0.240252 4.35358e-19)
(-0.00946725 0.299993 -3.75121e-19)
(-0.91296 -0.0501016 -1.67201e-19)
(-0.00499707 -0.00173814 0)
(-0.164771 -0.620081 2.21884e-19)
(1.0482 -0.128835 -2.60334e-19)
(-0.180687 0.206841 1.14191e-19)
(1.6211 -0.531994 -1.9016e-21)
(1.34019 0.247619 0)
(2.21513 0.322696 -2.73991e-20)
(0.939107 -0.0416155 0)
(-0.0778616 -0.0893717 0)
(0.206704 0.205804 0)
(0.964308 0.0775271 0)
(1.12092 -0.264576 0)
(0.990554 0.10469 -2.55962e-19)
(0.237481 0.236286 -1.42041e-19)
(-0.999588 0.160678 -2.25169e-19)
(-0.0951952 -0.121253 2.77825e-19)
(0.981904 -0.191612 1.34795e-19)
(0.766825 -0.368047 0)
(-0.267555 -0.0578809 -2.72936e-19)
(1.01639 -0.0259698 -1.67967e-19)
(-1.4286 -0.16638 8.68404e-19)
(-0.0163698 -0.0244994 0)
(-0.113267 -0.144743 -1.49959e-19)
(0.287933 0.269042 -1.28108e-21)
(0.259297 0.246916 0)
(-0.027253 -0.0365704 1.34874e-19)
(-0.531705 0.54048 2.47124e-19)
(1.31263 -0.503505 1.23627e-19)
(1.76458 -0.420653 2.17861e-20)
(1.05434 0.381768 -4.63538e-19)
(1.03829 0.0438798 0)
(0.338308 0.32963 -1.95573e-19)
(-1.21383 0.160435 3.61369e-19)
(0.320014 0.310937 -3.27013e-19)
(0.314525 0.305505 1.05083e-19)
(0.610128 -0.358784 0)
(-0.123524 0.145851 6.51534e-20)
(-0.221032 0.243369 0)
(-0.00942577 -0.0140685 3.34022e-19)
(-0.0900105 -0.119758 3.01235e-19)
(0.492758 -0.383825 5.35083e-19)
(1.30232 -0.616452 -1.6803e-20)
(0.345904 0.345669 0)
(-0.146032 0.162488 2.81039e-19)
(0.232999 -0.237179 2.98274e-19)
(1.2197 0.142374 -4.03858e-21)
(0.34129 0.341884 0)
(1.01597 0.336802 -8.92433e-21)
(-0.722707 0.161704 -2.23765e-20)
(2.20185 0.364343 6.62733e-20)
(-0.000965867 -0.0063325 0)
(1.18919 0.76667 0)
(-0.0561861 0.0694515 -3.44685e-19)
(0.326127 -0.327989 -2.08176e-19)
(0.260826 -0.233127 1.32433e-20)
(1.94311 0.355656 -5.25839e-20)
(1.09477 0.344641 -1.03374e-19)
(0.302835 -0.294319 -2.14611e-19)
(1.03805 -0.0189331 2.85359e-19)
(1.00334 0.0751936 0)
(0.938365 0.0843882 -3.37518e-22)
(1.06209 0.0192571 1.01712e-19)
(0.906261 -0.0793059 2.04669e-21)
(1.40763 -0.511842 0)
(1.18171 0.184539 -8.92627e-20)
(1.92852 0.508083 -2.1511e-19)
(-0.0996819 0.122827 0)
(-0.166855 0.0981539 3.71929e-19)
(1.71196 0.557169 0)
(1.00141 0.0019807 4.5183e-20)
(0.326223 -0.315259 -9.89909e-20)
(1.00451 0.00542175 4.65025e-19)
(0.884265 -0.29322 0)
(1.16437 -0.89742 0)
(0.0021057 0.000305873 1.1952e-19)
(0.0396834 0.0475971 0)
(1.0797 -0.0243303 5.99979e-20)
(0.533784 0.409751 5.33648e-20)
(0.712258 -0.0182016 -3.83592e-19)
(-0.0778471 0.0942282 0)
(-0.568707 -0.0200592 2.50086e-19)
(-1.05671 0.162522 0)
(1.82164 0.822071 0)
(-0.0218479 -0.0091196 0)
(-0.0347458 -0.016367 1.1837e-19)
(1.69219 0.783421 -5.52866e-20)
(1.01849 0.0570669 0)
(-0.22608 0.193181 1.0097e-19)
(-0.00660596 0.0104677 0)
(1.18788 -0.111398 0)
(1.5997 -0.803406 -4.6961e-20)
(0.390635 0.367564 1.56709e-19)
(-1.20409 3.07038e-05 -4.19105e-19)
(0.00370629 0.00478845 -1.26201e-19)
(0.637095 -0.35254 -3.31818e-19)
(1.04777 0.27769 0)
(0.396002 -0.018218 1.3837e-19)
(1.25486 -0.061015 0)
(0.899518 -0.061118 2.81033e-19)
(0.226425 0.0783545 -1.43974e-19)
(0.410388 0.388614 -7.60689e-20)
(0.747436 0.247034 1.61859e-19)
(-0.441662 0.607326 2.43192e-19)
(1.36473 0.210596 2.93211e-20)
(0.215897 -0.21694 1.63639e-19)
(0.00325991 0.00534499 2.8265e-19)
(1.49211 -0.470739 -4.85173e-20)
(-0.0369378 0.0491786 1.14653e-19)
(-0.0125847 -0.0162121 0)
(-0.101369 -0.0841552 -9.07004e-20)
(0.00432275 -0.00221033 1.10293e-19)
(1.03227 -0.191053 0)
(0.392357 -0.359987 9.45622e-20)
(0.262066 0.257043 1.29138e-19)
(0.25522 0.2556 -2.84482e-19)
(1.15774 -0.0343464 0)
(0.359382 -0.359131 -1.67404e-19)
(1.70817 0.498274 0)
(1.17726 -0.117782 7.23166e-21)
(0.00199141 0.0032577 1.39558e-19)
(0.891811 -0.046047 0)
(0.601529 0.567239 -1.55592e-19)
(1.01929 -0.0136163 -2.09497e-19)
(1.094 -0.0185864 -1.02841e-19)
(0.626131 -0.030473 2.09722e-21)
(0.627929 0.0331477 -6.51668e-21)
(1.04764 0.0205518 -2.77567e-19)
(2.41215 0.0406877 -8.44779e-20)
(-0.154071 -0.0423301 1.93074e-19)
(0.000860582 0.00431716 -2.20511e-19)
(-0.0834699 0.00680589 -2.09032e-19)
(1.33183 -0.377987 5.74592e-20)
(0.00808843 -0.00607948 2.82593e-22)
(1.11243 -0.00631776 -1.19502e-19)
(0.423122 -0.409788 5.81397e-20)
(-0.0168979 -0.0239934 3.478e-19)
(0.241097 -0.231324 0)
(-0.323087 0.510394 1.03744e-21)
(1.59827 1.00005 0)
(0.870577 0.0143758 -1.13111e-19)
(-0.480225 -0.164626 -2.25376e-19)
(-0.68495 -0.313243 -2.21937e-19)
(0.808315 -0.165223 0)
(0.435582 0.410417 -1.98707e-19)
(-0.0134386 0.021442 1.14778e-19)
(0.598545 0.534101 -3.16041e-19)
(0.551725 0.536584 -9.92793e-20)
(1.04246 -0.0276536 0)
(1.29485 -0.274877 4.73413e-20)
(1.73875 -0.394098 1.11879e-20)
(-0.223099 -0.0958312 0)
(-0.0024263 0.00110464 -1.2143e-19)
(1.03492 -0.680302 1.82064e-20)
(0.272412 0.529172 4.19343e-19)
(1.81626 -0.434387 1.15495e-20)
(0.471298 -0.432653 -1.15729e-19)
(-0.930208 0.0190699 1.63256e-19)
(0.00898703 -0.00981799 -1.25144e-19)
(0.524771 0.431772 -2.99121e-19)
(0.571331 0.523676 -8.52261e-20)
(0.525776 0.488323 5.99882e-21)
(0.0132947 -0.00977064 5.88208e-20)
(-0.0488193 -0.0543101 -1.73325e-19)
(1.01472 0.0184263 1.37885e-19)
(0.271624 -0.262045 0)
(0.462241 0.435155 0)
(0.50214 -0.470539 9.48719e-20)
(0.014323 -0.014165 -2.18482e-19)
(-0.422924 -0.49627 -6.70441e-20)
(1.86643 -0.314466 2.51952e-20)
(0.495186 0.460205 0)
(0.480202 -0.47734 0)
(0.00908826 -0.0141682 0)
(1.11995 0.052609 6.87228e-20)
(0.634086 0.569315 0)
(-0.0124549 -0.00855412 2.16621e-19)
(0.20139 0.193303 -5.59124e-19)
(-0.0426617 0.0147807 6.09776e-20)
(1.29925 -0.109092 2.85126e-19)
(-0.0347811 -0.0437778 -1.80615e-19)
(1.13242 0.472857 -1.80545e-19)
(0.148774 -0.130406 -2.23223e-19)
(-0.0986513 0.0451559 3.58825e-19)
(-0.354545 0.39316 -3.32348e-19)
(-0.0846575 -0.0562148 -2.63336e-19)
(0.692735 -0.654169 0)
(-0.158966 0.0985697 -2.10444e-19)
(0.717802 0.626636 0)
(-0.373983 0.315248 9.75052e-20)
(0.74147 -0.154772 -2.2218e-20)
(0.727441 0.391024 -3.14884e-20)
(-0.206311 0.140575 1.08643e-19)
(0.852986 -0.70568 0)
(-0.119664 -0.0750748 2.48852e-19)
(0.833135 0.702295 -3.28902e-20)
(0.368245 0.342761 -2.19003e-19)
(0.371133 -0.287186 4.26602e-19)
(0.529871 0.461084 1.4485e-19)
(1.0097 -0.0031208 0)
(0.470226 0.43876 0)
(1.69913 0.486044 0)
(1.02603 -0.00920288 0)
(-0.2189 0.285909 -1.0214e-19)
(0.749524 -0.609685 3.40526e-19)
(-0.0596811 -0.0422438 -3.96565e-22)
(1.10766 -0.234972 2.61371e-19)
(0.418393 -0.389843 2.14236e-19)
(2.40721 -0.168959 0)
(1.4149 -0.38381 0)
(0.245515 0.363843 -6.18853e-19)
(0.439425 -0.158612 0)
(1.79879 0.32825 -1.03872e-20)
(0.553684 -0.198077 -1.93013e-20)
(0.702471 0.651338 1.89429e-19)
(1.16518 0.259876 8.34328e-20)
(-0.0267041 0.0318106 0)
(-0.132866 0.186938 1.03663e-19)
(-0.0322316 -0.016857 0)
(0.57187 0.501766 5.67445e-19)
(0.629301 -0.0281216 1.10556e-21)
(0.723644 0.347583 0)
(1.02733 0.0155313 1.30723e-19)
(1.34858 -0.268162 9.82153e-20)
(1.01785 -0.0140028 -4.63804e-22)
(0.304035 -0.285191 1.25593e-19)
(0.305105 0.300649 0)
(-0.0645757 -0.0300641 0)
(-0.136232 -0.633764 7.69906e-20)
(1.50221 0.198266 8.42349e-20)
(1.27591 0.0281395 1.50675e-21)
(0.135704 0.126812 0)
(1.03197 -0.0122415 4.42301e-19)
(1.42668 -1.00294 3.8548e-20)
(-0.217182 0.573207 3.76883e-19)
(-0.075914 -0.0626724 -3.1526e-19)
(0.601939 -0.399496 2.00955e-19)
(-0.0393332 -0.0305008 2.17872e-19)
(2.14805 -0.387593 0)
(0.363543 -0.330671 -2.7308e-19)
(1.06373 -0.0275191 -5.10744e-20)
(1.00871 0.00101685 -1.88727e-19)
(0.822753 -0.0849795 4.90352e-21)
(0.856213 0.0822383 -8.06363e-22)
(1.02853 0.0241161 -1.49742e-19)
(2.011 0.534917 0)
(-0.0121323 -0.00262546 -1.96595e-19)
(0.537329 0.127723 -9.94214e-19)
(-0.437726 -0.556913 9.11654e-20)
(0.3348 0.315265 -1.14308e-19)
(-0.0252038 0.0454488 0)
(0.00461641 0.0162266 0)
(1.71709 -0.810551 -1.30665e-19)
(1.01453 0.0885842 1.42644e-20)
(0.285198 -0.41622 3.39572e-19)
(-0.104212 -0.158663 -2.40433e-19)
(1.0185 0.0145875 -4.41157e-22)
(0.731487 -0.691668 -4.77294e-20)
(1.16092 -0.0555419 1.50537e-20)
(1.02246 -0.0118038 -7.07115e-20)
(-0.00747801 -0.00266728 0)
(0.948884 0.644078 3.273e-19)
(0.771504 -0.225249 0)
(0.379997 -0.352041 0)
(-0.0181914 -0.00913675 2.32751e-19)
(1.03145 -0.0211728 2.39783e-19)
(0.505509 -0.474568 0)
(0.78685 0.719958 4.69041e-21)
(-0.805759 0.00359635 -1.91555e-19)
(-0.00152647 0.0118088 1.02624e-19)
(0.318947 0.12145 1.96334e-19)
(1.43937 -0.24291 -2.27006e-20)
(1.82488 0.212228 -4.33838e-19)
(1.65354 -0.295142 2.24087e-21)
(0.955455 0.570577 1.10786e-19)
(1.03803 0.218146 1.62845e-19)
(-0.490474 -0.555165 -6.94242e-20)
(-0.832327 -0.0380416 3.1167e-19)
(0.998379 -0.168027 0)
(0.512327 0.328297 1.6089e-19)
(1.29039 -0.467462 1.332e-19)
(-0.465081 0.492081 0)
(1.18225 -0.0789853 6.71784e-21)
(1.03135 -0.00638838 3.11415e-20)
(-0.679472 0.590139 0)
(1.02961 0.105023 -1.30818e-20)
(0.646772 -0.228719 0)
(0.556678 -0.534561 -3.90049e-20)
(1.02066 0.189785 1.75098e-19)
(0.820872 0.447035 2.27367e-19)
(0.766195 0.402745 3.28707e-20)
(1.0198 -0.00819964 0)
(-1.07332 0.125026 -2.18029e-19)
(1.57952 -1.00358 1.08544e-19)
(0.99534 0.780293 4.55328e-20)
(-0.14123 -0.123817 1.97302e-19)
(1.79669 -0.279394 1.47022e-19)
(0.0174652 -0.0163154 9.29598e-20)
(0.820127 0.260039 0)
(0.839836 0.48877 0)
(-0.273841 -0.360695 2.33928e-19)
(1.05774 -0.161419 0)
(-0.417595 0.0680573 -6.79867e-21)
(0.736832 -0.35288 1.03721e-19)
(-0.0288662 -0.0198178 5.96203e-22)
(1.66799 0.590344 5.17564e-20)
(1.40123 -0.392133 -4.87792e-21)
(0.627544 -0.326123 0)
(1.03537 0.0106248 -3.62014e-19)
(0.759217 0.684064 1.46391e-19)
(0.517678 0.562012 -8.54939e-19)
(1.09578 -0.848731 8.93255e-20)
(0.580957 0.0497426 3.05701e-21)
(0.481705 -0.384707 -2.8607e-19)
(1.09307 -0.824278 -5.41269e-20)
(0.596395 -0.178362 1.69611e-19)
(-0.503366 0.498063 0)
(0.527708 0.162469 0)
(0.956129 -0.0816885 -2.64471e-19)
(1.07038 0.617279 0)
(0.84459 -0.346751 2.59031e-19)
(-0.697736 -0.184962 0)
(1.86845 0.44307 9.72643e-20)
(0.00499346 -0.139056 -1.45317e-19)
(1.79945 0.771738 0)
(-0.327177 -0.450343 0)
(2.19736 0.133362 1.35995e-19)
(-1.0776 0.459911 0)
(0.0287377 -0.225841 -4.36584e-19)
(0.92728 0.607572 -1.09179e-19)
(2.08673 -0.357821 -2.41928e-20)
(0.210946 -0.197698 1.47958e-19)
(-0.201642 0.147933 1.22872e-19)
(1.91166 -0.437315 0)
(0.133459 -0.136794 -2.48983e-19)
(0.00487472 -0.0168275 0)
(1.10352 -0.165116 -1.07729e-19)
(-0.0265683 -0.155327 -3.6678e-19)
(-0.792322 -0.139266 3.32944e-19)
(0.755383 -0.179578 7.64624e-20)
(1.94619 -0.248201 7.02506e-20)
(0.428496 0.411162 0)
(0.701395 -0.304842 -8.24939e-20)
(-0.581602 0.14606 7.28919e-19)
(2.05347 0.534639 0)
(1.03828 0.583053 0)
(-0.117292 -0.0755827 -2.07457e-19)
(1.44236 -0.292469 -1.71556e-19)
(0.872561 -0.247729 -8.97443e-20)
(1.55232 0.278971 7.08104e-19)
(1.8286 -0.335045 -1.92157e-19)
(1.09696 0.428969 -2.58026e-19)
(1.06649 0.654897 -1.59392e-19)
(1.95699 -0.44057 8.42054e-20)
(-0.299775 -0.37185 -1.54532e-19)
(1.03002 0.00801249 2.56833e-19)
(1.6424 0.180952 9.9627e-21)
(1.32042 0.364358 -3.66047e-19)
(1.00765 0.0509778 7.16122e-21)
(-0.529493 0.0420131 1.54585e-19)
(-1.41899 0.289772 0)
(-0.728915 0.589352 0)
(0.621763 0.213244 0)
(1.83234 -0.289243 1.34776e-19)
(-0.436589 -0.613815 -2.66287e-19)
(0.484741 0.382764 0)
(-0.00145301 -0.00420486 1.3362e-19)
(1.62066 -0.386751 -2.2163e-20)
(-0.101355 -0.0669596 -2.11642e-19)
(1.01156 0.67817 1.96277e-19)
(0.977358 0.346074 1.19997e-19)
(-0.716103 -0.0532425 1.10127e-19)
(0.8885 0.790952 -1.71525e-19)
(1.23567 -0.286966 5.81139e-20)
(0.953944 5.22033e-05 -2.41492e-19)
(1.08563 -0.037636 -8.65388e-20)
(0.778961 0.28225 0)
(0.120009 -0.056675 0)
(1.17291 -0.160189 4.82691e-20)
(1.40316 -0.304563 -1.08347e-19)
(-1.01993 0.497166 -1.01148e-20)
(1.05248 0.251324 1.84908e-19)
(1.27562 1.02536 0)
(0.660189 0.302308 -1.3198e-19)
(0.234656 -0.259192 -6.34428e-20)
(0.753089 -0.310022 3.44247e-19)
(0.777869 -0.282859 -1.14479e-19)
(1.54443 0.264714 3.47258e-19)
(-0.657317 0.0046563 1.20216e-19)
(-0.902298 -0.0572881 -1.41867e-19)
(0.492642 0.478945 3.97438e-19)
(-0.61938 0.176248 -3.73368e-19)
(1.57608 0.0740335 -5.63035e-21)
(1.07136 -0.272666 3.24073e-19)
(-0.0132442 0.0664248 -3.6593e-19)
(0.564215 0.389109 -2.99352e-19)
(0.885225 0.492419 0)
(-0.0882276 0.123803 -1.22301e-19)
(-0.351733 0.355413 -2.56551e-19)
(-0.245888 0.557452 -2.1719e-19)
(-0.0373168 0.0610391 -1.26044e-19)
(1.08412 0.0412338 -7.2677e-20)
(-0.434141 0.64641 -1.39809e-19)
(0.902819 0.527191 1.01074e-19)
(1.40238 0.834222 1.82691e-20)
(0.717304 0.663677 0)
(0.989368 0.6404 0)
(-0.112899 6.42304e-05 -1.68547e-19)
(-0.735598 0.139203 0)
(0.944369 0.534975 -9.98705e-20)
(0.00378166 0.0107116 0)
(1.15019 -0.115152 1.06593e-20)
(0.676469 -0.0168667 5.69158e-19)
(-0.0156387 -0.0320042 3.45386e-22)
(-0.0687341 0.160213 0)
(0.549381 0.519901 0)
(-0.869993 0.541705 2.51998e-19)
(-0.372194 0.389443 1.0561e-19)
(1.86058 -0.322704 -3.67252e-20)
(-0.569309 -0.558631 2.67913e-19)
(0.5586 -0.0648977 -4.81221e-19)
(2.15826 -0.459336 4.58422e-20)
(1.70432 -0.23804 -2.35243e-20)
(-0.132837 0.195721 -1.08519e-19)
(0.364454 -0.351522 -3.218e-19)
(-0.184189 0.251211 1.86683e-19)
(-0.414378 0.381952 0)
(0.770834 0.704725 1.90425e-20)
(1.07242 -0.165004 -3.84816e-19)
(-0.109656 -0.0652152 1.30215e-22)
(0.572314 -0.149191 0)
(0.624894 0.587742 -2.22398e-20)
(0.468107 -0.455341 2.3277e-19)
(-0.410265 0.452346 9.67742e-22)
(0.389421 0.374688 -3.23645e-19)
(1.48765 0.523357 0)
(2.15161 -0.323937 4.34279e-19)
(-0.384125 0.441252 0)
(-0.475842 0.536796 -1.49143e-19)
(-0.229197 0.333819 8.4274e-20)
(0.408777 0.384476 2.53947e-19)
(0.801041 0.734216 -2.0059e-19)
(-0.158819 -0.29508 2.86157e-19)
(-0.178417 0.268139 -1.91291e-19)
(-0.346012 -0.427594 -2.76313e-19)
(0.830625 0.318495 0)
(-0.337121 0.210724 -1.10867e-19)
(0.448117 -0.407418 2.61294e-19)
(-0.0747993 -0.0484009 -2.52625e-19)
(1.25632 0.235972 -1.43376e-19)
(-0.00835163 0.0223507 6.29513e-20)
(0.782567 0.72282 0)
(0.705886 0.660608 0)
(0.854528 0.77033 -1.62061e-19)
(0.889726 0.800327 5.04795e-20)
(1.42193 -0.816008 -2.13517e-20)
(-0.410989 0.294311 -3.47199e-21)
(0.909991 0.454061 0)
(-0.31691 0.359113 -6.37293e-20)
(1.46725 0.979039 -2.99187e-19)
(1.17549 -0.27615 1.8525e-19)
(1.51794 -0.477807 0)
(0.412111 -0.377168 4.17909e-21)
(1.90936 -0.341757 -2.24482e-19)
(-0.487218 0.445479 -1.83814e-19)
(-0.407952 0.645843 0)
(-0.022694 0.04915 -2.78963e-19)
(0.863133 0.773075 5.51861e-20)
(0.767861 0.43027 1.39002e-19)
(-0.00844688 0.0298943 -3.46224e-19)
(0.542002 -0.527618 0)
(1.58058 -0.446382 0)
(-0.0673061 0.0992018 1.05156e-19)
(0.323553 -0.290953 -4.82527e-19)
(-0.364951 -0.470439 -1.78259e-19)
(-1.34794 0.279352 -5.98207e-19)
(0.535784 -0.121886 2.68363e-19)
(-0.0384007 0.0758807 1.14364e-19)
(0.929743 0.821056 0)
(-0.425603 0.153742 1.81318e-19)
(0.00462036 -0.018404 -1.1306e-19)
(-0.00144611 0.014134 5.25461e-20)
(0.389678 -0.335295 1.57384e-19)
(-0.0091536 -0.078067 -2.08173e-19)
(0.664011 -0.177104 2.5779e-19)
(0.007107 0.000200087 -5.81359e-20)
(-0.687103 0.191429 -2.53716e-19)
(0.770241 0.319116 0)
(1.90421 -0.186519 4.98101e-20)
(-0.50966 0.299898 1.69487e-19)
(0.979034 0.823835 2.13844e-19)
(-0.544624 -0.581958 3.83497e-19)
(0.981199 0.866419 5.13111e-21)
(2.00052 -0.338514 -6.88706e-21)
(-0.0271867 0.075011 1.7129e-19)
(1.18505 -0.296585 -4.13374e-21)
(-0.00647593 -0.622277 2.46775e-19)
(-0.0345292 0.0997064 1.6968e-19)
(0.0116979 -0.0185262 2.00863e-19)
(-0.0149834 -0.0257078 -1.99332e-19)
(-0.117842 -0.0751659 2.71204e-19)
(1.15358 -0.290198 7.10868e-20)
(1.08506 0.938528 8.39372e-21)
(2.003 -0.263069 2.53596e-20)
(-0.0940976 0.150396 2.31035e-19)
(0.624972 -0.138914 0)
(1.28221 -0.447541 0)
(-0.410004 0.418576 0)
(1.06844 0.80394 2.40097e-19)
(1.69475 -0.783641 5.7404e-20)
(0.000577351 0.0851302 -1.22929e-19)
(-0.0652432 -0.0691211 1.87033e-19)
(-0.0635047 0.106924 0)
(1.68012 -0.206395 -8.41608e-20)
(0.447333 0.422319 -4.59868e-19)
(-0.359629 0.570502 -1.60887e-19)
(-0.140449 -0.0879536 -2.47841e-19)
(-0.672272 0.621102 2.92546e-19)
(1.9998 -0.303015 0)
(1.34402 1.02013 -6.50553e-21)
(-0.128887 -0.0809313 -1.21597e-19)
(0.476315 -0.104749 0)
(0.605509 -0.0592037 -2.75595e-19)
(1.06924 0.878145 0)
(-0.805885 0.156047 2.35306e-19)
(-0.124402 -0.0748351 2.37105e-19)
(0.945502 0.825014 -7.43069e-20)
(-0.116016 -0.0763662 1.16198e-19)
(0.45616 -0.0609681 -1.6934e-19)
(1.01264 0.874705 0)
(0.483143 -0.457241 -5.84153e-20)
(0.882557 0.753306 1.16631e-19)
(0.496496 -0.430033 -2.38341e-19)
(1.07792 0.927522 0)
(0.265057 0.0774132 -5.33503e-20)
(-0.863286 0.101271 2.13746e-19)
(1.15391 0.959133 -6.12074e-21)
(-0.45777 0.51974 -2.57491e-19)
(1.34156 1.0121 -1.32606e-20)
(1.68951 -0.646583 -4.39787e-20)
(-0.0123097 0.041967 2.22459e-19)
(0.64415 -0.0944468 -1.13868e-19)
(1.77107 -0.132537 0)
(1.17328 0.964633 2.69456e-20)
(2.01123 -0.145752 0)
(0.858241 -0.249511 3.73775e-19)
(-0.873384 0.264913 -4.17106e-19)
)
;

boundaryField
{
    frontback
    {
        type            empty;
    }
    Top
    {
        type            noSlip;
    }
    outlet
    {
        type            zeroGradient;
    }
    bottom
    {
        type            noSlip;
    }
    Inlet
    {
        type            fixedValue;
        value           uniform (1 0 0);
    }
    rectangle
    {
        type            noSlip;
    }
}


// ************************************************************************* //
