/*--------------------------------*- C++ -*----------------------------------*\
| =========                 |                                                 |
| \\      /  F ield         | OpenFOAM: The Open Source CFD Toolbox           |
|  \\    /   O peration     | Version:  2306                                  |
|   \\  /    A nd           | Website:  www.openfoam.com                      |
|    \\/     M anipulation  |                                                 |
\*---------------------------------------------------------------------------*/
FoamFile
{
    version     2.0;
    format      ascii;
    arch        "LSB;label=32;scalar=64";
    class       volVectorField;
    location    "38.3";
    object      U;
}
// * * * * * * * * * * * * * * * * * * * * * * * * * * * * * * * * * * * * * //

dimensions      [0 1 -1 0 0 0 0];

internalField   nonuniform List<vector> 
2186
(
(1.28252 -0.0668451 2.9447e-19)
(1.53832 -0.899377 6.2716e-20)
(1.39327 -0.876619 1.39081e-20)
(0.700165 -0.538321 -1.84232e-19)
(-0.325074 0.406378 -1.97677e-19)
(1.63765 -0.514539 0)
(0.681486 -0.62872 0)
(0.00866028 0.0237347 3.67935e-20)
(1.32769 -0.199815 1.98055e-20)
(0.5184 -0.252432 -1.78611e-21)
(0.727101 0.6576 0)
(0.742955 -0.266684 -3.14071e-20)
(0.00529945 0.0119542 -1.58139e-20)
(1.20431 0.0268294 -4.39572e-19)
(1.71591 -0.66652 4.9614e-20)
(1.01918 3.81355e-05 2.03009e-19)
(0.977078 0.0138419 0)
(-0.303787 0.197337 0)
(1.54003 -0.68897 0)
(-0.0833273 0.304909 -8.44515e-20)
(0.496353 0.175396 -1.26239e-19)
(-0.113396 0.215331 1.14726e-19)
(1.1933 0.0301801 3.61381e-19)
(-0.179583 -0.0516574 5.56836e-21)
(1.02735 0.0130858 -2.84691e-19)
(0.75117 -0.516941 0)
(0.758865 0.0163859 1.68036e-19)
(0.573819 -0.553126 -2.23585e-19)
(1.27514 0.754399 0)
(0.957811 0.0253522 -3.88033e-19)
(-0.0436134 0.120645 0)
(1.02267 -0.00515869 1.34531e-20)
(-0.129818 0.219041 0)
(2.64307 -0.0377847 1.16669e-19)
(-0.197529 -0.100333 3.63935e-22)
(1.62418 0.808818 6.08288e-20)
(2.07199 0.110383 6.43552e-20)
(0.528034 0.222413 -3.7464e-19)
(2.06916 0.0964825 -3.69841e-19)
(1.66895 -0.521892 1.88943e-20)
(-0.0317037 -0.0364217 0)
(-0.0425501 0.200515 0)
(1.78308 -0.844235 2.0981e-20)
(-0.416498 0.252357 0)
(1.15317 0.306621 1.66715e-19)
(0.5679 -0.235536 3.29706e-19)
(0.870311 -0.742084 0)
(1.13573 -0.753351 1.73473e-19)
(1.52336 -0.447065 0)
(-0.184835 0.406945 2.07033e-19)
(-0.0306249 0.182345 1.24824e-19)
(0.677769 0.625073 8.34143e-20)
(1.978 -0.738409 -1.06166e-20)
(0.62325 0.339149 -2.99304e-19)
(-0.297376 -0.0220002 4.53841e-20)
(0.722217 -0.611388 0)
(1.57148 -0.917625 1.61149e-20)
(0.544129 -0.505287 0)
(2.36931 0.0903414 1.11178e-19)
(1.10878 -0.154051 -4.75637e-19)
(1.43354 0.0827043 7.20719e-21)
(1.40353 0.318826 -1.89055e-19)
(1.40864 0.570933 0)
(1.98299 -0.486076 -2.07002e-20)
(1.42779 0.41033 -1.12275e-19)
(1.20011 -0.696824 -2.56456e-19)
(1.23047 0.69935 5.44164e-20)
(0.683111 0.123562 -6.23414e-19)
(0.825829 0.097845 0)
(1.95371 -0.200767 -4.06448e-21)
(-0.0233425 -0.000639356 -3.98771e-20)
(2.08051 -0.249078 3.29639e-20)
(0.720943 0.013297 -2.77853e-19)
(0.837957 -0.47988 0)
(0.844659 0.223101 -1.00818e-19)
(0.509668 -0.468107 -3.63851e-19)
(1.60622 -0.176893 0)
(1.00684 0.011216 4.21295e-19)
(-0.201652 -0.0967799 0)
(2.16286 0.319857 0)
(0.769675 -0.0541682 1.16107e-19)
(1.85072 -0.342362 -3.23784e-20)
(1.01936 0.00927121 4.73115e-20)
(1.3776 0.431359 2.85605e-20)
(0.963357 0.0260759 4.97405e-19)
(1.03449 0.0324693 -1.17531e-20)
(0.685591 0.234495 -3.66189e-19)
(1.57615 -0.524311 -8.0851e-21)
(2.00034 0.248754 0)
(-0.0673707 -0.0574022 2.42609e-20)
(0.82125 -0.584042 -2.14611e-19)
(-0.117858 0.277608 -2.816e-22)
(1.09007 -0.0613973 3.0542e-19)
(0.79814 -0.141746 0)
(0.968073 0.0241689 4.72017e-20)
(1.43463 0.673654 0)
(1.55152 -0.913122 0)
(1.35484 0.237627 0)
(-0.26729 0.430391 0)
(0.74966 -0.623673 3.72168e-19)
(0.527159 -0.339454 -3.07866e-19)
(0.583913 -0.143947 2.03547e-19)
(1.60829 0.188355 0)
(1.1313 -0.090849 -2.79211e-19)
(1.12508 0.0245134 2.08587e-19)
(-0.0830998 0.275344 1.55541e-19)
(0.68585 0.560185 0)
(2.10729 -0.18712 -5.69909e-22)
(0.928618 -0.441712 1.0431e-19)
(-0.440719 -0.949391 1.70596e-19)
(1.90879 0.237965 1.5101e-19)
(-0.151149 0.4018 -3.11494e-19)
(0.772114 -0.700985 0)
(0.608285 0.41187 1.78825e-19)
(1.55948 -0.197298 -6.06239e-20)
(0.0135729 0.0949534 -2.23231e-19)
(1.03804 0.0824813 -1.15653e-19)
(1.57981 -0.258167 0)
(-0.0896906 -0.076237 -7.2569e-20)
(0.698845 -0.0198286 8.87377e-20)
(1.65254 0.923811 0)
(-0.0872293 0.338441 -2.97605e-19)
(0.942043 0.811379 -2.82692e-19)
(-0.386325 0.121346 3.35647e-19)
(1.03163 -0.0208043 0)
(1.30793 0.134424 1.45737e-19)
(-0.250211 0.420098 0)
(0.660984 -0.451186 -1.3122e-19)
(-0.281838 0.204848 -1.86682e-19)
(0.746563 -0.67946 0)
(0.397185 -0.203826 4.76069e-19)
(0.499745 -0.407732 3.34674e-19)
(0.386224 -0.349082 0)
(0.936305 -0.743556 -1.90852e-19)
(0.614207 -0.232112 0)
(-0.0469808 0.382661 -1.62265e-19)
(0.768343 -0.656467 1.83335e-19)
(2.26175 -0.245268 1.91466e-20)
(2.05827 0.0592479 0)
(-0.0336191 0.00497521 0)
(0.734784 0.682999 -3.48747e-19)
(1.70826 -0.60435 -5.21324e-20)
(0.0423332 0.0462454 0)
(0.938841 -0.766705 -2.00472e-20)
(1.12362 -0.0908599 0)
(1.06602 -0.108813 4.84113e-19)
(2.01227 -0.177523 1.63181e-20)
(-0.325999 0.412274 0)
(1.17592 -0.527145 -8.09104e-20)
(-0.188203 0.295916 -5.66321e-20)
(-0.202244 0.360835 0)
(1.0475 -0.775083 1.06444e-20)
(1.0069 0.00611582 -7.03678e-19)
(0.611885 -0.432837 -1.2747e-20)
(0.779392 -0.4743 0)
(1.15158 -0.695798 -1.43935e-19)
(0.685919 0.29433 2.80686e-19)
(1.23883 0.134434 0)
(1.56396 0.0531699 -2.34452e-19)
(1.14751 -0.816598 -3.59094e-19)
(-0.0478201 -0.0027653 -2.76183e-20)
(-0.0914928 -0.383678 -3.75498e-20)
(1.08319 0.016396 2.59122e-19)
(0.882441 -0.427845 -1.31186e-19)
(1.48751 -0.688098 7.48425e-21)
(0.601183 -0.451222 4.17021e-20)
(0.662647 -0.116503 2.8543e-20)
(-0.144565 -0.0843671 -6.81148e-20)
(1.34374 0.426275 0)
(1.98946 0.398805 -8.5857e-20)
(1.51361 0.680305 1.31688e-19)
(0.76972 -0.574624 -2.7141e-19)
(0.995423 0.00975314 1.44199e-20)
(0.68061 -0.48953 3.60859e-19)
(1.37476 0.839378 1.21315e-19)
(1.82572 -0.0268641 1.63598e-20)
(-0.342514 0.371755 0)
(1.09572 0.0622037 -2.67147e-19)
(-0.542207 -0.486166 -9.68994e-20)
(1.11995 0.520966 8.33872e-20)
(0.0700576 -0.134389 4.11775e-20)
(1.1626 0.0300994 -5.01956e-20)
(-0.192763 0.196355 -2.03976e-19)
(1.36019 0.611289 -7.60133e-20)
(1.20283 0.935777 0)
(-0.326523 0.352467 -9.1527e-20)
(0.0970937 0.196206 0)
(0.702652 0.608538 -2.90232e-19)
(2.136 0.0824474 -2.23141e-20)
(-0.00858366 -0.00361787 5.90489e-20)
(-0.369378 0.135902 -4.47405e-19)
(0.732099 0.12944 2.73856e-19)
(2.03785 -0.342264 -3.38168e-20)
(0.948836 -0.316612 -3.76684e-20)
(-0.014967 0.00212154 0)
(-0.563793 -0.47601 3.10174e-19)
(1.41365 1.02677 -3.76098e-21)
(0.85133 0.117992 -1.49967e-19)
(0.599242 0.562979 2.01726e-19)
(0.549632 0.2046 0)
(-0.139669 -0.186153 -5.29435e-20)
(-0.527012 -0.700592 2.54707e-19)
(1.23653 -0.914198 1.13797e-21)
(0.982168 -0.0120709 -2.20915e-19)
(-0.156591 -0.146843 5.29704e-21)
(-0.190591 0.225321 1.71952e-19)
(-0.223075 -0.183964 -5.00969e-20)
(1.16357 -0.413118 0)
(1.14616 0.0494743 -3.57154e-19)
(2.2466 -0.268551 9.03501e-20)
(1.22583 -0.590411 1.6284e-19)
(2.21647 -0.0673234 1.36495e-20)
(0.630372 0.393517 0)
(0.998121 0.79556 -1.66577e-20)
(0.732427 0.674792 1.89502e-19)
(0.859023 -0.526111 1.93036e-19)
(0.731813 0.551611 0)
(1.01904 0.00782384 9.45652e-21)
(0.841347 -0.625308 2.76195e-19)
(0.877414 0.466331 -4.8373e-19)
(1.1709 -0.104147 0)
(0.060972 0.104461 -1.71194e-19)
(-0.0511455 0.213296 -1.26175e-19)
(1.67218 0.750496 0)
(1.2891 -0.898112 -9.73678e-22)
(-0.331412 0.206817 0)
(-0.297538 0.432955 1.26693e-19)
(0.785156 0.699463 -1.01715e-19)
(0.834139 -0.181467 0)
(-0.200459 -0.00545568 0)
(1.50127 -0.451116 0)
(-0.91734 -1.33152 3.4559e-19)
(1.15766 -0.844527 2.34412e-19)
(1.13141 -0.572314 8.9877e-20)
(1.02809 -0.159133 -2.2161e-19)
(0.835664 -0.655275 -2.20645e-19)
(0.17034 -0.173475 0)
(-0.519856 -0.193609 0)
(0.963551 -0.480461 2.34891e-19)
(-0.00108745 0.0213991 0)
(-0.204912 0.386084 0)
(-0.0295601 0.117438 1.94128e-19)
(0.841521 0.716196 8.82812e-20)
(1.06887 0.839613 0)
(0.743555 0.602576 -8.88844e-20)
(0.826576 -0.00184719 -2.53377e-19)
(0.792352 0.609311 -2.37953e-19)
(0.636254 0.593923 -1.73552e-19)
(-0.0567047 -0.026775 5.05572e-22)
(0.679826 -0.60899 0)
(0.919492 0.210201 -3.5217e-19)
(-0.0600879 -0.0560402 1.77233e-20)
(0.649014 0.602262 3.88829e-19)
(1.01263 0.844807 0)
(-0.703267 -0.922469 2.98591e-19)
(-0.184937 -0.0685693 7.84331e-20)
(-0.186204 0.0315691 -3.56148e-20)
(0.712223 0.61916 -1.54103e-20)
(0.970002 -0.00622748 6.77586e-20)
(-0.0537457 -0.0519061 0)
(2.22111 -0.177917 -3.31002e-20)
(0.492852 0.091679 2.71655e-19)
(0.611955 -0.564495 -9.75857e-20)
(-0.126661 0.144937 1.25738e-20)
(1.2458 0.486117 1.86009e-19)
(0.924986 0.453817 0)
(1.02669 -0.154581 2.41543e-19)
(-0.149917 -0.121298 -2.85973e-21)
(-0.123503 0.178943 4.72362e-19)
(0.910829 0.0206598 -6.209e-20)
(1.14558 0.162391 0)
(1.83105 -0.0727217 4.45106e-20)
(1.83458 -0.0199487 0)
(0.572336 0.32342 -4.91922e-19)
(-0.202836 0.255924 0)
(-0.0144804 0.00738824 7.75068e-20)
(0.681426 0.0982591 0)
(0.579972 -0.467664 -2.20004e-19)
(1.13502 0.0207771 2.45415e-19)
(-0.315945 0.380829 4.32508e-20)
(1.70516 -0.0719247 -1.29502e-20)
(1.97728 -0.242614 -6.24954e-21)
(1.14969 0.250445 -2.35812e-19)
(-0.0721419 -0.0743914 -3.59667e-20)
(1.02679 -0.811019 0)
(0.805149 0.016893 -1.78359e-19)
(0.897336 -0.341453 -3.53866e-19)
(1.65598 -0.561402 1.05929e-20)
(1.67718 0.0238399 -1.02893e-19)
(1.09475 0.000432097 4.29382e-19)
(-0.120402 -0.128734 -3.20948e-20)
(0.962591 -0.405642 -1.62715e-19)
(0.1786 -0.171251 3.08662e-19)
(1.00841 -0.00501119 0)
(1.00485 -0.00318332 0)
(-0.385423 0.0542633 -5.04775e-20)
(-0.0457216 0.371836 -1.15395e-19)
(0.170626 -0.11385 -4.21455e-20)
(1.01068 -0.11925 2.18929e-20)
(1.00064 -0.67606 0)
(1.9675 -0.362165 -4.36548e-20)
(0.893253 -0.776396 -1.42044e-19)
(1.70731 -0.553232 8.01727e-21)
(1.16539 0.88232 0)
(0.435675 -0.414979 0)
(0.653199 0.569327 -1.85049e-19)
(1.13537 0.30076 -4.28654e-19)
(2.17815 -0.264244 -4.67422e-23)
(0.878297 0.193638 1.51943e-19)
(-0.115259 -0.197289 -8.58363e-20)
(1.94056 0.160661 -4.35337e-20)
(-0.148967 -0.274329 0)
(-0.0868687 -0.0194491 0)
(-0.0835084 -0.0421729 0)
(1.28546 -0.69342 -1.71835e-19)
(-0.19257 0.361382 -2.60431e-19)
(-0.145084 0.214871 0)
(1.36748 1.02863 -2.72275e-20)
(1.14859 0.165947 -4.54773e-19)
(2.31242 0.438727 -6.36896e-20)
(1.14674 0.977779 7.55187e-20)
(-0.143453 0.389834 1.60552e-19)
(2.09955 0.0323312 0)
(-0.0920242 -0.0173572 -1.39783e-19)
(-0.203445 0.422507 3.00606e-19)
(0.780882 0.0752918 2.05441e-19)
(1.625 0.988435 2.13345e-20)
(1.61946 0.596048 4.1828e-20)
(-0.133889 0.26501 3.13592e-22)
(0.702532 -0.640576 -5.07346e-20)
(1.18464 -0.0471153 0)
(1.72847 0.0445059 0)
(0.994178 0.0489302 0)
(0.0962971 -0.099536 -3.29947e-19)
(-0.129483 -0.108943 4.0811e-20)
(1.10566 0.891445 0)
(0.993566 0.0143245 5.92668e-19)
(0.815917 0.651969 -2.37072e-19)
(-0.532408 -0.521744 -1.96777e-19)
(0.865988 0.0525589 -4.65032e-20)
(0.675612 -0.613341 -2.87074e-19)
(1.45556 0.739295 -2.84152e-20)
(0.521161 -0.397158 -3.44283e-19)
(1.13511 0.00272966 -5.23932e-19)
(0.799231 0.049086 5.40578e-20)
(1.48357 -0.176006 1.31774e-19)
(1.57332 0.173736 6.69752e-20)
(0.00935439 0.0218674 5.32082e-22)
(1.12594 0.505329 -2.79852e-19)
(1.46229 0.663153 1.0034e-19)
(-0.243959 0.0111916 0)
(-0.105722 -0.266984 3.34062e-20)
(0.0693513 0.194287 7.40611e-20)
(-0.16336 -0.126961 -3.39447e-20)
(0.524672 0.39116 0)
(0.286158 0.283782 0)
(-0.0478618 0.0557442 -1.71772e-19)
(-0.100784 -0.0915911 -1.8441e-20)
(1.05058 -0.026555 2.07723e-19)
(-0.345708 0.420512 -4.65293e-20)
(1.45158 -0.723079 -1.99861e-19)
(-0.0244509 0.357032 0)
(0.789666 -0.69859 -4.15637e-19)
(1.81324 0.139967 -1.1777e-19)
(-0.254772 -0.461613 5.40253e-20)
(0.740184 0.212517 3.5679e-19)
(0.639201 0.206717 1.15062e-19)
(0.464412 -0.436767 2.46062e-19)
(0.0435271 0.0421307 -4.4291e-20)
(1.78288 0.851325 0)
(0.440854 0.416927 -2.04633e-19)
(1.03047 -0.0108683 -3.31322e-19)
(-0.428196 0.136666 1.77573e-19)
(1.48731 0.491939 -1.12689e-19)
(-0.00954402 0.0159745 -1.51017e-20)
(0.644167 -0.587865 -1.35846e-19)
(0.842856 0.226243 -2.22904e-19)
(1.01724 0.46153 2.40409e-20)
(1.12261 -0.119132 4.38082e-20)
(0.582899 -0.172317 -3.4621e-19)
(1.92959 -0.340328 5.33566e-20)
(1.00558 0.018299 0)
(2.03384 0.546801 -2.37417e-20)
(2.07037 -0.1163 -1.1183e-21)
(0.371179 -0.115166 1.27905e-20)
(1.14871 0.375277 -2.33836e-19)
(2.17358 -0.340216 7.0697e-20)
(0.464256 0.441816 -2.64659e-19)
(-0.144796 0.0898719 2.49842e-19)
(1.71273 -0.194906 0)
(0.943776 0.00676578 0)
(0.82635 -0.729769 8.72226e-20)
(-0.172951 -0.0800675 -8.59484e-20)
(-0.640023 -0.338588 -2.33773e-19)
(0.0107535 0.0245235 -6.10867e-20)
(-0.204263 0.324043 -1.63755e-19)
(-0.204109 -0.359989 0)
(-0.0838264 -0.028168 1.01782e-20)
(0.0905771 0.222606 -1.18545e-19)
(-0.209328 0.240013 -3.9106e-19)
(0.785511 -0.0692035 0)
(1.34631 0.310582 -1.18374e-19)
(0.0557949 0.112312 0)
(0.990941 0.0249495 4.25298e-19)
(-0.0806057 -0.339788 9.30815e-21)
(0.497601 -0.368132 4.61669e-19)
(-0.697664 -0.390451 1.60408e-19)
(-0.911931 -0.733759 0)
(0.113749 0.337792 1.36592e-19)
(0.999221 0.0274186 -1.28381e-20)
(-0.110801 -0.0725937 0)
(1.00489 -0.00744482 -6.55708e-20)
(0.817805 -0.686327 -3.83418e-19)
(0.481403 -0.763825 0)
(0.910215 -0.23646 2.52557e-19)
(0.055108 0.308852 2.48278e-19)
(-0.0347097 -0.022849 0)
(-0.134932 -0.207299 -1.47846e-21)
(0.685142 -0.592076 -5.29739e-19)
(0.94494 -0.025945 -3.20886e-19)
(-0.182285 -0.0938774 9.92436e-20)
(-0.0454089 -0.0116784 4.54367e-20)
(-0.161957 -0.287562 0)
(0.99961 0.511924 0)
(-0.14641 -0.486491 4.90776e-20)
(1.52484 -0.28469 -5.70306e-20)
(1.1373 0.948635 1.79573e-20)
(1.09647 0.233399 -1.35627e-19)
(1.12026 0.0109736 -2.7727e-19)
(1.00594 -0.0628546 -1.06133e-19)
(-0.160838 -0.12317 -9.55057e-20)
(1.4867 -0.0740496 2.35143e-19)
(0.695075 0.0391302 2.26129e-19)
(1.94486 -0.152499 4.00783e-20)
(1.01076 -0.13402 0)
(0.471667 -0.64511 3.36189e-19)
(1.14431 0.027446 -5.76131e-19)
(1.83157 0.635583 -6.34783e-21)
(0.702973 -0.410035 -1.93014e-19)
(-0.086556 -0.0714951 5.428e-20)
(0.754561 -0.659562 4.98368e-19)
(1.28221 0.213712 7.86877e-20)
(1.00713 -0.00729149 2.90241e-19)
(-0.133634 -0.190761 -3.81294e-20)
(1.03249 0.0278092 0)
(2.00108 0.181198 -1.09843e-19)
(-0.0569389 -0.0331884 0)
(1.01094 0.0161433 -1.7344e-19)
(-0.846012 -0.943052 -4.09703e-19)
(1.82584 0.300731 2.66669e-20)
(0.00181565 0.191757 1.03431e-19)
(1.65303 0.0570783 -1.19848e-20)
(1.01684 -0.0158501 5.99638e-20)
(1.25989 -0.0879848 0)
(1.38798 -0.587609 -2.61882e-19)
(1.0293 0.0482911 -1.75476e-19)
(1.51892 0.826609 -4.0088e-20)
(1.28977 -0.0654456 0)
(1.38124 -0.504083 4.28345e-20)
(-0.0555287 0.0638179 0)
(1.29464 0.0447388 0)
(-0.101353 -0.104393 0)
(1.29354 0.478713 0)
(2.03797 0.186345 6.15639e-20)
(0.790294 0.662134 4.15472e-19)
(0.267624 -0.268103 -2.91389e-19)
(-0.0932675 -0.070162 -1.08435e-19)
(-0.0288235 -0.000713576 0)
(1.95238 0.277509 -9.12746e-20)
(1.5077 0.543893 0)
(1.53544 0.297642 0)
(-0.134857 -0.0314517 6.04991e-20)
(0.860807 0.760341 1.30417e-19)
(1.61488 -0.0282334 0)
(0.0273823 0.0383077 3.05581e-20)
(0.936186 0.258239 2.06478e-19)
(1.18231 0.347989 7.49398e-20)
(1.31221 0.976217 4.20549e-20)
(0.869104 -0.781678 -6.91918e-20)
(1.36797 0.142261 5.60994e-20)
(0.847945 0.765812 1.33256e-19)
(1.24897 0.977324 0)
(1.33506 -0.0606083 -3.65974e-20)
(1.13691 -0.197043 0)
(1.38409 0.620385 -1.80908e-20)
(1.25083 0.0997921 2.61063e-19)
(1.00557 -0.00186404 0)
(0.678467 -0.276849 4.19302e-19)
(0.86904 -0.133802 5.67898e-20)
(0.592418 -0.357668 0)
(0.633798 -0.329499 2.48899e-19)
(1.29832 0.58885 -3.39076e-20)
(0.517319 0.490014 2.88975e-19)
(-0.234878 0.291512 4.57351e-20)
(0.409904 -0.0961106 1.29766e-19)
(0.743019 0.0662215 0)
(1.26666 -0.860409 -1.85503e-19)
(1.03809 -0.0417122 4.60259e-19)
(1.66774 0.338733 1.85003e-19)
(0.0218289 0.0293878 2.61872e-20)
(-0.694147 -0.551423 0)
(1.18934 -0.223535 -1.50346e-19)
(-0.029551 -0.0168525 -4.60543e-20)
(0.426673 -0.654627 -2.65743e-20)
(-0.162249 0.0824682 -1.15966e-21)
(-0.235294 0.131115 3.86686e-19)
(1.01106 -0.167133 1.83671e-20)
(2.24969 -0.154514 4.43289e-20)
(1.24633 0.481519 -2.99984e-19)
(0.916477 -0.0697691 0)
(1.77224 -0.00383276 1.7357e-19)
(1.79872 0.0760431 -7.04937e-21)
(0.866189 -0.724782 1.93781e-19)
(1.09572 -0.922811 -1.05569e-19)
(0.521002 0.485078 1.9349e-19)
(1.32865 -0.361317 0)
(1.85904 0.577212 4.71832e-20)
(-0.0364167 -0.016232 -9.44855e-20)
(0.939069 0.819839 0)
(1.37315 0.376228 0)
(0.267046 -0.266091 -3.17037e-21)
(0.373044 0.375242 0)
(-0.752373 -0.573825 -2.06156e-19)
(-0.268516 0.384932 -1.36161e-19)
(1.65119 -0.426212 0)
(1.2555 0.0751783 1.72034e-19)
(-0.234729 0.00843801 1.97386e-19)
(0.496916 -0.469401 -5.76602e-19)
(1.88486 -0.0808709 -6.5257e-21)
(0.571854 -0.516554 0)
(1.06205 0.141012 0)
(1.29195 -0.241189 0)
(1.15728 0.252667 -2.52682e-19)
(1.38014 0.107006 3.59011e-19)
(-1.10892 -0.894434 0)
(0.853803 -0.0565628 0)
(1.56664 -0.0339034 1.78315e-20)
(-0.135468 0.212588 1.29496e-19)
(1.83732 -0.210406 -1.18353e-19)
(0.997446 -0.47605 4.08836e-20)
(1.30024 -0.116657 -1.08753e-19)
(-0.547135 -0.0303805 -1.53516e-19)
(1.78646 -0.0294215 -1.44021e-19)
(1.01373 -0.0117358 4.81623e-19)
(1.59928 0.619947 0)
(-0.244029 0.417155 3.68505e-20)
(0.954159 -0.787122 2.56257e-19)
(0.854232 0.0219424 5.43546e-20)
(0.594147 -0.381741 0)
(1.82228 -0.514913 -1.13112e-20)
(1.17338 -0.178414 2.03272e-19)
(0.55738 0.581571 0)
(0.570096 -0.527767 6.05313e-19)
(1.01021 0.179819 1.01088e-20)
(1.84149 -0.315002 2.49286e-19)
(-0.15371 0.257751 -2.63025e-19)
(1.3994 0.65047 1.45888e-19)
(1.19923 0.435907 3.82936e-21)
(0.944015 0.414872 2.39375e-19)
(1.54785 -0.221558 -8.93854e-20)
(-0.160976 -0.135969 4.2786e-22)
(0.30565 -0.136363 0)
(-0.13649 -0.102275 8.84246e-20)
(1.02941 -0.895132 0)
(1.01607 -0.617469 2.96715e-20)
(0.707146 -0.239687 -1.50255e-19)
(-0.293282 -0.826375 2.88123e-20)
(-0.349778 -0.261555 -1.3991e-19)
(1.03671 0.521624 1.82578e-19)
(0.267988 -0.154579 3.64351e-19)
(0.70521 -0.0404133 0)
(0.931088 -0.0674507 0)
(1.91237 0.0834353 1.53574e-20)
(0.761998 -0.0163812 0)
(1.32197 -0.196304 -2.09165e-19)
(-0.752769 -0.358673 3.56588e-19)
(2.00543 0.494586 3.602e-20)
(1.05523 -0.03181 0)
(0.512387 -0.290441 1.2494e-19)
(1.00704 0.0271752 2.2794e-19)
(0.8954 -0.104161 -3.02553e-19)
(-0.123487 0.22114 0)
(1.07021 -0.452393 6.52767e-19)
(1.44116 0.154929 2.06347e-22)
(1.05863 -0.463241 -2.8356e-19)
(2.34972 0.116162 1.96182e-19)
(1.35544 0.835188 0)
(0.884225 0.0235426 0)
(-0.0245922 0.0022286 -7.31545e-20)
(-0.0512243 0.0589939 1.93346e-19)
(0.989281 0.402616 -2.20813e-19)
(-0.0469634 -0.183233 -2.06694e-20)
(0.689133 0.465774 2.55708e-19)
(1.05861 -0.470278 0)
(0.501358 -0.465545 0)
(-0.0354272 0.417305 -5.79717e-21)
(1.18266 -0.477968 -1.39699e-19)
(0.648311 0.0134866 2.63574e-21)
(0.722735 -0.0999495 1.3554e-19)
(-0.113371 0.169195 -3.44397e-19)
(1.58583 -0.325289 2.37839e-19)
(0.711089 0.663789 0)
(1.33725 0.731841 0)
(1.66997 0.259625 0)
(-0.199041 -0.252382 -5.18848e-20)
(1.39687 0.614484 2.66565e-19)
(1.9905 0.00178888 6.36533e-21)
(0.969337 -0.0172074 0)
(2.16231 0.293719 0)
(1.85566 -0.0820508 -1.89241e-19)
(1.1843 0.216533 3.62817e-19)
(1.00505 0.00786898 -2.27134e-19)
(1.56721 0.50833 0)
(-0.162434 0.27891 0)
(1.29347 0.33636 3.03184e-19)
(1.07284 0.565715 -1.3512e-19)
(1.08132 0.0312455 0)
(1.44144 -0.384502 0)
(2.16523 0.681452 -3.85476e-19)
(-0.115754 0.319755 -1.11565e-21)
(0.994005 0.0162057 0)
(0.75368 0.526995 -3.50643e-20)
(0.884018 -0.778367 0)
(0.998575 0.0187472 5.30753e-20)
(-0.125517 1.21991 -8.82531e-20)
(0.873267 -0.28663 3.74947e-19)
(-0.000957776 1.04683 9.33365e-20)
(2.06267 -0.149715 -1.46861e-20)
(1.73895 0.230794 4.72853e-20)
(0.765194 -0.0292584 0)
(1.0016 0.0133296 0)
(-0.418336 -0.469931 0)
(0.715512 0.685538 -1.92847e-19)
(-0.099641 0.140431 2.31748e-19)
(1.21453 0.376929 -4.8725e-19)
(-0.348766 0.282563 0)
(0.879376 0.690106 1.74386e-19)
(0.974594 -0.299656 0)
(1.00573 0.00140208 1.32719e-19)
(0.890563 -0.347074 3.53086e-20)
(1.07925 0.437095 2.69118e-19)
(1.7452 -0.135298 0)
(2.18259 0.0285908 -6.96933e-20)
(0.818033 -0.0680517 -4.18593e-19)
(-0.85287 -0.705795 -2.80905e-19)
(1.37108 -0.120766 0)
(0.907313 0.280077 1.89048e-19)
(1.82794 -0.228574 0)
(0.822393 0.570646 3.79197e-19)
(-0.925559 -0.574443 1.34744e-19)
(-0.118661 0.175495 0)
(0.637726 0.607845 -7.33351e-20)
(0.98242 -0.603993 -2.06512e-19)
(0.438914 -0.172623 -1.38926e-19)
(1.01924 -0.00574941 0)
(-0.16191 0.0353872 -2.13169e-19)
(0.596589 -0.525723 9.92565e-20)
(0.939925 0.32743 0)
(1.2853 0.0327603 -1.38657e-19)
(1.04289 0.888342 2.43848e-20)
(-0.270237 0.998739 8.08539e-20)
(-0.0261209 0.0498931 -4.87058e-20)
(0.193652 0.0979392 -6.09167e-19)
(-0.0438295 0.00459004 2.65854e-21)
(0.858813 0.402891 2.61359e-19)
(-0.207527 0.385095 -6.27639e-21)
(1.35427 -0.617852 3.0687e-21)
(1.01986 0.0204193 -3.97866e-19)
(-0.289048 -0.301712 0)
(1.04242 0.0463534 -4.57917e-19)
(2.04579 -0.164603 7.43203e-20)
(0.938822 0.735962 2.90424e-19)
(1.11971 -0.0600997 1.92041e-19)
(0.999462 -0.0141623 1.84139e-19)
(-0.16495 -0.875138 -2.64215e-20)
(0.0519367 0.0613238 4.69718e-22)
(1.64605 -0.833872 1.34556e-20)
(1.08635 -0.121162 -1.08111e-19)
(0.767392 0.0490729 1.2547e-19)
(0.884885 -0.259252 1.0712e-19)
(1.2542 0.215908 0)
(1.01602 0.780624 0)
(0.791061 -0.606996 -4.20612e-20)
(1.96369 0.174789 -2.48659e-20)
(-0.8078 -0.440457 1.16653e-19)
(0.987963 -0.502219 -6.71989e-19)
(0.574988 -0.488163 4.6854e-19)
(1.68934 0.00550398 -1.61983e-19)
(-0.118863 -0.166957 2.81488e-21)
(1.06368 0.384352 0)
(0.764727 0.167829 -7.42886e-21)
(0.902872 0.59291 -4.61757e-21)
(1.09638 0.806282 0)
(0.281574 0.921678 0)
(0.237537 -0.300985 0)
(0.00980416 0.0318534 -1.83395e-20)
(-0.0308226 0.158115 0)
(1.83831 0.126834 4.00205e-19)
(1.25857 0.197591 6.89628e-21)
(-1.16924 -1.09805 1.73168e-19)
(1.85121 0.798655 1.50981e-20)
(1.9319 0.439283 -9.69102e-20)
(2.05463 -0.320369 -1.07981e-21)
(-0.204364 0.0447166 -2.73458e-19)
(-0.149454 -0.251655 1.1015e-21)
(1.41306 0.140569 0)
(0.686191 -0.0344803 0)
(1.00054 0.00218224 1.6448e-22)
(-0.216145 -0.270636 0)
(1.42806 -0.0157527 6.40421e-20)
(0.68606 -0.030811 0)
(1.0418 0.0169126 1.54133e-19)
(0.986474 0.0175258 -5.18279e-20)
(1.49497 -0.323856 1.47086e-19)
(1.07295 -0.012512 -1.04872e-21)
(0.926806 -0.161073 -6.41596e-20)
(1.01843 -0.0178205 4.30848e-19)
(0.629247 -0.564775 2.27118e-19)
(-0.854469 -0.837676 -1.84481e-19)
(1.71153 0.604389 8.88592e-21)
(-0.0598993 0.0784543 0)
(1.18693 0.83961 0)
(1.01988 0.00873995 0)
(0.957439 -0.733992 -1.49243e-19)
(0.981745 -0.842626 1.13641e-19)
(0.761012 -0.122172 5.28113e-20)
(-0.000656702 -0.833187 -6.63884e-19)
(0.226357 0.281664 -4.86627e-20)
(0.54247 -0.323068 -7.3705e-19)
(1.82982 0.715425 -4.3134e-20)
(0.330075 0.637271 -1.9274e-20)
(1.97138 -0.297074 -2.35456e-20)
(0.627878 0.0829152 -2.16724e-21)
(0.02205 0.0292252 -4.23937e-20)
(1.16519 0.590753 2.02718e-19)
(-0.272112 -0.112299 0)
(-0.00252801 -0.30708 6.12907e-20)
(-0.122604 -0.0573531 1.71144e-22)
(1.03066 -0.0420522 3.77889e-19)
(1.01927 0.0119534 -9.86578e-21)
(1.11328 -0.0083231 -1.04643e-19)
(0.378997 -0.627813 5.08027e-20)
(1.69597 0.323387 5.46369e-20)
(0.360748 -0.334456 -3.71947e-19)
(1.17848 -0.252286 -1.03095e-19)
(1.02661 0.0132319 -2.83892e-19)
(1.05416 0.29157 -9.14916e-21)
(0.763673 -0.594425 0)
(1.16506 0.628683 -3.79039e-19)
(1.00265 -0.00159673 1.08366e-19)
(0.725426 0.653197 2.69462e-19)
(1.21316 0.303041 1.20723e-20)
(1.07994 -0.0027305 -3.39848e-20)
(1.13784 0.0182372 9.6873e-22)
(1.99242 -0.243543 1.25331e-20)
(0.094038 0.0507356 0)
(1.04594 -0.0385365 0)
(1.04934 -0.033545 6.63329e-19)
(1.00268 -0.00102405 0)
(-0.0605999 -0.0168866 0)
(0.893429 -0.536371 0)
(1.001 0.00142006 -6.30348e-19)
(1.10693 -0.64606 1.27157e-19)
(1.02164 0.000720547 1.33414e-20)
(1.42245 1.00401 -2.06486e-20)
(1.61949 1.05405 -6.13862e-20)
(0.349238 0.237442 8.36311e-20)
(1.38748 -0.201993 1.29206e-19)
(1.84298 0.287156 0)
(-0.0149328 0.297662 0)
(1.86267 -0.185783 1.13746e-19)
(0.145072 0.788103 0)
(0.999716 -0.00383698 -1.94279e-19)
(1.01049 -0.000632215 3.77853e-19)
(1.48385 0.13873 -7.37909e-20)
(0.00457094 -0.11246 7.31526e-20)
(0.980175 0.000690092 2.04833e-19)
(0.852417 -0.235016 -3.01633e-20)
(2.13613 -0.126371 -2.11871e-20)
(0.232151 -0.451517 1.11415e-22)
(0.923732 0.0190002 -2.0997e-19)
(1.00363 0.00504549 2.454e-19)
(0.999958 0.000682402 1.44644e-20)
(0.790589 -0.0127123 0)
(0.731516 -0.0261751 0)
(0.728405 -0.0265572 9.59e-22)
(0.705901 -0.0286472 0)
(1.75049 0.271389 0)
(2.09034 -0.00323781 0)
(1.69597 -0.178141 6.86728e-21)
(1.93043 -0.147578 -6.24914e-21)
(1.55251 -0.678039 0)
(0.731649 -0.511521 -2.1721e-20)
(-0.151554 0.0108515 0)
(0.91585 -0.163469 0)
(0.502249 -0.0698959 0)
(0.133696 0.0430097 1.91603e-20)
(0.606149 0.218512 -6.06042e-21)
(0.772835 0.0233691 0)
(0.783296 0.0196812 0)
(0.963698 0.0218991 -2.58317e-19)
(0.813188 0.00810927 4.78972e-19)
(1.00872 -0.00125244 0)
(1.00034 -0.000297069 4.52879e-19)
(1.00022 -0.000400197 -2.10032e-22)
(0.781461 0.0219009 4.10513e-19)
(0.998381 -0.00573276 -2.35309e-19)
(1.10526 -0.171805 0)
(1.99241 -0.135445 2.12014e-20)
(1.00078 -0.000139982 -2.28326e-19)
(0.999722 0.00256892 -3.92819e-19)
(0.636136 -0.199861 0)
(0.998858 0.00214905 0)
(0.999747 0.0006777 0)
(1.55296 0.0130032 8.27613e-20)
(0.200353 0.470718 -7.72409e-20)
(1.49769 0.0575923 0)
(-0.347672 0.398861 2.20061e-19)
(0.450486 -0.417683 -4.14072e-19)
(1.02182 -0.00976067 -3.04781e-19)
(-0.112543 -0.134207 -3.66406e-20)
(1.01663 0.0105697 -2.46511e-19)
(1.12587 -0.202715 -1.56436e-19)
(0.760853 -0.428051 3.69456e-19)
(-0.00428659 0.0182645 -2.40126e-20)
(1.0265 0.0178168 0)
(1.07228 -0.0088612 -6.51006e-20)
(0.844515 0.0291987 0)
(-0.108957 0.137654 3.41669e-19)
(-0.0096142 0.912098 0)
(-0.169587 -0.155968 -1.07151e-19)
(0.684979 -0.295173 7.8278e-21)
(1.75045 0.702467 3.48066e-20)
(-0.0860681 0.0282786 0)
(1.05389 -0.036722 2.0512e-19)
(0.195601 0.166084 -7.17682e-21)
(0.929574 0.0193756 3.20282e-19)
(1.01433 -0.00321456 -2.07133e-19)
(1.77547 0.894568 6.37881e-20)
(0.568491 0.537408 0)
(0.495608 0.465782 2.13728e-19)
(2.16354 0.145721 -5.24795e-21)
(1.18525 0.139312 2.09935e-19)
(1.03913 -0.673804 0)
(1.0239 0.0101697 0)
(1.00094 -0.0159415 -4.76379e-19)
(1.01713 0.0199554 -4.68266e-19)
(-0.0787534 -0.0248932 0)
(1.28828 0.866256 -1.2382e-19)
(1.09525 -0.186541 -1.28533e-20)
(1.01653 0.0105711 1.7944e-19)
(1.01112 0.0168686 -2.25719e-19)
(-0.198974 -0.0872083 -1.16197e-20)
(0.447582 0.596396 9.96664e-20)
(1.02053 -0.0104072 7.63784e-19)
(1.72179 -0.328613 0)
(1.98231 0.655621 -7.484e-20)
(1.01692 -0.00650218 -2.3842e-19)
(2.04103 0.0155845 -3.67081e-20)
(1.07123 0.0135999 -5.447e-22)
(1.01015 -0.00703457 4.75293e-20)
(1.93362 -0.233704 -1.38025e-20)
(1.01554 0.00971205 2.32293e-19)
(0.49873 0.656425 -2.1389e-20)
(1.01801 0.009904 0)
(0.956336 0.180921 5.43962e-20)
(-0.74911 -0.91147 3.49165e-21)
(0.997658 0.0231141 2.30965e-19)
(1.03997 0.0216412 -4.95659e-22)
(1.06533 -0.0100745 4.0635e-20)
(1.31286 0.337642 4.29841e-19)
(0.993219 0.0197619 1.59271e-19)
(1.01854 -0.0095483 5.76367e-22)
(1.81923 0.225612 -1.76392e-20)
(1.93432 1.00876 -1.33755e-19)
(0.730041 -0.654048 8.08219e-20)
(0.405111 -0.25203 -3.52532e-19)
(1.0096 -0.00724149 0)
(1.01935 0.00661442 5.76704e-20)
(1.01154 -0.00467394 1.21056e-19)
(0.00308542 0.470762 -4.00031e-20)
(1.0132 0.0116211 -2.41795e-19)
(1.02335 -0.013326 2.79482e-19)
(1.00965 -0.00341372 -2.26164e-19)
(1.01403 0.0109209 -5.45032e-22)
(1.01339 0.00788936 -4.2801e-22)
(1.02255 0.0193624 2.31861e-19)
(0.915205 0.124365 5.67091e-19)
(2.28665 0.679458 0)
(0.580002 -0.518769 8.55076e-20)
(1.00964 0.00185625 0)
(1.02445 -0.0110888 -6.68452e-20)
(1.60507 0.449258 -7.61866e-20)
(1.91661 -0.15098 0)
(1.18376 0.170024 9.53473e-20)
(1.63519 0.378678 -7.69651e-20)
(0.78658 -0.0204622 0)
(1.67088 -0.243462 0)
(1.0521 0.549736 -4.03626e-19)
(0.146968 -0.561515 4.59886e-20)
(1.01756 0.00214971 -2.43098e-19)
(1.07247 -0.53138 -8.16268e-20)
(0.829455 -0.198469 4.91476e-20)
(0.869914 0.795555 0)
(1.43176 0.366088 0)
(2.34772 0.604745 0)
(-0.0511869 0.192403 1.27229e-19)
(0.290619 0.411705 8.9359e-20)
(0.378921 0.477095 0)
(-0.0142769 0.273979 -2.92793e-19)
(1.80342 1.01125 -9.3685e-20)
(1.0068 0.00123019 -4.7567e-19)
(0.171543 0.273797 -4.5087e-20)
(1.02069 0.0171304 3.15429e-19)
(0.705594 -0.0452905 0)
(-0.123527 -0.0439115 -7.15427e-21)
(0.659005 0.492291 -3.60565e-19)
(1.94419 0.536294 1.92832e-19)
(0.0452317 0.294765 0)
(0.75692 0.068336 1.04033e-19)
(0.564269 0.541973 5.39113e-20)
(1.25328 0.933209 -3.27598e-20)
(-0.0646776 -0.0499574 3.41063e-20)
(1.02432 0.0230899 0)
(0.554724 0.768271 6.11265e-20)
(1.01133 0.00314163 1.7829e-19)
(2.17974 -0.184596 0)
(1.0105 0.0127262 2.99489e-19)
(0.00302974 -0.234982 -2.69949e-20)
(1.01939 0.0173874 -1.85255e-19)
(0.957755 0.286546 0)
(1.98167 -0.037774 -2.23195e-22)
(1.00874 0.00838655 -1.24249e-19)
(0.995098 -0.00766668 3.27439e-19)
(1.12451 0.110679 -4.41221e-21)
(1.12571 1.01294 -1.54545e-20)
(-0.123792 -0.106049 9.09747e-20)
(2.17859 0.188622 2.2379e-19)
(0.418167 0.959853 1.31841e-20)
(0.797365 0.0146472 -4.50008e-19)
(0.825922 0.0302634 0)
(-0.031487 0.755916 -1.64939e-20)
(1.02599 -0.00593863 -3.58766e-20)
(0.97338 0.0482484 0)
(1.05777 0.00537294 -2.26449e-19)
(0.0472662 1.1186 6.95523e-20)
(-0.843337 -0.764065 1.05142e-19)
(2.06354 -0.563504 0)
(-0.935562 -1.00067 -5.18635e-19)
(1.45396 -0.329588 0)
(1.04225 -0.0149487 6.66188e-20)
(1.07167 -0.493146 -2.09957e-21)
(1.01162 0.0051009 1.93373e-19)
(-0.635173 -0.447941 3.54544e-19)
(1.01989 0.00910828 0)
(0.993782 0.00387878 -4.60876e-19)
(1.00743 0.0119841 2.45566e-19)
(1.51413 -0.52867 0)
(1.46064 -0.276486 1.32377e-20)
(0.956521 -0.000887925 -2.09798e-19)
(-0.130888 -0.146207 1.14765e-19)
(1.00338 0.00164286 -2.3937e-19)
(0.999197 0.040988 -5.62938e-19)
(1.5755 -0.579253 -3.99256e-20)
(0.0463518 0.0505611 -3.44366e-20)
(0.861542 0.744848 -1.80536e-19)
(0.835332 0.402186 0)
(1.02291 -0.00228791 5.04401e-19)
(1.0422 -0.00757839 2.63183e-19)
(0.773369 1.0351 7.26196e-20)
(0.261078 0.918737 -1.55386e-19)
(1.06505 0.0155393 -1.36729e-19)
(1.05558 -0.851023 9.93485e-20)
(1.00681 0.003191 2.49807e-19)
(0.886592 -0.633621 2.68917e-19)
(-0.329469 0.33892 3.54021e-19)
(0.0355347 0.0490788 -2.3981e-20)
(0.802971 0.0134518 -7.10073e-20)
(0.693269 -0.107782 -7.82774e-19)
(1.02533 0.00445861 0)
(1.26778 -0.771101 1.78945e-19)
(1.73388 0.451753 3.43385e-19)
(0.37659 1.112 0)
(-0.253973 -1.00295 0)
(0.806413 0.229077 0)
(1.01748 0.0157634 1.09e-19)
(2.26979 -0.311384 0)
(1.06259 -0.021322 4.17916e-21)
(-0.534738 0.0653206 -1.62615e-19)
(-0.0164378 0.00511358 5.90614e-20)
(-0.273643 0.360615 -1.89667e-21)
(1.50398 0.387317 9.94037e-20)
(-0.127133 -0.150913 1.00604e-19)
(1.36045 0.802529 0)
(-0.133806 0.558589 6.38916e-20)
(1.02008 0.0249753 6.53503e-20)
(-0.152272 -0.0851733 -3.50232e-20)
(0.932836 0.760182 -5.74992e-20)
(0.0192766 0.0290918 1.46388e-20)
(1.26597 -0.923531 1.43171e-19)
(0.34314 1.29761 -7.5311e-20)
(0.563349 -0.5859 -4.40699e-20)
(0.198991 1.24345 -2.15038e-19)
(0.911184 0.01456 0)
(-0.202826 1.0797 -9.18834e-20)
(0.744083 -0.278237 -1.85422e-20)
(-0.087635 0.862006 9.06454e-20)
(2.2083 -0.0748646 0)
(1.03834 0.0337943 2.63785e-19)
(-0.162738 0.164346 0)
(0.899479 -0.341148 -9.47585e-20)
(0.435826 -0.717237 0)
(0.911643 0.372989 -2.35303e-19)
(2.13058 0.931761 -1.96089e-19)
(-0.0121782 0.01933 -4.50836e-21)
(0.944349 0.0620719 -5.12744e-19)
(1.01863 0.00335244 0)
(1.10995 0.0135353 1.36845e-19)
(1.3987 -0.25802 0)
(1.79915 -0.404352 0)
(1.02191 0.0182002 -4.54872e-20)
(0.997599 0.061572 -2.16522e-19)
(1.90729 -0.0492885 -2.7621e-19)
(-0.188875 0.267567 0)
(1.02322 -0.00722157 2.0487e-23)
(0.885789 -0.709968 -1.76951e-19)
(0.68492 0.409103 0)
(1.07414 -0.0252189 -3.26544e-19)
(1.54436 -0.236795 -6.73217e-20)
(-0.37569 0.228437 -1.78775e-19)
(-0.148566 0.363621 2.25516e-19)
(-0.419225 -0.218843 1.09945e-20)
(-0.354452 0.228568 -1.52528e-19)
(-0.0928522 -0.0448652 7.66825e-20)
(0.495833 0.726917 8.63514e-20)
(-0.0681765 -0.0744719 4.22753e-20)
(0.905945 -0.669009 3.04552e-19)
(1.01686 -0.839886 0)
(1.00864 0.0230105 -5.45351e-19)
(0.781316 0.264489 -8.06824e-20)
(1.0235 0.0031072 -2.01772e-19)
(-0.123152 -0.0988947 -2.50282e-20)
(-0.139577 -0.174418 6.82443e-20)
(1.01857 0.0280649 -2.60069e-19)
(-0.629931 -0.134733 8.32491e-20)
(-0.424385 0.543659 2.64607e-21)
(1.02706 -0.00545643 -4.44117e-19)
(1.62169 -0.0186181 0)
(-0.32208 0.391689 -1.25662e-19)
(-0.907016 -0.651459 -3.09495e-19)
(1.39606 1.07374 0)
(1.12813 0.0956651 0)
(1.07715 0.0289054 2.90503e-19)
(1.83414 0.106396 -3.39414e-19)
(1.18971 -0.0295965 -2.8978e-20)
(1.21381 0.666023 1.71021e-19)
(-0.504951 -0.946116 -7.79207e-20)
(1.03918 0.0220183 1.5481e-19)
(0.0344965 -0.473008 -4.68919e-21)
(1.25526 0.169656 -4.17263e-19)
(-0.227958 0.143442 0)
(0.972294 -0.229633 -2.29416e-19)
(-0.670096 -1.23413 8.07029e-20)
(1.31543 -0.5341 -2.89031e-19)
(1.02133 -0.00845639 -3.03758e-19)
(0.502746 0.48604 -1.47721e-19)
(1.11774 -0.584519 -2.18832e-19)
(-0.931171 -0.56611 1.2775e-19)
(0.92223 0.0309475 -3.42386e-19)
(0.535405 0.11763 -2.21517e-19)
(1.00951 -0.00502705 -2.52484e-19)
(0.85807 0.649649 -2.47631e-19)
(-0.541636 -0.265272 -2.90123e-19)
(0.407135 -0.383745 -1.62507e-20)
(0.00566499 -0.00358775 1.65034e-20)
(-0.174956 0.92701 5.92575e-20)
(1.74119 -0.527155 0)
(1.04105 -0.809509 0)
(0.832889 -0.908678 -3.44739e-20)
(0.899062 0.0863831 0)
(0.69384 -0.351535 2.2883e-19)
(0.0258926 0.0369204 0)
(1.93898 -0.0659103 2.79484e-19)
(1.02583 0.0158835 0)
(2.11829 -0.0734304 -5.01445e-20)
(1.04811 -0.362482 4.3229e-19)
(0.977134 -0.00720966 2.21215e-19)
(1.07912 0.0964915 -2.19223e-19)
(1.33578 -0.54184 1.01844e-19)
(1.01727 0.0322257 3.17264e-19)
(1.73956 -0.571298 0)
(0.975874 0.00911106 2.58806e-19)
(1.13869 -0.522813 1.92452e-21)
(0.239224 1.15652 1.48916e-19)
(1.51284 1.11385 4.28903e-20)
(1.01857 -0.00552758 3.449e-19)
(2.26208 -0.107617 1.14296e-19)
(2.02575 0.623578 0)
(1.44117 0.811955 0)
(0.982977 -0.108736 -5.14039e-19)
(0.472925 0.678294 0)
(0.735284 0.483149 7.51755e-20)
(1.15018 -0.882802 0)
(0.55493 0.432848 0)
(0.677143 0.616811 -5.50125e-19)
(2.19079 0.0302476 3.51192e-20)
(1.02149 -0.0200535 -1.48628e-19)
(-0.146247 0.250603 1.24255e-19)
(1.06729 0.0663192 0)
(1.04417 -0.0393351 0)
(-0.51517 0.967155 -2.91396e-20)
(0.795668 0.928071 0)
(0.799132 0.52626 3.77855e-20)
(1.05007 -0.00333176 6.18527e-22)
(0.664358 0.515568 1.46346e-19)
(1.15293 0.0307933 3.37551e-20)
(1.50031 -0.575896 -1.24507e-19)
(1.1047 0.0449568 1.9396e-19)
(1.03434 0.0061401 -2.22989e-19)
(1.17465 0.229496 2.19637e-19)
(1.01075 0.038628 -5.1107e-19)
(-0.123856 -0.0184962 0)
(-0.324076 0.344188 -4.45655e-20)
(-0.388064 -0.734562 -7.98251e-20)
(0.887945 -0.109704 -2.92023e-19)
(2.16486 -0.129036 0)
(-0.330544 1.07064 1.65565e-19)
(-0.128747 0.213047 1.3936e-19)
(1.97201 -0.139295 -1.19061e-19)
(1.12514 1.14982 1.5277e-19)
(1.13772 -0.203234 -9.29191e-20)
(0.905548 0.759271 4.34531e-19)
(1.06321 1.14135 1.38212e-20)
(1.09539 -0.020736 0)
(0.996516 -0.0657971 -1.50657e-19)
(-0.205772 0.3068 1.25779e-19)
(1.56863 -0.203818 -1.07853e-20)
(2.30309 -0.051964 0)
(2.14485 -0.162231 0)
(1.86419 0.0632193 1.91316e-19)
(-0.128945 0.177885 0)
(1.02151 0.0337186 -1.97336e-19)
(0.0650082 -1.27991 0)
(1.00647 0.00243737 1.46581e-19)
(0.633744 -0.268449 -2.57944e-19)
(0.962727 -0.00158004 4.82557e-19)
(1.99512 0.282627 4.71627e-20)
(1.06113 -0.0230022 -5.33075e-19)
(0.852731 0.0266118 6.2506e-20)
(2.24373 -0.122925 -6.29043e-20)
(1.05601 -0.0244938 0)
(1.0601 0.000543733 1.57947e-19)
(-0.310374 0.243709 -1.80608e-19)
(1.12486 0.00595231 -2.497e-19)
(0.925768 0.681407 -4.84267e-19)
(1.89995 -0.284983 -3.16904e-20)
(2.2848 -0.126459 0)
(0.295607 0.0462027 5.85216e-19)
(0.735252 -0.605318 0)
(-0.521737 0.0286332 7.13265e-20)
(-0.126592 -0.151067 7.02948e-20)
(1.03171 -0.856407 0)
(0.728223 0.0254679 1.32665e-19)
(-0.478496 0.123454 0)
(2.19662 0.230193 0)
(-0.0778639 0.0401261 1.66977e-19)
(0.881707 0.133545 -2.77512e-19)
(-0.47785 0.0684324 2.37194e-19)
(0.986663 0.734379 -3.8858e-19)
(1.0132 0.0557765 -7.12734e-21)
(1.01472 -0.0292608 1.70149e-19)
(2.30811 -0.133861 0)
(1.04176 -0.0803005 -6.604e-20)
(0.406555 -0.894682 3.53495e-19)
(1.02406 -0.0141564 3.33652e-19)
(1.0832 -0.0115611 1.28079e-19)
(1.99981 0.305604 0)
(1.00511 -0.00699145 0)
(1.05433 0.916554 -3.34047e-20)
(1.02699 -0.00653079 -2.08234e-19)
(1.13306 -0.432769 -1.34038e-19)
(-0.577882 -0.510257 2.35261e-20)
(0.178465 -0.308681 0)
(-0.262215 -0.173239 0)
(0.794648 0.472685 -2.64593e-20)
(0.724426 0.337009 -2.68879e-19)
(1.14644 -0.33477 3.5847e-20)
(0.999622 0.0865993 2.86481e-19)
(0.469783 0.30576 -1.64191e-19)
(2.48897 0.194544 0)
(1.16033 -0.236809 -2.81022e-21)
(1.10111 0.0106822 -1.34459e-19)
(1.30884 -0.142616 0)
(0.798308 -0.00325939 0)
(1.53894 -0.0852398 5.47627e-20)
(1.21328 -0.0636774 -3.19401e-20)
(0.774526 0.000418211 1.33886e-19)
(1.13165 -0.010122 0)
(0.771048 -0.71038 0)
(0.0587518 -0.407218 -3.52571e-21)
(1.06803 0.755622 -2.38457e-19)
(0.544579 0.182903 -1.39146e-19)
(-0.0861697 0.382169 3.35962e-21)
(2.05441 0.829046 2.56468e-19)
(0.995538 0.0474802 2.08616e-19)
(1.01637 -0.0387423 1.21894e-19)
(0.276663 -0.12435 -7.96312e-19)
(-0.0961042 -0.0681334 0)
(-0.46013 0.0129914 -4.30462e-20)
(0.549309 -0.524354 -4.82716e-19)
(-0.202967 -0.152006 1.19777e-19)
(0.948735 0.147469 -2.07331e-19)
(1.01066 0.378539 3.94839e-19)
(1.00169 -0.0678412 2.03224e-21)
(1.03083 0.0111144 -3.82223e-20)
(0.986801 -0.00656655 1.63651e-19)
(-0.365827 -0.703597 -8.7286e-20)
(-0.127786 -0.0511316 -4.12812e-20)
(-0.241773 -0.379004 0)
(1.22022 0.281564 1.50696e-19)
(1.13109 0.0252236 0)
(-0.205174 -1.05053 -1.84201e-19)
(-0.151801 0.206858 -1.72535e-19)
(-0.0858641 -0.034422 0)
(1.01137 0.00986789 2.23522e-19)
(0.978177 -0.0178299 0)
(2.40525 -0.0174296 -1.72105e-19)
(-0.863988 -0.593315 -2.52724e-20)
(0.986925 0.0196867 -4.58716e-19)
(-0.442858 -0.786787 7.58106e-24)
(1.6965 0.415007 -3.03681e-21)
(0.569207 0.555093 0)
(0.815679 0.715426 1.81403e-19)
(1.77208 0.593667 7.82996e-20)
(-0.181041 -0.199804 6.6214e-20)
(1.91403 0.243934 -8.64264e-21)
(0.00922974 0.0395557 -7.13019e-20)
(1.56228 0.40078 -3.88519e-19)
(0.92415 -0.510063 8.56068e-20)
(-0.53665 -0.595538 -7.95883e-24)
(0.109747 -0.101901 2.15851e-19)
(0.151025 0.149367 0)
(-0.109385 0.118398 0)
(0.0443331 0.0566213 4.46211e-20)
(1.00214 0.00370234 -2.47498e-19)
(1.02303 0.00882504 -2.1032e-19)
(-0.347484 0.259504 -1.68341e-19)
(1.61999 -0.478424 1.26806e-19)
(1.28074 -0.972398 -3.72661e-20)
(1.15772 0.785806 0)
(0.92604 0.0856787 -6.25497e-19)
(1.31573 -0.189635 -1.16393e-20)
(1.01544 -0.0193648 -6.18404e-20)
(0.446201 -0.119681 -7.90913e-20)
(-0.158409 -0.194472 0)
(2.35103 -0.019929 -3.35603e-20)
(-0.473836 0.137994 4.51057e-20)
(-0.188849 0.0644435 -3.68698e-19)
(1.01403 -0.0397005 2.30278e-19)
(0.033806 0.0390015 0)
(1.19346 -0.210744 -1.48327e-20)
(0.516673 0.354679 1.30146e-19)
(0.0323424 0.0345728 4.25137e-20)
(1.01901 -0.0116025 2.74033e-19)
(0.72638 0.381583 0)
(-0.162635 0.224569 1.61573e-19)
(0.415784 -0.404891 0)
(0.12002 -0.119285 -4.16685e-19)
(-0.0783018 0.0855808 1.16018e-19)
(0.151989 0.150627 1.86234e-19)
(0.0273588 0.0290723 -4.1578e-20)
(-0.1628 -0.213747 0)
(0.986524 0.327987 3.05584e-21)
(0.864947 1.1923 -1.3294e-20)
(0.641371 -0.573441 2.95311e-19)
(1.01341 -0.00640604 0)
(0.0269369 0.0281047 0)
(0.943967 -0.0507582 2.65889e-19)
(1.42474 -0.68074 -4.33329e-21)
(-0.610952 -0.864909 -2.40871e-19)
(0.9759 0.0631549 -2.85465e-19)
(0.587198 -0.531901 5.23086e-19)
(1.27704 -0.646987 -1.52519e-20)
(-0.381661 -0.396543 -1.23174e-19)
(1.11586 0.0845333 0)
(1.01819 -0.0041925 -3.17224e-19)
(0.0219486 0.0228159 0)
(-0.169126 -0.513976 -3.4542e-19)
(0.16535 0.165489 1.77917e-19)
(0.0261664 0.0275319 0)
(1.16659 0.119538 -1.87242e-19)
(1.02253 0.516077 0)
(1.06689 -0.0620064 0)
(-0.191449 -0.0978549 3.74773e-20)
(0.0239572 -0.743662 -8.07277e-20)
(0.0133193 0.0159119 -3.05137e-20)
(-0.0906582 0.0979988 1.11073e-19)
(0.134868 0.123009 0)
(0.964752 -0.0770406 -3.27684e-19)
(0.11964 -0.118767 -2.04477e-19)
(0.157579 0.1529 -3.55105e-19)
(0.218779 0.211749 1.32111e-19)
(0.962071 0.0466845 7.64151e-19)
(0.202017 0.192942 -1.44941e-19)
(0.0111453 0.0139457 2.81721e-20)
(0.162173 0.163455 -3.38181e-19)
(0.167742 -0.1666 -3.27385e-19)
(-0.0541442 0.0599048 0)
(0.0220851 0.0238166 7.30207e-20)
(-0.338972 0.237197 4.05787e-19)
(0.171228 0.169375 0)
(0.155702 -0.803261 0)
(-0.150822 -0.191044 0)
(-0.150436 0.828095 -3.41252e-20)
(0.238507 0.235025 2.68428e-21)
(-0.0512729 0.0547489 -6.92383e-20)
(-0.117887 0.134679 1.01061e-19)
(0.210889 0.205496 -1.39326e-19)
(0.141809 -0.137024 0)
(0.0156443 0.017606 3.34277e-20)
(-0.0370242 0.0412318 -2.75954e-22)
(-0.134433 -0.160038 -5.81752e-20)
(0.255854 0.178729 5.27576e-20)
(-0.543479 -0.689964 3.22238e-19)
(-0.0723045 0.079851 -1.14312e-19)
(0.00816415 0.0110747 0)
(0.235835 0.235382 0)
(0.158071 -0.156818 -8.57891e-20)
(-0.0250275 0.0276623 -1.22163e-19)
(2.33602 0.509903 2.31367e-19)
(1.37678 -0.561021 -6.92237e-20)
(0.217255 0.221048 2.50928e-19)
(0.0413303 0.0516484 2.87362e-20)
(-0.0967049 0.10355 1.10829e-19)
(0.0041628 0.00779914 -7.81362e-20)
(0.187785 -0.186345 3.04302e-19)
(0.0426377 -0.508966 4.42351e-21)
(-0.0430272 0.0476157 0)
(0.117676 -0.113495 -4.19136e-19)
(0.939903 -0.0643551 0)
(1.47705 -0.339658 0)
(0.518695 -0.448304 -4.56857e-19)
(-0.342138 1.23665 -4.90453e-20)
(0.163421 -0.156732 1.66586e-19)
(1.01343 0.034626 2.13379e-19)
(0.86823 -0.0656105 3.04936e-19)
(0.369803 -0.355007 6.35262e-19)
(2.06185 0.930311 5.36764e-20)
(0.243942 0.231538 1.01826e-19)
(0.884727 0.616478 0)
(0.578662 -0.503708 5.3358e-20)
(4.5672e-05 0.00375832 2.51145e-20)
(0.42504 0.163257 2.45531e-20)
(1.03284 -0.102065 9.60814e-20)
(1.05111 -0.223336 0)
(0.925029 -0.104167 7.77519e-19)
(-0.0485614 0.053852 0)
(0.409607 -0.465917 0)
(1.13301 -0.197488 2.31227e-19)
(1.19319 0.380227 2.28071e-19)
(1.09913 0.0124815 0)
(-0.347888 -0.589219 9.60798e-20)
(-1.11295 -0.89105 -1.66189e-20)
(1.0321 0.0158244 -3.08707e-19)
(-0.12342 -0.0431969 0)
(1.14348 -0.190899 0)
(1.20653 0.971361 0)
(0.132447 0.136971 4.73947e-19)
(-0.00340925 6.67754e-05 0)
(0.211322 0.201265 1.19929e-19)
(0.157454 -0.144667 0)
(-0.0161279 0.0185076 -1.22081e-19)
(-0.0053897 -0.00348971 0)
(0.837403 0.0357929 2.51867e-19)
(0.805388 -0.375242 -6.658e-19)
(-0.0194789 0.0219546 -1.02624e-22)
(-0.16507 -0.0767018 -6.88327e-20)
(0.235448 -0.227018 0)
(0.265204 0.252404 0)
(-0.554475 -0.112862 1.36477e-19)
(0.951166 0.0855183 3.04152e-21)
(1.05885 -0.331691 -2.55733e-19)
(-0.0224189 0.0249786 3.62092e-19)
(-0.147455 0.21238 2.0467e-19)
(1.07976 0.160186 2.7593e-19)
(0.04532 -0.557731 0)
(-0.00939569 -0.00695935 -1.34361e-23)
(-0.147444 -0.150647 -5.91278e-22)
(-0.0767947 0.0623869 0)
(2.18525 -0.148886 -7.97842e-21)
(1.04904 0.169716 0)
(0.991629 -0.051674 3.78156e-19)
(-0.69407 -0.797459 0)
(0.213304 -0.198167 -3.2089e-21)
(1.00883 -0.00519844 1.91003e-19)
(0.581841 0.233773 4.36177e-19)
(1.29657 -0.74099 3.74228e-19)
(0.335801 0.314095 2.00555e-22)
(1.72083 0.529665 0)
(0.91097 -0.539476 9.42837e-20)
(1.73269 -0.882769 -1.03922e-19)
(-0.0144129 0.0161753 2.37557e-19)
(1.27116 -0.357301 -1.58792e-20)
(2.47276 0.403858 1.20339e-19)
(-0.00995313 0.0108997 -7.01832e-20)
(1.03122 0.0431655 2.7252e-19)
(-0.134466 0.245933 -2.45724e-19)
(0.363251 0.338452 0)
(-0.0125831 -0.0103137 0)
(0.280097 0.265535 8.67546e-20)
(0.274931 -0.255772 -3.46765e-19)
(-0.0101325 0.0108761 2.50583e-19)
(1.02309 -0.726351 -1.16226e-19)
(0.887786 -0.332494 5.54657e-20)
(0.310045 -0.295935 0)
(-0.0126754 0.0109401 0)
(0.300696 0.285362 0)
(-0.0828771 0.110251 -1.44348e-19)
(0.253735 -0.251131 0)
(-0.0212558 -0.019414 -4.39412e-20)
(0.321932 0.303261 -5.93222e-20)
(-0.0185306 0.0126563 0)
(0.237445 -0.232755 0)
(-0.114382 -0.567597 0)
(-0.0322358 0.0207805 0)
(-0.047568 0.0334321 -7.26749e-20)
(-0.169863 -0.0630139 0)
(1.00246 -0.00119315 2.91728e-19)
(0.436651 -0.410245 1.46825e-19)
(-0.0927248 0.0662377 -1.25669e-19)
(-0.0332644 -0.0234295 8.34004e-20)
(0.404961 0.372786 -3.14662e-20)
(1.72032 0.393608 0)
(-0.188599 0.198151 0)
(-0.174795 -0.0539396 6.96492e-21)
(-0.137666 0.111208 0)
(0.338475 -0.316192 0)
(-0.053087 -0.0378135 0)
(0.458192 0.41731 0)
(-0.0853065 -0.0680942 5.74514e-20)
(0.541628 0.505168 5.52508e-20)
(-0.177317 0.167103 -5.5391e-19)
(0.501898 -0.46134 1.10022e-19)
(1.18769 0.150967 0)
(2.0848 -0.0678902 -7.03607e-20)
(-0.347705 -0.577316 -8.27886e-20)
(1.05541 0.0755562 -2.61941e-19)
(1.44094 -0.0557476 0)
(1.67595 0.383937 -1.51383e-20)
(1.30221 -0.473955 2.65178e-19)
(0.948172 0.0171247 0)
(0.0946388 0.0569345 4.85736e-19)
(-0.706455 -0.904727 -2.94356e-20)
(-0.0225569 -0.0186068 -1.53966e-22)
(-0.761188 -0.398247 0)
(1.0804 -0.150783 -2.84956e-19)
(0.407858 0.322221 4.65347e-19)
(2.53551 0.0403224 -1.11669e-19)
(1.58416 0.863549 -5.21242e-20)
(1.4877 -0.712191 4.76328e-20)
(0.0520979 0.0592789 -3.73e-20)
(2.06852 0.170447 2.00528e-20)
(1.79815 -0.699846 -1.1679e-19)
(1.06691 0.107698 -3.49517e-20)
(-0.313343 0.356868 1.74334e-19)
(1.09161 0.00292051 0)
(2.19776 -0.273879 -1.7532e-20)
(0.174256 0.16442 -4.37086e-21)
(1.24141 -0.217016 0)
(0.096948 -0.0800248 -6.78516e-19)
(-0.0322822 0.0355064 0)
(0.472533 -0.431657 0)
(2.07483 0.631097 -1.0783e-19)
(0.860481 -0.383315 0)
(2.17526 -0.183684 9.60594e-21)
(-0.0153666 -0.0142275 4.54966e-20)
(0.238054 -0.240903 1.08472e-19)
(1.01082 -0.0321848 0)
(0.0566212 -0.144849 0)
(-0.114655 -0.0694054 3.72444e-20)
(-0.110474 -0.0615287 2.32612e-19)
(1.04348 0.285874 -2.40315e-19)
(0.606224 0.0936296 -5.1495e-19)
(1.03591 0.0255135 -1.00772e-20)
(2.30569 -0.115104 0)
(-0.147034 -0.131964 5.8691e-20)
(0.0172789 0.0351878 0)
(0.646811 0.156683 3.76331e-19)
(0.98377 0.196122 -5.39601e-20)
(0.634369 -0.530961 -2.37811e-19)
(1.01246 0.158581 3.80957e-19)
(0.995771 0.0138449 0)
(1.81573 1.08318 -1.44472e-19)
(1.99896 -0.208843 0)
(0.590303 0.546868 0)
(0.512135 -0.563757 0)
(0.0365198 0.0996885 -1.9477e-20)
(0.376954 0.347501 2.63373e-19)
(-0.141671 0.32988 0)
(1.14729 0.0812922 1.65584e-19)
(0.999104 -0.202544 0)
(0.513082 0.0781161 1.83216e-19)
(0.334784 -0.0512259 2.44173e-19)
(-0.0865155 0.334124 3.36349e-19)
(0.190603 -0.305328 -4.0612e-20)
(0.974042 -0.00376059 2.53763e-21)
(1.42806 -0.569989 4.11622e-19)
(1.46516 -0.999686 2.50342e-20)
(0.175802 0.0884678 1.78382e-19)
(2.36204 0.380774 0)
(0.0649047 -0.769119 0)
(-0.177342 0.261997 0)
(1.33011 -0.104218 2.53716e-19)
(-0.570389 -0.0375293 -7.18498e-20)
(0.251267 -0.231469 -2.08412e-19)
(2.30448 -0.0956963 3.0673e-20)
(0.864837 0.573101 -7.4919e-20)
(0.857896 0.309508 5.9234e-21)
(0.976942 0.264053 7.27852e-20)
(1.72952 -0.20942 -5.74262e-20)
(-0.205966 -0.0599381 2.61392e-20)
(-0.25371 -0.0849986 0)
(0.915431 0.0259125 0)
(-0.166682 0.0640564 8.03144e-20)
(0.176191 0.174561 0)
(2.12922 0.472926 0)
(-0.392913 0.0866443 8.8492e-20)
(0.609905 0.534597 -2.44461e-19)
(0.428272 -0.322603 3.53403e-19)
(-0.189555 -0.101296 0)
(1.48635 0.983045 -2.05219e-20)
(1.05797 0.0157225 0)
(-0.473642 -0.11625 -2.71302e-19)
(-0.383747 0.202672 -1.65035e-19)
(1.22617 -0.370815 1.13084e-19)
(0.509822 0.484706 5.51828e-19)
(0.702892 -0.174823 2.59274e-19)
(-0.222033 0.343986 0)
(1.16429 0.0707672 1.74601e-19)
(1.06336 0.616943 -9.91863e-20)
(-0.175235 -0.101094 0)
(0.672079 -0.193011 0)
(1.39502 0.897948 5.93416e-20)
(-0.0289723 0.0320827 -2.41938e-19)
(0.872359 -0.161806 1.6026e-19)
(1.00826 -0.308949 0)
(1.78811 -0.0663191 -1.11735e-19)
(0.820824 0.49549 0)
(-0.0752253 0.225062 -1.41021e-19)
(1.36053 0.972211 -7.50779e-20)
(0.658059 0.18061 1.87059e-19)
(0.425125 0.97662 -1.07023e-19)
(0.0129671 0.389959 7.15794e-21)
(-0.231266 -0.115223 -2.75406e-20)
(1.03653 0.0881253 2.67792e-19)
(-0.0267313 -0.0785423 0)
(1.00227 0.221577 3.67537e-21)
(1.83385 0.417162 -2.27651e-20)
(1.433 -0.812461 2.95472e-19)
(1.22374 -0.280318 -1.77419e-19)
(1.61446 -0.313644 1.41331e-19)
(-0.201432 -0.113595 1.54338e-20)
(0.674926 0.604248 1.7154e-19)
(0.133121 -0.0768517 9.2925e-20)
(1.43526 0.660081 -1.48692e-20)
(0.277423 0.308367 -1.99638e-20)
(2.15664 -0.181945 6.14271e-20)
(0.94511 0.655635 1.39782e-19)
(-0.18037 -0.529812 1.69546e-19)
(0.845174 -0.324417 -3.02937e-20)
(1.00336 0.298279 -1.57962e-19)
(-0.255728 -0.211965 -4.37174e-20)
(-0.238782 0.318052 0)
(1.00138 0.0061422 6.10985e-19)
(0.553481 0.00413063 0)
(0.926891 0.615907 -1.45438e-19)
(0.741399 -0.504928 9.24847e-20)
(-0.150851 -0.0689054 -3.96946e-21)
(1.81816 -0.427905 0)
(1.11712 -0.340789 0)
(1.432 -0.250398 1.94743e-20)
(0.376734 -0.306282 3.74086e-20)
(1.04383 -0.28982 0)
(-0.126364 -0.091741 -6.09675e-20)
(0.925017 -0.0541725 -2.95875e-19)
(0.694168 -0.585299 1.79639e-20)
(-0.293685 0.018955 1.55537e-19)
(0.0517818 0.0693821 -4.91031e-20)
(-0.112567 -0.0868921 -6.01686e-20)
(0.0745298 -0.00722351 -2.16708e-19)
(-0.965467 -0.693401 1.54799e-20)
(0.795585 -0.249571 -1.7621e-19)
(0.305735 0.112322 -4.7732e-20)
(0.674828 0.00548178 0)
(0.814821 0.163386 3.48478e-19)
(1.15432 -0.341075 3.76215e-21)
(0.969055 -0.103209 -5.01847e-21)
(0.649261 0.584317 1.88769e-19)
(1.93435 0.153729 -8.01642e-21)
(1.56332 -0.537752 3.40484e-20)
(1.05062 -0.00994354 5.07644e-20)
(0.790099 -0.331448 1.84829e-19)
(0.46635 -0.128572 0)
(0.0469226 0.0549658 4.4868e-20)
(0.978782 0.12639 1.77626e-19)
(1.15933 0.748712 9.64677e-20)
(0.0438504 0.0489849 8.69985e-20)
(0.993732 -0.570533 4.03094e-19)
(0.110458 -0.0996347 0)
(1.93398 0.934755 0)
(0.269483 0.267188 3.70265e-19)
(1.67456 0.603911 0)
(-0.190253 0.20928 0)
(0.929031 -0.58581 -3.49953e-19)
(0.0412788 0.0442375 1.23781e-19)
(-0.130611 0.0286934 1.83802e-19)
(1.08235 -0.0135072 6.04667e-20)
(1.6972 1.12729 -2.50564e-23)
(0.948374 -0.0128173 -2.07678e-19)
(0.113145 -0.110426 1.11564e-19)
(1.07596 0.166823 -1.90301e-19)
(-0.17455 0.189724 3.28556e-19)
(1.08847 0.396942 0)
(0.268326 0.268638 -1.87761e-19)
(-0.339763 0.231486 1.53434e-19)
(2.0217 0.350054 0)
(-0.947569 -0.620181 -1.75455e-19)
(0.017158 0.0626157 1.61038e-19)
(-0.237721 0.00298107 0)
(-0.0846172 -0.0485542 -1.24489e-20)
(0.193483 -0.185713 0)
(0.947474 -0.681325 0)
(-0.146303 0.160795 2.31655e-19)
(0.518479 -0.490068 6.11983e-19)
(0.0396167 0.042481 -7.12119e-20)
(-0.165217 0.15427 -1.20967e-19)
(0.20782 -0.207667 -2.09711e-19)
(0.275554 0.27061 5.49567e-19)
(0.146392 -0.129663 -2.38551e-19)
(-0.58385 -0.316643 -5.57366e-20)
(-0.0128145 -0.0109547 0)
(-0.123413 -0.0771213 5.03342e-20)
(1.01886 -0.111596 -4.02422e-19)
(-0.132795 0.146506 1.11578e-19)
(1.54734 -0.509186 8.48244e-20)
(1.6245 0.13198 0)
(2.20777 0.240459 -2.09508e-20)
(0.946091 -0.0100802 0)
(0.0337267 0.0370443 0)
(0.248151 0.255621 0)
(0.976917 0.0997116 0)
(1.06399 -0.229873 0)
(1.00258 0.135097 -3.52382e-19)
(0.271258 0.272665 -1.78521e-19)
(-0.408423 0.0243977 -9.83213e-20)
(0.0361794 0.0398633 7.49569e-20)
(0.952417 -0.163013 2.03845e-19)
(0.731582 -0.316588 0)
(-0.161759 0.463137 -2.38771e-19)
(1.00653 -0.00111523 -2.48428e-19)
(-1.06429 -0.799633 4.95548e-19)
(0.0186596 0.022521 0)
(0.0380329 0.0433162 -3.71858e-20)
(0.319336 0.297784 -1.51612e-21)
(0.286326 0.274358 0)
(0.0231185 0.0262279 3.18444e-20)
(-0.32339 0.417513 2.32161e-19)
(1.2446 -0.468457 2.82474e-19)
(1.69766 -0.407464 -8.78511e-20)
(1.15289 -0.0321756 -3.60731e-19)
(1.04909 0.0560962 0)
(0.371411 0.362271 -2.51349e-19)
(-0.714886 -0.235258 1.3874e-19)
(0.352352 0.342343 -4.18817e-19)
(0.346516 0.337193 1.34218e-19)
(0.0950621 -0.211242 0)
(-0.102806 0.113689 6.48079e-20)
(-0.162309 0.174782 0)
(0.0138908 0.0179653 7.59688e-20)
(0.0333347 0.0416256 7.53907e-20)
(0.443148 -0.309294 7.51055e-19)
(-0.143732 0.644509 2.6448e-20)
(0.378985 0.378834 0)
(-0.113535 0.121561 2.76929e-19)
(0.201268 -0.201769 4.21424e-19)
(1.25195 0.153397 -5.68128e-21)
(0.372979 0.374567 0)
(1.0499 0.372175 -1.18652e-20)
(-0.240013 -0.973615 3.02245e-20)
(2.57483 0.0437796 5.07663e-20)
(0.00737635 0.0128466 0)
(1.26113 0.81017 0)
(-0.0726467 0.0796047 -3.62805e-19)
(0.298738 -0.299578 -3.52015e-19)
(0.241478 -0.214397 5.89099e-20)
(2.07281 0.222272 -4.84177e-20)
(1.13473 0.374058 -1.40436e-19)
(0.274633 -0.266413 -3.44481e-19)
(1.03426 -0.0196136 4.07069e-19)
(1.0185 0.0963544 0)
(1.64358 -0.425315 4.34427e-21)
(1.08334 0.0206859 1.45746e-19)
(1.57209 -0.357103 -1.77156e-20)
(1.33734 -0.479806 0)
(1.23916 0.196282 -1.23423e-19)
(2.08677 0.443224 -2.20306e-19)
(-0.0924425 0.103158 0)
(-0.191388 0.123456 4.34574e-19)
(1.88146 0.545692 0)
(1.00349 0.00207791 6.53103e-20)
(0.297623 -0.28646 -1.61553e-19)
(1.00415 0.00871375 6.72546e-19)
(0.402006 -0.346131 0)
(1.08281 -0.83182 0)
(0.000723267 0.00642091 2.61084e-20)
(0.156901 0.0542791 0)
(1.08595 -0.0212889 8.61897e-20)
(0.588728 0.484464 6.74618e-20)
(0.72258 -0.0188411 -5.49287e-19)
(-0.0825159 0.0904763 0)
(-0.189362 0.320207 1.67374e-19)
(-0.45016 0.0507464 0)
(1.9792 0.838742 0)
(-0.0509654 -0.0422243 0)
(-0.0548939 -0.0495189 2.55015e-20)
(1.81646 0.799168 -3.65993e-20)
(1.02858 0.0722065 0)
(-0.201262 0.239465 1.02502e-19)
(-0.0441605 0.0479596 0)
(0.0345812 -0.0874119 0)
(1.51959 -0.767777 9.79629e-20)
(0.428177 0.402495 2.06794e-19)
(-0.397936 -0.737202 -3.29431e-19)
(-0.00531399 0.00105867 -2.71936e-20)
(0.152086 -0.0289133 -2.81289e-20)
(1.08107 0.306643 0)
(0.381732 0.102908 1.83084e-19)
(-0.0691091 0.32491 0)
(0.897258 -0.0291734 4.0469e-19)
(0.26347 0.235297 -1.85448e-19)
(0.449887 0.425544 -1.01079e-19)
(0.776204 0.304595 2.10173e-19)
(-0.266877 0.384483 2.35512e-19)
(1.41455 0.802458 -5.35495e-20)
(0.175529 -0.162059 2.23911e-19)
(-0.0115384 -0.00533383 6.02573e-20)
(1.416 -0.439881 -2.3313e-19)
(-0.0632301 0.0698979 1.21656e-19)
(0.0139066 0.0150203 0)
(-0.106384 -0.0267783 -1.05487e-19)
(-0.0332437 0.0372787 1.23272e-19)
(0.999943 -0.163272 0)
(0.360118 -0.330534 1.8218e-19)
(0.293042 0.287853 1.63199e-19)
(0.283741 0.285053 -3.60707e-19)
(0.0985757 -0.108814 0)
(0.330942 -0.328877 -3.12151e-19)
(1.78862 0.499663 0)
(-0.30514 -0.755784 -7.11796e-20)
(-0.0148022 -0.0124708 2.96711e-20)
(0.896929 -0.00750996 0)
(0.651542 0.614127 -2.05444e-19)
(1.02222 -0.0132594 -3.00838e-19)
(1.0951 -0.0161765 -1.4625e-19)
(1.31754 -0.1516 -2.50011e-20)
(1.62841 -0.13375 -1.13996e-21)
(1.04943 0.0204808 -4.00513e-19)
(2.54251 -0.0971674 -2.14034e-20)
(-0.153713 -0.10681 4.17521e-20)
(-0.0383186 0.0428905 -2.44973e-19)
(-0.130677 0.0583505 -2.44161e-19)
(1.26165 -0.348395 1.24048e-19)
(-0.0285104 0.0326011 -4.04614e-23)
(1.10238 0.00522171 -1.80741e-19)
(0.389293 -0.377491 1.22254e-19)
(-0.0591638 -0.0252722 7.45718e-20)
(0.213798 -0.203392 0)
(-0.214871 0.298771 -7.08623e-22)
(1.7244 1.04947 0)
(0.862156 0.017598 -1.67683e-19)
(-0.125626 0.330512 -1.47933e-19)
(-0.117754 0.0568975 -9.35761e-20)
(0.501992 -0.390989 0)
(0.477493 0.449381 -2.68445e-19)
(-0.0491374 0.0546249 1.25482e-19)
(0.354279 0.243068 -2.68582e-19)
(0.597941 0.583486 -1.2831e-19)
(1.03588 -0.02708 0)
(1.35265 0.590235 5.5805e-20)
(1.67929 -0.364702 -1.1223e-19)
(0.152746 -0.582457 0)
(-0.0221231 -0.0176479 -2.58301e-20)
(-0.568997 0.627437 -2.86848e-20)
(0.130513 0.191264 3.20367e-19)
(1.74726 -0.405739 -2.48424e-20)
(0.434369 -0.398178 -2.55938e-19)
(-0.357467 -0.0123195 6.5376e-20)
(-0.0246852 0.0252747 -1.41739e-19)
(0.581845 0.500958 -3.77587e-19)
(0.631282 0.576044 -1.35182e-19)
(0.57919 0.535783 7.09246e-21)
(-0.0205906 0.0242238 6.69574e-20)
(0.0290592 0.0325307 -4.35332e-20)
(1.01091 0.0318651 2.00498e-19)
(0.244846 -0.236492 0)
(0.507274 0.476582 0)
(0.464368 -0.435233 2.22208e-19)
(-0.0221174 0.0205883 -2.50302e-19)
(0.0540577 0.075845 -2.29169e-20)
(1.78265 -0.321321 1.46952e-21)
(0.543953 0.504181 0)
(0.442971 -0.441184 0)
(-0.0272637 0.0216855 0)
(1.15518 0.0518713 9.68185e-20)
(0.703274 0.628098 0)
(-0.0450777 0.0272094 2.5149e-19)
(0.24916 0.267056 -7.00605e-19)
(-0.0723106 0.046399 7.14135e-20)
(0.674603 -0.17014 3.57183e-20)
(0.0260597 0.0279979 -4.3969e-20)
(1.32531 0.528109 -2.09764e-19)
(0.135911 -0.118927 -3.95703e-19)
(-0.124625 0.0746626 4.21055e-19)
(-0.247783 0.280907 -3.20107e-19)
(-0.0750442 -0.045127 -5.81941e-20)
(0.640523 -0.604934 0)
(-0.180375 0.126507 -2.46927e-19)
(0.799547 0.69333 0)
(-0.304274 0.343894 9.31856e-20)
(0.839206 -0.337339 3.53086e-20)
(0.76804 0.448418 -4.05293e-20)
(-0.230544 0.159338 1.26806e-19)
(0.78808 -0.653545 0)
(-0.111752 -0.0659709 5.80244e-20)
(0.932921 0.777658 -2.88856e-20)
(0.422841 0.415196 -2.75097e-19)
(0.31895 -0.18922 5.79196e-19)
(0.586976 0.524177 1.83004e-19)
(1.00908 0.00371813 0)
(0.521993 0.492728 0)
(1.94499 0.481482 0)
(1.02871 0.00444037 0)
(-0.165309 0.198151 -1.04518e-19)
(0.699994 -0.559913 5.3872e-19)
(-0.0486571 -0.0358218 -2.26413e-22)
(1.06595 -0.126326 4.56031e-20)
(0.369433 -0.337111 3.07065e-19)
(2.24048 -0.195053 0)
(1.34759 -0.354576 0)
(0.195984 -0.110895 -4.3165e-19)
(0.411381 -0.0596959 0)
(1.85416 0.31683 -2.16731e-21)
(0.525653 -0.12033 -2.66525e-20)
(0.75928 0.703323 2.55982e-19)
(1.23104 0.279147 1.15359e-19)
(-0.0568136 0.0613407 0)
(-0.131793 0.15584 1.08447e-19)
(-0.0337887 -0.0297616 0)
(0.18649 0.132272 4.92914e-19)
(0.629684 0.0469158 3.35606e-21)
(0.759475 0.406181 0)
(1.03295 0.0238175 1.87347e-19)
(1.30028 -0.252767 2.05436e-19)
(1.01743 0.000794868 -5.34617e-22)
(0.278652 -0.260204 2.17034e-19)
(0.333529 0.329874 0)
(-0.0704954 0.0207652 0)
(-0.146799 -0.0834516 1.70825e-20)
(1.58712 0.21084 1.51546e-19)
(0.515831 0.255179 -8.89914e-20)
(0.149467 0.139506 0)
(1.03507 -0.0110382 6.35295e-19)
(1.35155 -0.953679 -9.26823e-20)
(-0.161347 0.296431 4.03968e-19)
(-0.117003 0.00947103 -3.65775e-19)
(0.138479 -0.282085 2.25503e-20)
(-0.034126 -0.0312436 4.72363e-20)
(1.73581 -0.437679 0)
(0.31214 -0.265583 -3.82205e-19)
(1.06557 -0.024971 -7.29221e-20)
(1.01293 0.00141129 -2.71678e-19)
(1.25935 -0.345977 -5.24953e-20)
(1.70733 -0.465477 -9.80262e-22)
(1.02514 0.0254058 -2.16336e-19)
(2.3723 0.0983592 0)
(-0.0472389 -0.0349968 -4.2034e-20)
(0.56143 -0.704757 -2.79959e-19)
(0.0459436 0.0631861 2.86183e-20)
(0.368162 0.345635 -1.49964e-19)
(-0.0817189 0.095997 0)
(-0.0719233 0.0930839 0)
(1.62994 -0.777814 9.20845e-20)
(1.02467 0.108348 1.98562e-20)
(0.197124 -0.510962 4.48332e-20)
(0.0282331 0.0410805 -5.90986e-20)
(1.01688 0.0286826 -5.4825e-22)
(0.683501 -0.644352 -1.06378e-19)
(1.11844 -0.0541835 1.00122e-20)
(1.02351 -0.00124673 -1.01816e-19)
(-0.0254887 -0.0210654 0)
(1.00551 0.694157 4.27171e-19)
(0.747397 -0.172193 0)
(0.348011 -0.32254 0)
(-0.0303537 -0.0286999 4.9981e-20)
(1.02597 -0.0125434 3.521e-19)
(0.468151 -0.436794 0)
(0.850344 0.776704 5.54989e-21)
(-0.277798 0.0915248 -1.01194e-19)
(-0.0627871 0.074658 1.14782e-19)
(0.34862 0.250899 2.49993e-19)
(1.38861 -0.219246 -2.65835e-20)
(2.00597 -0.0795311 -3.30485e-19)
(1.59656 -0.278091 -1.11287e-19)
(1.00785 0.617057 1.45232e-19)
(1.06225 0.247152 2.19853e-19)
(0.0415402 0.0807194 -2.58494e-20)
(-0.491969 -0.322921 8.63774e-20)
(1.11876 -0.506797 0)
(0.570363 0.141897 1.55097e-19)
(1.19699 -0.439706 2.13756e-20)
(-0.313895 0.385349 0)
(0.88477 -0.167935 -1.02699e-19)
(1.02885 0.00324133 4.47354e-20)
(-0.31399 0.311893 0)
(1.04306 0.131806 -1.821e-20)
(0.624326 -0.164182 0)
(0.510121 -0.486347 -6.03486e-20)
(1.03912 0.223211 2.39268e-19)
(0.863682 0.495541 2.94429e-19)
(0.805884 0.456682 4.23069e-20)
(1.02346 -0.00218267 0)
(-0.63179 -0.189469 -9.45374e-20)
(1.48657 -0.947849 4.70648e-21)
(1.11889 0.86403 4.47206e-20)
(-0.12968 -0.114971 5.10625e-20)
(1.68987 -0.235719 2.45368e-20)
(-0.0438447 0.0451086 1.06572e-19)
(0.8503 0.306291 0)
(0.886654 0.538575 0)
(0.0484356 0.0540899 6.62972e-20)
(1.01627 -0.142166 0)
(-0.234793 0.425714 -4.78639e-21)
(-0.181958 0.860587 -1.51055e-19)
(-0.0815557 0.0399473 6.77003e-22)
(2.26497 0.866605 7.37735e-20)
(1.33985 -0.36606 -4.09907e-21)
(0.0370033 -0.0840937 0)
(1.03322 0.0125501 -5.19512e-19)
(0.814005 0.735962 1.89021e-19)
(0.22435 0.144881 -6.61598e-19)
(1.01765 -0.788533 -4.24187e-20)
(0.583123 0.129993 5.20285e-21)
(0.238996 -0.423347 -3.66486e-20)
(-0.233177 -0.148702 6.11312e-20)
(0.161753 -0.0507705 1.24812e-20)
(-0.335749 0.418615 0)
(0.650893 0.199288 0)
(0.96393 -0.04987 -3.84902e-19)
(1.12998 0.659895 0)
(0.817197 -0.296731 3.91832e-19)
(-0.312369 -0.211573 0)
(2.46222 0.290642 9.37497e-20)
(-0.00977431 -0.120364 -3.08228e-20)
(1.92401 0.779602 0)
(0.0495526 0.0512846 0)
(2.02483 -0.22845 3.88592e-20)
(-0.455965 0.186562 0)
(0.125099 -0.541944 -8.70731e-20)
(0.981531 0.657257 -1.42436e-19)
(2.01771 -0.345863 -1.41088e-21)
(0.159753 -0.116221 2.00014e-19)
(-0.227914 0.158628 1.4323e-19)
(1.8223 -0.436964 0)
(0.120294 -0.122464 -5.65867e-20)
(-0.0609542 0.0595719 0)
(1.06576 -0.152113 -1.71077e-19)
(-0.0271278 -0.144845 -8.37763e-20)
(-0.321659 -0.119665 1.15974e-19)
(0.657527 -0.132439 5.08595e-21)
(1.886 -0.246503 -4.68256e-20)
(0.476217 0.460109 0)
(0.670589 -0.245611 -1.19069e-19)
(-0.0810859 -0.698359 2.38232e-19)
(2.32567 0.136044 0)
(1.09659 0.625876 0)
(-0.110272 -0.0637125 -4.83772e-20)
(1.3803 -0.252317 -2.14863e-20)
(0.845781 -0.200955 -1.34346e-19)
(1.77267 0.00870544 5.45183e-19)
(1.83985 -0.636018 -9.94284e-20)
(1.2816 0.130278 -2.30167e-19)
(1.1269 0.699043 -2.12991e-19)
(1.8842 -0.420458 -3.87217e-20)
(0.0499826 0.0545238 -4.53466e-20)
(1.03329 0.0127289 3.68802e-19)
(1.68759 0.215703 1.15325e-20)
(1.57552 0.14592 -3.42077e-19)
(1.02386 0.0705352 1.01298e-20)
(-0.244421 0.375377 1.19661e-19)
(-0.646468 -0.147096 0)
(-0.33822 0.25721 0)
(0.761575 0.250103 0)
(1.77206 -0.2752 -3.41924e-19)
(0.0325573 0.0401622 -8.0057e-20)
(0.540921 0.461557 0)
(-0.0189525 -0.00377266 2.87643e-20)
(1.55783 -0.36581 -1.72004e-19)
(-0.084528 -0.0608807 -4.61084e-20)
(1.06995 0.727194 2.59006e-19)
(1.35174 0.205703 1.44892e-19)
(-0.213097 0.157514 5.16382e-20)
(0.951467 0.845756 -2.29103e-19)
(1.18869 -0.264411 1.06866e-19)
(0.954661 0.0305011 -3.45934e-19)
(1.06358 -0.0339054 -1.32205e-19)
(0.80817 0.338152 0)
(0.16247 -0.0358336 0)
(1.15615 -0.147753 8.20103e-20)
(1.34865 -0.280727 -2.52442e-19)
(-0.379143 0.222598 -1.13107e-20)
(1.08562 0.283762 2.52625e-19)
(1.38951 1.10897 0)
(0.952837 0.118352 -1.59266e-19)
(0.272947 -0.465134 -9.29797e-21)
(0.721723 -0.257249 5.00138e-19)
(0.74973 -0.23116 -1.65346e-19)
(1.94463 0.0450903 3.42147e-19)
(-0.239031 0.221197 7.0488e-20)
(-0.396742 -0.0766377 -5.57891e-20)
(0.536638 0.523698 5.08897e-19)
(-0.287095 0.321323 -2.96034e-19)
(1.61211 0.0480064 -5.10973e-20)
(0.698393 -0.0827981 2.20254e-20)
(-0.0934743 0.136374 -4.17024e-19)
(0.614852 0.461475 -3.79498e-19)
(0.931885 0.539049 0)
(-0.110505 0.12806 -1.31118e-19)
(-0.27352 0.303311 -2.48262e-19)
(-0.176606 0.303266 -2.30756e-19)
(-0.0861569 0.10028 -1.38139e-19)
(1.10659 0.0415297 -1.02089e-19)
(-0.243788 0.396233 -1.3482e-19)
(0.953001 0.574927 1.30516e-19)
(1.4943 0.869001 3.5955e-20)
(0.772613 0.715462 0)
(1.04623 0.688595 0)
(-0.055871 0.0305538 -1.94547e-19)
(-0.287915 0.207668 0)
(0.994568 0.58018 -1.31339e-19)
(-0.0648908 0.0850734 0)
(0.529132 -0.41024 -1.00977e-19)
(0.678616 0.0497807 7.68648e-19)
(-0.00106689 0.0137874 3.58649e-22)
(-0.119747 0.165139 0)
(0.597092 0.565771 0)
(-0.334759 0.231808 1.70434e-19)
(-0.272307 0.30192 1.01264e-19)
(1.80175 -0.317566 7.9375e-20)
(-0.0243286 0.0493674 9.56428e-20)
(0.551916 0.0173548 -6.43819e-19)
(2.08765 -0.445269 -8.18147e-21)
(1.6519 -0.219624 -1.86539e-20)
(-0.137025 0.16785 -1.16228e-19)
(0.317706 -0.296555 -4.54765e-19)
(-0.153445 0.181809 1.94621e-19)
(-0.319511 0.369463 0)
(0.82968 0.758188 2.54447e-20)
(0.735779 -0.13949 -2.61278e-20)
(-0.09054 -0.0715088 1.82768e-22)
(0.55256 -0.0680404 0)
(0.676153 0.636363 -2.97222e-20)
(0.430107 -0.415946 3.73555e-19)
(-0.286171 0.334615 1.20168e-21)
(0.435731 0.423136 -4.08532e-19)
(2.12787 0.741493 0)
(2.05692 -0.281342 2.52385e-20)
(-0.259976 0.304565 0)
(-0.309082 0.397589 -1.40624e-19)
(-0.177855 0.223249 8.63191e-20)
(0.460058 0.439809 3.2059e-19)
(0.862639 0.790391 -2.72779e-19)
(0.0136198 0.0330442 7.0266e-20)
(-0.15737 0.197203 -1.99522e-19)
(0.0519635 0.059702 -8.58691e-20)
(0.861556 0.362213 0)
(-0.292659 0.376986 -1.07033e-19)
(0.396858 -0.348148 3.72205e-19)
(-0.0660114 -0.0574458 -5.4803e-20)
(1.32009 0.249604 -2.00657e-19)
(-0.0674352 0.0794378 6.98529e-20)
(0.848243 0.782712 0)
(0.763608 0.714615 0)
(0.91966 0.827792 -2.25274e-19)
(0.959203 0.860615 7.17597e-20)
(1.35332 -0.77507 -2.84276e-19)
(-0.324366 0.38871 -2.2308e-21)
(0.9536 0.497512 0)
(-0.216061 0.245905 -6.2262e-20)
(1.60708 1.05814 -3.29314e-19)
(0.999289 -0.106903 1.77663e-20)
(1.44824 -0.450034 0)
(0.359482 -0.311192 3.61036e-21)
(1.84626 -0.321351 1.72219e-19)
(-0.345851 0.401461 -1.72446e-19)
(-0.232508 0.374802 0)
(-0.0856496 0.105651 -3.09574e-19)
(0.937544 0.836445 8.84246e-20)
(0.876075 0.492381 1.59047e-19)
(-0.075431 0.0938349 -3.86699e-19)
(0.50071 -0.486462 0)
(1.5096 -0.414454 0)
(-0.102854 0.119534 1.13625e-19)
(0.271254 -0.212 -6.62739e-19)
(0.047884 0.0575663 -5.36269e-20)
(-0.703395 -0.241886 -2.96789e-19)
(0.523909 -0.036951 3.60883e-19)
(-0.0955777 0.117718 1.2532e-19)
(1.01176 0.888917 0)
(-0.290382 0.459756 1.59818e-19)
(-0.0515624 0.0392277 -1.29996e-19)
(-0.0669272 0.0837961 5.91779e-20)
(0.336166 -0.259016 2.17123e-19)
(0.027812 -0.051151 -2.45062e-19)
(0.646155 -0.109326 3.5876e-19)
(-0.0512302 0.0613397 -6.54275e-20)
(-0.29655 0.267549 -1.88377e-19)
(0.803503 0.373348 0)
(1.82625 -0.190953 -4.69288e-20)
(-0.351054 0.411341 1.51799e-19)
(1.04695 0.87756 2.92395e-19)
(0.0117876 0.0514959 1.37287e-19)
(1.07022 0.94255 -6.72544e-22)
(1.94299 -0.344717 -7.06411e-21)
(-0.0960303 0.131306 1.91155e-19)
(1.12744 -0.263259 -3.01292e-21)
(-0.164029 -0.151718 4.79857e-20)
(-0.103565 0.142239 1.88374e-19)
(-0.0532131 0.0479933 2.30668e-19)
(-0.0763196 0.0387835 -2.29439e-19)
(-0.106413 -0.0619165 5.99332e-20)
(1.10798 -0.259169 1.24171e-19)
(1.1853 1.02134 6.72982e-21)
(1.93173 -0.248431 -7.99518e-21)
(-0.121307 0.147823 2.48063e-19)
(0.607587 -0.0681049 0)
(1.16452 -0.420327 0)
(-0.301654 0.34266 0)
(1.20224 0.900723 2.64942e-19)
(1.61309 -0.749853 -1.19789e-19)
(-0.00611383 0.102995 -1.43548e-19)
(-0.0126316 -0.0437751 2.17235e-19)
(-0.107672 0.131373 0)
(1.61534 -0.190676 2.3597e-19)
(0.500332 0.479967 -5.80675e-19)
(-0.228378 0.329633 -1.63323e-19)
(-0.128865 -0.0797774 -5.33583e-20)
(-0.283382 0.221589 2.23232e-19)
(1.90457 -0.290692 0)
(1.46036 1.0924 -5.22087e-21)
(-0.121986 -0.0661155 -2.67432e-20)
(0.455807 -0.00672489 0)
(0.59843 0.0196047 -3.70595e-19)
(1.14384 0.933538 0)
(-0.313483 0.164656 1.47592e-19)
(-0.109853 -0.0637604 5.11633e-20)
(1.02043 0.886035 -1.11921e-19)
(-0.110661 -0.0616588 2.55564e-20)
(0.451111 0.0411147 -2.21835e-19)
(1.09429 0.940003 0)
(0.440365 -0.414837 -9.06917e-20)
(0.945023 0.804244 1.5561e-19)
(0.443934 -0.363769 -3.39492e-19)
(1.16619 0.998015 0)
(0.323146 0.0868001 -6.20047e-20)
(-0.315637 0.1144 1.1266e-19)
(1.25232 1.03339 8.0155e-22)
(-0.297445 0.368793 -2.48513e-19)
(1.44539 1.07521 5.07605e-21)
(1.60908 -0.621393 8.21964e-20)
(-0.0849498 0.113524 2.50953e-19)
(0.632984 -0.0239467 -1.55707e-19)
(1.69378 -0.123903 0)
(1.25677 1.02684 4.93347e-20)
(1.92471 -0.161888 0)
(0.773192 -0.230785 7.65936e-20)
(-0.356746 0.179635 -2.70716e-19)
)
;

boundaryField
{
    frontback
    {
        type            empty;
    }
    Top
    {
        type            noSlip;
    }
    outlet
    {
        type            zeroGradient;
    }
    bottom
    {
        type            noSlip;
    }
    Inlet
    {
        type            fixedValue;
        value           uniform (1 0 0);
    }
    rectangle
    {
        type            noSlip;
    }
}


// ************************************************************************* //
