/*--------------------------------*- C++ -*----------------------------------*\
| =========                 |                                                 |
| \\      /  F ield         | OpenFOAM: The Open Source CFD Toolbox           |
|  \\    /   O peration     | Version:  2306                                  |
|   \\  /    A nd           | Website:  www.openfoam.com                      |
|    \\/     M anipulation  |                                                 |
\*---------------------------------------------------------------------------*/
FoamFile
{
    version     2.0;
    format      ascii;
    arch        "LSB;label=32;scalar=64";
    class       volVectorField;
    location    "20.4";
    object      U;
}
// * * * * * * * * * * * * * * * * * * * * * * * * * * * * * * * * * * * * * //

dimensions      [0 1 -1 0 0 0 0];

internalField   nonuniform List<vector> 
2186
(
(1.33266 -0.0775733 2.39632e-19)
(1.60957 -0.950737 -2.7966e-20)
(1.46003 -0.926531 6.4914e-21)
(0.750423 -0.593037 -1.55095e-19)
(-0.30426 0.420092 -1.70199e-19)
(1.47786 -0.394391 0)
(0.727864 -0.67291 0)
(-0.270755 -0.410168 8.64373e-20)
(1.39178 -0.310629 1.37742e-19)
(0.560402 -0.323763 -2.20201e-21)
(0.671987 0.605181 0)
(0.746957 -0.276788 -9.31413e-20)
(-0.327411 -0.468165 -3.52503e-20)
(1.20187 0.0241279 -3.88088e-19)
(1.79349 -0.705891 -3.82597e-20)
(1.01295 -0.00463286 1.81758e-19)
(0.982355 0.0128832 0)
(-0.450831 0.0490661 0)
(1.44425 -0.144696 0)
(-0.0778488 0.215561 -6.38519e-20)
(0.483821 0.078819 -1.1717e-19)
(-0.167319 0.157235 8.73679e-20)
(1.18898 0.0269717 3.19894e-19)
(-0.202919 0.00384179 5.88929e-21)
(1.03158 0.00550855 -2.51863e-19)
(0.801542 -0.56945 0)
(0.762872 -0.0396459 1.50146e-19)
(0.616981 -0.596594 -1.82437e-19)
(1.20779 0.706381 0)
(0.964826 0.0230935 -3.43515e-19)
(-0.0378791 0.0581148 0)
(1.02445 -0.0119301 1.19007e-20)
(-0.084938 0.146655 0)
(2.7173 0.122107 2.52159e-19)
(-0.123934 -0.17853 3.48836e-21)
(1.53673 0.768021 7.89192e-20)
(1.9815 0.131559 1.51129e-19)
(0.508897 0.127277 -3.49082e-19)
(1.88162 0.235714 -2.64536e-19)
(1.12285 -0.211749 8.16963e-21)
(-0.375874 -0.500782 0)
(-0.113435 0.122512 0)
(1.86287 -0.898317 6.27598e-20)
(-0.385211 0.141719 0)
(1.10889 0.275962 1.57546e-19)
(0.604072 -0.305251 2.91703e-19)
(0.924343 -0.789838 0)
(1.19652 -0.801337 1.26839e-19)
(2.29509 -0.0183894 0)
(-0.201858 0.435322 1.69879e-19)
(-0.0259642 0.107069 9.43625e-20)
(0.626804 0.577773 8.22238e-20)
(2.06159 -0.794684 6.23476e-20)
(0.589686 0.261555 -2.80768e-19)
(-0.257924 -0.0450851 3.35248e-20)
(0.773215 -0.660327 0)
(1.64507 -0.974127 1.74492e-20)
(0.58716 -0.547544 0)
(2.23793 0.23082 7.91067e-20)
(1.14867 -0.174835 -3.87635e-19)
(2.03874 -0.118214 1.62789e-19)
(1.34904 0.300193 -1.83514e-19)
(1.33683 0.526544 0)
(0.843064 -0.204138 -8.94785e-21)
(1.35458 0.383762 -1.11888e-19)
(1.2592 -0.744095 -1.81097e-19)
(1.16622 0.65582 5.42002e-20)
(0.676847 0.0607522 -5.7084e-19)
(0.819094 0.0462901 0)
(2.04637 -0.294396 -5.08775e-20)
(-0.274237 -0.467746 -1.00068e-19)
(2.21377 -0.0370495 -1.69357e-19)
(0.726898 -0.0497048 -2.51997e-19)
(0.885588 -0.528775 0)
(0.821051 0.171478 -9.28902e-20)
(0.55576 -0.51753 -3.11158e-19)
(2.54913 -0.0685849 0)
(1.00655 0.00925951 3.75223e-19)
(-0.115687 -0.251573 0)
(1.99646 0.351746 0)
(0.653967 0.1733 8.43367e-20)
(0.957207 -0.273212 -1.12076e-20)
(1.02584 0.00557653 4.18347e-20)
(1.31626 0.411364 2.82014e-20)
(0.969507 0.0218737 4.39063e-19)
(1.04185 0.0277648 -1.03969e-20)
(0.664282 0.164907 -3.39697e-19)
(1.38445 -0.245232 1.20902e-21)
(1.09652 -0.235636 0)
(-0.0638357 -0.0364124 6.82108e-20)
(0.872484 -0.634274 -1.75802e-19)
(-0.0776061 0.283127 -9.25291e-22)
(1.11777 -0.0793137 2.6124e-19)
(0.824553 -0.193332 0)
(0.973751 0.0228491 4.1841e-20)
(1.36354 0.639734 0)
(1.62609 -0.968024 0)
(1.2997 0.220134 0)
(-0.288794 0.468983 0)
(0.802989 -0.677178 3.09134e-19)
(-0.0752658 0.249427 -2.19338e-19)
(0.501688 0.0188701 1.44821e-19)
(1.55765 0.194576 0)
(1.15079 -0.104148 -2.38817e-19)
(1.11905 0.0235146 1.8573e-19)
(-0.0227265 0.339111 1.13429e-19)
(0.628984 0.49535 0)
(2.2289 -0.219888 -1.05548e-19)
(0.974611 -0.488262 8.67851e-20)
(-1.18541 0.539743 2.71282e-19)
(1.73971 0.283351 1.12251e-19)
(-0.15912 0.475993 -2.52368e-19)
(0.82139 -0.747406 0)
(0.558324 0.335918 1.69812e-19)
(1.61207 -0.301501 -3.90634e-19)
(-0.400792 -0.285468 -3.48999e-19)
(1.29621 0.311973 1.11178e-20)
(1.78887 -0.0517637 0)
(-0.0851593 -0.0422991 -2.0446e-19)
(0.711076 -0.0834155 7.98508e-20)
(1.55794 0.874566 0)
(-0.125987 0.387275 -2.42688e-19)
(0.878757 0.753916 -2.76949e-19)
(-0.573092 -0.159114 3.31214e-19)
(1.02982 -0.0248214 0)
(1.57255 0.385231 -1.40099e-20)
(-0.243282 0.467363 0)
(0.708751 -0.507431 -1.11859e-19)
(-0.531646 -0.0606934 -1.82536e-19)
(0.79533 -0.72613 0)
(0.44385 -0.292768 4.22999e-19)
(0.550957 -0.468161 2.89298e-19)
(0.412016 -0.373124 0)
(0.992864 -0.792189 -1.42925e-19)
(0.417078 0.172877 0)
(-0.0611295 0.474716 -1.33174e-19)
(0.821478 -0.708004 1.49526e-19)
(2.45435 -0.31377 2.33631e-19)
(2.2416 0.168576 0)
(-0.0803143 -0.157319 0)
(0.681437 0.632928 -3.45147e-19)
(1.78527 -0.649441 -1.2799e-20)
(-0.163875 -0.218932 0)
(0.995039 -0.817773 -1.53163e-20)
(1.1566 -0.101449 0)
(1.09087 -0.129746 4.14334e-19)
(2.16141 -0.225397 -8.79953e-20)
(-0.328273 0.416558 0)
(1.23335 -0.565113 -6.1338e-20)
(-0.254401 0.26199 -4.18338e-20)
(-0.162419 0.368186 0)
(1.10408 -0.825278 1.18612e-20)
(1.00538 0.00578877 -6.26779e-19)
(0.661329 -0.492205 -1.09448e-20)
(0.828028 -0.527425 0)
(1.21039 -0.742112 -1.06169e-19)
(0.651965 0.22637 2.63164e-19)
(1.21869 0.119571 0)
(1.48475 0.0824386 -2.54714e-19)
(1.20654 -0.867126 -2.42545e-19)
(-0.0710578 -0.138903 -7.76815e-20)
(-0.185465 -0.445796 -1.50533e-19)
(1.06833 0.00578512 2.33959e-19)
(0.92882 -0.475099 -1.09134e-19)
(1.48589 -0.255003 -1.1193e-21)
(1.3509 -0.191889 -2.24007e-20)
(0.658305 -0.0959313 8.1849e-20)
(-0.200102 -0.0685245 -1.80041e-19)
(1.79475 -0.42277 0)
(2.00125 -0.451366 7.28139e-20)
(1.44289 0.645141 1.3991e-19)
(0.82069 -0.626353 -2.25494e-19)
(0.994648 0.00805537 1.28437e-20)
(0.732002 -0.543701 3.07533e-19)
(1.29787 0.792687 1.27828e-19)
(1.81038 0.0919032 1.42137e-20)
(-0.363333 0.34218 0)
(1.08238 0.0513738 -2.42063e-19)
(-0.579525 -0.537671 -2.34435e-19)
(1.06619 0.482987 8.05711e-20)
(0.00591244 -0.102666 1.08833e-19)
(1.15778 0.0275323 -4.45575e-20)
(-0.16078 0.136741 -1.5417e-19)
(1.29233 0.577639 -7.82028e-20)
(1.12981 0.878398 0)
(-0.400052 0.316825 -8.88926e-20)
(-0.138235 -0.0599016 0)
(0.646046 0.553312 -2.79324e-19)
(2.00118 0.187223 -1.84139e-20)
(-0.399154 -0.453853 1.20071e-19)
(-0.648724 -0.0457046 -5.52631e-19)
(0.724142 0.0636309 2.50765e-19)
(1.96551 0.150404 -3.90979e-20)
(0.990875 -0.356834 -3.17796e-20)
(-0.021695 -0.0363467 0)
(-0.841729 0.442361 4.21215e-19)
(1.32462 0.965658 -2.01012e-20)
(0.838203 0.0648723 -1.37519e-19)
(0.551213 0.516668 1.94424e-19)
(0.478401 0.191769 0)
(-0.158555 -0.484974 -1.71077e-19)
(-0.772231 0.645301 2.86378e-19)
(1.30078 -0.965858 6.15549e-22)
(0.989321 -0.0378934 -1.95473e-19)
(-0.187997 -0.131833 7.24841e-21)
(-0.123359 0.161144 1.41994e-19)
(-0.283886 -0.139753 -1.32521e-19)
(1.87359 -0.174525 0)
(1.13324 0.043321 -3.24911e-19)
(2.20975 0.147072 2.0179e-19)
(1.2851 -0.632925 1.15984e-19)
(0.601907 -0.0951589 -2.44586e-21)
(0.586949 0.316637 0)
(0.934437 0.740874 -1.63914e-20)
(0.679019 0.623829 1.85192e-19)
(0.908963 -0.575305 1.5869e-19)
(0.675747 0.490314 0)
(1.02133 0.000397216 8.38514e-21)
(0.894125 -0.675691 2.26312e-19)
(0.828742 0.413809 -4.59701e-19)
(1.242 -0.113458 0)
(-0.144974 -0.135456 -2.36899e-19)
(0.00424489 0.230061 -9.38014e-20)
(1.58539 0.715354 0)
(1.35644 -0.950428 -5.26811e-22)
(-0.398828 0.107001 0)
(-0.279814 0.445744 1.07409e-19)
(0.727292 0.643543 -9.8436e-20)
(0.857919 -0.229618 0)
(-0.203851 -0.167403 0)
(1.54517 -0.47944 0)
(-1.1254 0.152823 4.92095e-19)
(1.22114 -0.89529 1.58574e-19)
(1.18704 -0.616096 6.81146e-20)
(1.06339 -0.180936 -1.78509e-19)
(0.890931 -0.70585 -1.79336e-19)
(0.187032 -0.19128 0)
(-0.812258 -0.373773 0)
(1.01343 -0.523197 1.8926e-19)
(-0.127537 -0.227385 0)
(-0.198979 0.445278 0)
(-0.400082 -0.258353 2.98727e-19)
(0.782649 0.660687 8.54025e-20)
(1.00356 0.784816 0)
(0.686759 0.542485 -8.5256e-20)
(0.832788 -0.0536051 -2.27964e-19)
(0.735847 0.551739 -2.28124e-19)
(0.585698 0.544126 -1.67426e-19)
(-0.238939 -0.481643 2.01083e-21)
(0.726345 -0.652452 0)
(0.895761 0.167754 -3.26109e-19)
(-0.329733 -0.52769 4.58939e-20)
(0.599067 0.554857 3.77299e-19)
(0.947605 0.788059 0)
(-1.20489 0.260693 3.54155e-19)
(-0.0961698 -0.416608 2.32474e-19)
(-0.00861018 -0.337831 -1.19275e-19)
(0.655016 0.559646 -1.48087e-20)
(0.969147 -0.00825207 6.06428e-20)
(-0.389843 -0.481972 0)
(2.44881 -0.102624 -2.85575e-19)
(1.88439 -0.419832 -2.98022e-19)
(0.658898 -0.610552 -8.00719e-20)
(-0.495094 -0.105294 1.02687e-20)
(1.18671 0.45401 1.81688e-19)
(0.878153 0.403928 0)
(1.0542 -0.174143 2.03484e-19)
(0.0758819 -0.47713 -7.36301e-21)
(-0.0805503 0.091373 3.57545e-19)
(0.924703 0.019209 -5.44585e-20)
(1.11745 0.143236 0)
(2.01433 -0.0773194 -2.23564e-19)
(1.85977 0.104296 0)
(0.540292 0.242294 -4.61229e-19)
(-0.132515 0.189802 0)
(-0.25164 -0.427791 1.96022e-19)
(0.693984 0.109866 0)
(0.631295 -0.526395 -1.88454e-19)
(1.13668 0.0161104 2.15867e-19)
(-0.321218 0.411825 3.92395e-20)
(2.12901 -0.0716591 4.79868e-21)
(2.10286 -0.318283 -9.6434e-20)
(1.11108 0.226708 -2.20652e-19)
(-0.345666 -0.528578 -9.08483e-20)
(1.08488 -0.861796 0)
(0.811918 0.0175282 -1.57034e-19)
(0.937354 -0.387488 -3.01628e-19)
(1.7371 -0.597709 -3.5272e-22)
(1.78106 0.0217138 1.7226e-19)
(1.08235 -0.00605269 3.89321e-19)
(0.0544873 -0.446299 -1.21313e-19)
(1.00647 -0.449107 -1.34002e-19)
(0.197278 -0.189938 2.65281e-19)
(1.00826 -0.00825137 0)
(1.00516 -0.00612011 0)
(0.857652 -0.243783 1.50297e-19)
(-0.00682422 0.455718 -9.07382e-20)
(0.161637 -0.12191 -1.01931e-19)
(2.06284 0.00782423 -1.57902e-21)
(1.06512 0.0307803 0)
(1.76105 0.153053 -1.22863e-19)
(0.947335 -0.826363 -9.61958e-20)
(1.78994 -0.586999 -4.70944e-20)
(1.09617 0.827455 0)
(0.478019 -0.46046 0)
(0.596587 0.508027 -1.77417e-19)
(1.09099 0.276186 -4.05366e-19)
(2.30575 -0.309592 2.90107e-22)
(0.855697 0.151324 1.40178e-19)
(-0.0426804 -0.442354 -3.64661e-19)
(1.22382 -0.486878 5.00886e-21)
(-0.272713 -0.399294 0)
(-0.0918657 -0.170716 0)
(-0.456838 -0.402745 0)
(1.34879 -0.73749 -1.08536e-19)
(-0.161724 0.37173 -2.05153e-19)
(-0.062951 0.130329 0)
(1.28359 0.967471 -3.3948e-20)
(1.11045 0.148093 -4.24221e-19)
(2.17484 0.554956 -5.10115e-20)
(1.07346 0.915536 8.34348e-20)
(-0.137715 0.461772 1.29338e-19)
(0.872746 -0.177075 0)
(-0.460243 -0.350021 -2.55125e-19)
(-0.205115 0.473406 2.44987e-19)
(0.774948 0.021383 1.86107e-19)
(1.52934 0.936548 -3.46267e-21)
(1.85778 0.614882 7.05951e-21)
(-0.0991503 0.261492 -1.76675e-21)
(0.751525 -0.686629 -4.00475e-20)
(1.11249 -0.018976 0)
(1.68506 -0.0773056 0)
(1.04256 0.0569629 0)
(-1.32111 0.486774 -2.61548e-19)
(-0.427511 -0.415649 9.16471e-20)
(1.03697 0.834171 0)
(0.999202 -0.00596434 5.24896e-19)
(0.757619 0.593604 -2.28443e-19)
(-1.55074 0.558901 -2.49654e-19)
(0.860276 0.00887191 -4.18884e-20)
(0.722475 -0.659506 -2.32844e-19)
(1.38083 0.699873 -3.20575e-20)
(0.572683 -0.463577 -2.99467e-19)
(1.13246 -0.00121294 -4.7e-19)
(0.811445 0.0454647 4.67156e-20)
(1.55329 -0.186477 8.29889e-20)
(1.57487 -0.154319 -6.57482e-20)
(-0.0437592 -0.0649379 4.17349e-23)
(1.07364 0.460141 -2.68525e-19)
(1.34403 0.611576 7.4019e-20)
(-0.0748702 -0.373083 0)
(-0.0754973 -0.398476 1.35379e-19)
(-0.209882 -0.177243 9.99532e-20)
(-0.188361 -0.0756186 -9.45741e-20)
(0.469614 0.301964 0)
(1.25375 -0.465611 0)
(-0.00749891 0.00926195 -1.30519e-19)
(-0.286892 -0.559272 -5.17446e-20)
(1.04821 -0.029175 1.86281e-19)
(-0.339061 0.358259 -4.14728e-20)
(1.22393 0.311281 -4.04712e-19)
(-0.0166596 0.4546 0)
(0.841026 -0.746505 -3.25796e-19)
(1.23799 -0.165941 7.96244e-20)
(-0.342579 -0.496722 1.38508e-19)
(0.71585 0.149937 3.30978e-19)
(0.620621 0.125824 1.06979e-19)
(0.507103 -0.480771 2.09737e-19)
(-0.18478 -0.274006 -1.04889e-19)
(1.47635 0.559964 0)
(0.386385 0.333685 -1.9507e-19)
(1.02736 -0.0149656 -2.9664e-19)
(-0.687692 -0.0991022 2.16614e-19)
(1.41368 0.474044 -1.19702e-19)
(-0.151423 -0.290422 -3.90494e-20)
(0.68573 -0.627023 -7.42529e-20)
(0.809334 0.176682 -2.07721e-19)
(0.970236 0.416855 2.29387e-20)
(1.15824 -0.144038 3.65617e-20)
(0.612961 -0.242472 -3.06165e-19)
(2.022 -0.403503 -9.29937e-20)
(1.86316 -0.0814985 0)
(1.6761 0.43777 -3.26122e-20)
(2.05027 0.0617498 -1.46201e-20)
(0.784533 -0.319337 1.0732e-19)
(1.00212 0.340734 -1.78765e-19)
(1.0347 -0.319611 1.41759e-20)
(0.413431 0.380764 -2.52761e-19)
(-0.172397 0.0484972 2.02312e-19)
(1.87477 -0.278326 0)
(0.932141 0.0039451 0)
(0.878789 -0.778408 6.51187e-20)
(-0.0957754 -0.484289 -2.54272e-19)
(-0.826399 -0.264088 -1.97111e-19)
(-0.0641075 -0.103378 -1.66661e-19)
(-0.248146 0.344538 -1.50059e-19)
(-0.315797 -0.411415 0)
(-0.0740153 -0.12676 2.90983e-20)
(0.129175 0.352905 -8.69382e-20)
(-0.139925 0.181594 -3.24042e-19)
(0.807536 -0.122101 0)
(1.68103 -0.517669 1.25536e-19)
(-0.203041 -0.212099 0)
(0.99574 0.0233359 3.77852e-19)
(-0.154607 -0.457119 1.73679e-20)
(0.548267 -0.43523 4.0143e-19)
(-0.724693 -0.551923 3.8794e-19)
(-1.3401 0.193658 0)
(0.198359 0.392339 9.7642e-20)
(1.00674 0.0228114 -1.13832e-20)
(-0.172063 -0.138149 0)
(1.0049 -0.00967548 -5.86513e-20)
(0.870868 -0.736133 -3.07128e-19)
(1.3319 -0.242586 0)
(0.941766 -0.280102 2.15705e-19)
(0.0887326 0.351776 2.025e-19)
(-0.0131339 -0.00880908 0)
(-0.206169 -0.43591 -4.95743e-21)
(0.735632 -0.642979 -4.42973e-19)
(0.958404 -0.0287803 -2.7709e-19)
(-0.100837 -0.519473 3.21037e-19)
(-0.202333 -0.407158 1.19424e-19)
(-0.303122 -0.411731 0)
(0.951613 0.466485 0)
(-0.340612 -0.564023 1.72797e-19)
(1.84869 -0.104505 -2.35692e-19)
(1.06692 0.888286 1.86672e-20)
(1.06624 0.211075 -1.24946e-19)
(1.14936 0.00747344 -2.33572e-19)
(1.0621 -0.0739922 -8.5199e-20)
(-0.0951157 -0.535489 -2.98207e-19)
(1.94725 0.113403 3.97737e-19)
(0.671277 0.0310542 2.09615e-19)
(2.13148 -0.120193 1.50628e-19)
(1.06037 -0.156284 0)
(-0.00579023 0.485792 5.56555e-19)
(1.1386 0.0257361 -5.11983e-19)
(1.74373 0.61134 9.61255e-21)
(0.750388 -0.465917 -1.66074e-19)
(-0.0698486 -0.0369159 1.52871e-19)
(0.805433 -0.707686 4.01932e-19)
(1.23772 0.195006 7.46172e-20)
(1.00713 -0.00788692 2.59695e-19)
(0.0209001 -0.46579 -1.34556e-19)
(1.02328 0.0151211 0)
(1.76925 0.149118 -2.39253e-19)
(-0.0278264 -0.0168669 0)
(1.01539 0.0119384 -1.53854e-19)
(-1.38634 0.359103 -5.74833e-19)
(1.67087 0.293492 3.52939e-20)
(-0.340893 -0.196295 1.31907e-19)
(1.59565 -0.00387061 -3.84443e-21)
(1.01261 -0.0187464 5.37513e-20)
(1.34579 -0.0927132 0)
(1.45497 -0.624302 -1.69342e-19)
(1.02163 0.0309838 -1.5847e-19)
(1.4375 0.781685 -5.69554e-20)
(1.40937 -0.0596995 0)
(0.784918 0.0790299 -1.59528e-20)
(-0.0112633 0.0105225 0)
(1.36563 0.0458983 0)
(-0.412467 -0.456429 0)
(1.23483 0.435792 0)
(1.85308 0.260758 4.42805e-20)
(0.731749 0.606008 4.00426e-19)
(0.293064 -0.294679 -2.48272e-19)
(-0.261141 -0.539175 -2.8865e-19)
(-0.0246544 -0.0381743 0)
(2.1018 -0.32599 1.2263e-19)
(1.37354 0.511267 0)
(1.44733 0.293072 0)
(-0.493832 -0.33061 1.12826e-19)
(0.801661 0.706984 1.28733e-19)
(1.70868 -0.0381709 0)
(-0.323219 -0.413671 6.74604e-20)
(0.905137 0.214645 1.9135e-19)
(2.11788 -0.334698 -6.07106e-20)
(1.23423 0.918985 4.53044e-20)
(0.923327 -0.83197 -4.3553e-20)
(1.63175 -0.135455 -1.81459e-20)
(0.788702 0.711827 1.32197e-19)
(1.17254 0.91887 0)
(2.49866 -0.151141 1.88029e-19)
(0.9483 0.589821 0)
(1.53089 -0.576116 4.54938e-20)
(1.04634 0.0922238 1.8946e-19)
(1.00616 -0.00567168 0)
(0.215971 0.52176 5.04106e-19)
(0.893833 -0.180737 4.9401e-20)
(0.639003 -0.420142 0)
(0.677169 -0.392344 2.17172e-19)
(1.23464 0.550824 -3.36515e-20)
(0.471328 0.444101 2.77614e-19)
(-0.166153 0.243468 3.83844e-20)
(0.0996997 -0.0874544 9.2999e-20)
(0.755219 0.0663631 0)
(1.32958 -0.91102 -1.03683e-19)
(1.03111 -0.0422867 4.13286e-19)
(1.52294 0.325584 1.416e-19)
(-0.351445 -0.431244 5.83187e-20)
(-0.784663 -0.612068 0)
(1.23491 -0.248066 -1.21154e-19)
(-0.010671 -0.0099658 -1.33512e-19)
(0.210515 -0.155538 -6.41292e-20)
(-0.137239 0.0551527 -8.86512e-22)
(-0.206922 0.102021 2.97018e-19)
(1.44404 -0.372782 -1.20475e-20)
(2.46575 -0.114438 3.82345e-19)
(1.18865 0.453842 -2.92989e-19)
(0.853881 -0.0529449 0)
(1.85499 -0.12618 2.04355e-19)
(1.92209 0.0969991 9.88459e-20)
(0.920509 -0.774317 1.52135e-19)
(1.15633 -0.978013 -5.63105e-20)
(0.475828 0.441286 1.86221e-19)
(1.38048 0.342267 0)
(1.75803 0.562283 2.8279e-20)
(-0.0172501 -0.0223615 -2.72523e-19)
(0.877811 0.764667 0)
(1.36813 0.462181 0)
(0.294186 -0.294133 -3.61806e-21)
(0.320227 0.295151 0)
(-0.819731 -0.509038 -3.77517e-19)
(-0.225007 0.371737 -1.12589e-19)
(1.71451 -0.448729 0)
(1.23596 0.105168 1.84535e-19)
(-0.542101 -0.229443 1.63673e-19)
(0.538709 -0.511513 -4.83513e-19)
(2.07964 -0.101295 -4.84183e-20)
(0.61683 -0.560498 0)
(1.0298 0.124395 0)
(1.31939 -0.261257 0)
(1.116 0.225243 -2.35942e-19)
(1.34496 0.10709 3.34776e-19)
(-1.08958 0.0060175 0)
(0.894095 -0.0633609 0)
(2.10705 -0.114488 -7.75637e-21)
(-0.0726201 0.133585 9.8654e-20)
(2.49626 0.0442599 -2.63153e-19)
(1.04 -0.511362 1.3488e-19)
(1.99559 0.0572244 -2.92003e-19)
(-0.750354 -0.26844 -1.38576e-19)
(1.92055 0.106215 -1.73958e-19)
(1.01697 -0.0241052 4.26934e-19)
(1.51694 0.594274 0)
(-0.230558 0.451147 3.03464e-20)
(1.01162 -0.837328 1.92259e-19)
(0.85902 -0.024971 4.89623e-20)
(0.643044 -0.443077 0)
(1.90474 -0.566004 3.76749e-22)
(1.21632 -0.195485 1.60523e-19)
(1.79474 -0.49619 0)
(0.611683 -0.568122 4.7771e-19)
(0.734942 0.110926 -2.04541e-20)
(2.32504 0.0584299 4.10135e-19)
(-0.0918245 0.206481 -2.03143e-19)
(1.3309 0.613247 1.50038e-19)
(1.14416 0.399042 3.69091e-21)
(0.90051 0.366606 2.26117e-19)
(1.97279 -0.0525133 -2.73484e-19)
(-0.118406 -0.537716 -4.8027e-21)
(0.723433 -0.270227 0)
(-0.156717 -0.0947641 2.51885e-19)
(1.08775 -0.949044 0)
(1.07266 -0.663145 2.33456e-20)
(1.21602 -0.258238 -6.94886e-19)
(1.36703 0.0380888 -2.85404e-20)
(-0.554242 -0.351879 -3.22313e-19)
(0.98379 0.476564 1.75819e-19)
(-0.22475 0.749427 2.89207e-19)
(0.691641 -0.0382982 0)
(2.02545 -0.031156 0)
(1.70365 0.159793 2.4096e-20)
(0.782702 -0.0137262 0)
(1.37721 -0.213844 -1.65176e-19)
(-1.00185 -0.43743 4.54018e-19)
(1.92024 0.488888 9.90741e-21)
(1.04133 -0.0336754 0)
(0.559344 -0.361038 1.07696e-19)
(1.00955 0.0271054 2.02689e-19)
(0.226992 0.522701 -2.54956e-19)
(-0.252115 0.176631 0)
(1.12036 -0.488914 5.21925e-19)
(1.8563 -0.135441 -5.28106e-22)
(1.10878 -0.506098 -2.27043e-19)
(2.28585 0.241323 1.47981e-19)
(1.28441 0.785067 0)
(0.864242 0.0180058 0)
(-0.406514 -0.420629 -1.48271e-19)
(-0.00878563 0.0082677 1.46853e-19)
(0.944089 0.361087 -2.08968e-19)
(0.183794 -0.394428 -1.19393e-19)
(0.640422 0.399662 2.43167e-19)
(0.991019 0.0950307 0)
(0.541298 -0.503415 0)
(0.633468 -0.282513 5.4205e-21)
(1.23938 -0.518156 -1.07717e-19)
(0.581208 -0.0333161 9.02691e-21)
(0.736955 -0.163674 1.20668e-19)
(-0.0614775 0.0793295 -2.61777e-19)
(1.01704 0.0576412 1.87754e-19)
(0.657079 0.612147 0)
(1.26831 0.689557 0)
(1.60843 0.259565 0)
(-0.399687 -0.381805 -1.36022e-19)
(1.28005 0.559495 2.02966e-19)
(2.10423 0.0460053 4.72165e-20)
(0.926262 -0.00963669 0)
(1.97961 -0.504753 0)
(2.12447 -0.0749052 -3.02042e-19)
(0.561624 0.555875 2.95531e-19)
(1.00547 0.00494322 -2.02497e-19)
(1.48194 0.465102 0)
(-0.193098 0.299077 0)
(1.24266 0.314117 2.90048e-19)
(1.01969 0.521628 -1.30603e-19)
(1.07019 0.022976 0)
(1.72835 0.111952 0)
(2.00262 0.65636 -2.93894e-19)
(-0.081766 0.348606 -8.25091e-22)
(0.997394 0.0131054 0)
(0.700685 0.464411 -3.34633e-20)
(0.939254 -0.829279 0)
(1.00269 0.0169372 4.71137e-20)
(0.478597 -0.444023 9.83092e-22)
(0.910449 -0.330878 3.18293e-19)
(0.728057 -0.500099 -5.96086e-20)
(2.24547 -0.179202 2.83212e-19)
(1.43313 0.137393 1.01726e-19)
(0.792991 -0.0280443 0)
(1.01677 0.00922389 0)
(-0.577945 -0.591633 0)
(0.662663 0.634111 -1.89309e-19)
(-0.0380267 0.0471195 1.76543e-19)
(1.16511 0.342309 -4.65149e-19)
(-0.417363 0.272533 0)
(0.819979 0.633354 1.68429e-19)
(1.01475 -0.341519 0)
(1.0049 -0.0020592 1.18444e-19)
(0.568018 0.00161008 7.85092e-20)
(1.02901 0.398708 2.58346e-19)
(1.22111 0.153881 0)
(2.10307 0.150603 -6.97584e-20)
(0.830004 -0.119368 -3.71803e-19)
(-0.973306 -0.534349 -5.53005e-19)
(1.19284 0.289132 0)
(0.873536 0.234745 1.76598e-19)
(2.02176 -0.250487 0)
(0.767611 0.512817 3.63508e-19)
(-1.08355 -0.463724 2.10319e-19)
(-0.0440963 0.0794366 0)
(0.58721 0.558247 -7.08505e-20)
(1.03582 -0.650632 -1.63318e-19)
(0.484488 -0.259021 -1.23744e-19)
(1.01964 -0.0177397 0)
(-0.279811 -0.0295644 -1.67705e-19)
(0.6452 -0.576105 8.42436e-20)
(0.902755 0.282767 0)
(1.69534 -0.419778 1.56312e-19)
(0.976617 0.830536 2.43997e-20)
(0.91732 -0.538495 -3.47286e-21)
(0.19502 -0.253471 -1.79876e-19)
(0.234192 -0.0528508 -5.56754e-19)
(-0.109649 -0.222627 7.20812e-21)
(0.810064 0.349872 2.47906e-19)
(-0.177005 0.402728 -5.07032e-21)
(1.42047 -0.661687 3.43057e-21)
(1.02297 0.00762724 -3.52708e-19)
(-0.461688 -0.394764 0)
(1.03242 0.0318943 -4.13147e-19)
(2.27247 0.141863 2.27378e-19)
(0.878103 0.680269 2.82611e-19)
(1.13471 -0.0729063 1.65924e-19)
(1.00445 -0.0319597 1.63211e-19)
(1.37762 0.053509 2.57719e-20)
(-0.295714 -0.329205 -1.35457e-23)
(1.71979 -0.884307 1.45915e-20)
(1.15294 -0.131288 -8.37592e-20)
(0.80432 0.0542133 9.64177e-20)
(0.916414 -0.301705 9.25981e-20)
(1.0787 0.239753 0)
(0.952869 0.724874 0)
(0.783313 0.117484 -9.3574e-20)
(2.06571 0.174979 -2.16027e-20)
(-0.866107 -0.522345 1.70933e-19)
(1.03762 -0.54741 -5.45856e-19)
(0.624316 -0.542255 4.01874e-19)
(1.21004 0.167792 -1.11828e-19)
(0.260651 -0.435104 1.36609e-20)
(1.5013 -0.578428 0)
(0.750689 0.10606 -6.81766e-21)
(1.59475 -0.545178 -7.8879e-20)
(1.03127 0.752066 0)
(1.25055 -0.61134 0)
(0.0751078 0.0985332 0)
(-0.186315 -0.312045 -4.7413e-20)
(-0.0693569 0.150653 0)
(1.80446 0.597302 3.74502e-19)
(1.22295 0.181189 6.45315e-21)
(-1.02057 0.260757 2.37033e-19)
(1.97456 0.680181 1.37068e-20)
(1.82439 0.441772 -6.38377e-20)
(2.16593 -0.36598 -2.87766e-20)
(-0.178189 0.0212317 -2.08552e-19)
(-0.212648 -0.429955 3.69567e-21)
(1.10005 0.120035 0)
(0.676557 -0.0344025 0)
(1.00191 -0.000466748 1.72357e-22)
(-0.423733 -0.38381 0)
(1.58049 -0.00187325 -6.98068e-20)
(0.678917 -0.0301841 0)
(1.06362 0.00849663 1.3297e-19)
(0.991398 0.0145859 -4.60856e-20)
(0.93429 0.27412 1.09918e-19)
(1.06469 -0.0171538 -9.44785e-22)
(0.953348 -0.19719 -5.58104e-20)
(1.02369 -0.0330351 3.79784e-19)
(0.678821 -0.617285 1.9117e-19)
(-0.951867 0.435321 -2.75055e-19)
(1.15484 0.421921 1.47829e-20)
(-0.0110083 0.0144151 0)
(1.11868 0.786118 0)
(1.029 -0.0084411 0)
(1.01174 -0.78386 -1.14721e-19)
(1.03915 -0.892887 6.0639e-20)
(0.984462 0.249041 -1.80284e-20)
(0.186883 0.24121 -1.09166e-18)
(1.20181 -0.530008 1.92926e-20)
(0.591966 -0.393138 -6.45061e-19)
(1.35856 0.427274 -4.00608e-20)
(0.719896 -0.25498 -1.13787e-19)
(2.07708 -0.37238 7.30191e-20)
(0.472544 0.0749013 -1.60414e-20)
(-0.301679 -0.42746 -1.0044e-19)
(1.11011 0.54588 1.98277e-19)
(-0.083693 -0.336769 0)
(0.0861839 -0.44011 3.0551e-19)
(-0.0863809 -0.113402 1.57592e-22)
(1.02603 -0.0438246 3.38902e-19)
(1.02301 -0.000334971 -8.74794e-21)
(1.11145 -0.0119567 -9.37263e-20)
(1.47835 0.0854826 2.07348e-20)
(1.6175 0.314852 5.92797e-20)
(0.402923 -0.378329 -3.21992e-19)
(0.783664 0.194514 3.18046e-20)
(1.0354 0.00136666 -2.50366e-19)
(1.1766 0.315691 -1.52187e-20)
(1.47953 0.169082 0)
(1.10548 0.584938 -3.71741e-19)
(1.00305 -0.00425965 9.66481e-20)
(0.668505 0.596693 2.594e-19)
(1.36084 -0.514257 -1.44889e-21)
(1.06975 -0.00961431 -3.07236e-20)
(1.13018 0.0116939 8.72725e-22)
(2.39623 0.0970441 1.53544e-20)
(0.457665 0.1309 0)
(1.04465 -0.0389267 0)
(1.05086 -0.0345105 5.93947e-19)
(1.00241 -0.00172891 0)
(-0.0481083 -0.0717992 0)
(0.932605 -0.573255 0)
(1.00069 0.000653342 -5.62173e-19)
(1.16445 -0.692293 9.37973e-20)
(1.02285 -0.00514923 1.18294e-20)
(1.33823 0.9478 -2.69201e-20)
(1.52416 0.996898 1.19375e-21)
(1.10591 -0.384337 -3.0771e-20)
(1.61326 0.135531 2.60169e-19)
(1.52601 0.265716 0)
(0.0227362 0.390193 0)
(2.17741 -0.161566 5.10304e-19)
(1.16652 -0.636453 0)
(1.00032 -0.00409108 -1.73895e-19)
(1.01041 -0.000651019 3.37975e-19)
(1.44504 0.142803 -6.99721e-20)
(-0.00717693 -0.123479 1.96772e-19)
(0.971323 -0.00190503 1.8368e-19)
(0.121661 0.0245168 1.80476e-20)
(0.308781 -0.104228 6.88506e-21)
(1.59183 0.128267 9.97905e-23)
(0.926507 0.0168665 -1.85758e-19)
(1.00289 0.00386345 2.1862e-19)
(1.00005 -3.67166e-05 1.29022e-20)
(0.790859 -0.0125113 0)
(0.729233 -0.0261532 0)
(0.725071 -0.0262919 7.75273e-22)
(0.700277 -0.0284862 0)
(1.32406 -0.165317 0)
(0.628505 -0.156485 0)
(-0.00872266 -0.0997767 2.51403e-20)
(0.153165 -0.0541172 -1.03716e-20)
(1.26226 -0.0895194 0)
(1.33995 -0.101857 1.28081e-20)
(1.57644 0.0870298 0)
(-0.00488316 0.0940797 0)
(-0.00439776 -0.00340023 0)
(0.200463 0.0524985 -2.72153e-21)
(0.768221 0.149647 3.5657e-20)
(0.784606 0.0230182 0)
(0.791524 0.0200906 0)
(0.964256 0.019834 -2.28836e-19)
(0.817163 0.00860341 4.26393e-19)
(1.0072 -0.00122105 0)
(0.999994 -0.000802108 4.03722e-19)
(0.999979 -0.00105087 -3.12096e-22)
(0.791616 0.0229578 3.6339e-19)
(0.991867 -0.00764748 -2.10918e-19)
(0.0627081 0.0799058 0)
(0.210401 -0.0470354 -6.88952e-21)
(1.00067 -0.000665145 -2.03961e-19)
(1.00076 0.00184481 -3.50181e-19)
(1.32191 0.0734316 0)
(0.998872 0.00189638 0)
(0.999648 -3.92828e-05 0)
(1.62564 -0.606402 -3.15046e-21)
(0.62245 -0.183224 3.54612e-20)
(0.908043 0.303784 0)
(-0.312969 0.35959 1.94015e-19)
(-0.523262 0.501967 -4.91795e-19)
(1.0202 -0.0179274 -2.71955e-19)
(-0.353801 -0.500525 -9.39399e-20)
(1.01948 0.0029698 -2.19154e-19)
(1.17737 -0.219998 -1.13341e-19)
(0.806723 -0.481282 3.14122e-19)
(-0.048338 -0.075607 -6.70937e-20)
(1.0289 0.0132288 0)
(1.05391 -0.0110672 -5.90463e-20)
(0.856209 0.0238018 0)
(-0.0563033 0.0555978 2.59081e-19)
(0.996988 -0.491442 0)
(-0.456822 -0.38421 -2.40479e-19)
(0.233897 0.0760759 -1.37652e-20)
(1.65645 0.673458 -7.03929e-21)
(-0.0640543 -0.0143599 0)
(1.0544 -0.037668 1.83641e-19)
(1.104 -0.381856 4.24923e-21)
(0.927726 -0.0141996 2.87681e-19)
(1.01279 -0.00782815 -1.8514e-19)
(1.67481 0.851563 3.68835e-20)
(0.518164 0.485801 0)
(0.44062 0.393008 2.03884e-19)
(1.87122 -0.531487 -8.01322e-22)
(1.15344 0.127125 1.96013e-19)
(1.09521 -0.721202 0)
(1.021 0.00453247 0)
(0.998824 -0.0181806 -4.26368e-19)
(1.01805 0.0161487 -4.16272e-19)
(-0.157046 -0.350608 0)
(1.21623 0.813661 -1.30491e-19)
(1.52023 -0.523386 1.54277e-21)
(1.01584 0.00507094 1.60102e-19)
(1.01134 0.0140728 -2.00904e-19)
(-0.532251 -0.334265 -2.39572e-20)
(1.11961 -0.243604 -1.08897e-19)
(1.01914 -0.015611 6.82561e-19)
(1.29412 -0.390353 0)
(1.86019 0.635989 -4.48525e-20)
(1.01563 -0.0118389 -2.12721e-19)
(2.09754 0.0847892 -1.36904e-19)
(1.06199 0.00608356 -4.89577e-22)
(1.0092 -0.0090632 4.25231e-20)
(2.09839 -0.311784 -2.46216e-19)
(1.01466 0.00767027 2.06554e-19)
(0.919909 0.287947 7.73934e-22)
(1.01788 0.00360838 0)
(0.93318 0.147384 5.0166e-20)
(-1.02389 -0.0396754 6.57854e-21)
(0.996795 0.0216187 2.05242e-19)
(1.03908 0.0206799 -5.85341e-22)
(1.31054 -0.416482 -1.08489e-20)
(1.25284 0.312757 4.15192e-19)
(0.998502 0.0156564 1.41224e-19)
(1.01736 -0.0136648 4.54372e-22)
(1.72002 0.248947 -2.33476e-20)
(1.79048 0.938487 -1.0446e-19)
(0.778834 -0.6997 6.30971e-20)
(0.455608 -0.334501 -3.10943e-19)
(1.00805 -0.0106449 0)
(1.02018 0.00258709 5.13029e-20)
(1.01054 -0.00863054 1.08082e-19)
(0.913395 0.011256 6.75115e-21)
(1.01267 0.0063103 -2.15069e-19)
(1.02726 -0.0233286 2.46756e-19)
(1.00872 -0.00596914 -2.02013e-19)
(1.0136 0.00741224 -4.96952e-22)
(1.01217 0.0038478 -3.86042e-22)
(1.02444 0.0132642 2.05962e-19)
(0.900009 0.0829937 5.17196e-19)
(1.75379 0.682222 0)
(0.689261 -0.395946 3.09594e-19)
(1.01096 -0.00295708 0)
(1.02145 -0.0193779 -5.96281e-20)
(1.53405 0.439294 -8.219e-20)
(2.02577 -0.049757 0)
(2.34241 -0.238063 -1.28093e-19)
(1.23301 0.4838 -6.12407e-20)
(0.752195 -0.0148234 0)
(1.91387 -0.213912 0)
(0.125438 0.363378 -2.28841e-19)
(1.27721 -0.0783105 -2.75049e-20)
(1.01752 -0.00335145 -2.16595e-19)
(1.12555 -0.573017 -6.46727e-20)
(1.27959 -0.279004 -3.59304e-20)
(1.28947 0.481705 0)
(1.47649 -0.569017 0)
(1.93673 0.48772 0)
(0.0895748 0.292816 8.11161e-20)
(0.961126 0.152069 1.16513e-19)
(-0.478172 0.242797 0)
(-0.0117305 0.227355 -2.36975e-19)
(1.69943 0.959838 -5.4191e-20)
(1.00884 -0.00369388 -4.23396e-19)
(0.958727 -0.0237201 3.13113e-20)
(1.02231 0.00733446 2.80424e-19)
(0.685096 -0.0398479 0)
(-0.137249 -0.312553 -2.02985e-20)
(0.607142 0.42461 -3.42806e-19)
(1.79987 0.581949 1.10137e-19)
(0.121852 0.349824 0)
(0.790556 0.066467 8.35338e-20)
(0.516678 0.493553 5.18761e-20)
(1.18033 0.877565 -3.53016e-20)
(-0.0356792 -0.0215279 9.77117e-20)
(1.01926 0.0117969 0)
(1.12825 0.30283 5.91736e-20)
(1.01149 -0.00151717 1.58894e-19)
(2.31263 0.153938 0)
(1.01184 0.00776307 2.66573e-19)
(0.165984 -0.471217 -1.44694e-19)
(1.02005 0.00980888 -1.64981e-19)
(1.28326 0.291627 0)
(2.20402 -0.211314 5.71171e-22)
(1.00906 0.00338543 -1.10696e-19)
(0.99457 -0.0313175 2.92078e-19)
(1.0936 0.0976132 -3.06463e-21)
(1.05501 0.478643 -3.65413e-20)
(-0.146336 -0.0680743 2.54412e-19)
(1.98408 0.251039 1.56817e-19)
(0.400427 0.16439 4.10334e-20)
(0.803146 0.0152207 -4.00032e-19)
(0.803172 0.0253962 0)
(0.386422 -0.010614 5.98297e-20)
(1.02137 -0.0157113 -3.20393e-20)
(0.973966 0.0234724 0)
(1.05152 -0.00108531 -2.03073e-19)
(-0.112173 -0.311955 -2.09097e-20)
(-1.0953 -0.300477 2.61633e-19)
(2.14837 -0.622063 0)
(-1.17754 0.0837274 -6.37286e-19)
(1.52409 -0.353658 0)
(1.04047 -0.0176359 5.96206e-20)
(1.14677 0.0729277 9.36274e-22)
(1.01284 -0.00181413 1.71998e-19)
(-0.885814 -0.308278 3.59812e-19)
(1.01825 0.00189315 0)
(0.993137 0.00381495 -4.12922e-19)
(1.00767 0.00835334 2.18605e-19)
(0.759224 -0.0056939 0)
(0.732897 -0.00455896 -7.11604e-21)
(0.957272 -0.00111817 -1.86921e-19)
(-0.281587 -0.524511 3.17381e-19)
(1.00424 -0.000663425 -2.1321e-19)
(1.00086 0.0229615 -5.01638e-19)
(1.65 -0.622141 -1.81782e-20)
(-0.184078 -0.227006 -7.92665e-20)
(0.801851 0.688277 -1.75533e-19)
(0.793354 0.347867 0)
(1.02375 -0.0107581 4.4937e-19)
(1.03708 -0.0134215 2.35804e-19)
(0.276978 0.795757 -2.71487e-20)
(-1.00634 0.110632 -2.6532e-20)
(1.07384 0.00955435 -1.19853e-19)
(1.11554 -0.902445 6.72524e-20)
(1.00708 -0.00136715 2.22646e-19)
(0.939389 -0.683086 2.16866e-19)
(-0.436077 0.252675 3.49819e-19)
(-0.153138 -0.21641 -6.03517e-20)
(0.780199 0.0105636 -6.51889e-20)
(0.715403 -0.170048 -6.96288e-19)
(1.02067 -0.00859881 0)
(1.33272 -0.8192 1.21159e-19)
(1.55713 0.733805 1.91781e-19)
(0.243346 0.190128 0)
(-0.725989 0.0814262 0)
(-0.573562 0.489081 0)
(1.02592 0.0110589 9.57774e-20)
(2.22771 0.120482 0)
(1.05696 -0.0259869 3.75533e-21)
(-0.773547 -0.299143 -1.78654e-19)
(-0.0301309 -0.0612985 1.66376e-19)
(-0.217497 0.329063 -7.74519e-22)
(1.44151 0.369232 9.93224e-20)
(0.0134143 -0.451464 3.81822e-19)
(1.00156 0.410039 0)
(-1.22596 -0.119144 -2.30131e-20)
(1.02222 0.0173048 5.83359e-20)
(-0.1083 -0.0785748 -1.00096e-19)
(0.870241 0.703634 -5.59605e-20)
(-0.0558515 -0.079348 3.96677e-20)
(1.33173 -0.976187 4.46038e-20)
(0.453985 0.28517 2.34175e-20)
(1.08593 -0.111682 2.77326e-20)
(-0.474477 0.0897173 -1.35953e-19)
(0.896308 0.0101461 0)
(0.25212 -0.0469682 5.71235e-20)
(0.668962 -0.307133 -7.16967e-20)
(0.0304507 -0.339772 4.61127e-20)
(1.99988 0.216224 0)
(1.04759 0.0264464 2.32296e-19)
(-1.47871 0.0711686 0)
(1.31237 -0.202235 4.46826e-20)
(-0.843508 0.262167 0)
(0.871952 0.324852 -2.22309e-19)
(1.44519 0.759992 -1.11991e-19)
(-0.109729 -0.194753 -1.22033e-20)
(0.945177 0.0319036 -4.59969e-19)
(1.02814 -0.00254536 0)
(1.11712 0.00929045 1.19891e-19)
(1.45419 -0.273873 0)
(1.83764 -0.449582 0)
(1.01592 0.000864379 -4.07442e-20)
(0.98892 0.0367211 -1.96228e-19)
(1.98714 0.48764 -3.89762e-19)
(-0.111311 0.206631 0)
(1.02392 -0.0151303 1.392e-22)
(0.940851 -0.761061 -1.39945e-19)
(0.64078 0.341439 0)
(1.07333 -0.0272787 -2.92368e-19)
(2.01886 -0.191402 1.50261e-19)
(-0.527528 0.327609 -2.53222e-19)
(-0.114815 0.413602 1.77665e-19)
(-0.590957 -0.378876 1.72669e-20)
(-0.547309 0.119165 -1.62456e-19)
(-0.0605471 -0.0634452 2.20617e-19)
(1.26556 -0.598683 1.55102e-20)
(0.226027 -0.392386 2.17068e-19)
(0.959945 -0.718158 2.42538e-19)
(1.07569 -0.88976 0)
(1.013 0.00555077 -4.83257e-19)
(0.753775 0.203171 -7.488e-20)
(1.01741 -0.0033684 -1.80872e-19)
(-0.14391 -0.0804476 -7.05903e-20)
(-0.164144 -0.469138 2.46988e-19)
(1.01975 0.0196363 -2.31802e-19)
(-0.0424119 -0.312987 3.55452e-19)
(0.468939 -0.699777 6.74232e-21)
(1.03942 -0.0120448 -3.90748e-19)
(1.73294 -0.0294414 0)
(-0.35205 0.245004 -1.15448e-19)
(-1.14131 -0.240966 -3.18779e-19)
(1.16395 0.597887 0)
(1.10883 0.0816677 0)
(1.05483 0.0218649 2.64541e-19)
(1.6101 0.508043 -3.29931e-19)
(1.2332 -0.0330676 -2.41829e-20)
(1.15284 0.62234 1.68969e-19)
(-1.09605 0.248508 -2.20937e-19)
(1.05205 0.0141393 1.36038e-19)
(-0.0106907 -0.546988 -2.05033e-20)
(1.21959 0.152857 -3.88689e-19)
(-0.148363 0.127503 0)
(1.00723 -0.267546 -1.95952e-19)
(-1.33541 0.305278 2.28843e-19)
(1.37794 -0.570261 -2.02479e-19)
(1.02065 -0.0200689 -2.71024e-19)
(0.460169 0.444362 -1.42159e-19)
(0.782678 0.26622 -2.2083e-19)
(-0.982585 -0.537632 3.04806e-19)
(0.881238 0.0342052 -3.17377e-19)
(0.529228 0.0284111 -2.03411e-19)
(1.00888 -0.00565839 -2.25664e-19)
(0.799727 0.593878 -2.38961e-19)
(-1.30444 0.313198 -3.26074e-19)
(0.453904 -0.437229 -1.4089e-20)
(0.0726212 -0.100921 6.91239e-20)
(0.13351 -0.289003 9.6419e-20)
(1.81127 -0.560021 0)
(1.10079 -0.859451 0)
(0.0603531 0.43953 1.40851e-20)
(0.896746 0.0458481 0)
(0.737066 -0.408683 1.96879e-19)
(-0.0769717 -0.10522 0)
(1.97547 0.315736 3.94244e-19)
(1.02186 0.00801888 0)
(2.28169 0.146839 -6.04205e-20)
(1.09462 -0.398362 3.54129e-19)
(0.976791 -0.00783341 1.98112e-19)
(1.05793 0.0791459 -1.99892e-19)
(0.793666 0.12694 1.1306e-19)
(1.01742 0.0217482 2.8307e-19)
(1.1681 -0.184576 0)
(0.980758 0.00841779 2.30584e-19)
(1.14027 0.076134 -8.57978e-22)
(0.0647304 0.189166 2.54273e-20)
(1.41837 1.047 7.40702e-21)
(1.017 -0.0213833 3.08235e-19)
(1.32312 -0.381578 -7.83648e-21)
(1.91312 0.609551 0)
(1.24014 0.911355 0)
(1.00394 -0.136685 -4.45922e-19)
(-1.13215 0.300916 0)
(0.686141 0.420193 7.14134e-20)
(1.21202 -0.934042 0)
(0.501874 0.347141 0)
(0.625565 0.567715 -5.33999e-19)
(2.02305 0.219588 2.743e-20)
(1.0356 -0.0283179 -1.30606e-19)
(-0.0896003 0.195078 9.56472e-20)
(1.05187 0.0500948 0)
(1.03326 -0.0408585 0)
(0.635183 -0.438092 -7.20601e-20)
(0.0750925 0.304919 0)
(0.746326 0.468603 3.60595e-20)
(1.04337 -0.0107215 5.55932e-22)
(0.60832 0.450081 1.39827e-19)
(1.14329 0.0237369 3.05158e-20)
(1.57358 -0.619725 -6.44676e-20)
(1.08328 0.0323264 1.76853e-19)
(1.04739 -0.00777162 -1.95704e-19)
(1.1364 0.211954 2.05381e-19)
(1.0104 0.023997 -4.56848e-19)
(0.195791 -0.286894 0)
(-0.367962 0.368005 -4.04377e-20)
(-0.97929 0.155772 -3.40967e-19)
(0.904712 -0.151673 -2.55646e-19)
(2.31887 0.148113 0)
(-0.226359 -0.359876 1.70001e-19)
(-0.0793121 0.12688 1.04663e-19)
(2.13187 0.331155 -2.39769e-19)
(0.80808 0.348349 4.73338e-20)
(1.48426 0.307332 -3.96208e-21)
(0.845086 0.704909 4.26122e-19)
(0.777283 1.01114 1.24765e-21)
(1.10841 -0.0340417 0)
(1.0161 -0.0938199 -1.31295e-19)
(-0.136837 0.263192 1.00623e-19)
(1.6967 -0.311725 -9.59997e-20)
(2.21485 0.152036 0)
(2.4093 -0.186123 0)
(1.57713 0.201617 1.25581e-19)
(-0.0420114 0.0852538 0)
(1.01428 0.0182415 -1.77538e-19)
(-1.13196 0.367834 0)
(1.00406 -0.0168401 1.31229e-19)
(0.67178 -0.332619 -2.2501e-19)
(0.961519 -0.0283229 4.31745e-19)
(1.82606 0.309661 2.14851e-20)
(1.06019 -0.0240463 -4.77282e-19)
(0.829334 0.0211298 5.66925e-20)
(2.4526 0.0111825 -2.07619e-19)
(1.0772 -0.0376932 0)
(1.05028 -0.0071714 1.42294e-19)
(-0.47666 0.159469 -1.81647e-19)
(1.11918 0.00111975 -2.24322e-19)
(0.866068 0.627115 -4.6951e-19)
(1.41946 -0.443982 -1.09948e-21)
(2.18201 0.156861 0)
(0.309284 -0.0879661 5.35209e-19)
(1.26874 0.138468 0)
(-0.894566 -0.299992 1.02119e-19)
(-0.370803 -0.46313 1.78933e-19)
(1.09054 -0.90832 0)
(0.745203 0.0250635 1.16814e-19)
(-0.731016 -0.187003 0)
(2.01152 0.542366 0)
(-0.0469468 -0.0067841 1.26929e-19)
(0.865616 0.0928804 -2.53781e-19)
(-0.797298 -0.274981 4.28038e-19)
(0.925518 0.680554 -3.79004e-19)
(1.00357 0.0366073 -6.44259e-21)
(1.03103 -0.0442195 1.4915e-19)
(2.54435 -0.0692463 0)
(1.06242 -0.105223 -5.69421e-20)
(0.220818 0.109563 4.35276e-19)
(1.01929 -0.0155921 2.98883e-19)
(1.08046 -0.0128738 1.14828e-19)
(1.87205 0.325392 0)
(1.00414 -0.00965687 0)
(0.985566 0.857021 -3.38118e-20)
(1.04265 -0.0230633 -1.81949e-19)
(1.18419 -0.468721 -1.0746e-19)
(-0.800727 0.015973 1.78329e-20)
(1.20153 -0.0845737 0)
(1.46591 0.061615 0)
(1.12485 -0.481826 6.08169e-21)
(0.688868 0.270855 -2.51936e-19)
(0.476084 0.090358 -1.03214e-20)
(0.987849 0.063203 2.59492e-19)
(0.436303 0.208578 -1.54429e-19)
(2.42222 0.414507 0)
(0.0967583 0.0889634 5.40618e-21)
(1.10055 0.0106611 -1.19994e-19)
(-0.135902 0.00170359 0)
(0.801788 -0.00258884 0)
(0.0849788 -0.0918316 -2.14484e-20)
(-0.132705 -0.0223078 1.2246e-20)
(0.774951 0.000536542 1.20125e-19)
(1.13081 -0.010257 0)
(0.820266 -0.757567 0)
(0.0175113 -0.513821 -1.83024e-20)
(1.00455 0.703514 -2.34574e-19)
(0.360749 0.0887648 -9.97007e-20)
(-0.0870159 0.471879 4.96226e-21)
(1.92544 0.791321 1.95423e-19)
(0.993395 0.0286977 1.8728e-19)
(1.03411 -0.0627127 1.05601e-19)
(0.327292 -0.227746 -7.11936e-19)
(-0.0631575 -0.0371545 0)
(-0.553717 0.0827628 -1.52133e-19)
(0.589017 -0.563741 -3.79013e-19)
(-0.481444 -0.362886 2.6712e-19)
(0.933743 0.112117 -1.89586e-19)
(0.966948 0.336472 3.72824e-19)
(1.02153 -0.0896866 1.466e-21)
(1.02449 0.00211401 -3.42668e-20)
(0.994746 -0.00942654 1.42917e-19)
(-0.686675 -0.39686 -2.73419e-19)
(-0.0981028 -0.1488 -1.18264e-19)
(-0.391088 -0.423944 0)
(1.17591 0.258614 1.43283e-19)
(1.1101 0.0177908 0)
(-1.19731 0.043462 -2.18086e-19)
(-0.0665286 0.121451 -1.34929e-19)
(-0.184329 -0.441118 0)
(1.01045 0.00695078 1.98948e-19)
(0.99001 -0.0431401 0)
(2.44238 0.205128 -3.50791e-19)
(-1.05123 -0.403512 1.36743e-20)
(0.984133 -0.00459709 -4.12215e-19)
(-0.3599 0.0524413 5.9291e-21)
(1.59594 0.388405 -3.67618e-21)
(0.525375 0.512232 0)
(0.75736 0.661565 1.76208e-19)
(1.64263 0.438635 8.36016e-20)
(-0.396966 -0.402746 1.73784e-19)
(1.93726 0.207727 -6.03866e-21)
(-0.381174 -0.400324 -1.28514e-19)
(1.36726 0.385076 -2.8541e-19)
(1.1653 -0.0741901 4.14405e-19)
(0.735048 -0.271427 -6.2265e-21)
(0.130699 -0.128938 1.90939e-19)
(0.130853 0.125518 0)
(-0.0974135 0.11029 0)
(-0.118286 -0.126489 7.4771e-20)
(1.00179 0.00325357 -2.20518e-19)
(1.02462 -0.00203296 -1.87057e-19)
(-0.466277 0.209934 -1.67783e-19)
(1.70037 -0.52625 4.46467e-20)
(1.34706 -1.02702 1.6082e-20)
(1.09142 0.735033 0)
(0.916071 0.0513067 -5.68589e-19)
(1.49228 -0.315453 -9.1786e-20)
(1.01305 -0.0212253 -5.53788e-20)
(1.28574 -0.313644 1.23399e-19)
(-0.374757 -0.42857 0)
(2.24815 0.224877 -2.57418e-20)
(-0.745968 -0.158898 5.52401e-20)
(-0.163653 0.0436968 -2.8441e-19)
(1.03261 -0.0599686 2.01208e-19)
(-0.0914349 -0.101018 0)
(1.47939 -0.245351 -1.02e-19)
(0.475268 0.260648 1.22336e-19)
(-0.0874478 -0.098373 8.15756e-20)
(1.0178 -0.0147525 2.45064e-19)
(0.683877 0.316501 0)
(-0.0793809 0.145493 1.27013e-19)
(0.453011 -0.442032 0)
(0.133911 -0.134275 -3.61885e-19)
(-0.0521629 0.0618981 9.81978e-20)
(0.137687 0.136089 1.7842e-19)
(-0.06828 -0.0775503 -8.81566e-20)
(-0.304773 -0.431008 0)
(0.946613 0.288265 2.04403e-21)
(0.557141 0.30159 -1.20015e-21)
(0.690873 -0.622744 2.46758e-19)
(1.01261 -0.00975716 0)
(-0.0613201 -0.0699964 0)
(0.958235 -0.0831224 2.33868e-19)
(1.49366 -0.724448 -4.76004e-21)
(-1.02773 -0.354967 -5.08651e-19)
(0.97204 0.040343 -2.57953e-19)
(0.633469 -0.57976 4.38769e-19)
(1.3378 -0.690514 -7.47084e-20)
(-0.457901 -0.472908 -3.66522e-19)
(1.08938 0.0706132 0)
(1.01627 -0.0102286 -2.83558e-19)
(-0.0290232 -0.0382755 0)
(-0.711944 0.0458572 -2.87674e-19)
(0.148568 0.147478 1.70284e-19)
(-0.0527973 -0.0647826 0)
(1.14054 0.10326 -1.72126e-19)
(1.70394 0.492355 0)
(1.09337 -0.0827934 0)
(-0.156209 -0.132566 1.05649e-19)
(-0.0977388 0.248489 -1.87532e-19)
(-0.0104107 -0.0149264 -8.17672e-20)
(-0.0673602 0.0784402 9.51675e-20)
(0.123542 0.112963 0)
(0.976804 -0.10392 -2.8765e-19)
(0.135348 -0.136276 -1.78265e-19)
(0.143285 0.138864 -3.40514e-19)
(0.200273 0.193768 1.27993e-19)
(0.956721 0.0178453 6.89883e-19)
(0.184709 0.176417 -1.39698e-19)
(-0.00667033 -0.0105116 7.70757e-20)
(0.14787 0.148551 -3.25131e-19)
(0.185015 -0.184383 -2.8043e-19)
(-0.0232238 0.0303227 0)
(-0.0353868 -0.0429192 1.7505e-19)
(-0.524694 0.130354 4.35559e-19)
(0.151565 0.147223 0)
(0.373083 0.164121 0)
(-0.278621 -0.458166 0)
(0.727106 -0.319569 3.79034e-21)
(0.218432 0.215194 2.43088e-21)
(-0.0264683 0.030942 -5.71435e-20)
(-0.114322 0.121179 8.70815e-20)
(0.192748 0.187738 -1.34581e-19)
(0.154892 -0.149843 0)
(-0.0152265 -0.0193205 8.70777e-20)
(-0.00787215 0.0117336 2.20502e-22)
(-0.301054 -0.503165 -1.62948e-19)
(1.14729 -0.125795 -4.31734e-20)
(-0.828023 -0.0957767 2.64542e-19)
(-0.0436794 0.0527827 -9.61369e-20)
(-0.0023067 -0.00642238 0)
(0.215941 0.215345 0)
(0.171641 -0.170658 -6.92348e-20)
(-0.00099268 0.00250276 -9.44196e-20)
(2.21783 0.528874 1.5799e-19)
(1.43579 -0.597762 -2.94894e-19)
(0.198893 0.20199 2.46116e-19)
(-0.236411 -0.304766 6.71362e-20)
(-0.0791283 0.0908715 9.58285e-20)
(0.000712791 -0.00251187 -2.22682e-19)
(0.204122 -0.203044 2.50892e-19)
(-0.124595 -0.621359 1.93446e-20)
(-0.0122694 0.0169504 0)
(0.135399 -0.134177 -3.67891e-19)
(0.960902 -0.0747532 0)
(1.55159 -0.366135 0)
(0.568586 -0.506586 -3.94819e-19)
(-0.16153 0.0677465 2.63698e-20)
(0.177962 -0.171111 1.38122e-19)
(1.00571 0.0125063 1.91969e-19)
(0.883676 -0.109649 2.71425e-19)
(0.410037 -0.397393 5.49124e-19)
(1.69226 0.585915 2.89215e-20)
(0.22381 0.21236 1.01971e-19)
(0.827361 0.560784 0)
(0.618375 -0.539192 3.34404e-20)
(0.00283827 -0.000135175 7.24811e-20)
(0.411524 0.0433884 2.26179e-20)
(1.05666 -0.126825 8.37882e-20)
(1.08584 -0.255286 0)
(0.942219 -0.140098 6.81042e-19)
(-0.0175581 0.0229975 0)
(0.579862 -0.618592 0)
(1.17133 -0.223437 1.92986e-19)
(1.14285 0.353268 2.17091e-19)
(1.11107 0.00169145 0)
(-0.799354 -0.607249 3.00887e-19)
(-1.10906 -0.322075 4.49174e-20)
(1.03825 0.0052691 -2.72557e-19)
(-0.145212 -0.37071 0)
(1.18377 -0.213116 0)
(1.36586 0.650499 0)
(0.110231 0.106606 4.52169e-19)
(0.00259095 0.00205717 0)
(0.194187 0.184901 1.18792e-19)
(0.17027 -0.156472 0)
(0.00026302 4.30177e-05 -9.29156e-20)
(0.00150133 0.00207519 0)
(0.621556 0.16442 1.77984e-19)
(0.848985 -0.427699 -5.67316e-19)
(0.000109182 0.000385913 1.02639e-22)
(-0.121056 -0.109892 -1.96926e-19)
(0.254162 -0.245127 0)
(0.243562 0.231651 0)
(-0.73586 -0.359825 2.60597e-19)
(0.942614 0.0565872 3.6321e-21)
(1.10422 -0.368724 -2.08934e-19)
(-0.000195049 0.00124295 2.77788e-19)
(-0.11616 0.0922462 1.59747e-19)
(1.05526 0.139854 2.54201e-19)
(-0.0542413 -0.600605 0)
(-0.000447962 0.00114454 -2.26459e-22)
(-0.215966 -0.53843 6.26055e-21)
(-0.0798052 0.0258247 0)
(2.34657 -0.13118 -1.65228e-19)
(1.02467 0.145318 0)
(1.00026 -0.0721024 3.31964e-19)
(-0.941391 0.152586 0)
(0.230189 -0.214058 -3.64401e-21)
(1.01024 -0.0232484 1.70117e-19)
(0.558996 0.151603 4.06993e-19)
(1.36024 -0.787894 2.41319e-19)
(0.308778 0.288898 1.82047e-22)
(1.62918 0.518358 0)
(0.961193 -0.586449 7.67093e-20)
(1.81185 -0.936144 6.84657e-20)
(-0.000310524 2.40969e-05 1.805e-19)
(1.39084 -0.0479506 5.50771e-20)
(2.3446 0.441125 8.70319e-20)
(8.45344e-05 5.15154e-05 -5.32532e-20)
(1.01906 0.0260876 2.46107e-19)
(-0.101157 0.190774 -1.85914e-19)
(0.334131 0.311238 0)
(-0.00268453 -0.000794743 0)
(0.257333 0.243878 8.84034e-20)
(0.295908 -0.275951 -2.55269e-19)
(0.00032989 -0.000271077 1.90052e-19)
(1.07959 -0.775139 -8.51994e-20)
(1.09812 -0.0332294 2.01292e-19)
(0.333839 -0.31832 0)
(-0.00245744 -0.000170612 0)
(0.276478 0.262179 0)
(-0.0288329 0.0303814 -1.09973e-19)
(0.272961 -0.270441 0)
(-0.0137248 -0.00760395 -1.24542e-19)
(0.295886 0.278822 -6.40459e-20)
(-0.00946508 0.00224207 0)
(0.257367 -0.252547 0)
(-0.133879 -0.661464 0)
(-0.024323 0.0118376 0)
(-0.04034 0.0263324 -5.51034e-20)
(-0.127083 -0.244505 0)
(1.0027 -0.00353375 2.60739e-19)
(0.46592 -0.437552 8.02806e-20)
(-0.0834696 0.0571525 -9.58198e-20)
(-0.0361969 -0.0252225 2.30778e-19)
(0.372585 0.342452 -5.16239e-20)
(1.66264 0.386749 0)
(-0.168645 0.125773 0)
(-0.133107 -0.318105 1.97463e-20)
(-0.127554 0.100257 0)
(0.35886 -0.33722 0)
(-0.0558515 -0.0405303 0)
(0.422125 0.382934 0)
(-0.0892124 -0.0707638 1.4368e-19)
(0.499113 0.462601 2.55941e-20)
(-0.162461 0.152049 -4.34472e-19)
(0.5318 -0.491263 -5.30638e-21)
(1.15816 0.136289 0)
(0.936198 -0.401994 4.48524e-21)
(-0.341493 -0.617421 -2.78943e-19)
(1.03716 0.0580926 -2.38426e-19)
(1.4191 0.0348444 0)
(1.55506 -0.500624 -1.05912e-20)
(1.3652 -0.512445 1.8577e-19)
(0.958341 0.0136839 0)
(-0.0454889 0.0715231 3.70535e-19)
(-1.02944 -0.0928024 3.12701e-20)
(-0.0237465 -0.0171961 -1.81843e-22)
(-0.868521 -0.47334 0)
(1.11691 -0.175756 -2.37806e-19)
(0.366637 0.205188 4.37875e-19)
(2.56176 0.253691 -1.66599e-19)
(1.50867 0.613209 -2.8084e-20)
(1.55967 -0.757725 2.16762e-20)
(-0.322119 -0.355178 -7.23823e-20)
(1.92223 0.231304 1.48487e-20)
(1.87829 -0.749481 5.99935e-20)
(1.04231 0.0893066 -3.21231e-20)
(-0.378577 0.225331 1.72663e-19)
(1.10611 -0.00530118 0)
(2.05141 0.169859 -2.1492e-20)
(0.131993 0.0889968 -2.67196e-21)
(1.30029 -0.22706 0)
(0.125069 -0.118524 -6.04751e-19)
(-0.00481998 0.00748975 0)
(0.520344 -0.483273 0)
(1.93785 0.614098 -7.55745e-20)
(0.90384 -0.431716 0)
(2.3715 -0.185211 1.9887e-19)
(-0.0134668 -0.00955681 1.27682e-19)
(0.259454 -0.263579 9.18208e-20)
(1.01694 -0.0520751 0)
(-0.621494 -0.228757 0)
(-0.0768383 -0.0513813 1.06278e-19)
(-0.0958891 -0.0809741 1.77393e-19)
(1.00739 0.256226 -2.24741e-19)
(0.410461 0.211133 -3.4145e-19)
(1.02812 0.0149572 -9.0529e-21)
(2.16789 0.181947 0)
(-0.19301 -0.537256 1.74343e-19)
(-0.0865954 -0.123575 0)
(0.636513 0.080285 3.45736e-19)
(0.958355 0.164744 -4.97627e-20)
(0.685648 -0.587711 -2.01853e-19)
(0.98676 0.1317 3.49873e-19)
(0.996751 0.0115 0)
(1.24365 0.70243 -4.47683e-20)
(2.09655 -0.240198 0)
(0.535531 0.486929 0)
(0.742064 -0.507866 0)
(-0.310998 -0.284908 -3.1135e-20)
(0.320901 0.250608 2.50689e-19)
(-0.099244 0.343023 0)
(1.12886 0.0718674 1.51678e-19)
(1.03286 -0.235404 0)
(0.521101 -0.0145042 1.66603e-19)
(0.371412 -0.169911 2.19049e-19)
(-0.078192 0.389009 2.57242e-19)
(0.37973 -0.423801 -2.7881e-19)
(0.979796 -0.026454 2.04282e-21)
(1.49478 -0.607328 2.5566e-19)
(1.53665 -1.05722 -4.19283e-21)
(0.126246 0.0794826 1.34888e-19)
(2.01551 0.519973 0)
(-0.337872 -0.0984101 0)
(-0.0974487 0.195897 0)
(1.38894 -0.109113 1.92505e-19)
(-0.91708 -0.370143 -1.02911e-19)
(0.278982 -0.25787 -1.79902e-19)
(2.45827 0.0628751 9.69496e-20)
(0.809775 0.518244 -7.17909e-20)
(0.823378 0.256729 5.00956e-21)
(0.94518 0.228436 6.77366e-20)
(1.23193 0.178281 -4.43065e-20)
(-0.100951 -0.411591 7.60267e-20)
(-0.578723 -0.29647 0)
(0.920924 -0.0117912 0)
(-0.533428 -0.215732 1.26991e-19)
(0.160215 0.158451 0)
(1.97213 0.478636 0)
(-0.703278 -0.136363 1.137e-19)
(0.553157 0.466573 -2.33585e-19)
(0.48143 -0.394054 3.10234e-19)
(-0.219676 -0.0394148 0)
(1.40212 0.927748 -2.52302e-20)
(1.07259 0.00893797 0)
(-0.697763 -0.335799 -5.20383e-19)
(-0.592485 0.0266031 -1.81202e-19)
(1.28043 -0.399636 9.06187e-20)
(0.456658 0.421887 5.26953e-19)
(0.728343 -0.234511 2.29894e-19)
(-0.242183 0.388934 0)
(1.13796 0.0621232 1.60509e-19)
(1.00698 0.570063 -9.61086e-20)
(-0.158919 -0.0688527 0)
(0.701075 -0.255824 0)
(1.31735 0.846249 6.66388e-20)
(-0.00267764 0.0050178 -1.87864e-19)
(1.96124 -0.32255 -3.21321e-19)
(1.23845 0.227282 0)
(1.40211 -0.5228 4.25448e-21)
(0.770485 0.438358 0)
(-0.397491 -0.121978 -1.85042e-19)
(1.28287 0.915615 -8.43318e-20)
(1.68024 0.364633 3.13708e-20)
(1.10033 -0.562433 -1.92303e-20)
(-0.244674 -0.00774656 -7.49482e-22)
(-0.130352 -0.326877 -8.00696e-20)
(1.02247 0.0681914 2.43752e-19)
(-0.451109 -0.136086 0)
(0.971368 0.188757 3.41133e-21)
(1.73529 0.4294 -9.93664e-21)
(1.50362 -0.862836 1.66362e-19)
(1.27686 -0.307967 -1.37744e-19)
(1.69815 -0.343763 8.18636e-20)
(-0.196057 -0.100161 4.26573e-20)
(0.617744 0.554383 1.2617e-19)
(0.133234 -0.0812507 1.84522e-19)
(1.37724 0.404594 -1.35003e-20)
(1.47282 0.161699 -1.1133e-20)
(1.94512 0.189456 4.73769e-20)
(0.886608 0.601546 1.35752e-19)
(-0.443902 -0.684529 6.25568e-19)
(1.2345 -0.257326 -2.05115e-19)
(0.966088 0.260241 -1.48143e-19)
(-0.4929 -0.35276 -9.85866e-20)
(-0.177832 0.274225 0)
(1.00207 0.00327874 5.44777e-19)
(0.677951 -0.227318 0)
(0.869994 0.562625 -1.39699e-19)
(1.34992 0.135246 5.57294e-21)
(-0.159478 -0.473497 -1.15243e-20)
(1.90527 -0.461841 0)
(1.16319 -0.373451 0)
(1.44065 -0.326956 7.52943e-20)
(0.777943 -0.43824 2.7401e-19)
(1.08481 -0.325261 0)
(-0.224804 -0.563874 -1.71189e-19)
(0.936199 -0.0891918 -2.61991e-19)
(0.734034 -0.620807 -2.13662e-20)
(-0.667731 -0.203645 2.43065e-19)
(-0.170902 -0.194939 -8.21408e-20)
(-0.09138 -0.0488937 -1.69431e-19)
(0.123809 -0.0772661 -1.93588e-19)
(-1.11548 -0.231619 -2.33045e-20)
(0.827158 -0.30231 -1.53338e-19)
(1.25863 0.139057 -4.22097e-20)
(0.687574 0.00984505 0)
(0.796736 0.109533 3.20071e-19)
(1.20531 -0.37394 3.82259e-21)
(0.990557 -0.135671 -4.94779e-21)
(0.59359 0.525571 1.81028e-19)
(1.85049 0.210049 3.27503e-21)
(1.37639 -0.0185453 1.31254e-19)
(1.0668 -0.0251468 4.41144e-20)
(0.830843 -0.384085 1.56975e-19)
(0.501672 -0.21757 0)
(-0.158827 -0.177373 8.33606e-20)
(0.962797 0.0986573 1.62426e-19)
(1.09642 0.698495 9.48339e-20)
(-0.137616 -0.158115 1.77173e-19)
(1.04542 -0.617305 3.20882e-19)
(0.122102 -0.110151 0)
(1.8109 0.886659 0)
(0.235981 0.22925 3.53685e-19)
(1.59881 0.576962 0)
(-0.168961 0.195129 0)
(0.981813 -0.63325 -2.80256e-19)
(-0.121566 -0.13819 2.64773e-19)
(-0.100868 -0.00421185 1.39789e-19)
(1.09922 -0.0211412 5.23562e-20)
(1.57982 1.05769 -1.8425e-23)
(0.956394 -0.0430646 -1.8388e-19)
(0.123842 -0.12071 9.41133e-20)
(1.04524 0.144892 -1.76488e-19)
(-0.146525 0.174241 2.84928e-19)
(1.04156 0.35835 0)
(0.241683 0.241354 -1.79875e-19)
(-0.431401 0.173044 1.52909e-19)
(1.95552 0.368858 0)
(-1.07825 -0.018675 -1.85954e-19)
(0.0231024 0.0641016 1.29234e-19)
(-0.62155 -0.235859 0)
(-0.0505612 -0.0406403 -3.59814e-20)
(0.224986 -0.224233 0)
(1.00193 -0.730588 0)
(-0.107161 0.12688 1.97277e-19)
(0.559307 -0.529994 5.00664e-19)
(-0.107107 -0.125336 -1.6054e-19)
(-0.487419 -0.12897 -1.61678e-19)
(0.233613 -0.235161 -1.82317e-19)
(0.249188 0.244643 5.26692e-19)
(-0.33308 -0.0617862 -1.69783e-19)
(-0.621961 -0.48629 -1.13846e-19)
(-0.00472656 -0.00227039 0)
(-0.200747 -0.525955 1.40733e-19)
(1.04379 -0.139633 -3.46418e-19)
(-0.0893896 0.106091 9.38643e-20)
(1.62054 -0.540638 4.28458e-20)
(1.39275 0.146314 0)
(2.16155 0.307873 -1.55133e-20)
(0.950246 -0.0434707 0)
(-0.0719933 -0.0804022 0)
(0.211266 0.209802 0)
(0.96629 0.071078 0)
(1.10342 -0.260967 0)
(0.982353 0.106856 -3.23625e-19)
(0.241957 0.24111 -1.70876e-19)
(-0.784378 -0.222955 -1.52607e-19)
(-0.0830679 -0.100101 1.76893e-19)
(0.977428 -0.198909 1.76422e-19)
(0.772913 -0.372017 0)
(-0.227185 0.107452 -2.19093e-19)
(1.01736 -0.0218934 -2.18393e-19)
(-1.2714 -0.0350533 7.06939e-19)
(-0.0217988 -0.0290718 0)
(-0.105317 -0.130081 -9.5118e-20)
(0.290921 0.271945 -1.39254e-21)
(0.262065 0.250478 0)
(-0.0307126 -0.0389856 8.53327e-20)
(-0.293796 0.421433 2.00211e-19)
(1.30083 -0.502888 2.10764e-19)
(1.77416 -0.433447 -3.34604e-20)
(0.718298 0.133857 -2.41728e-19)
(1.03613 0.0413661 0)
(0.340561 0.332088 -2.4422e-19)
(-0.841313 -0.427404 2.48393e-19)
(0.322564 0.31344 -4.05488e-19)
(0.317014 0.308342 1.29655e-19)
(0.450853 -0.364931 0)
(-0.0546301 0.0680142 5.34843e-20)
(-0.128018 0.149453 0)
(-0.0149225 -0.0202055 2.10186e-19)
(-0.0872545 -0.111167 1.91258e-19)
(0.493712 -0.386315 6.6043e-19)
(1.00228 -0.525298 -8.6864e-20)
(0.348196 0.34789 0)
(-0.0702022 0.0780664 2.30247e-19)
(0.229324 -0.233592 3.68849e-19)
(1.22791 0.136933 -5.22879e-21)
(0.343562 0.344246 0)
(1.00665 0.332209 -1.12164e-20)
(-0.285866 -0.148349 -5.53657e-21)
(2.52958 0.267213 8.46386e-20)
(-0.00667247 -0.0120463 0)
(1.19036 0.761193 0)
(-0.0236601 0.0291335 -2.87312e-19)
(0.323066 -0.324697 -2.88137e-19)
(0.257426 -0.229523 3.72542e-20)
(1.92448 0.267883 -3.48259e-20)
(1.08927 0.338302 -1.34382e-19)
(0.299265 -0.290839 -2.87352e-19)
(1.03532 -0.0201942 3.64856e-19)
(1.00268 0.0706513 0)
(0.589903 0.00683009 -1.9475e-21)
(1.07876 0.0197225 1.30067e-19)
(0.500375 -0.049755 9.4811e-21)
(1.39807 -0.511613 0)
(1.19845 0.185161 -1.16754e-19)
(1.94845 0.453106 -1.59359e-19)
(-0.0427513 0.0532968 0)
(-0.165504 0.104018 3.36773e-19)
(1.74882 0.526881 0)
(1.00283 -0.000423518 5.82647e-20)
(0.323086 -0.31174 -1.33951e-19)
(1.00425 0.00607046 5.9913e-19)
(0.723644 -0.462323 0)
(1.13812 -0.880682 0)
(-0.00227681 -0.0049919 7.46881e-20)
(0.109338 0.0545869 0)
(1.08439 -0.0230816 7.71753e-20)
(0.533227 0.409666 6.43074e-20)
(0.721038 -0.0188834 -4.92152e-19)
(-0.0329333 0.0399754 0)
(-0.403379 0.0277151 1.87395e-19)
(-0.827425 -0.265867 0)
(1.85295 0.802298 0)
(-0.0256242 -0.016606 0)
(-0.0349311 -0.0221365 7.21226e-20)
(1.70894 0.764173 -6.67298e-21)
(1.01425 0.0530529 0)
(-0.182978 0.202332 8.68915e-20)
(-0.00394018 0.00498867 0)
(1.43669 0.139402 0)
(1.59168 -0.815598 2.69502e-20)
(0.393288 0.369816 2.05659e-19)
(-0.917697 0.312097 -5.23394e-19)
(-0.000216955 -0.00082675 -7.8482e-20)
(0.52589 -0.337989 -2.15652e-19)
(1.03855 0.27363 0)
(0.397449 -0.017914 1.67337e-19)
(1.2187 0.0464078 0)
(0.907681 -0.0687669 3.58698e-19)
(0.229261 0.0812164 -1.7203e-19)
(0.413633 0.391245 -1.0123e-19)
(0.739865 0.243063 1.96896e-19)
(-0.218164 0.363485 1.9513e-19)
(1.40145 0.483446 -9.03966e-21)
(0.212995 -0.214205 1.98787e-19)
(-0.000652475 0.00166196 1.74701e-19)
(1.48517 -0.478249 -1.45975e-19)
(-0.015658 0.0206686 9.57958e-20)
(-0.0140633 -0.0171433 0)
(-0.0983209 -0.0543368 -8.01526e-20)
(-0.00151979 0.00165747 9.41069e-20)
(1.02792 -0.196548 0)
(0.389285 -0.357163 1.42493e-19)
(0.265827 0.261082 1.56516e-19)
(0.258673 0.259489 -3.46464e-19)
(1.40818 0.00159598 0)
(0.356384 -0.355804 -2.46986e-19)
(1.71309 0.48165 0)
(1.58355 0.134403 -2.9135e-20)
(-0.00114209 -0.000581381 8.58249e-20)
(0.901183 -0.04832 0)
(0.602824 0.568018 -2.04195e-19)
(1.02088 -0.0145995 -2.69215e-19)
(1.09352 -0.0168905 -1.31218e-19)
(-0.0362994 -0.0296732 9.83279e-21)
(0.00843391 0.000403192 -2.12848e-20)
(1.04926 0.0197734 -3.56695e-19)
(2.69017 -0.016957 -8.22169e-20)
(-0.143095 -0.0678378 1.17561e-19)
(-0.00211581 0.00301519 -1.87585e-19)
(-0.103643 0.0315582 -1.85708e-19)
(1.31986 -0.379342 9.42983e-20)
(-0.00132387 0.00105837 6.08048e-23)
(1.11187 0.000492965 -1.57844e-19)
(0.419529 -0.406787 9.29355e-20)
(-0.0355403 -0.0447294 2.15177e-19)
(0.237729 -0.227326 0)
(-0.145729 0.249776 2.85774e-22)
(1.61781 0.991599 0)
(0.869197 0.0165366 -1.47651e-19)
(-0.334525 -0.0379999 -1.69005e-19)
(-0.514611 -0.244588 -1.47743e-19)
(0.788929 -0.528972 0)
(0.43931 0.4135 -2.72883e-19)
(-0.00607893 0.00906091 9.69812e-20)
(0.392595 0.316105 -1.9264e-19)
(0.552271 0.537658 -1.2515e-19)
(1.03752 -0.0278488 0)
(1.47602 -0.598363 5.22304e-20)
(1.76886 -0.405241 -4.94965e-20)
(0.0332305 -0.528474 0)
(-0.00545586 -0.00216214 -7.45375e-20)
(0.464903 -0.323486 9.414e-20)
(0.194906 0.165549 2.33812e-19)
(1.83697 -0.456729 -6.28635e-21)
(0.467496 -0.429325 -1.91498e-19)
(-0.748931 -0.246914 1.0933e-19)
(-0.0023598 0.000438915 -1.07659e-19)
(0.525729 0.432733 -3.60565e-19)
(0.579852 0.530218 -1.55743e-19)
(0.532552 0.49351 6.30021e-21)
(-0.000230264 0.00202159 5.08061e-20)
(-0.0480165 -0.0531752 -1.10119e-19)
(1.0126 0.0177217 1.7835e-19)
(0.268166 -0.258461 0)
(0.466732 0.438737 0)
(0.497919 -0.467118 1.63478e-19)
(-0.00226347 0.000218877 -1.89904e-19)
(-0.289611 -0.303527 -4.30693e-20)
(1.8519 -0.364904 1.41678e-20)
(0.500563 0.464453 0)
(0.475267 -0.473123 0)
(-0.00926604 0.00242467 0)
(1.12407 0.0470801 8.97772e-20)
(0.645324 0.577443 0)
(-0.0290412 0.00972905 1.90527e-19)
(0.2055 0.197022 -6.66304e-19)
(-0.0567929 0.0314466 5.41446e-20)
(1.15716 -0.288148 2.40797e-19)
(-0.0358712 -0.0441342 -1.14545e-19)
(1.20658 0.479356 -1.59831e-19)
(0.146961 -0.128443 -3.18335e-19)
(-0.108157 0.0592074 3.2061e-19)
(-0.195608 0.242435 -2.73487e-19)
(-0.079776 -0.0497708 -1.60002e-19)
(0.682075 -0.645586 0)
(-0.164219 0.108822 -1.89446e-19)
(0.733072 0.637157 0)
(-0.265063 0.285511 8.19294e-20)
(0.849616 0.156581 -9.72755e-21)
(0.720773 0.387316 -3.84291e-20)
(-0.211227 0.143878 9.90107e-20)
(0.838015 -0.696081 0)
(-0.116975 -0.0708732 1.52662e-19)
(0.854581 0.715657 -1.35481e-20)
(0.371462 0.34562 -2.62957e-19)
(0.370605 -0.287761 5.16965e-19)
(0.530914 0.462367 1.75076e-19)
(1.00956 0.00077345 0)
(0.472686 0.441645 0)
(1.77432 0.465547 0)
(1.02418 -0.00349185 0)
(-0.0936572 0.127228 -8.43668e-20)
(0.753041 -0.612891 4.52316e-19)
(-0.0528313 -0.0360656 -2.7292e-22)
(1.04987 -0.246722 1.63373e-19)
(0.416024 -0.388345 2.6716e-19)
(2.47395 -0.234399 0)
(1.41194 -0.384804 0)
(-0.012501 0.169245 -3.17352e-19)
(0.439728 -0.159184 0)
(1.80085 0.299351 5.58991e-21)
(0.55524 -0.199447 -2.37326e-20)
(0.704478 0.65239 2.60192e-19)
(1.18082 0.254643 1.09128e-19)
(-0.011079 0.0135217 0)
(-0.0548412 0.0775964 8.61541e-20)
(-0.0279765 -0.0156504 0)
(0.31805 0.189076 3.42467e-19)
(0.631166 -0.0286909 1.65663e-21)
(0.716847 0.34393 0)
(1.0273 0.0104701 1.6829e-19)
(1.35077 -0.269709 1.57896e-19)
(1.01808 -0.0124236 -4.77794e-22)
(0.301232 -0.282012 1.76243e-19)
(0.307461 0.303319 0)
(-0.0688725 -0.0143757 0)
(-0.171976 -0.54234 4.87194e-20)
(1.49531 0.189306 1.73332e-19)
(1.04095 -0.223586 5.8275e-20)
(0.137219 0.128456 0)
(1.03348 -0.0135257 5.68626e-19)
(1.41996 -1.00788 -2.886e-20)
(-0.105521 0.268387 3.13986e-19)
(-0.0920007 -0.0298986 -2.78006e-19)
(0.419732 -0.500093 1.30387e-19)
(-0.0336134 -0.0260691 1.32237e-19)
(1.96192 0.100777 0)
(0.361458 -0.330129 -3.36009e-19)
(1.06486 -0.0253814 -6.53506e-20)
(1.01037 -0.00383245 -2.42958e-19)
(0.637385 -0.0180697 1.95392e-20)
(0.667046 -0.0662349 -4.54902e-21)
(1.0255 0.0251501 -1.92609e-19)
(2.255 0.431163 0)
(-0.019916 -0.0123114 -1.20421e-19)
(0.726802 -0.029515 -1.06412e-18)
(-0.311481 -0.360199 5.80334e-20)
(0.337194 0.317573 -1.48528e-19)
(-0.0141014 0.020671 0)
(-0.0218641 0.027743 0)
(1.70548 -0.825901 -1.85599e-20)
(1.00411 0.0866601 1.81536e-20)
(0.200468 -0.623418 2.38778e-19)
(-0.105257 -0.147825 -1.52431e-19)
(1.01822 0.0163805 -5.1383e-22)
(0.729237 -0.68959 -7.94616e-20)
(1.15846 -0.0596612 1.2836e-20)
(1.01887 -0.00753418 -9.11427e-20)
(-0.00918706 -0.00510749 0)
(0.945487 0.641454 4.16193e-19)
(0.775701 -0.227638 0)
(0.376966 -0.349278 0)
(-0.0168759 -0.0109495 1.41681e-19)
(1.02582 -0.022563 3.11497e-19)
(0.50042 -0.469399 0)
(0.790317 0.721783 4.93514e-21)
(-0.608336 -0.115249 -1.35533e-19)
(-0.00856183 0.0101929 8.76829e-20)
(0.321008 0.122432 2.34017e-19)
(1.45684 -0.231656 -2.65929e-20)
(1.63391 0.185744 -2.36631e-19)
(1.67108 -0.299353 -5.27943e-20)
(0.951573 0.567144 1.40748e-19)
(1.02675 0.219101 2.05615e-19)
(-0.338982 -0.337101 -4.49159e-20)
(-0.566042 -0.442755 2.02909e-19)
(1.29799 0.212089 0)
(0.343855 0.0982765 1.00047e-19)
(1.24933 -0.470887 7.74667e-20)
(-0.26829 0.361768 0)
(1.37678 0.207828 -2.82016e-20)
(1.02341 -0.00392288 4.01061e-20)
(-0.350111 0.334846 0)
(1.02362 0.10874 -1.66486e-20)
(0.650519 -0.231066 0)
(0.554832 -0.53272 -5.10444e-20)
(1.00903 0.193858 2.21895e-19)
(0.813663 0.44215 2.80167e-19)
(0.7588 0.398619 4.01158e-20)
(1.01965 -0.0101547 0)
(-0.790884 -0.391846 -1.50828e-19)
(1.55691 -1.003 5.63936e-20)
(1.0271 0.796747 2.79575e-20)
(-0.139084 -0.122123 1.23504e-19)
(1.73263 -0.332448 9.65333e-20)
(-0.00810224 0.00433543 8.0729e-20)
(0.810872 0.255099 0)
(0.833151 0.484561 0)
(-0.213925 -0.262581 1.49111e-19)
(1.04382 -0.169402 0)
(-0.295584 0.156963 -7.18483e-21)
(-0.225695 -0.512199 -9.10692e-20)
(-0.0534287 0.00775462 8.06607e-22)
(1.88356 0.580802 5.90995e-20)
(1.40351 -0.392231 -4.66432e-21)
(0.422516 -0.339944 0)
(1.02637 0.00410704 -4.66259e-19)
(0.756373 0.68188 1.84286e-19)
(0.340525 0.346319 -4.7521e-19)
(1.07354 -0.836756 2.22683e-20)
(0.582277 0.0497044 3.62052e-21)
(0.269939 -0.58248 -1.99323e-19)
(0.879567 -0.561153 -1.81903e-19)
(0.447253 -0.223794 1.08713e-19)
(-0.302022 0.399052 0)
(0.582701 0.170046 0)
(0.970892 -0.0771833 -3.40618e-19)
(1.07037 0.613761 0)
(0.852451 -0.34789 3.36424e-19)
(-0.542686 -0.338782 0)
(2.22727 0.385963 1.32149e-19)
(-0.0185562 -0.133347 -8.82556e-20)
(1.81665 0.74742 0)
(-0.254178 -0.320292 0)
(2.27919 -0.042829 1.33962e-19)
(-0.653449 -0.119298 0)
(0.0460386 -0.74226 -3.53861e-19)
(0.923553 0.605266 -1.38447e-19)
(2.08392 -0.411723 -1.36033e-20)
(0.208409 -0.195594 1.78546e-19)
(-0.205544 0.148861 1.12971e-19)
(1.90712 -0.481652 0)
(0.105193 -0.133433 -1.52185e-19)
(-0.0267791 0.00542789 0)
(1.09796 -0.177854 -1.45618e-19)
(-0.0464341 -0.143667 -2.25578e-19)
(-0.612271 -0.30928 2.17518e-19)
(0.661091 -0.222522 4.97491e-20)
(1.97208 -0.277948 1.72219e-20)
(0.431646 0.414661 0)
(0.706303 -0.30782 -1.04073e-19)
(-0.122059 -0.188504 7.98509e-19)
(2.16685 0.375335 0)
(1.03706 0.578844 0)
(-0.118787 -0.0707913 -1.27268e-19)
(1.3818 -0.340103 -1.06564e-19)
(0.876656 -0.249928 -1.16163e-19)
(1.38076 0.146364 3.77447e-19)
(1.31127 0.204643 -1.03316e-19)
(0.939452 0.169642 -1.54605e-19)
(1.06572 0.651593 -2.10631e-19)
(1.97068 -0.472307 2.64232e-20)
(-0.224121 -0.259824 -9.84817e-20)
(1.02904 0.00116623 3.3086e-19)
(1.62485 0.16101 9.69645e-21)
(1.32224 0.187528 -2.34052e-19)
(1.01233 0.0461926 9.15652e-21)
(-0.380274 0.096124 1.21677e-19)
(-0.970844 -0.393759 0)
(-0.382128 0.2389 0)
(0.683736 0.220281 0)
(1.87393 -0.307821 -8.62183e-20)
(-0.336993 -0.413661 -1.69348e-19)
(0.485427 0.383535 0)
(-0.0119738 -0.015169 8.28218e-20)
(1.63063 -0.389476 -9.89709e-20)
(-0.0926842 -0.0589758 -1.284e-19)
(1.00923 0.675414 2.54823e-19)
(1.12245 0.2205 9.19418e-20)
(-0.529083 -0.0854409 7.51721e-20)
(0.887638 0.788889 -2.30482e-19)
(1.23367 -0.286778 8.58985e-20)
(0.959906 0.000144126 -3.08807e-19)
(1.08298 -0.0484364 -1.14682e-19)
(0.770856 0.277755 0)
(0.147089 -0.0453479 0)
(1.19344 -0.16955 6.76883e-20)
(1.41073 -0.303932 -1.87342e-19)
(-0.599837 0.000523996 -4.92541e-21)
(1.05134 0.251853 2.36351e-19)
(1.29715 1.0344 0)
(0.691491 0.0710095 -1.01053e-19)
(0.142135 -0.604218 -4.6039e-20)
(0.757979 -0.312831 4.36383e-19)
(0.783578 -0.286017 -1.44513e-19)
(1.52832 0.165955 2.31299e-19)
(-0.476864 -0.0132716 8.73221e-20)
(-0.68391 -0.306686 -9.25921e-20)
(0.49385 0.480787 4.92466e-19)
(-0.417628 0.137848 -2.95572e-19)
(1.54427 0.0531061 -6.2882e-20)
(0.943534 -0.30544 2.20004e-19)
(-0.038963 0.0612655 -3.16182e-19)
(0.563538 0.388669 -3.60892e-19)
(0.879627 0.487817 0)
(-0.0371126 0.0520126 -1.02688e-19)
(-0.230734 0.271431 -2.15494e-19)
(-0.117308 0.273048 -1.79771e-19)
(-0.0173211 0.0262351 -1.06737e-19)
(1.08184 0.0343477 -9.33188e-20)
(-0.211934 0.403072 -1.10763e-19)
(0.898136 0.523174 1.25734e-19)
(1.40988 0.82333 4.54179e-20)
(0.717744 0.663603 0)
(0.986759 0.637982 0)
(-0.0830627 0.00991799 -1.48154e-19)
(-0.517048 0.0281345 0)
(0.94017 0.530826 -1.2648e-19)
(-0.0283725 0.0245916 0)
(1.59866 0.240582 -6.16324e-21)
(0.678706 -0.0180072 6.9799e-19)
(-0.0272503 -0.0437869 4.03164e-22)
(-0.036542 0.0694512 0)
(0.550357 0.520955 0)
(-0.493221 0.0814944 1.79832e-19)
(-0.224764 0.270173 8.72054e-20)
(1.88105 -0.342294 1.78605e-20)
(-0.413959 -0.351474 1.72488e-19)
(0.560148 -0.0659913 -5.84359e-19)
(2.17551 -0.506221 2.09809e-20)
(1.73958 -0.238983 -2.29834e-20)
(-0.0565894 0.0835507 -9.10311e-20)
(0.362073 -0.349652 -3.97944e-19)
(-0.0777254 0.107086 1.55248e-19)
(-0.279293 0.324425 0)
(0.771629 0.704492 2.55964e-20)
(0.920873 -0.235177 -2.61131e-19)
(-0.0995344 -0.0601819 1.26777e-22)
(0.573633 -0.149982 0)
(0.626767 0.589014 -2.98942e-20)
(0.465325 -0.452095 3.1166e-19)
(-0.23433 0.303339 5.29171e-22)
(0.392768 0.37852 -3.91457e-19)
(1.98493 0.687636 0)
(2.15963 -0.376719 2.69437e-19)
(-0.203665 0.262568 0)
(-0.26516 0.382686 -1.20329e-19)
(-0.101547 0.149631 6.97194e-20)
(0.412037 0.387686 3.0662e-19)
(0.802569 0.734614 -2.78556e-19)
(-0.158944 -0.259721 1.81402e-19)
(-0.0766044 0.117122 -1.5918e-19)
(-0.247118 -0.282844 -1.75958e-19)
(0.820669 0.313218 0)
(-0.254098 0.242479 -9.36207e-20)
(0.446426 -0.407107 3.24858e-19)
(-0.0668218 -0.0448349 -1.53276e-19)
(1.27185 0.236426 -1.92925e-19)
(-0.00883561 0.0121544 5.35564e-20)
(0.7878 0.726344 0)
(0.708817 0.662598 0)
(0.856714 0.770633 -2.34387e-19)
(0.893315 0.801506 7.5965e-20)
(1.41822 -0.825782 -1.58634e-19)
(-0.291074 0.292992 -2.39162e-21)
(0.905236 0.448513 0)
(-0.159595 0.197621 -5.22775e-20)
(1.49966 0.985149 -2.52396e-19)
(1.09019 -0.283891 1.22001e-19)
(1.51563 -0.478709 0)
(0.410679 -0.376826 3.85965e-21)
(1.94703 -0.373925 -4.64573e-20)
(-0.304409 0.369524 -1.51335e-19)
(-0.191728 0.368839 0)
(-0.0161558 0.0234609 -2.37333e-19)
(0.87045 0.77719 1.02525e-19)
(0.807411 0.443756 1.24614e-19)
(-0.0127822 0.0175301 -2.95613e-19)
(0.539706 -0.525019 0)
(1.58372 -0.454922 0)
(-0.028447 0.0414364 8.86308e-20)
(0.322073 -0.290518 -5.87538e-19)
(-0.270511 -0.318741 -1.13644e-19)
(-0.985777 -0.44023 -4.05509e-19)
(0.537265 -0.122389 3.2636e-19)
(-0.0201228 0.0336909 9.68752e-20)
(0.938906 0.826283 0)
(-0.306707 0.219521 1.48901e-19)
(-0.0213947 0.00492549 -9.86589e-20)
(-0.0119174 0.0136144 4.50486e-20)
(0.388518 -0.335924 1.92071e-19)
(0.0213712 -0.0609702 -1.85325e-19)
(0.66708 -0.178318 3.19502e-19)
(-0.00608058 0.00633512 -4.98335e-20)
(-0.468046 0.11289 -1.96696e-19)
(0.761857 0.313962 0)
(1.93948 -0.218991 7.42046e-21)
(-0.34919 0.29437 1.39446e-19)
(0.978869 0.820291 2.99623e-19)
(-0.388767 -0.366818 2.47425e-19)
(0.994158 0.874688 -7.86962e-21)
(2.03665 -0.37711 -5.71477e-21)
(-0.0265492 0.0382189 1.46245e-19)
(1.17049 -0.292389 -3.66859e-21)
(-0.0996602 -0.504256 1.56264e-19)
(-0.0279704 0.0474095 1.44342e-19)
(-0.0172353 0.00408028 1.75083e-19)
(-0.0437454 0.00108322 -1.74356e-19)
(-0.114221 -0.0676744 1.64784e-19)
(1.14765 -0.287918 1.01523e-19)
(1.10203 0.94884 2.44331e-21)
(2.05072 -0.302525 1.11954e-20)
(-0.0402017 0.0639279 1.94249e-19)
(0.62679 -0.139756 0)
(1.2084 -0.451002 0)
(-0.254186 0.313167 0)
(1.107 0.8269 2.04548e-19)
(1.688 -0.798573 -3.29409e-20)
(0.0105146 0.0881291 -1.11229e-19)
(-0.0401403 -0.0510616 1.65129e-19)
(-0.0289361 0.0458957 0)
(1.69887 -0.218153 6.40931e-20)
(0.450254 0.425624 -5.55448e-19)
(-0.166334 0.295067 -1.31672e-19)
(-0.144668 -0.0818291 -1.49992e-19)
(-0.327302 0.201728 2.04649e-19)
(2.00047 -0.35238 0)
(1.36212 1.0232 -1.89403e-21)
(-0.130186 -0.0747057 -7.39125e-20)
(0.476877 -0.105197 0)
(0.606941 -0.0596214 -3.36306e-19)
(1.07092 0.874755 0)
(-0.569453 -0.00772231 1.73766e-19)
(-0.12036 -0.0659834 1.43533e-19)
(0.950759 0.826354 -1.23545e-19)
(-0.123545 -0.0720195 7.06337e-20)
(0.457621 -0.0609996 -2.03169e-19)
(1.01978 0.87739 0)
(0.480397 -0.454599 -7.65912e-20)
(0.881678 0.749974 1.5603e-19)
(0.496825 -0.431943 -2.9631e-19)
(1.08728 0.931521 0)
(0.294613 0.0781828 -4.85099e-20)
(-0.637013 -0.0845714 1.51125e-19)
(1.16738 0.964699 9.38689e-21)
(-0.245313 0.34434 -2.10014e-19)
(1.35279 1.0111 2.71816e-20)
(1.68453 -0.662124 2.01922e-20)
(-0.0251511 0.0295956 1.90972e-19)
(0.645813 -0.0956973 -1.40113e-19)
(1.79207 -0.149711 0)
(1.17769 0.963381 6.15083e-20)
(2.05679 -0.192907 0)
(0.807864 -0.237984 2.23386e-19)
(-0.598569 0.0145687 -3.10603e-19)
)
;

boundaryField
{
    frontback
    {
        type            empty;
    }
    Top
    {
        type            noSlip;
    }
    outlet
    {
        type            zeroGradient;
    }
    bottom
    {
        type            noSlip;
    }
    Inlet
    {
        type            fixedValue;
        value           uniform (1 0 0);
    }
    rectangle
    {
        type            noSlip;
    }
}


// ************************************************************************* //
