/*--------------------------------*- C++ -*----------------------------------*\
| =========                 |                                                 |
| \\      /  F ield         | OpenFOAM: The Open Source CFD Toolbox           |
|  \\    /   O peration     | Version:  2306                                  |
|   \\  /    A nd           | Website:  www.openfoam.com                      |
|    \\/     M anipulation  |                                                 |
\*---------------------------------------------------------------------------*/
FoamFile
{
    version     2.0;
    format      ascii;
    arch        "LSB;label=32;scalar=64";
    class       volVectorField;
    location    "10.5";
    object      U;
}
// * * * * * * * * * * * * * * * * * * * * * * * * * * * * * * * * * * * * * //

dimensions      [0 1 -1 0 0 0 0];

internalField   nonuniform List<vector> 
2186
(
(1.30184 -0.106904 1.63684e-19)
(1.5992 -0.932763 -1.10455e-19)
(1.44743 -0.910758 -8.75693e-22)
(0.738996 -0.581696 -1.16363e-19)
(-0.548329 0.643568 -2.40537e-19)
(1.05284 0.0506581 0)
(0.718593 -0.664749 0)
(-0.300989 -0.536633 1.24551e-19)
(1.48766 -0.262008 2.01613e-19)
(0.552572 -0.308352 -2.28711e-21)
(0.67785 0.613466 0)
(0.825638 -0.279187 -1.47579e-19)
(-0.384262 -0.658102 -5.07404e-20)
(1.16768 0.0180835 -2.8789e-19)
(1.78654 -0.682488 -1.16379e-19)
(1.01108 -0.00768668 1.35388e-19)
(0.984605 0.00520362 0)
(-0.688346 0.456583 0)
(1.06817 0.0114315 0)
(-0.0489131 0.273054 -8.61564e-20)
(0.489829 0.0996253 -9.42935e-20)
(-0.230853 0.173711 1.17128e-19)
(1.14907 0.0315088 2.37682e-19)
(-0.220174 -0.00318924 4.23047e-21)
(1.01889 0.0114609 -1.87058e-19)
(0.790378 -0.558907 0)
(0.762487 -0.0272395 1.16426e-19)
(0.609889 -0.590518 -1.30483e-19)
(1.21998 0.715951 0)
(0.983123 0.0216704 -2.55271e-19)
(-0.00138773 0.051739 0)
(1.025 -0.00601329 8.8356e-21)
(0.0132425 0.329811 0)
(2.22369 0.263535 1.79464e-19)
(-0.117966 -0.133798 2.78092e-21)
(1.55099 0.780581 2.67112e-22)
(1.64239 0.151465 1.02997e-19)
(0.517427 0.148548 -2.79672e-19)
(1.95532 0.25308 -4.56777e-19)
(1.05365 0.0329239 2.69653e-22)
(-0.453062 -0.712512 0)
(-0.194297 0.154394 0)
(1.85853 -0.874938 9.72709e-20)
(-0.440582 0.211836 0)
(1.11266 0.290009 1.13686e-19)
(0.596644 -0.290552 2.31349e-19)
(0.913429 -0.779141 0)
(1.17995 -0.789008 7.34561e-20)
(2.08328 -0.622586 0)
(-0.386997 0.698729 2.64507e-19)
(0.0153013 0.11956 1.27394e-19)
(0.629126 0.580592 5.71881e-20)
(2.05081 -0.758595 1.24762e-19)
(0.600321 0.281461 -2.22559e-19)
(-0.253946 0.180004 4.38104e-20)
(0.762349 -0.651288 0)
(1.64533 -0.958857 1.78152e-20)
(0.581117 -0.542206 0)
(2.39205 0.19944 1.41674e-19)
(1.14109 -0.18924 -2.65364e-19)
(1.37467 -0.102704 9.67953e-20)
(1.35603 0.297683 -1.16242e-19)
(1.3443 0.532787 0)
(1.06143 0.043532 -2.95431e-22)
(1.36191 0.381921 -6.19067e-20)
(1.24743 -0.736803 -9.65939e-20)
(1.1787 0.665521 3.50229e-20)
(0.684839 0.0717061 -4.51045e-19)
(0.81759 0.0557668 0)
(2.09041 -0.208743 -7.28065e-20)
(-0.272072 -0.607107 -1.45179e-19)
(1.68056 -0.501484 -8.92964e-20)
(0.727168 -0.0359441 -1.98942e-19)
(0.875806 -0.519767 0)
(0.827177 0.17559 -7.21457e-20)
(0.548778 -0.509922 -2.39395e-19)
(2.04951 -0.385452 0)
(1.00383 0.0129715 2.80874e-19)
(-0.102225 -0.208531 0)
(2.0274 0.427132 0)
(0.988247 0.321554 1.70595e-19)
(0.949274 0.0505125 -1.33491e-21)
(1.03781 0.00701449 3.1081e-20)
(1.31971 0.415233 1.67768e-20)
(0.974669 0.0135727 3.25642e-19)
(1.03923 0.0285601 -7.71913e-21)
(0.67332 0.178699 -2.68254e-19)
(1.07266 0.0326884 6.58189e-23)
(0.452747 0.0117706 0)
(-0.0688719 -0.0303761 1.05597e-19)
(0.860459 -0.62528 -1.26072e-19)
(-0.0824054 0.55213 -2.12849e-21)
(1.09675 -0.0807601 1.88764e-19)
(0.809603 -0.178109 0)
(0.993348 0.0271136 3.11414e-20)
(1.37766 0.648787 0)
(1.60947 -0.946201 0)
(1.30905 0.226927 0)
(-0.540691 0.72156 0)
(0.7903 -0.666592 2.27199e-19)
(0.777995 -0.0904747 -4.68651e-19)
(0.95861 0.163689 3.2317e-19)
(1.5128 0.190245 0)
(1.10184 -0.108539 -1.72573e-19)
(1.08286 0.023554 1.39615e-19)
(0.0348846 0.641804 1.66485e-19)
(0.641432 0.515314 0)
(2.1728 -0.150301 -1.44505e-19)
(0.964114 -0.478441 6.31799e-20)
(-0.997774 0.236738 1.31833e-19)
(1.76201 0.296189 1.55075e-19)
(-0.302876 0.762252 -3.75314e-19)
(0.810895 -0.737771 0)
(0.571673 0.358208 1.3431e-19)
(1.65162 -0.261916 -5.78511e-19)
(-0.586556 -0.395732 -4.77697e-19)
(1.04704 -0.113838 9.76305e-21)
(1.80633 -0.683306 0)
(-0.0929407 -0.0273441 -3.16505e-19)
(0.710481 -0.0715334 6.31728e-20)
(1.57043 0.8854 0)
(-0.284543 0.725129 -4.13507e-19)
(0.886174 0.762123 -1.95946e-19)
(-0.937093 0.267096 5.85088e-19)
(1.0274 -0.024198 0)
(1.07184 -0.109785 -1.22997e-20)
(-0.458728 0.742743 0)
(0.697794 -0.494318 -8.53617e-20)
(-0.877503 0.367244 -3.20011e-19)
(0.78443 -0.716862 0)
(0.435196 -0.272306 3.40761e-19)
(0.541926 -0.455815 2.26213e-19)
(0.408831 -0.370059 0)
(0.978311 -0.780042 -8.72527e-20)
(1.01014 0.157322 0)
(-0.113285 0.756547 -2.07485e-19)
(0.809479 -0.698223 1.06705e-19)
(2.37121 -0.2505 3.24292e-19)
(2.21905 0.115732 0)
(-0.0440411 -0.12374 0)
(0.684428 0.635396 -2.35347e-19)
(1.77444 -0.626744 2.4191e-20)
(-0.178938 -0.258966 0)
(0.979358 -0.805673 -9.73406e-21)
(1.13094 -0.0934913 0)
(1.08986 -0.137625 3.01616e-19)
(2.08158 -0.168667 -1.40733e-19)
(-0.585939 0.63367 0)
(1.21537 -0.557397 -3.81144e-20)
(-0.200232 0.398158 -5.46891e-20)
(-0.303572 0.682935 0)
(1.08924 -0.813867 1.20323e-20)
(1.00588 0.00730569 -4.69316e-19)
(0.651441 -0.479229 -8.44662e-21)
(0.817895 -0.516965 0)
(1.19703 -0.734873 -6.26662e-20)
(0.662518 0.24164 2.08496e-19)
(1.24963 0.0931747 0)
(1.52081 0.0958697 -7.36472e-20)
(1.19146 -0.854567 -1.15347e-19)
(-0.0352404 -0.105711 -1.16613e-19)
(-0.14246 -0.506978 -2.48407e-19)
(1.06811 0.00151456 1.73794e-19)
(0.920965 -0.463694 -7.94519e-20)
(1.07147 0.0212756 -6.09363e-23)
(1.08374 0.0078921 -1.96849e-21)
(0.728483 -0.11456 1.31633e-19)
(-0.226545 -0.0100946 -2.8773e-19)
(1.05856 -0.0772419 0)
(1.20358 -0.184962 3.755e-20)
(1.44978 0.652528 6.18502e-20)
(0.808445 -0.615976 -1.6572e-19)
(0.998638 0.00904333 9.62712e-21)
(0.721347 -0.531922 2.34718e-19)
(1.31122 0.803143 6.40362e-20)
(1.88089 0.026866 3.04487e-20)
(-0.638132 0.531546 0)
(1.05983 0.0544162 -1.79358e-19)
(-0.961907 -0.286593 -3.66975e-19)
(1.07426 0.491562 5.73894e-20)
(0.0615158 -0.0969408 1.73821e-19)
(1.12289 0.0232711 -3.31744e-20)
(-0.148186 0.254875 -2.0826e-19)
(1.30589 0.585157 -4.25534e-20)
(1.13976 0.886125 0)
(-0.686394 0.536726 -1.23525e-19)
(-0.233365 -0.0959919 0)
(0.655384 0.567474 -2.12204e-19)
(2.05621 0.207963 -3.17661e-20)
(-0.528779 -0.654762 1.73027e-19)
(-1.02747 0.179506 -8.0694e-19)
(0.730865 0.0741831 1.97871e-19)
(2.14708 -0.250719 -6.28235e-20)
(0.978885 -0.340958 -2.34065e-20)
(-0.00457739 -0.0208769 0)
(-0.711238 -0.130497 1.59306e-19)
(1.33183 0.973456 2.85703e-20)
(0.841436 0.0687876 -1.06873e-19)
(0.5553 0.522377 1.46379e-19)
(0.440736 0.187182 0)
(-0.0314394 -0.749995 -2.6237e-19)
(-0.155105 0.108791 2.38466e-20)
(1.28675 -0.951304 8.26432e-23)
(0.983649 -0.0268378 -1.46187e-19)
(-0.160332 -0.137483 7.14951e-21)
(-0.264825 0.336181 1.96136e-19)
(-0.337192 -0.105393 -2.07429e-19)
(1.7894 -0.684956 0)
(1.10897 0.0499974 -2.39098e-19)
(2.12023 -0.166224 2.094e-19)
(1.27224 -0.625089 6.3152e-20)
(0.713169 0.0449202 4.74087e-21)
(0.598591 0.337361 0)
(0.943656 0.750365 -1.13932e-20)
(0.682171 0.627861 1.32826e-19)
(0.898977 -0.567274 1.13999e-19)
(0.687268 0.510399 0)
(1.02142 0.00405302 6.23555e-21)
(0.881529 -0.666296 1.62283e-19)
(0.83672 0.430745 -3.50461e-19)
(1.21061 -0.114455 0)
(-0.244369 -0.22694 -3.07482e-19)
(0.0415512 0.502785 -1.28505e-19)
(1.59561 0.728404 0)
(1.33943 -0.932926 -7.07251e-23)
(-0.681382 0.495774 0)
(-0.526402 0.724518 1.52461e-19)
(0.735728 0.655092 -7.29594e-20)
(0.840461 -0.20791 0)
(-0.231705 -0.13348 0)
(1.59627 -0.457017 0)
(-0.400982 -0.388374 4.02467e-19)
(1.20418 -0.879827 7.58334e-20)
(1.17563 -0.611625 4.2328e-20)
(1.0468 -0.190574 -1.20635e-19)
(0.876649 -0.695181 -1.27192e-19)
(0.186828 -0.190844 0)
(-1.25352 -0.0401051 0)
(1.00256 -0.514964 1.30371e-19)
(-0.0986466 -0.215807 0)
(-0.371194 0.718439 0)
(-0.572999 -0.360981 4.06627e-19)
(0.791759 0.67277 6.33045e-20)
(1.01326 0.793277 0)
(0.698053 0.561008 -6.51044e-20)
(0.828872 -0.038607 -1.77408e-19)
(0.746111 0.569533 -1.73189e-19)
(0.590984 0.551712 -1.26039e-19)
(-0.20815 -0.574868 2.89463e-21)
(0.716828 -0.644313 0)
(0.898638 0.172701 -2.49572e-19)
(-0.344852 -0.726866 6.74881e-20)
(0.601803 0.558987 2.78022e-19)
(0.956309 0.796274 0)
(-0.657709 -0.154009 3.91907e-19)
(-0.0613163 -0.414448 3.51541e-19)
(-0.00829322 -0.34954 -1.77888e-19)
(0.66571 0.576029 -1.13203e-20)
(0.978696 -0.0110148 4.53875e-20)
(-0.480247 -0.71949 0)
(2.28216 0.0847245 -3.33603e-19)
(1.38574 -0.50965 -7.39016e-20)
(0.651271 -0.603966 -5.78236e-20)
(-0.601755 0.213063 2.04234e-20)
(1.19221 0.458611 1.2113e-19)
(0.881853 0.419611 0)
(1.05465 -0.172516 1.4568e-19)
(0.147881 -0.573906 -9.96602e-21)
(-0.0572335 0.13935 4.8315e-19)
(0.927675 0.014445 -4.01348e-20)
(1.13881 0.123865 0)
(1.90502 -0.0313637 -3.21643e-19)
(1.92851 0.0517392 0)
(0.551995 0.261903 -3.68544e-19)
(-0.276584 0.394908 0)
(-0.245026 -0.526761 2.84862e-19)
(0.731306 0.110601 0)
(0.620962 -0.513891 -1.45176e-19)
(1.11566 0.017947 1.59256e-19)
(-0.581986 0.649343 5.74765e-20)
(1.90475 -0.100262 -1.0089e-20)
(2.0931 -0.258074 -1.48019e-19)
(1.11449 0.237881 -1.60821e-19)
(-0.377721 -0.777445 -1.35852e-19)
(1.0688 -0.848339 0)
(0.805086 0.0158077 -1.15891e-19)
(0.930834 -0.369009 -2.25383e-19)
(1.71298 -0.569438 -1.01023e-20)
(1.72218 0.0374941 2.97191e-19)
(1.06029 -0.00304509 2.88037e-19)
(0.175095 -0.597036 -1.79933e-19)
(0.992105 -0.43339 -9.5211e-20)
(0.196809 -0.189488 2.058e-19)
(1.00607 -0.00124819 0)
(1.00699 -0.00413369 0)
(1.25315 -0.703932 9.31738e-21)
(-0.0260666 0.742328 -1.40142e-19)
(0.180823 -0.119005 -1.52897e-19)
(1.45368 -0.17772 2.22293e-20)
(1.39963 -0.646745 0)
(2.16796 -0.274524 -1.38879e-19)
(0.936236 -0.815173 -4.63657e-20)
(1.7863 -0.552932 -9.42216e-20)
(1.10633 0.83568 0)
(0.472598 -0.45438 0)
(0.608293 0.525773 -1.37209e-19)
(1.09392 0.284178 -2.92376e-19)
(2.22206 -0.245113 4.80758e-22)
(0.862028 0.15263 1.0766e-19)
(0.157458 -0.662585 -5.76773e-19)
(0.941531 0.0891253 -9.10626e-21)
(-0.269807 -0.562523 0)
(-0.0471627 -0.127085 0)
(-0.631044 -0.575092 0)
(1.33569 -0.726067 -4.12367e-20)
(-0.320351 0.697633 -2.92255e-19)
(-0.116457 0.27021 0)
(1.29143 0.974946 -4.55433e-21)
(1.11146 0.160533 -3.08374e-19)
(1.36553 0.409486 -3.11399e-20)
(1.08031 0.921006 3.38909e-20)
(-0.2525 0.787257 1.93416e-19)
(0.702763 0.0648275 0)
(-0.639237 -0.4762 -3.65343e-19)
(-0.380857 0.788829 3.61123e-19)
(0.778973 0.0293833 1.45346e-19)
(1.53874 0.947933 6.20986e-20)
(1.13413 -0.023511 -7.23122e-21)
(-0.140446 0.529615 -2.97933e-21)
(0.742223 -0.678606 -2.7029e-20)
(1.20226 0.0111281 0)
(1.72389 0.0165026 0)
(1.06359 0.0469364 0)
(-0.271982 0.256121 -5.76276e-20)
(-0.554843 -0.598417 1.39173e-19)
(1.04624 0.842047 0)
(0.996737 0.00273134 3.9295e-19)
(0.767744 0.610551 -1.72139e-19)
(-0.837306 0.0504267 -9.87522e-20)
(0.858315 0.0170815 -3.22626e-20)
(0.712786 -0.651727 -1.64724e-19)
(1.39502 0.710734 -1.01744e-20)
(0.562953 -0.449316 -2.36044e-19)
(1.09555 0.000732563 -3.50436e-19)
(0.831474 0.0417495 3.40198e-20)
(1.54437 -0.175901 3.2386e-20)
(0.752604 -0.0528219 -4.30454e-20)
(-0.0302804 -0.0517461 -2.05513e-22)
(1.07941 0.46973 -1.92589e-19)
(1.335 0.61884 1.08174e-19)
(-0.119444 -0.362477 0)
(0.0901783 -0.606399 2.16255e-19)
(-0.341256 -0.293497 1.29035e-19)
(-0.216557 -0.0632848 -1.46795e-19)
(0.484537 0.325976 0)
(1.28108 -0.587382 0)
(0.0193196 -0.00806511 -1.76144e-19)
(-0.263475 -0.789387 -7.98377e-20)
(1.04734 -0.0241892 1.38559e-19)
(-0.58172 0.543645 -5.66191e-20)
(1.694 -0.691519 -4.73832e-19)
(0.0116472 0.760527 0)
(0.829034 -0.736536 -2.173e-19)
(0.665525 0.0438095 7.82166e-20)
(-0.559077 -0.396444 2.23042e-19)
(0.724605 0.159775 2.6101e-19)
(0.631047 0.141818 8.53874e-20)
(0.501549 -0.474955 1.60617e-19)
(-0.20096 -0.335978 -1.5115e-19)
(1.1498 0.0274938 0)
(0.400607 0.356024 -1.55638e-19)
(1.02429 -0.0105767 -2.20954e-19)
(-1.12871 0.139426 3.13715e-19)
(1.42252 0.481732 -5.29187e-20)
(-0.122803 -0.294956 -5.70719e-20)
(0.680366 -0.621121 -1.115e-20)
(0.816788 0.182035 -1.60538e-19)
(0.971747 0.428344 1.68114e-20)
(1.12235 -0.157421 2.57002e-20)
(0.607084 -0.227932 -2.42711e-19)
(1.98962 -0.358324 -1.98851e-19)
(0.703089 -0.160351 0)
(1.07021 0.298692 -3.25634e-20)
(1.47047 0.233743 -1.96696e-20)
(1.13166 -0.326356 1.6752e-19)
(0.951069 0.355074 -2.37169e-19)
(1.02887 0.0678337 2.6547e-21)
(0.425019 0.39675 -1.99502e-19)
(-0.148371 0.309523 3.71654e-19)
(1.96629 -0.174727 0)
(0.945872 -0.000216896 0)
(0.866874 -0.767843 3.9567e-20)
(-0.0485302 -0.521056 -3.84536e-19)
(-1.19031 -0.0452723 -3.79662e-19)
(-0.0471222 -0.0880489 -2.46902e-19)
(-0.459411 0.688948 -2.44107e-19)
(-0.400044 -0.471823 0)
(-0.0315351 -0.0854302 4.42416e-20)
(0.330908 0.600732 -1.26749e-19)
(-0.297696 0.383507 -4.489e-19)
(0.794451 -0.106186 0)
(1.29401 -0.387941 2.57236e-20)
(-0.321935 -0.352091 0)
(1.01348 0.0224319 2.81231e-19)
(-0.0636308 -0.607973 2.66317e-20)
(0.539031 -0.421143 3.16358e-19)
(-1.02649 -0.339408 6.08177e-19)
(-1.44519 0.0980035 0)
(0.339669 0.683196 1.59002e-19)
(1.01616 0.0167449 -8.46216e-21)
(-0.225411 -0.0923513 0)
(1.00024 -0.00870451 -4.39222e-20)
(0.857305 -0.726169 -2.12734e-19)
(1.28428 -0.715747 0)
(0.937044 -0.25946 1.59788e-19)
(0.199137 0.64914 3.45431e-19)
(0.00373195 0.00582827 0)
(-0.114669 -0.665551 -7.83236e-21)
(0.724804 -0.633779 -3.29768e-19)
(0.972859 -0.0308422 -2.01619e-19)
(-0.0467116 -0.636481 4.75291e-19)
(-0.166275 -0.453047 1.74639e-19)
(-0.347537 -0.543787 0)
(0.955582 0.479581 0)
(-0.473053 -0.598365 2.88282e-19)
(2.11434 0.217224 -2.42347e-19)
(1.07487 0.894699 1.03561e-20)
(1.06658 0.219816 -9.25313e-20)
(1.12277 0.00625602 -1.67226e-19)
(1.06474 -0.0717032 -5.75754e-20)
(-0.00191515 -0.689522 -4.40008e-19)
(1.83517 -0.0257866 4.73617e-19)
(0.728729 0.0264958 1.49335e-19)
(1.82927 -0.0273905 1.38577e-19)
(1.02531 -0.17502 0)
(0.113943 0.396085 3.34507e-19)
(1.10456 0.030275 -3.81328e-19)
(1.75074 0.624421 -3.80172e-20)
(0.740462 -0.453325 -1.27677e-19)
(-0.0706052 -0.0179544 2.36755e-19)
(0.794116 -0.698302 2.81711e-19)
(1.2368 0.201803 5.03591e-20)
(1.00266 -0.00410559 1.94694e-19)
(0.213027 -0.711141 -2.01491e-19)
(1.04212 0.0140953 0)
(1.32479 0.132306 -1.385e-19)
(-0.00461656 0.0026979 0)
(1.02307 0.0104807 -1.14564e-19)
(-1.16944 -0.416178 -4.2782e-19)
(1.70191 0.32111 -6.84577e-21)
(-0.511014 -0.271218 1.72098e-19)
(1.62464 0.0439944 -4.29413e-20)
(1.01234 -0.0193591 4.01575e-20)
(1.31713 -0.0989 0)
(1.44042 -0.611597 -7.04552e-20)
(1.03449 0.0307708 -1.18133e-19)
(1.44988 0.791921 1.01471e-20)
(1.38092 -0.0479687 0)
(1.03807 -0.0426221 1.92768e-22)
(0.0244157 -0.00931362 0)
(1.37685 0.0336839 0)
(-0.523391 -0.668482 0)
(1.2385 0.440915 0)
(1.90031 0.287305 7.45335e-20)
(0.741532 0.620678 3.01332e-19)
(0.291809 -0.293562 -1.90138e-19)
(-0.218615 -0.700667 -4.23268e-19)
(-0.00228765 -0.0210098 0)
(1.3163 -0.410631 5.50983e-20)
(1.35172 0.51922 0)
(1.46496 0.291069 0)
(-0.694096 -0.435666 1.63257e-19)
(0.806957 0.712495 8.86246e-20)
(1.69655 -0.0343013 0)
(-0.41294 -0.589395 9.68375e-20)
(0.906161 0.218989 1.46466e-19)
(1.23321 -0.26407 -3.43588e-20)
(1.24427 0.927107 2.08041e-20)
(0.912831 -0.821643 -1.64768e-20)
(0.407412 -0.0721314 -3.86418e-20)
(0.793153 0.716091 8.92347e-20)
(1.18074 0.925681 0)
(1.73509 -0.424829 9.91808e-20)
(1.43492 0.894831 0)
(1.20329 -0.221529 1.0356e-20)
(0.971619 0.100959 2.44268e-19)
(1.01008 -0.0014379 0)
(0.203811 0.47506 2.32988e-19)
(0.87728 -0.160839 3.73249e-20)
(0.628924 -0.405544 0)
(0.66814 -0.377884 1.69931e-19)
(1.24316 0.557245 -2.16169e-20)
(0.477368 0.452095 2.13629e-19)
(-0.344607 0.479724 5.31911e-20)
(0.131682 0.0356793 1.28178e-19)
(0.791895 0.0564991 0)
(1.31482 -0.896173 -1.98391e-20)
(1.04859 -0.0455192 3.07463e-19)
(1.50851 0.323327 1.87908e-19)
(-0.454075 -0.627645 8.40264e-20)
(-1.06968 -0.32266 0)
(1.18678 -0.240255 -8.15664e-20)
(0.0059853 0.00359422 -2.0356e-19)
(0.351008 0.411519 -5.58022e-20)
(-0.131851 0.0326936 -5.16104e-22)
(-0.209826 0.0904653 3.88316e-19)
(1.09136 0.0368478 -6.21885e-22)
(2.35636 -0.00387513 4.46764e-19)
(1.19898 0.460733 -1.95334e-19)
(0.968692 -0.0249846 0)
(1.84271 -0.0248214 3.10059e-19)
(1.81974 0.158964 1.32518e-19)
(0.906469 -0.763843 1.01781e-19)
(1.14545 -0.965267 -6.1628e-21)
(0.480437 0.447375 1.41633e-19)
(1.73333 0.715927 0)
(1.77015 0.580457 6.96688e-20)
(0.00375819 -0.00496221 -4.14815e-19)
(0.883909 0.770256 0)
(1.07129 -0.0930789 0)
(0.292888 -0.292546 -3.73291e-21)
(0.333234 0.315368 0)
(-1.31487 -0.154076 -5.57558e-19)
(-0.432916 0.654638 -1.59976e-19)
(1.73178 -0.415437 0)
(1.30651 0.0381926 4.51694e-20)
(-0.742988 0.077523 3.20403e-19)
(0.53294 -0.506507 -3.61335e-19)
(1.89618 -0.074759 -5.28849e-20)
(0.610114 -0.55434 0)
(1.05076 0.111452 0)
(1.36485 -0.225199 0)
(1.11243 0.239158 -1.69315e-19)
(1.30617 0.105094 2.36184e-19)
(-1.16568 0.25224 0)
(0.859807 -0.0580676 0)
(1.71692 -0.10748 1.84371e-20)
(-0.107918 0.273719 1.33857e-19)
(2.24805 -0.290883 -2.78231e-19)
(1.05347 -0.505156 2.14178e-19)
(1.71528 -0.100429 -2.80336e-19)
(-1.24141 0.0624003 -2.61089e-19)
(1.9415 0.0517358 -2.63123e-19)
(1.00265 -0.0280186 3.17456e-19)
(1.52921 0.605831 0)
(-0.442573 0.725747 4.25295e-20)
(0.996497 -0.824976 1.18031e-19)
(0.851715 -0.0109593 3.77108e-20)
(0.63308 -0.428845 0)
(1.89279 -0.538288 1.07894e-20)
(1.2025 -0.19122 1.05199e-19)
(1.21856 -0.30351 0)
(0.60392 -0.561462 3.22181e-19)
(0.537256 -0.0413789 -4.34943e-20)
(2.22256 -0.383221 5.49628e-19)
(-0.159635 0.431269 -2.78313e-19)
(1.34079 0.621257 8.16465e-20)
(1.14917 0.405159 2.58932e-21)
(0.900705 0.379068 1.7143e-19)
(2.00094 0.298268 -2.4253e-19)
(-0.0194475 -0.739585 -8.1955e-21)
(1.04769 -0.198978 0)
(-0.15452 -0.100742 3.91456e-19)
(1.08 -0.939318 0)
(1.06086 -0.656894 1.56077e-20)
(1.5212 0.138622 -7.75294e-19)
(1.08722 -0.0167615 -1.32019e-21)
(-0.812702 -0.286631 -5.15454e-19)
(0.988012 0.490032 1.28348e-19)
(0.269 0.430396 6.39511e-20)
(0.724692 -0.0359858 0)
(1.11013 -0.210257 0)
(0.995219 0.176629 1.36029e-20)
(0.746405 -0.0174595 0)
(1.35158 -0.192586 -1.08252e-19)
(-1.85705 -0.0729798 7.21034e-19)
(1.92661 0.493998 7.85624e-20)
(1.05684 -0.0237062 0)
(0.550631 -0.34516 8.34822e-20)
(1.02627 0.0280159 1.51203e-19)
(1.11139 0.950757 -1.01294e-19)
(-0.450164 0.621355 0)
(1.10427 -0.47965 3.55467e-19)
(1.02337 -0.135665 -2.24413e-22)
(1.0898 -0.494892 -1.55e-19)
(2.3642 0.168619 2.57362e-19)
(1.29737 0.794554 0)
(0.875335 0.0250141 0)
(-0.544101 -0.616404 -2.13467e-19)
(0.0153221 -0.00573119 1.98159e-19)
(0.944283 0.371103 -1.55953e-19)
(0.401642 -0.588942 -1.80201e-19)
(0.651497 0.419665 1.90807e-19)
(0.981291 -0.0411083 0)
(0.53542 -0.49843 0)
(1.16357 0.0141492 1.42038e-21)
(1.21958 -0.506347 -6.879e-20)
(0.633497 0.0179204 1.43554e-20)
(0.729008 -0.148517 9.46667e-20)
(-0.057763 0.142411 -3.5439e-19)
(1.56522 -0.0190014 3.67918e-19)
(0.660409 0.616552 0)
(1.28186 0.699089 0)
(1.58757 0.245642 0)
(-0.515459 -0.469506 -2.15663e-19)
(1.27149 0.567356 2.72881e-19)
(1.92843 0.137652 5.15977e-20)
(0.987967 -0.00295524 0)
(1.07492 -0.00609624 0)
(2.03236 -0.0928349 -3.72841e-19)
(1.07951 0.708928 1.13253e-19)
(0.999985 0.00755451 -1.51147e-19)
(1.49087 0.472425 0)
(-0.319425 0.629492 0)
(1.24473 0.319136 1.97861e-19)
(1.02578 0.533291 -9.30187e-20)
(1.05852 0.027015 0)
(2.00323 0.492427 0)
(2.00535 0.676997 -4.12985e-19)
(-0.106948 0.674421 -6.35119e-21)
(1.00073 0.00714469 0)
(0.710965 0.484263 -2.57524e-20)
(0.92702 -0.817865 0)
(1.0113 0.0175687 3.50775e-20)
(1.14834 -0.101475 3.82969e-20)
(0.900985 -0.3105 2.36391e-19)
(1.15895 0.0155867 -2.87613e-20)
(2.14849 -0.104219 4.09035e-19)
(0.941411 0.137689 5.33314e-20)
(0.747355 -0.0338554 0)
(1.00587 0.0165388 0)
(-0.837904 -0.472377 0)
(0.664763 0.636339 -1.33426e-19)
(-0.0285872 0.0767214 2.39043e-19)
(1.16991 0.351244 -3.1981e-19)
(-0.73676 0.502775 0)
(0.829919 0.648826 1.2508e-19)
(1.0034 -0.325885 0)
(1.00331 0.00670709 8.86484e-20)
(0.749468 0.590318 6.08479e-20)
(1.03338 0.406923 1.8506e-19)
(1.69827 -0.0199395 0)
(2.15779 0.151142 -1.10613e-19)
(0.818008 -0.104816 -2.85808e-19)
(-1.24954 -0.12958 -7.2901e-19)
(1.28096 0.692984 0)
(0.874894 0.2413 1.3568e-19)
(2.11201 -0.0935076 0)
(0.776996 0.531549 2.76177e-19)
(-1.74847 -0.0750452 2.83926e-19)
(-0.0615762 0.154375 0)
(0.591248 0.563803 -5.27934e-20)
(1.02395 -0.644646 -1.09771e-19)
(0.477639 -0.239925 -1.00357e-19)
(1.01584 -0.0129366 0)
(-0.45799 0.268628 -3.41312e-19)
(0.636401 -0.567475 6.40315e-20)
(0.901251 0.290377 0)
(1.44643 -0.581003 4.34199e-20)
(0.983799 0.836428 1.58925e-20)
(1.17611 -0.0463106 -2.90327e-20)
(0.177719 -0.209551 -2.72298e-19)
(0.229019 -0.019882 -4.55736e-19)
(-0.0700801 -0.192433 1.06611e-20)
(0.817136 0.366444 1.89458e-19)
(-0.345343 0.723029 -7.26999e-21)
(1.4075 -0.650756 3.31528e-21)
(1.01168 0.00423207 -2.62099e-19)
(-0.634513 -0.409791 0)
(1.03737 0.0280405 -3.06942e-19)
(2.13443 0.440022 2.01646e-19)
(0.888273 0.693721 2.03882e-19)
(1.08966 -0.0784316 1.20914e-19)
(0.993902 -0.0210187 1.21408e-19)
(1.08869 -0.0294158 1.22789e-21)
(-0.417168 -0.493914 -8.73911e-23)
(1.71397 -0.863147 1.48673e-20)
(1.13052 -0.110402 -5.38361e-20)
(0.868269 0.0594441 6.1136e-20)
(0.907378 -0.280269 7.01226e-20)
(0.303445 0.0594157 0)
(0.963211 0.736823 0)
(0.763355 0.417858 -7.25405e-20)
(2.04332 0.201151 -4.62804e-20)
(-1.33123 -0.234637 2.66397e-19)
(1.02657 -0.540923 -3.82381e-19)
(0.615217 -0.531925 3.10313e-19)
(1.45075 0.210155 -2.09543e-19)
(0.367943 -0.594016 2.05455e-20)
(1.12986 0.0074194 0)
(0.757562 0.113127 -5.35519e-21)
(1.13388 -0.122353 -2.08141e-20)
(1.0422 0.76292 0)
(1.16489 -0.15594 0)
(0.694969 -0.184825 0)
(-0.174463 -0.352689 -6.90639e-20)
(-0.162287 0.153322 0)
(1.46735 0.806881 1.35446e-19)
(1.21282 0.184055 4.52517e-21)
(-0.764612 0.279394 1.5219e-19)
(1.16522 0.106018 1.372e-20)
(1.83182 0.472346 -1.27582e-19)
(2.09656 -0.30927 -4.24081e-20)
(-0.177676 -0.00494846 -2.76403e-19)
(-0.165221 -0.650232 5.83654e-21)
(0.671213 0.100977 0)
(0.693636 -0.0362116 0)
(0.99782 -0.00134484 3.1265e-22)
(-0.569671 -0.449432 0)
(1.51994 0.0209074 -1.35626e-19)
(0.688422 -0.0348516 0)
(1.04718 0.00399373 9.65605e-20)
(1.00257 0.0163472 -3.43513e-20)
(1.57881 -0.211203 2.24563e-19)
(1.0628 -0.0136979 -7.00501e-22)
(0.952943 -0.181686 -4.21691e-20)
(1.03111 -0.0287838 2.81539e-19)
(0.669469 -0.608438 1.43489e-19)
(-0.0145992 -0.481046 -1.08044e-19)
(0.931738 -0.0505285 1.83933e-20)
(0.0137439 0.00709209 0)
(1.13004 0.795898 0)
(1.02677 0.00410026 0)
(0.996344 -0.772703 -7.36121e-20)
(1.02816 -0.881816 6.63574e-21)
(0.90496 -0.122614 -6.9332e-21)
(0.0824535 0.684551 -6.52351e-19)
(1.14687 0.0351323 3.05479e-21)
(0.583203 -0.377801 -5.10269e-19)
(0.969603 0.104628 -5.65108e-20)
(1.15168 -0.000194118 -1.71574e-20)
(2.04887 -0.318491 1.3663e-19)
(0.60298 -0.0815221 -3.4412e-20)
(-0.343856 -0.586977 -1.45057e-19)
(1.11894 0.555423 1.34869e-19)
(-0.135791 -0.33001 0)
(0.319102 -0.590003 5.04182e-19)
(-0.0464112 -0.0703642 5.122e-23)
(1.04231 -0.0357934 2.52842e-19)
(1.0183 -0.0004819 -6.50537e-21)
(1.09209 -0.0139646 -6.9997e-20)
(1.07696 -0.0341533 1.99881e-21)
(1.62616 0.305206 1.60043e-20)
(0.397955 -0.372672 -2.52286e-19)
(0.973293 -0.0929561 1.04558e-20)
(1.03408 -0.0017076 -1.85682e-19)
(0.869892 -0.0996548 -1.89274e-20)
(1.06893 -0.0389402 0)
(1.11563 0.594028 -2.50956e-19)
(1.00556 -0.00303976 7.2609e-20)
(0.677017 0.609171 1.9713e-19)
(1.1159 0.0705956 -5.57443e-23)
(1.06128 -0.00744881 -2.27494e-20)
(1.11124 0.0178805 6.47073e-22)
(2.31954 -0.185557 2.26037e-20)
(0.319705 -0.0142451 0)
(1.053 -0.0367999 0)
(1.06896 -0.0336305 4.44911e-19)
(0.999837 -0.00854731 0)
(-0.0135913 -0.0410861 0)
(0.943272 -0.570596 0)
(0.999707 0.00072262 -4.21373e-19)
(1.15245 -0.686308 5.53624e-20)
(1.02197 -0.00689819 8.79389e-21)
(1.34815 0.957082 -7.09461e-22)
(1.53339 1.00723 -1.60877e-19)
(1.13547 0.0377623 -5.12632e-21)
(1.63406 0.573009 1.85921e-19)
(0.693832 0.155168 0)
(0.100587 0.691003 0)
(2.13728 0.0282353 5.47655e-19)
(1.16249 -0.356304 0)
(1.0007 -0.00459276 -1.305e-19)
(1.00593 0.000645722 2.53557e-19)
(1.39897 0.142163 -4.72241e-20)
(0.00636635 -0.125541 3.0156e-19)
(0.97906 0.00625959 1.36928e-19)
(0.737467 -0.0407677 7.2152e-21)
(0.746847 0.0447961 -4.05631e-21)
(1.0785 -0.0316827 1.4301e-23)
(0.904594 0.0181728 -1.37791e-19)
(1.00233 0.00101475 1.63784e-19)
(0.998475 0.000822415 9.673e-21)
(0.784557 -0.00703951 0)
(0.728159 -0.0192496 0)
(0.728001 -0.0282145 7.99693e-22)
(0.713545 -0.0287038 0)
(0.317831 -0.0124825 0)
(0.495327 0.0184556 0)
(0.615405 0.00668854 1.26173e-21)
(0.779374 0.0165538 -9.53858e-22)
(1.06168 0.0135975 0)
(1.07774 0.00119517 1.14064e-21)
(1.07011 -0.0141934 0)
(0.643225 -0.00781606 0)
(0.53544 -0.0127687 0)
(0.446805 -0.0190745 5.31709e-21)
(0.222792 0.00370903 7.58588e-20)
(0.809902 0.0206879 0)
(0.809399 0.0250634 0)
(0.950423 0.0160884 -1.70186e-19)
(0.837439 0.0088136 3.19729e-19)
(1.00555 -0.00148161 0)
(0.999434 -0.00284658 3.02068e-19)
(0.999643 -0.000905446 -3.15285e-22)
(0.814535 0.0318864 2.69879e-19)
(0.997255 -0.00827237 -1.57471e-19)
(0.786824 -0.0172487 0)
(0.557545 0.0114108 4.06e-21)
(1.00447 0.00114788 -1.52886e-19)
(1.00162 0.00333816 -2.62008e-19)
(1.06987 -0.0180959 0)
(0.996054 0.0013616 0)
(0.998057 -0.000967637 0)
(1.08855 0.0755367 3.57164e-21)
(1.15004 0.00158749 4.90633e-21)
(0.927089 -0.102817 0)
(-0.538847 0.554944 2.65883e-19)
(-0.299501 0.491681 -2.24657e-19)
(1.02552 -0.0141274 -2.02705e-19)
(-0.388243 -0.747734 -1.4484e-19)
(1.01903 0.00656144 -1.63248e-19)
(1.17557 -0.205663 -6.52153e-20)
(0.797364 -0.469973 2.36958e-19)
(-0.0288764 -0.0581428 -1.00126e-19)
(1.02225 0.0151918 0)
(1.06518 0.0022746 -4.34848e-20)
(0.86176 0.0240918 0)
(-0.023045 0.0658557 3.49517e-19)
(1.14033 -0.280322 0)
(-0.61774 -0.508453 -3.68283e-19)
(0.676377 -0.0664276 -1.21603e-20)
(1.67075 0.687209 1.11434e-19)
(-0.0402721 -0.0590206 0)
(1.0722 -0.0294814 1.37065e-19)
(1.13142 0.0274428 6.13969e-22)
(0.923804 -0.00458891 2.18764e-19)
(1.01466 -0.0122555 -1.38308e-19)
(1.68528 0.866555 9.4734e-20)
(0.525925 0.496443 0)
(0.454004 0.413102 1.62126e-19)
(1.03232 0.0630716 -1.95452e-21)
(1.14097 0.129035 1.40664e-19)
(1.08216 -0.714437 0)
(1.01762 -0.00072776 0)
(1.00069 -0.0215268 -3.18127e-19)
(1.01005 0.0174114 -3.1043e-19)
(-0.106981 -0.339051 0)
(1.22813 0.823185 -6.53684e-20)
(1.09446 0.0607001 5.9346e-23)
(1.02122 0.00427243 1.19326e-19)
(1.00717 0.0175911 -1.49915e-19)
(-0.751877 -0.400235 -3.62894e-20)
(1.11797 0.0107421 -1.04391e-20)
(1.02273 -0.0152024 5.09592e-19)
(1.06666 0.0618527 0)
(1.8746 0.658848 -1.10497e-19)
(1.01552 -0.00763196 -1.586e-19)
(1.85703 0.162471 -1.25943e-19)
(1.05693 0.0105698 -3.64089e-22)
(1.00875 0.0027085 3.18089e-20)
(2.09041 -0.218659 -3.38449e-19)
(1.01827 0.0146922 1.54053e-19)
(1.15371 -0.0424181 2.259e-21)
(1.0225 0.000473687 0)
(0.937343 0.152062 3.80162e-20)
(-0.986294 0.388394 6.12027e-21)
(0.988637 0.0217903 1.53169e-19)
(1.0297 0.0264424 -6.09276e-22)
(1.10588 0.040383 -9.13217e-22)
(1.25826 0.31878 2.6882e-19)
(1.00012 0.0181127 1.05164e-19)
(1.01857 -0.012375 6.54863e-23)
(1.75084 0.23851 4.52868e-21)
(1.78861 0.948541 -1.33774e-19)
(0.768412 -0.690757 4.18336e-20)
(0.446992 -0.31607 -2.49133e-19)
(1.0125 -0.00629834 0)
(1.02345 0.00220621 3.84318e-20)
(1.01225 -0.0108691 8.0409e-20)
(1.13064 -0.0230042 1.14129e-21)
(1.01921 0.0114064 -1.60425e-19)
(1.0361 -0.0254558 1.82693e-19)
(1.00419 -0.00693876 -1.50651e-19)
(1.00655 0.0082794 -5.03982e-22)
(1.0183 0.00693427 -1.98276e-22)
(1.02494 0.00975258 1.53345e-19)
(0.903836 0.0907111 3.96145e-19)
(1.55764 0.617139 0)
(0.840028 0.187553 3.10355e-19)
(1.00791 -0.00293756 0)
(1.02132 -0.0182045 -4.44565e-20)
(1.54223 0.445371 -2.06943e-20)
(1.63648 0.0821801 0)
(1.46075 -0.409299 -5.75507e-20)
(1.36169 0.790328 -1.96232e-20)
(0.822619 -0.0176903 0)
(2.09974 0.0178419 0)
(0.941864 0.768368 -3.9248e-20)
(1.08335 -0.00859654 -1.39324e-21)
(1.01019 0.000235587 -1.61433e-19)
(1.11142 -0.566858 -4.34844e-20)
(1.10014 0.0229828 -2.33938e-21)
(1.20615 0.0195929 0)
(1.11233 0.0649819 0)
(1.33552 0.463558 0)
(0.301484 0.553506 1.39957e-19)
(1.14377 -0.0414033 7.79029e-21)
(0.273133 0.304823 0)
(0.027904 0.583762 -4.35655e-19)
(1.70823 0.972227 -1.39186e-19)
(1.01237 -0.00609392 -3.15819e-19)
(1.11367 -0.0203637 2.12379e-21)
(1.02575 0.018872 2.08888e-19)
(0.740475 -0.0423592 0)
(-0.0832862 -0.27322 -3.07503e-20)
(0.619753 0.445799 -2.68174e-19)
(1.47738 0.575875 3.15914e-20)
(0.250407 0.615178 0)
(0.833775 0.0210349 5.64531e-20)
(0.522319 0.501512 3.96577e-20)
(1.19085 0.88569 -1.62101e-20)
(-0.0197284 0.000105947 1.50419e-19)
(1.01866 0.0236259 0)
(1.1699 -0.0453268 6.1885e-21)
(1.00446 0.00124742 1.18519e-19)
(2.38187 -0.0535619 0)
(1.02243 0.00678468 1.98841e-19)
(0.434801 -0.592202 -2.36564e-19)
(1.01456 0.0127134 -1.22817e-19)
(1.12046 -0.0874772 0)
(1.4583 -0.490613 2.42739e-22)
(1.00231 0.00124216 -8.27989e-20)
(0.985964 -0.028622 2.18731e-19)
(1.08988 0.107034 -2.86916e-21)
(1.17018 -0.0424204 -1.1868e-20)
(-0.169196 -0.0548774 3.94597e-19)
(2.06256 0.307148 2.72275e-19)
(1.19475 0.0226974 1.40643e-20)
(0.818713 0.0137094 -2.98933e-19)
(0.828092 0.0332565 0)
(1.18405 -0.0110414 9.51343e-21)
(1.0144 -0.0204693 -2.38598e-20)
(0.968865 0.0260368 0)
(1.04877 0.00676158 -1.51049e-19)
(1.14251 -0.00548681 -2.97997e-20)
(-1.61735 0.0160577 3.34252e-19)
(2.1319 -0.579093 0)
(-0.877856 -0.275983 -6.87153e-19)
(1.50785 -0.34178 0)
(1.04187 -0.0150294 4.45094e-20)
(1.04446 -0.0379603 -7.89523e-24)
(1.00473 0.00120323 1.28297e-19)
(-1.12126 -0.0674571 5.76797e-19)
(1.0211 0.00615651 0)
(0.983507 0.00332375 -3.10992e-19)
(1.01379 0.00939628 1.63071e-19)
(1.03873 0.0128124 0)
(1.02454 -0.00695312 4.61345e-22)
(0.968865 -0.00120358 -1.40397e-19)
(-0.25224 -0.773321 4.76664e-19)
(1.0037 -0.00226809 -1.59094e-19)
(0.989341 0.0247357 -3.75377e-19)
(1.63896 -0.60482 3.04684e-21)
(-0.215447 -0.290231 -1.13936e-19)
(0.809876 0.699198 -1.27761e-19)
(0.800291 0.363205 0)
(1.02079 -0.00646493 3.34674e-19)
(1.03636 -0.00619995 1.75443e-19)
(1.17042 0.0632054 -2.91016e-20)
(0.993212 0.100983 5.99743e-20)
(1.07416 0.0204348 -8.78606e-20)
(1.10003 -0.888907 3.24199e-20)
(1.00214 -0.00501679 1.66358e-19)
(0.926579 -0.674801 1.51365e-19)
(-0.734592 0.438925 4.82431e-19)
(-0.160088 -0.247117 -8.77344e-20)
(0.812367 0.0156197 -4.73922e-20)
(0.707411 -0.155055 -5.46793e-19)
(1.01768 0.00107567 0)
(1.31579 -0.803721 5.80117e-20)
(1.30553 0.682302 3.03932e-20)
(1.17856 -0.0118263 0)
(0.39087 -0.849898 0)
(0.840939 0.823486 0)
(1.0338 0.0162737 7.04785e-20)
(1.97917 -0.335523 0)
(1.05631 -0.0216652 2.79192e-21)
(-1.31007 0.0446399 -2.98134e-19)
(-0.00997373 -0.0411608 2.49528e-19)
(-0.43376 0.605472 -2.11318e-21)
(1.44974 0.368349 5.37925e-20)
(0.179743 -0.646956 5.70751e-19)
(1.19668 0.664535 0)
(0.705965 -0.151898 -7.29993e-21)
(1.00988 0.0115107 4.35517e-20)
(-0.0935029 -0.0357178 -1.54577e-19)
(0.880161 0.715973 -4.05725e-20)
(-0.0445169 -0.0702498 5.85998e-20)
(1.32168 -0.962343 -5.094e-20)
(1.16679 0.066732 2.84483e-20)
(1.09479 -0.00101792 1.35745e-21)
(0.49754 0.104224 8.2402e-20)
(0.905882 0.0147149 0)
(1.19035 -0.00394852 2.8691e-20)
(0.765646 -0.289328 -1.18457e-19)
(0.914899 -0.082995 -5.44832e-20)
(2.13528 0.113755 0)
(1.03824 0.0400683 1.7179e-19)
(0.146789 0.111899 0)
(1.08769 0.0104947 3.29624e-21)
(0.290413 -0.326518 0)
(0.872954 0.335861 -1.68538e-19)
(1.33979 0.476183 -3.21238e-20)
(-0.0803623 -0.176961 -1.80584e-20)
(0.940404 0.0387875 -3.49072e-19)
(1.04048 0.00432626 0)
(1.10823 0.0126392 8.79212e-20)
(1.43929 -0.260645 0)
(1.87629 -0.411228 0)
(1.01699 0.0136883 -3.04116e-20)
(0.99217 0.0405499 -1.47677e-19)
(1.73965 0.780594 -2.18817e-19)
(-0.229191 0.435997 0)
(1.0221 -0.0165613 -8.17164e-23)
(0.925891 -0.750239 -9.46809e-20)
(0.65129 0.361071 0)
(1.06882 -0.0290065 -2.18192e-19)
(1.6494 -0.642889 6.01213e-20)
(0.182768 -0.122144 4.45669e-20)
(-0.199942 0.779696 2.53388e-19)
(-0.85739 -0.323506 2.42387e-20)
(-0.92445 0.369874 -2.31299e-19)
(-0.0223366 -0.0295188 3.38278e-19)
(1.15044 -0.0021881 -6.30948e-21)
(0.443811 -0.526729 3.35342e-19)
(0.945975 -0.708309 1.66031e-19)
(1.06632 -0.878981 0)
(1.0002 0.0091273 -3.60142e-19)
(0.761378 0.213432 -5.8715e-20)
(1.02524 0.00832597 -1.34487e-19)
(-0.162847 -0.0814523 -1.09576e-19)
(-0.0654583 -0.718946 3.8177e-19)
(1.02022 0.0239396 -1.72581e-19)
(0.804399 -0.871243 6.88616e-20)
(1.02554 -0.352105 -2.27708e-21)
(1.04615 -0.00231685 -2.88528e-19)
(1.71279 -0.0130369 0)
(-0.582341 0.377285 -1.53585e-19)
(-1.48817 -0.0919096 -5.03147e-19)
(1.19343 0.0733224 0)
(1.0836 0.093044 0)
(1.06913 0.0308809 1.94437e-19)
(1.55463 0.765419 -1.22214e-19)
(1.23308 -0.0630053 -1.69993e-20)
(1.16508 0.63185 1.11073e-19)
(-0.254931 -0.678933 -7.87175e-20)
(1.05061 0.0143338 1.00472e-19)
(0.11373 -0.586851 -3.46142e-20)
(1.20842 0.15164 -2.74745e-19)
(0.015981 0.332292 0)
(1.00367 -0.255117 -1.4515e-19)
(0.153337 -0.459522 8.15266e-20)
(1.36088 -0.56051 -1.05848e-19)
(1.03198 -0.00630295 -2.02e-19)
(0.463403 0.448472 -1.08592e-19)
(1.36647 -0.406664 -3.46069e-19)
(-1.43262 -0.235609 4.35067e-19)
(0.942937 0.0328869 -2.2611e-19)
(0.535381 0.0473274 -1.63007e-19)
(1.00432 -0.00423886 -1.69081e-19)
(0.809789 0.610275 -1.78033e-19)
(-0.265791 -0.319184 -2.71582e-20)
(0.447501 -0.429034 -1.10805e-20)
(0.0976495 -0.0436447 1.03529e-19)
(1.08494 -0.311265 -5.38683e-20)
(1.81787 -0.539935 0)
(1.08521 -0.845796 0)
(0.869257 -0.528524 -1.75033e-20)
(0.892473 0.0559199 0)
(0.728704 -0.395487 1.51362e-19)
(-0.0679067 -0.101312 0)
(1.82492 0.631125 2.21259e-19)
(1.02036 0.00989147 0)
(2.30418 0.00505513 -8.97682e-20)
(1.0765 -0.386117 2.48816e-19)
(0.983792 -0.00643099 1.49081e-19)
(1.04837 0.0893535 -1.47906e-19)
(1.26523 -0.310682 1.61551e-19)
(1.02289 0.0316506 2.10981e-19)
(1.05945 0.022715 0)
(0.98768 0.0108643 1.73193e-19)
(1.06052 -0.0298079 7.23541e-24)
(1.04022 0.273947 -5.74887e-20)
(1.42511 1.05514 9.5928e-20)
(1.0253 -0.0120362 2.29894e-19)
(0.981039 0.102399 1.2345e-20)
(1.92948 0.62623 0)
(1.16906 0.48474 0)
(1.01944 -0.133205 -3.31523e-19)
(0.819765 0.422652 0)
(0.696044 0.439833 5.57222e-20)
(1.19704 -0.920031 0)
(0.516186 0.370673 0)
(0.629063 0.573147 -3.93479e-19)
(2.14313 0.179879 4.87395e-20)
(1.05798 -0.0204757 -9.64592e-20)
(-0.144688 0.400112 1.30913e-19)
(1.04462 0.0552451 0)
(1.05571 -0.0377774 0)
(1.13643 -0.196722 3.07863e-20)
(0.929751 0.599927 0)
(0.755752 0.487761 2.77511e-20)
(1.04368 -0.0162743 4.13436e-22)
(0.621015 0.470791 1.09409e-19)
(1.12286 0.0355946 2.25954e-20)
(1.56027 -0.603197 -4.87312e-21)
(1.07633 0.0386144 1.30859e-19)
(1.0577 -0.00344732 -1.44604e-19)
(1.1399 0.219881 1.4852e-19)
(1.01336 0.0295302 -3.41003e-19)
(0.28653 -0.304248 0)
(-0.659375 0.620146 -5.92978e-20)
(0.062463 -0.29901 -6.60403e-20)
(0.888189 -0.137694 -1.93134e-19)
(2.09354 0.435374 0)
(0.748708 -0.384968 -8.11313e-20)
(-0.0914785 0.247927 1.43157e-19)
(1.96718 0.649735 -1.71363e-19)
(1.157 0.401031 -1.01471e-20)
(1.0634 -0.100558 5.68427e-22)
(0.852851 0.714142 3.01144e-19)
(1.14611 0.236219 -3.20488e-21)
(1.08986 -0.0245125 0)
(1.0227 -0.0981076 -9.68363e-20)
(-0.276811 0.537232 1.39319e-19)
(1.80137 -0.244803 -1.35785e-19)
(2.29102 0.0838945 0)
(2.35665 -0.0729635 0)
(1.68605 0.293364 2.26978e-19)
(-0.0757311 0.177998 0)
(1.01614 0.0229319 -1.32869e-19)
(0.493464 -0.478725 0)
(1.00662 -0.0118116 9.80686e-20)
(0.663784 -0.318027 -1.76045e-19)
(0.959073 -0.0227753 3.26539e-19)
(1.85463 0.342131 9.53012e-20)
(1.0516 -0.026382 -3.57518e-19)
(0.848767 0.0277898 4.17514e-20)
(2.27763 0.22367 -1.91999e-19)
(1.07985 -0.0333565 0)
(1.05373 -0.00947642 1.05742e-19)
(-0.78463 0.346836 -2.55335e-19)
(1.09679 0.00237347 -1.66716e-19)
(0.87593 0.64202 -3.42604e-19)
(1.04253 0.070888 -1.05686e-21)
(2.22668 0.0383037 0)
(0.308018 -0.0582734 4.36693e-19)
(1.36032 -0.82045 0)
(-1.39682 -0.0517689 1.57232e-19)
(-0.43236 -0.704818 2.71831e-19)
(1.07852 -0.89573 0)
(0.770436 0.0208133 8.63501e-20)
(-1.26031 0.161131 0)
(1.62256 0.646463 0)
(-0.0135389 -0.0489165 1.70384e-19)
(0.871579 0.0972321 -1.95001e-19)
(0.592852 -0.563301 -6.54154e-20)
(0.935547 0.692937 -2.70244e-19)
(1.00792 0.0332552 -4.82102e-21)
(1.05931 -0.0272851 1.10125e-19)
(2.39571 0.0739622 0)
(1.07172 -0.112422 -4.16908e-20)
(0.985019 -0.644804 5.71161e-19)
(1.02153 -0.014799 2.23386e-19)
(1.08183 -0.0160914 8.61066e-20)
(1.88334 0.37346 0)
(1.00495 -0.0186709 0)
(0.991976 0.861838 -2.11882e-20)
(1.04838 -0.0121847 -1.34556e-19)
(1.16229 -0.457306 -7.27671e-20)
(-0.822244 -0.165502 3.33897e-20)
(1.08394 -0.00305822 0)
(1.07864 -0.011796 0)
(1.14964 0.0351996 1.32693e-21)
(0.698327 0.28679 -1.97552e-19)
(0.994755 -0.0519268 -1.59211e-21)
(0.989961 0.0710216 1.95324e-19)
(0.446952 0.232293 -1.25011e-19)
(1.47272 0.466327 0)
(0.764532 -0.000332281 4.2376e-23)
(1.10011 0.00835622 -9.0651e-20)
(0.608441 -0.00751283 0)
(0.817362 0.00274486 0)
(0.762439 0.00822269 5.6307e-22)
(0.626058 0.00600682 -1.9627e-22)
(0.769768 0.00303675 9.06656e-20)
(1.12788 -0.0106282 0)
(0.81029 -0.748042 0)
(0.252642 -0.560578 -3.05755e-20)
(1.01528 0.714753 -1.61159e-19)
(0.258412 0.10753 -1.37448e-19)
(-0.144097 0.803879 1.452e-20)
(1.93003 0.812958 2.74598e-19)
(0.996245 0.030346 1.40681e-19)
(1.03852 -0.0635265 7.74599e-20)
(0.319109 -0.2052 -5.78489e-19)
(-0.0473129 -0.0085973 0)
(0.727629 -0.622985 1.69512e-20)
(0.581898 -0.55737 -2.53816e-19)
(-0.660971 -0.44654 4.11311e-19)
(0.938079 0.119514 -1.43857e-19)
(0.967118 0.345963 2.78593e-19)
(1.04734 -0.0919751 1.53581e-21)
(1.03158 0.00390768 -2.55004e-20)
(1.00557 -0.00718094 1.0461e-19)
(-1.01403 0.11852 -3.46728e-19)
(-0.0539401 -0.103999 -1.80841e-19)
(-0.534332 -0.40869 0)
(1.1798 0.26708 9.99746e-20)
(1.08742 0.0238967 0)
(-0.0680895 -0.502055 -2.74006e-19)
(-0.139378 0.263457 -1.83855e-19)
(-0.135506 -0.466931 0)
(1.01207 0.00498821 1.48456e-19)
(0.985664 -0.0523036 0)
(2.00026 0.459203 -2.41819e-19)
(-1.56845 -0.158602 -1.16756e-21)
(0.98862 -0.00639708 -3.10165e-19)
(0.904284 -0.703212 2.1028e-21)
(1.61073 0.401591 -2.21945e-21)
(0.526381 0.512719 0)
(0.764016 0.670032 1.28821e-19)
(1.05088 0.159141 1.01621e-19)
(-0.495885 -0.551416 2.75753e-19)
(1.92099 0.243022 -4.97503e-21)
(-0.526416 -0.586685 -1.80199e-19)
(1.30948 0.45259 -3.80794e-19)
(1.27352 0.23644 4.795e-19)
(1.11793 -0.830115 -2.20814e-21)
(0.129165 -0.125853 1.54627e-19)
(0.134559 0.130562 0)
(-0.186178 0.203349 0)
(-0.199313 -0.216538 1.01915e-19)
(1.00114 0.00689816 -1.64987e-19)
(1.02474 0.0121261 -1.39056e-19)
(-0.798 0.483785 -2.51458e-19)
(1.68393 -0.5037 -3.09402e-20)
(1.33922 -1.01483 6.49977e-20)
(1.10308 0.745094 0)
(0.919253 0.0610661 -4.33929e-19)
(1.70455 -0.23202 -1.25211e-19)
(1.01981 -0.0225062 -4.12796e-20)
(1.46104 -0.7514 3.41544e-20)
(-0.452587 -0.615469 0)
(2.41824 0.124658 -4.61155e-20)
(-1.20699 0.138615 8.28879e-20)
(-0.166584 0.0336118 -3.70376e-19)
(1.05153 -0.0551524 1.48797e-19)
(-0.149548 -0.172107 0)
(1.69456 -0.0797797 -1.33858e-19)
(0.48762 0.284407 9.73256e-20)
(-0.132743 -0.157173 1.14777e-19)
(1.01634 -0.0259772 1.83428e-19)
(0.693921 0.333963 0)
(-0.163757 0.315788 1.74137e-19)
(0.449194 -0.438655 0)
(0.133935 -0.134294 -2.85666e-19)
(-0.109485 0.127354 1.35902e-19)
(0.138965 0.137648 1.39975e-19)
(-0.0975583 -0.116491 -1.25833e-19)
(-0.30681 -0.645871 0)
(0.946914 0.296429 2.01957e-21)
(1.17186 0.16038 3.08277e-21)
(0.681355 -0.614105 1.83212e-19)
(1.01693 -0.0127851 0)
(-0.0817835 -0.0982759 0)
(0.948158 -0.0796686 1.75822e-19)
(1.48099 -0.710086 -4.81639e-21)
(-0.869611 0.231523 -5.17615e-19)
(0.976836 0.040724 -1.95774e-19)
(0.625546 -0.572406 3.27808e-19)
(1.34648 -0.682203 -1.25944e-19)
(-0.639818 -0.42067 -6.01381e-19)
(1.08169 0.0761529 0)
(1.02703 -0.00666928 -2.11495e-19)
(-0.0302572 -0.0422846 0)
(-0.0531793 -0.429966 -4.77517e-19)
(0.150713 0.150261 1.34513e-19)
(-0.0653557 -0.0852727 0)
(1.11617 0.111273 -1.25562e-19)
(1.12798 -0.095859 0)
(1.09152 -0.0873604 0)
(-0.17261 -0.0767979 1.66387e-19)
(-0.257713 0.464985 -1.76814e-19)
(-0.00998031 -0.0152254 -1.2008e-19)
(-0.137603 0.157543 1.30627e-19)
(0.123501 0.112839 0)
(0.970094 -0.104613 -2.16317e-19)
(0.135158 -0.135729 -1.41572e-19)
(0.144197 0.139979 -2.65033e-19)
(0.199867 0.193466 9.48712e-20)
(0.959975 0.024595 5.22437e-19)
(0.184708 0.176529 -1.05814e-19)
(-0.00602424 -0.0102972 1.13937e-19)
(0.148143 0.14903 -2.49384e-19)
(0.18484 -0.1841 -2.1647e-19)
(-0.0526315 0.0662764 0)
(-0.0400507 -0.052442 2.52751e-19)
(-0.862913 0.337321 6.15403e-19)
(0.154778 0.151534 0)
(1.09932 -0.780444 0)
(-0.257853 -0.694153 0)
(1.16884 -0.0125575 7.49362e-21)
(0.218004 0.214772 2.35313e-21)
(-0.0564244 0.0641109 -7.92865e-20)
(-0.206695 0.208487 1.12882e-19)
(0.192615 0.187709 -1.0088e-19)
(0.154719 -0.149874 0)
(-0.0153845 -0.0202484 1.27178e-19)
(-0.0169746 0.025573 5.20938e-22)
(-0.296909 -0.774995 -2.46746e-19)
(1.10181 -0.000169553 -2.90371e-21)
(-0.640258 -0.278337 4.45849e-19)
(-0.0936454 0.112848 -1.33211e-19)
(-0.00211237 -0.00637599 0)
(0.215239 0.214792 0)
(0.171066 -0.170092 -4.86508e-20)
(-0.00180957 0.00554286 -1.28681e-19)
(2.24256 0.541285 2.87789e-19)
(1.45862 -0.585024 -4.85855e-19)
(0.19818 0.201359 1.74068e-19)
(-0.280853 -0.404173 9.66374e-20)
(-0.157202 0.176648 1.30071e-19)
(0.00132406 -0.00252856 -3.34139e-19)
(0.203354 -0.202464 1.82474e-19)
(-0.075845 -0.50487 3.26548e-20)
(-0.0270595 0.0373911 0)
(0.134817 -0.132793 -2.95005e-19)
(0.982072 -0.0861147 0)
(1.51763 -0.3416 0)
(0.559882 -0.495334 -3.08462e-19)
(1.10919 -0.0560781 2.26574e-20)
(0.177661 -0.170986 1.01425e-19)
(1.01009 0.012005 1.4367e-19)
(0.866603 -0.0933081 2.09185e-19)
(0.40573 -0.392707 4.29952e-19)
(1.21012 0.207679 1.07436e-20)
(0.223405 0.211833 6.64668e-20)
(0.837017 0.578101 0)
(0.612471 -0.533649 1.23809e-20)
(0.00360174 0.00095934 1.0961e-19)
(0.418656 0.0696415 1.83409e-20)
(1.06233 -0.12347 6.25558e-20)
(1.0723 -0.251808 0)
(0.928292 -0.128553 5.14078e-19)
(-0.0391684 0.0514402 0)
(0.926131 -0.279458 0)
(1.12662 -0.227524 1.36638e-19)
(1.14615 0.358198 1.54235e-19)
(1.10713 0.0115029 0)
(-0.808712 -0.0500895 3.81509e-19)
(-1.40483 0.130991 1.94687e-20)
(1.03743 0.0109287 -2.01795e-19)
(-0.0934786 -0.346061 0)
(1.15039 -0.217826 0)
(1.24173 0.20377 0)
(0.115091 0.113556 3.63989e-19)
(0.00382764 0.00302443 0)
(0.193682 0.184193 8.09702e-20)
(0.169088 -0.155767 0)
(0.00431385 -0.00223584 -1.25877e-19)
(0.00350751 0.00349311 0)
(1.07807 0.315501 3.37005e-19)
(0.839703 -0.414188 -4.28598e-19)
(0.00297687 -0.000172272 2.5233e-22)
(-0.0971611 -0.0677929 -3.05714e-19)
(0.252049 -0.243277 0)
(0.243278 0.231239 0)
(-1.08737 -0.204366 4.06197e-19)
(0.946156 0.0681883 3.548e-21)
(1.08788 -0.357373 -1.45942e-19)
(0.00080032 0.0026096 3.77483e-19)
(-0.196682 0.138462 1.93832e-19)
(1.0465 0.143693 1.87852e-19)
(-0.0356881 0.0687092 0)
(0.00308718 0.00383443 -1.29303e-22)
(-0.158267 -0.81154 1.48726e-20)
(-0.073856 0.010191 0)
(2.26418 -0.0505289 -2.1192e-19)
(1.03156 0.155986 0)
(0.999832 -0.0806006 2.47082e-19)
(-1.12805 0.390954 0)
(0.228379 -0.212524 -3.71276e-21)
(0.999776 -0.0199074 1.27083e-19)
(0.569641 0.17018 3.26589e-19)
(1.34758 -0.777616 9.87817e-20)
(0.309064 0.289072 1.84419e-22)
(1.6402 0.533607 0)
(0.950735 -0.580049 5.36481e-20)
(1.79857 -0.911321 2.24313e-19)
(0.00581049 -0.00426652 2.44222e-19)
(1.57676 -0.797923 2.17292e-20)
(2.38124 0.462766 1.40214e-19)
(0.00653195 -0.00534902 -7.19298e-20)
(1.04262 0.0252445 1.83466e-19)
(-0.103289 0.383454 -2.53177e-19)
(0.334455 0.311437 0)
(0.000934058 0.00322143 0)
(0.257219 0.243602 5.37706e-20)
(0.293305 -0.273503 -1.50612e-19)
(0.0105798 -0.0084251 2.56163e-19)
(1.06439 -0.764929 -4.96291e-20)
(1.31673 0.461576 2.04944e-19)
(0.330582 -0.31507 0)
(0.00991954 -0.0111714 0)
(0.276509 0.262068 0)
(-0.00401034 0.0322938 -1.48612e-19)
(0.270587 -0.268011 0)
(-0.013569 -0.00381088 -1.92371e-19)
(0.296121 0.278904 -2.99061e-20)
(0.0019268 -0.0105736 0)
(0.255516 -0.25061 0)
(-0.23005 -0.440729 0)
(-0.0177818 0.00106095 0)
(-0.0381479 0.0212732 -7.30842e-20)
(-0.0844865 -0.194425 0)
(1.00328 -0.00160546 1.95362e-19)
(0.462336 -0.433604 1.20546e-20)
(-0.0856816 0.0558691 -1.26175e-19)
(-0.0397159 -0.0292133 3.56567e-19)
(0.372875 0.342707 1.75439e-20)
(1.66546 0.392772 0)
(-0.162107 0.308671 0)
(-0.0962235 -0.272211 2.99136e-20)
(-0.130514 0.102277 0)
(0.35734 -0.335771 0)
(-0.0575303 -0.0435551 0)
(0.422336 0.383135 0)
(-0.0893781 -0.0727611 2.17272e-19)
(0.499101 0.462556 9.12557e-20)
(-0.163795 0.154293 -5.53633e-19)
(0.530339 -0.489657 -1.13622e-19)
(1.13345 0.137045 0)
(0.925728 0.078305 -6.82296e-21)
(-0.632173 -0.126332 -4.19588e-19)
(1.04246 0.0657051 -1.77715e-19)
(1.50371 -0.0515073 0)
(1.0146 0.0375965 -6.02031e-21)
(1.34713 -0.498173 9.71127e-20)
(0.969166 0.0190205 0)
(0.288705 0.400857 7.58272e-19)
(-1.32114 0.329598 1.67675e-20)
(-0.0273841 -0.0196308 -2.59195e-22)
(-1.30532 -0.195719 0)
(1.11435 -0.18359 -1.68372e-19)
(0.378471 0.233427 3.5311e-19)
(1.70655 0.43064 -8.79014e-20)
(1.30496 0.410161 -1.04261e-20)
(1.5463 -0.742284 -3.63332e-21)
(-0.453698 -0.533394 -1.02361e-19)
(1.96038 0.259709 3.02328e-20)
(1.86239 -0.718624 2.1825e-19)
(1.05053 0.0985906 -2.38305e-20)
(-0.62835 0.362642 2.30088e-19)
(1.09144 0.000371703 0)
(2.37463 -0.151037 -3.16219e-20)
(0.141694 0.105368 -2.9037e-21)
(1.30638 -0.211133 0)
(0.121825 -0.112386 -4.92958e-19)
(-0.0104262 0.0160799 0)
(0.513082 -0.474842 0)
(1.94701 0.644062 -1.28295e-19)
(0.894606 -0.417228 0)
(2.2521 -0.0527059 2.55074e-19)
(-0.01535 -0.00978125 1.97439e-19)
(0.258862 -0.263199 6.96088e-20)
(1.02025 -0.0373683 0)
(-0.436183 -0.12951 0)
(-0.0545642 -0.0170733 1.64309e-19)
(-0.0978304 -0.124726 2.35054e-19)
(1.01103 0.267609 -1.66733e-19)
(0.64736 0.493396 -5.735e-19)
(1.03243 0.0156249 -6.73937e-21)
(2.3965 0.0348472 0)
(-0.112137 -0.743378 2.60446e-19)
(-0.0712474 -0.115732 0)
(0.646075 0.0949042 2.75193e-19)
(0.968987 0.172144 -3.77109e-20)
(0.674757 -0.576396 -1.53285e-19)
(0.999956 0.141267 2.62999e-19)
(0.99958 0.0151452 0)
(1.21399 0.271762 9.59787e-21)
(2.04458 -0.191742 0)
(0.546566 0.502624 0)
(0.916905 0.00145093 0)
(-0.451976 -0.417188 -4.24039e-20)
(0.335045 0.27517 2.02544e-19)
(-0.174332 0.653958 0)
(1.11051 0.0800102 1.1125e-19)
(1.03186 -0.228867 0)
(0.523292 0.00438847 1.33177e-19)
(0.36562 -0.143117 1.78262e-19)
(-0.110154 0.717758 3.73351e-19)
(0.678827 -0.461309 -4.53432e-19)
(0.980253 -0.0251306 1.63125e-21)
(1.47857 -0.595366 9.22669e-20)
(1.52977 -1.04189 -3.12957e-20)
(0.0754052 0.0566856 1.79901e-19)
(1.71377 0.645465 0)
(-0.58466 0.628161 0)
(-0.197272 0.413511 0)
(1.37397 -0.0796725 1.19327e-19)
(-1.37619 -0.0876158 -1.58291e-19)
(0.277522 -0.256502 -1.40558e-19)
(2.19145 0.266921 8.68868e-20)
(0.818667 0.536122 -5.43725e-20)
(0.829886 0.264237 4.8064e-21)
(0.949036 0.235573 5.14254e-20)
(1.69654 0.125223 -8.52166e-20)
(-0.0736489 -0.408679 1.17223e-19)
(-0.821557 -0.300002 0)
(0.910935 -0.00289471 0)
(-0.761485 -0.241543 1.78254e-19)
(0.160984 0.159588 0)
(1.97676 0.522002 0)
(-1.05574 -0.00112775 1.65172e-19)
(0.566262 0.486565 -1.82761e-19)
(0.471783 -0.378535 2.47821e-19)
(-0.261649 0.0331968 0)
(1.4131 0.937171 -3.18625e-21)
(1.05521 0.00631974 0)
(-1.03901 -0.207089 -8.10265e-19)
(-0.993459 0.314952 -2.75548e-19)
(1.24841 -0.384065 6.11235e-20)
(0.468301 0.438552 4.15414e-19)
(0.718986 -0.219474 1.80123e-19)
(-0.45624 0.68425 0)
(1.11811 0.0626428 1.17076e-19)
(1.01553 0.582735 -6.90312e-20)
(-0.173906 -0.0231695 0)
(0.693181 -0.24112 0)
(1.32948 0.855782 2.33374e-20)
(-0.00585632 0.0109713 -2.56297e-19)
(1.57493 -0.644325 -1.13414e-19)
(1.02117 -0.08284 0)
(1.06482 0.0851849 -4.82359e-21)
(0.779193 0.457084 0)
(-0.596086 -0.144591 -2.42971e-19)
(1.29366 0.924247 -2.95322e-20)
(1.10914 -0.0835915 1.80944e-21)
(1.14525 -0.0893723 7.82295e-21)
(-0.40263 -0.0224285 -2.60628e-21)
(-0.13531 -0.297063 -1.23467e-19)
(1.03135 0.0763299 1.81686e-19)
(-0.150302 0.0335254 0)
(0.980055 0.196922 2.55356e-21)
(1.74532 0.449064 -4.04698e-20)
(1.48713 -0.844016 3.39761e-20)
(1.24261 -0.292155 -8.80355e-20)
(1.65282 -0.316308 2.27739e-20)
(-0.225276 -0.0528667 6.71278e-20)
(0.615752 0.553676 1.94504e-19)
(0.140956 -0.0779427 2.62654e-19)
(0.927094 0.00161791 -1.35102e-20)
(1.10523 -0.0482061 -7.16634e-22)
(2.14743 -0.00977577 9.11359e-20)
(0.896123 0.617148 9.87009e-20)
(-0.539404 -0.278663 9.38705e-19)
(1.43074 -0.0115633 -2.68901e-19)
(0.968224 0.268751 -1.11295e-19)
(-0.687721 -0.3811 -1.53056e-19)
(-0.356919 0.536087 0)
(1.00148 0.000977077 4.08065e-19)
(0.739783 -0.255755 0)
(0.878698 0.578866 -1.03816e-19)
(1.06108 -0.0447043 -4.21748e-23)
(-0.101268 -0.506358 -1.72665e-20)
(1.867 -0.423826 0)
(1.13587 -0.36293 0)
(1.48359 -0.283776 1.2442e-19)
(1.08411 -0.270812 3.87615e-19)
(1.06859 -0.316032 0)
(-0.17301 -0.729014 -2.51317e-19)
(0.920788 -0.0819984 -1.99438e-19)
(0.735208 -0.619054 -5.71607e-20)
(-0.953009 -0.136295 3.54674e-19)
(-0.267814 -0.32045 -1.1187e-19)
(-0.0910763 -0.02041 -2.62361e-19)
(0.116261 -0.0625869 -1.59462e-19)
(-1.43763 -0.0182931 6.60302e-21)
(0.814614 -0.282592 -1.17782e-19)
(1.11543 -0.0552595 -3.01095e-21)
(0.664557 0.0106581 0)
(0.802271 0.114632 2.48691e-19)
(1.18497 -0.359733 3.86423e-21)
(0.99592 -0.125943 -4.84699e-21)
(0.603982 0.540951 1.39999e-19)
(1.88094 0.203406 -2.29863e-20)
(1.83891 -0.514968 1.27654e-19)
(1.07434 -0.0225008 3.23839e-20)
(0.820914 -0.368109 1.18352e-19)
(0.496708 -0.198797 0)
(-0.234593 -0.28064 1.16852e-19)
(0.967495 0.107771 1.23248e-19)
(1.10758 0.708875 6.49581e-20)
(-0.193752 -0.236025 2.51599e-19)
(1.03505 -0.613236 2.18505e-19)
(0.122132 -0.11055 0)
(1.81526 0.902015 0)
(0.242538 0.237581 2.81665e-19)
(1.60445 0.582143 0)
(-0.306012 0.342672 0)
(0.970241 -0.627095 -1.93362e-19)
(-0.16249 -0.195049 3.78296e-19)
(-0.0844032 -0.0446101 1.86658e-19)
(1.07255 -0.0196134 3.83467e-20)
(1.58355 1.06618 -2.86781e-23)
(0.946546 -0.0431194 -1.39093e-19)
(0.123885 -0.120997 7.10687e-20)
(1.05469 0.157949 -1.31143e-19)
(-0.27601 0.321405 3.82614e-19)
(1.04574 0.367537 0)
(0.245344 0.245506 -1.41117e-19)
(-0.764089 0.483537 2.29352e-19)
(1.96334 0.367288 0)
(-1.08026 -0.0950918 -2.56514e-19)
(0.0175948 0.0669254 1.60585e-19)
(-0.884727 -0.218988 0)
(-0.020157 -0.0100591 -5.49865e-20)
(0.222329 -0.219935 0)
(0.987833 -0.721712 0)
(-0.212635 0.250793 2.72503e-19)
(0.553301 -0.524981 3.59663e-19)
(-0.135163 -0.165788 -2.30417e-19)
(-0.717583 -0.130655 -2.20411e-19)
(0.232226 -0.233871 -1.43989e-19)
(0.252089 0.247894 4.11019e-19)
(0.007248 0.149626 -3.78975e-19)
(-0.918485 -0.355082 -1.80036e-19)
(-0.00262753 0.00102284 0)
(-0.136542 -0.633042 2.06321e-19)
(1.05282 -0.135146 -2.54187e-19)
(-0.183498 0.216215 1.29989e-19)
(1.59995 -0.525792 1.43227e-21)
(1.43853 0.206657 0)
(2.19271 0.280983 -3.15863e-20)
(0.945303 -0.0379467 0)
(-0.0784166 -0.0906582 0)
(0.219173 0.220731 0)
(0.968699 0.081725 0)
(1.09406 -0.260051 0)
(0.994727 0.116948 -2.4327e-19)
(0.246922 0.24713 -1.34977e-19)
(-1.14295 -0.0487097 -2.26387e-19)
(-0.0969106 -0.123953 2.54899e-19)
(0.982819 -0.183981 1.31383e-19)
(0.763032 -0.35804 0)
(-0.381343 0.157001 -2.72039e-19)
(1.01407 -0.0151352 -1.62728e-19)
(-1.61794 0.107416 8.10815e-19)
(-0.0191305 -0.0266995 0)
(-0.108924 -0.140908 -1.38682e-19)
(0.291737 0.272956 -1.34669e-21)
(0.263067 0.251392 0)
(-0.0296563 -0.0378119 1.25315e-19)
(-0.539635 0.661878 2.79435e-19)
(1.28134 -0.491458 1.26541e-19)
(1.74748 -0.416164 1.73162e-20)
(1.10199 0.288848 -4.74539e-19)
(1.04558 0.0450532 0)
(0.340697 0.332169 -1.78983e-19)
(-1.27766 -0.180912 3.88185e-19)
(0.322701 0.313898 -3.01182e-19)
(0.317731 0.30918 9.71871e-20)
(0.729484 -0.485298 0)
(-0.119437 0.141734 7.42054e-20)
(-0.247295 0.286702 0)
(-0.0122845 -0.0167608 3.11858e-19)
(-0.0866901 -0.116312 2.78355e-19)
(0.484316 -0.369363 5.27226e-19)
(1.21887 -0.44354 4.33303e-21)
(0.347889 0.347805 0)
(-0.144026 0.162304 3.19797e-19)
(0.227624 -0.231156 2.94408e-19)
(1.20298 0.142461 -3.80061e-21)
(0.343222 0.343715 0)
(1.00947 0.342265 -8.3096e-21)
(-0.488791 0.456698 -3.76343e-20)
(2.00413 0.428947 5.11319e-20)
(-0.00364145 -0.00925024 0)
(1.2033 0.771033 0)
(-0.0509706 0.0630327 -3.94717e-19)
(0.321077 -0.322913 -2.07194e-19)
(0.255702 -0.228209 1.43864e-20)
(1.95502 0.317511 -5.86163e-20)
(1.09345 0.347092 -9.40005e-20)
(0.297938 -0.289556 -2.13056e-19)
(1.04856 -0.0222436 2.74967e-19)
(1.01128 0.0781393 0)
(1.00927 0.0206456 -1.35897e-22)
(1.05336 0.0187675 9.82597e-20)
(0.974177 -0.0161044 -6.15817e-22)
(1.3823 -0.499875 0)
(1.19499 0.187805 -8.16546e-20)
(1.96306 0.482092 -2.56701e-19)
(-0.0931802 0.116578 0)
(-0.169552 0.104584 4.36607e-19)
(1.75519 0.541527 0)
(1.0012 -0.0031665 4.33129e-20)
(0.321125 -0.310267 -9.83614e-20)
(1.00952 0.00880491 4.47428e-19)
(1.09233 -0.313546 0)
(1.14065 -0.878715 0)
(0.00116995 -0.00225896 1.12179e-19)
(0.0603113 0.0293385 0)
(1.07751 -0.0192878 5.75081e-20)
(0.547584 0.4321 5.07041e-20)
(0.708945 -0.0154791 -3.68431e-19)
(-0.0713889 0.0870199 0)
(-0.626196 0.0809658 2.41712e-19)
(-1.20406 -0.0881744 0)
(1.85929 0.816299 0)
(-0.0147235 -0.00138258 0)
(-0.0293853 -0.00894045 1.11438e-19)
(1.72251 0.779153 -8.72712e-20)
(1.02818 0.0575083 0)
(-0.319179 0.334989 1.10619e-19)
(-0.00686479 0.00965136 0)
(1.09018 -0.0492676 0)
(1.5789 -0.7971 -4.04092e-20)
(0.393414 0.369752 1.37615e-19)
(-0.507845 -0.0832313 -2.54357e-19)
(0.0040124 0.00298014 -1.18685e-19)
(0.668922 -0.452433 -3.21077e-19)
(1.04227 0.285315 0)
(0.397017 0.00820715 1.34651e-19)
(1.09903 -0.0307573 0)
(0.894492 -0.0559851 2.72661e-19)
(0.239502 0.114582 -1.39962e-19)
(0.413899 0.391334 -6.5984e-20)
(0.748623 0.256261 1.54297e-19)
(-0.432929 0.664618 2.76373e-19)
(1.15556 -0.0759486 9.26126e-21)
(0.208608 -0.206536 1.61236e-19)
(0.00572022 0.00529129 2.66385e-19)
(1.46898 -0.461158 -5.44207e-20)
(-0.0332579 0.0442688 1.31421e-19)
(-0.0144206 -0.0178539 0)
(-0.10544 -0.106568 -1.07139e-19)
(0.00254335 -0.000637596 1.27665e-19)
(1.0308 -0.18999 0)
(0.385296 -0.353809 9.47795e-20)
(0.268266 0.263906 1.21632e-19)
(0.260141 0.261335 -2.66617e-19)
(1.07548 -0.00388734 0)
(0.353437 -0.353065 -1.67429e-19)
(1.71837 0.488288 0)
(1.08869 -0.0348338 -2.81568e-21)
(0.00544192 0.0057411 1.31561e-19)
(0.892277 -0.0372137 0)
(0.604435 0.569399 -1.36639e-19)
(1.01578 -0.0200164 -2.01804e-19)
(1.09252 -0.0175045 -9.90388e-20)
(0.780751 -0.0163949 -3.9497e-22)
(0.768434 0.0121464 -4.76061e-22)
(1.04645 0.0210554 -2.6785e-19)
(2.29926 0.0964113 -7.56252e-20)
(-0.157673 -0.033005 1.82061e-19)
(-0.000426298 0.00456443 -2.54817e-19)
(-0.0901789 0.00392877 -2.46256e-19)
(1.29433 -0.363398 5.88812e-20)
(0.0067381 -0.00429541 1.74609e-22)
(1.09803 0.0157815 -1.15535e-19)
(0.415351 -0.402672 5.85653e-20)
(-0.00502455 -0.0188433 3.27813e-19)
(0.23656 -0.226717 0)
(-0.301427 0.509182 8.81969e-22)
(1.62442 1.00254 0)
(0.85799 0.0204366 -1.09146e-19)
(-0.514564 -0.0361761 -2.19524e-19)
(-0.740874 -0.293554 -2.07156e-19)
(1.00726 -0.122469 0)
(0.439887 0.413813 -1.67534e-19)
(-0.0124261 0.0192078 1.32175e-19)
(0.678504 0.500178 -3.36993e-19)
(0.55403 0.539873 -9.0221e-20)
(1.05277 -0.029538 0)
(1.14816 -0.0756238 2.20692e-20)
(1.73071 -0.378968 7.64461e-21)
(0.0736885 0.00080631 0)
(0.00303315 0.00436791 -1.14462e-19)
(1.07787 -0.532686 -4.69503e-21)
(0.386432 0.503135 4.45432e-19)
(1.8037 -0.426365 1.00739e-20)
(0.46244 -0.424719 -1.17024e-19)
(-1.05757 -0.141542 1.6812e-19)
(0.008805 -0.00853699 -1.456e-19)
(0.538946 0.452569 -2.83943e-19)
(0.58139 0.531628 -4.91493e-20)
(0.533887 0.494714 6.19221e-21)
(0.0147522 -0.0100061 6.86209e-20)
(-0.0499389 -0.0559176 -1.60007e-19)
(1.00378 0.0195314 1.32854e-19)
(0.267057 -0.257753 0)
(0.467578 0.439364 0)
(0.492738 -0.462093 9.63379e-20)
(0.0176295 -0.0161384 -2.55658e-19)
(-0.421334 -0.459967 -6.0345e-20)
(1.85855 -0.312936 2.39555e-20)
(0.501747 0.465364 0)
(0.470664 -0.468342 0)
(0.0118649 -0.0174414 0)
(1.12396 0.0536618 6.39579e-20)
(0.646934 0.579108 0)
(-0.0136228 -0.0111606 2.54431e-19)
(0.215843 0.21378 -5.3883e-19)
(-0.0475184 0.0165328 7.18151e-20)
(1.51795 -0.0810231 2.98459e-19)
(-0.0367558 -0.0449586 -1.67294e-19)
(1.18973 0.483185 -2.14872e-19)
(0.146293 -0.128265 -2.22707e-19)
(-0.108066 0.05057 4.23048e-19)
(-0.381481 0.455023 -3.77478e-19)
(-0.0833284 -0.0559059 -2.46904e-19)
(0.678098 -0.640564 0)
(-0.167575 0.108831 -2.48106e-19)
(0.734455 0.638932 0)
(-0.457913 0.453429 1.07838e-19)
(0.93659 -0.06458 -3.87064e-21)
(0.73006 0.40585 -2.97331e-20)
(-0.213305 0.149331 1.26996e-19)
(0.834569 -0.691157 0)
(-0.117596 -0.0739056 2.33388e-19)
(0.85508 0.71739 -4.73773e-20)
(0.38387 0.363648 -2.08702e-19)
(0.361844 -0.266634 4.19742e-19)
(0.54292 0.479704 1.36984e-19)
(1.00909 -0.00222798 0)
(0.481201 0.452973 0)
(1.76707 0.479292 0)
(1.02337 0.00153438 0)
(-0.205616 0.277409 -1.16564e-19)
(0.741442 -0.60203 3.37726e-19)
(-0.0594369 -0.041354 -3.40189e-22)
(1.09162 -0.228574 2.47035e-19)
(0.40988 -0.380423 2.11607e-19)
(2.38249 -0.153759 0)
(1.39216 -0.367756 0)
(0.338825 0.266056 -6.49468e-19)
(0.436108 -0.138054 0)
(1.80072 0.321701 -1.86839e-20)
(0.551232 -0.183543 -1.89152e-20)
(0.707093 0.654423 1.59701e-19)
(1.17929 0.268561 7.6321e-20)
(-0.0240339 0.0284271 0)
(-0.120467 0.171501 1.18596e-19)
(-0.0299646 -0.0125459 0)
(0.598037 0.43245 6.02558e-19)
(0.634567 -0.0145213 1.59866e-21)
(0.725562 0.361359 0)
(1.03106 0.0157035 1.25364e-19)
(1.33188 -0.250152 9.92314e-20)
(1.01129 -0.00995747 -4.32044e-22)
(0.299175 -0.28056 1.25136e-19)
(0.306932 0.302471 0)
(-0.0571035 -0.0518305 0)
(-0.120067 -0.638373 7.18692e-20)
(1.52457 0.197644 4.5756e-20)
(1.11979 0.0109906 4.01532e-21)
(0.136704 0.127771 0)
(1.03619 -0.0105987 4.24161e-19)
(1.40526 -0.990143 3.29658e-20)
(-0.192271 0.53961 4.31626e-19)
(-0.0775767 -0.0813994 -3.71391e-19)
(0.752296 -0.491312 2.20581e-19)
(-0.038143 -0.0285031 2.04535e-19)
(2.05918 -0.5421 0)
(0.354357 -0.318126 -2.6935e-19)
(1.05868 -0.0224805 -4.92097e-20)
(1.00335 -0.00933428 -1.81852e-19)
(0.931843 -0.0322898 -2.36159e-22)
(0.950979 0.022358 8.59724e-23)
(1.02986 0.0224006 -1.44759e-19)
(1.80229 0.636268 0)
(-0.00316855 0.00479978 -1.85355e-19)
(0.681607 0.333549 -1.11097e-18)
(-0.434623 -0.537321 8.27776e-20)
(0.336943 0.317118 -1.01238e-19)
(-0.0234357 0.0405701 0)
(0.0185253 0.0123245 0)
(1.69377 -0.803504 -1.18984e-19)
(1.01762 0.0953773 1.35692e-20)
(0.372951 -0.517308 3.8997e-19)
(-0.0970599 -0.150607 -2.22522e-19)
(1.02018 0.0256255 -6.17478e-22)
(0.720155 -0.681239 -4.82771e-20)
(1.15252 -0.0567712 1.32164e-20)
(1.02555 0.00359265 -6.78895e-20)
(-0.00256566 0.00208547 0)
(0.955445 0.655199 2.97044e-19)
(0.764779 -0.211185 0)
(0.373592 -0.346358 0)
(-0.0138894 -0.00394842 2.18854e-19)
(1.03171 -0.0156013 2.3135e-19)
(0.495639 -0.464803 0)
(0.793849 0.724618 4.83242e-21)
(-0.894397 -0.0419724 -1.91397e-19)
(-0.00204192 0.011393 1.18821e-19)
(0.329546 0.152083 1.90537e-19)
(1.45079 -0.23665 -2.19933e-20)
(1.88984 0.144713 -4.43652e-19)
(1.65717 -0.30059 -4.76844e-22)
(0.959449 0.581539 1.01092e-19)
(1.03414 0.232422 1.52545e-19)
(-0.487667 -0.502141 -6.20747e-20)
(-0.860931 -0.305488 3.26485e-19)
(1.05264 -0.0622198 0)
(0.505798 0.248975 1.72882e-19)
(1.26076 -0.462157 1.24506e-19)
(-0.497853 0.603049 0)
(1.07623 -0.0811983 -2.37729e-21)
(1.02471 -0.00893998 2.98458e-20)
(-0.643523 0.628029 0)
(1.02776 0.115914 -1.24442e-20)
(0.643758 -0.216603 0)
(0.548818 -0.526534 -3.86541e-20)
(1.01678 0.207527 1.64865e-19)
(0.821375 0.459947 2.13103e-19)
(0.766826 0.416785 3.10372e-20)
(1.02235 3.84862e-05 0)
(-1.17942 -0.181051 -2.33065e-19)
(1.55269 -0.988136 1.01345e-19)
(1.0249 0.798213 6.01553e-20)
(-0.138186 -0.121517 1.85242e-19)
(1.79282 -0.274099 1.40497e-19)
(0.0251872 -0.0214555 1.08729e-19)
(0.816836 0.264998 0)
(0.841947 0.502498 0)
(-0.27228 -0.360621 2.13882e-19)
(1.0518 -0.166542 0)
(-0.484994 0.238421 -1.35072e-20)
(1.04233 -0.117419 9.67369e-20)
(-0.0287266 -0.0276737 8.34873e-22)
(1.36286 0.39167 3.60901e-20)
(1.37135 -0.369935 -4.87542e-21)
(0.726629 -0.389974 0)
(1.02935 0.00837528 -3.47165e-19)
(0.76231 0.6887 1.33229e-19)
(0.612408 0.526337 -9.02588e-19)
(1.07321 -0.831846 8.18834e-20)
(0.587628 0.0657396 3.62152e-21)
(0.628133 -0.4694 -3.26835e-19)
(1.13177 -0.625526 -1.12737e-20)
(0.609541 -0.18437 1.63725e-19)
(-0.539494 0.632012 0)
(0.568092 0.16777 0)
(0.960878 -0.0803766 -2.55729e-19)
(1.08064 0.624758 0)
(0.841627 -0.329716 2.54741e-19)
(-0.77083 -0.321022 0)
(1.6225 0.446915 6.88062e-20)
(0.00304877 -0.140755 -1.36181e-19)
(1.82898 0.764696 0)
(-0.324056 -0.448016 0)
(2.20747 0.251366 1.27579e-19)
(-1.14395 0.222402 0)
(0.144455 -0.274857 -5.29595e-19)
(0.93262 0.619372 -9.94137e-20)
(2.07428 -0.359708 -2.3002e-20)
(0.20134 -0.180796 1.45739e-19)
(-0.207274 0.1524 1.42679e-19)
(1.89956 -0.435337 0)
(0.127671 -0.137005 -2.33257e-19)
(0.0156177 -0.0283873 0)
(1.08744 -0.178462 -1.05424e-19)
(-0.0330117 -0.161201 -3.44546e-19)
(-0.876942 -0.281661 3.31019e-19)
(0.740762 -0.173292 7.24678e-20)
(1.9286 -0.247332 6.49845e-20)
(0.438292 0.423097 0)
(0.697212 -0.292836 -8.10006e-20)
(-0.220105 0.336252 8.26488e-19)
(1.93378 0.624682 0)
(1.04548 0.59119 0)
(-0.11563 -0.0753842 -1.94566e-19)
(1.43437 -0.293546 -1.63489e-19)
(0.861513 -0.22884 -8.7954e-20)
(1.63129 0.180503 7.2443e-19)
(1.87324 -0.485588 -1.75255e-19)
(1.14389 0.356426 -2.73099e-19)
(1.07665 0.662301 -1.4045e-19)
(1.94582 -0.436607 7.84361e-20)
(-0.299128 -0.370051 -1.40803e-19)
(1.02675 0.00262371 2.4629e-19)
(1.647 0.189384 9.73787e-21)
(1.38971 0.3082 -3.94288e-19)
(1.02736 0.048677 6.85194e-21)
(-0.607921 0.162949 1.59806e-19)
(-1.62506 -0.0729433 0)
(-0.686676 0.565569 0)
(0.66567 0.221798 0)
(1.83079 -0.284 1.21109e-19)
(-0.435549 -0.599311 -2.42445e-19)
(0.499873 0.405628 0)
(0.00328442 -0.00362716 1.25799e-19)
(1.61324 -0.380576 -2.6563e-20)
(-0.102096 -0.0662232 -1.98506e-19)
(1.0199 0.687431 1.75066e-19)
(1.06709 0.309613 1.3798e-19)
(-0.79152 -0.0387138 1.03531e-19)
(0.892785 0.793039 -1.47613e-19)
(1.2031 -0.275206 5.73765e-20)
(0.958014 0.00238281 -2.33258e-19)
(1.07921 -0.0494608 -8.40891e-20)
(0.778132 0.291358 0)
(0.139984 -0.0587318 0)
(1.1345 -0.172902 4.71231e-20)
(1.38989 -0.276956 -1.11148e-19)
(-1.07848 0.332665 -1.59743e-20)
(1.054 0.268142 1.72268e-19)
(1.29952 1.03959 0)
(0.707806 0.240417 -1.51732e-19)
(0.39287 -0.249798 -7.42639e-20)
(0.748542 -0.29725 3.37826e-19)
(0.772366 -0.270302 -1.12411e-19)
(1.65509 0.209189 3.80364e-19)
(-0.726632 0.0479367 1.17931e-19)
(-0.984654 -0.236538 -1.35194e-19)
(0.49623 0.483808 3.66313e-19)
(-0.680805 0.254236 -3.91538e-19)
(1.58802 0.0716906 1.64325e-20)
(1.12859 -0.334293 3.23019e-19)
(0.000789234 0.0658381 -4.26371e-19)
(0.576644 0.410451 -2.84723e-19)
(0.88628 0.504531 0)
(-0.0796245 0.112323 -1.40459e-19)
(-0.413933 0.464058 -2.89354e-19)
(-0.221622 0.538923 -2.48459e-19)
(-0.0338822 0.0546059 -1.45276e-19)
(1.08642 0.0434303 -6.90188e-20)
(-0.408588 0.712763 -1.58638e-19)
(0.905354 0.539689 9.34706e-20)
(1.42265 0.834978 3.59283e-21)
(0.720741 0.665839 0)
(0.996567 0.650177 0)
(-0.110954 -0.0225809 -1.98589e-19)
(-0.810136 0.146216 0)
(0.947056 0.545552 -9.16663e-20)
(0.0174268 0.002918 0)
(1.08424 -0.0620331 4.05068e-23)
(0.68164 -0.00464114 5.51749e-19)
(-0.0134333 -0.0307633 1.56792e-22)
(-0.0616669 0.142626 0)
(0.551673 0.522017 0)
(-0.873189 0.426965 2.81618e-19)
(-0.41774 0.477884 1.195e-19)
(1.84725 -0.322284 -3.29914e-20)
(-0.579618 -0.502687 2.459e-19)
(0.561425 -0.0493134 -4.68972e-19)
(2.14494 -0.457233 4.32281e-20)
(1.70977 -0.233586 -2.29905e-20)
(-0.12019 0.179255 -1.24598e-19)
(0.356223 -0.341534 -3.17643e-19)
(-0.169937 0.236078 2.13585e-19)
(-0.489469 0.526051 0)
(0.775174 0.707198 1.63778e-20)
(1.09838 -0.171548 -3.83632e-19)
(-0.111565 -0.0623126 4.49992e-23)
(0.571849 -0.133707 0)
(0.628622 0.590401 -1.91277e-20)
(0.461538 -0.448673 2.31075e-19)
(-0.445347 0.541794 1.27079e-21)
(0.400077 0.38744 -3.0565e-19)
(1.25667 0.272323 0)
(2.14083 -0.321847 4.15092e-19)
(-0.40156 0.497984 0)
(-0.494416 0.643139 -1.68919e-19)
(-0.213429 0.319688 9.61824e-20)
(0.42175 0.400257 2.40456e-19)
(0.806361 0.737358 -1.6741e-19)
(-0.143269 -0.279309 2.64927e-19)
(-0.163335 0.250317 -2.18868e-19)
(-0.34378 -0.419294 -2.50258e-19)
(0.826607 0.32502 0)
(-0.428046 0.371971 -1.21602e-19)
(0.439149 -0.396614 2.57908e-19)
(-0.0742255 -0.0446615 -2.37103e-19)
(1.27323 0.237316 -1.27441e-19)
(-0.00873285 0.0203994 7.27212e-20)
(0.791144 0.729121 0)
(0.711543 0.664663 0)
(0.861115 0.77403 -1.29859e-19)
(0.897825 0.805062 3.87255e-20)
(1.40581 -0.811387 -3.00592e-20)
(-0.494877 0.450512 -4.98406e-21)
(0.908426 0.464058 0)
(-0.327322 0.390549 -7.23911e-20)
(1.49956 0.992484 -3.55132e-19)
(1.18667 -0.306176 1.7971e-19)
(1.50092 -0.467419 0)
(0.402765 -0.36475 4.12281e-21)
(1.89651 -0.338134 -2.06964e-19)
(-0.535467 0.579624 -2.06861e-19)
(-0.381177 0.680034 0)
(-0.0214887 0.043824 -3.22196e-19)
(0.874062 0.780515 3.08353e-20)
(0.797585 0.444883 1.61869e-19)
(-0.00843696 0.0271498 -4.00668e-19)
(0.533837 -0.519897 0)
(1.5669 -0.437339 0)
(-0.0603867 0.0889715 1.20946e-19)
(0.31398 -0.274957 -4.75543e-19)
(-0.362933 -0.463873 -1.62209e-19)
(-1.51743 -0.110215 -6.3938e-19)
(0.536977 -0.105598 2.61789e-19)
(-0.0351689 0.0677057 1.31821e-19)
(0.942973 0.830029 0)
(-0.509476 0.326523 1.90787e-19)
(0.00962966 -0.0251318 -1.32469e-19)
(-0.000485304 0.0135903 6.09653e-20)
(0.380061 -0.32015 1.5512e-19)
(0.00156931 -0.0914688 -2.47173e-19)
(0.66154 -0.164227 2.51788e-19)
(0.00748173 0.000919372 -6.7451e-20)
(-0.752257 0.243531 -2.68641e-19)
(0.769499 0.329676 0)
(1.89335 -0.186351 4.55896e-20)
(-0.587299 0.441153 1.84652e-19)
(0.985199 0.825688 1.76969e-19)
(-0.546322 -0.529981 3.47898e-19)
(0.99773 0.878469 1.33505e-20)
(1.97711 -0.331648 -6.62843e-21)
(-0.0240679 0.066978 1.98191e-19)
(1.14647 -0.285614 -3.71759e-21)
(0.0012079 -0.726944 2.31526e-19)
(-0.0316339 0.0885916 1.95958e-19)
(0.0202852 -0.0259534 2.35221e-19)
(-0.0111141 -0.0357765 -2.33985e-19)
(-0.1163 -0.0751944 2.54281e-19)
(1.11987 -0.285125 7.00654e-20)
(1.10516 0.95282 1.26317e-20)
(1.98412 -0.260203 2.37634e-20)
(-0.084721 0.135922 2.65391e-19)
(0.625024 -0.126375 0)
(1.25427 -0.442367 0)
(-0.461818 0.532931 0)
(1.10236 0.826528 2.83731e-19)
(1.67341 -0.776364 4.93992e-20)
(0.003864 0.0897625 -1.44254e-19)
(-0.0560336 -0.0956075 2.2078e-19)
(-0.0571863 0.0959515 0)
(1.68196 -0.22212 -7.53706e-20)
(0.459997 0.438504 -4.35257e-19)
(-0.337396 0.581513 -1.83109e-19)
(-0.139309 -0.0892035 -2.32388e-19)
(-0.570724 0.536895 3.33846e-19)
(1.99777 -0.298248 0)
(1.36712 1.02992 -9.79218e-21)
(-0.126927 -0.0813711 -1.13978e-19)
(0.475564 -0.0845016 0)
(0.60884 -0.0445791 -2.67836e-19)
(1.0779 0.880589 0)
(-0.887953 0.122322 2.43915e-19)
(-0.124021 -0.0751913 2.22314e-19)
(0.955573 0.830572 -5.01884e-20)
(-0.115049 -0.0780376 1.08914e-19)
(0.459187 -0.0394742 -1.6525e-19)
(1.02489 0.88187 0)
(0.475897 -0.450188 -5.78978e-20)
(0.88688 0.755024 1.00759e-19)
(0.487224 -0.417557 -2.35252e-19)
(1.09262 0.9364 0)
(0.284802 0.0809699 -6.23329e-20)
(-0.962359 0.0285017 2.13696e-19)
(1.17216 0.969749 -1.59236e-20)
(-0.471756 0.606601 -2.92092e-19)
(1.35968 1.01814 -3.86267e-20)
(1.67025 -0.641722 -3.8156e-20)
(-0.00853857 0.0387513 2.58174e-19)
(0.646024 -0.0815832 -1.10849e-19)
(1.75871 -0.145899 0)
(1.18526 0.969451 8.25186e-21)
(1.99056 -0.141608 0)
(0.830948 -0.25192 3.51637e-19)
(-0.958978 0.20241 -4.3714e-19)
)
;

boundaryField
{
    frontback
    {
        type            empty;
    }
    Top
    {
        type            noSlip;
    }
    outlet
    {
        type            zeroGradient;
    }
    bottom
    {
        type            noSlip;
    }
    Inlet
    {
        type            fixedValue;
        value           uniform (1 0 0);
    }
    rectangle
    {
        type            noSlip;
    }
}


// ************************************************************************* //
