/*--------------------------------*- C++ -*----------------------------------*\
| =========                 |                                                 |
| \\      /  F ield         | OpenFOAM: The Open Source CFD Toolbox           |
|  \\    /   O peration     | Version:  2306                                  |
|   \\  /    A nd           | Website:  www.openfoam.com                      |
|    \\/     M anipulation  |                                                 |
\*---------------------------------------------------------------------------*/
FoamFile
{
    version     2.0;
    format      ascii;
    arch        "LSB;label=32;scalar=64";
    class       volVectorField;
    location    "42";
    object      U;
}
// * * * * * * * * * * * * * * * * * * * * * * * * * * * * * * * * * * * * * //

dimensions      [0 1 -1 0 0 0 0];

internalField   nonuniform List<vector> 
2186
(
(1.28333 -0.0598707 2.18479e-19)
(1.64894 -0.922793 -9.77257e-20)
(1.47665 -0.901379 1.61457e-21)
(0.728246 -0.564852 -1.45916e-19)
(-0.0965029 0.470348 -1.9137e-19)
(0.283646 0.947613 0)
(0.728308 -0.671323 0)
(-0.0301116 0.0180495 1.13144e-19)
(1.73824 0.135274 1.74448e-19)
(0.542844 -0.283523 -2.6626e-21)
(0.694722 0.628715 0)
(1.07055 -0.244737 -1.54398e-19)
(-0.0205446 0.0683263 -4.38744e-20)
(1.20526 0.0271055 -3.83437e-19)
(1.8419 -0.631361 -1.01661e-19)
(1.01447 0.00122477 1.8352e-19)
(0.979273 0.0116402 0)
(-0.142696 1.03564 0)
(0.796493 0.823804 0)
(-0.128078 0.214456 -4.76029e-20)
(0.489657 0.128946 -1.17647e-19)
(-0.219865 0.223888 6.40518e-20)
(1.19483 0.0298952 3.17202e-19)
(-0.162498 -0.109877 5.46778e-21)
(1.03021 0.0135374 -2.49518e-19)
(0.779234 -0.53863 0)
(0.760636 -0.0094022 1.4863e-19)
(0.614202 -0.59341 -1.66209e-19)
(1.23909 0.73639 0)
(0.964282 0.0262166 -3.40653e-19)
(-0.0501871 0.0733961 0)
(1.02543 -0.00614326 1.18078e-20)
(-0.205195 0.106784 0)
(1.7644 -0.0788045 -6.88126e-20)
(-0.155442 -0.154577 -4.55838e-22)
(1.57023 0.800494 1.24779e-19)
(1.54933 -0.0697309 -3.30439e-20)
(0.518646 0.176768 -3.5168e-19)
(1.97738 0.27317 -1.67044e-19)
(0.797523 0.690112 -5.99212e-20)
(-0.0435849 0.0678409 0)
(-0.176559 0.172727 0)
(1.95083 -0.826458 1.02181e-19)
(-0.477975 0.158361 0)
(1.12781 0.29821 1.71796e-19)
(0.588914 -0.266371 2.86887e-19)
(0.934815 -0.790407 0)
(1.18177 -0.771698 1.01208e-19)
(2.32727 -0.593822 0)
(-0.275935 0.825214 1.47944e-19)
(-0.0472276 0.116847 7.03533e-20)
(0.639991 0.591384 9.08847e-20)
(2.10879 -0.660995 1.1624e-19)
(0.607785 0.30579 -2.85206e-19)
(-0.374641 -0.0897821 2.5152e-20)
(0.75756 -0.640529 0)
(1.75139 -0.953752 2.17125e-20)
(0.583586 -0.542587 0)
(2.40771 0.182257 6.11459e-20)
(1.11877 -0.158443 -3.5382e-19)
(1.23293 -0.250361 1.4524e-20)
(1.37966 0.311535 -2.15069e-19)
(1.38107 0.559437 0)
(1.3599 0.601772 6.56991e-20)
(1.40325 0.402918 -1.38031e-19)
(1.24802 -0.715394 -1.38359e-19)
(1.19845 0.684278 6.24051e-20)
(0.686474 0.0976899 -5.73324e-19)
(0.820587 0.0777928 0)
(2.17763 0.0994637 -4.88025e-20)
(-0.0560853 0.0165236 -1.34936e-19)
(1.93064 -0.583847 -4.99455e-20)
(0.726003 -0.0115569 -2.51599e-19)
(0.864587 -0.500619 0)
(0.835966 0.201316 -9.47065e-20)
(0.54332 -0.50067 -2.98157e-19)
(2.17794 -0.523708 0)
(1.00666 0.00905601 3.74761e-19)
(-0.152061 -0.173873 0)
(2.06713 0.420778 0)
(0.875727 0.497201 7.94448e-20)
(0.996987 0.432337 8.03581e-20)
(1.02158 0.00932404 4.14275e-20)
(1.344 0.430981 3.39156e-20)
(0.969911 0.0255332 4.33677e-19)
(1.03828 0.0321991 -1.03157e-20)
(0.675775 0.206051 -3.44634e-19)
(0.600604 1.03356 3.23909e-21)
(0.600537 0.129268 0)
(-0.0741936 -0.0798786 1.14641e-19)
(0.8514 -0.607236 -1.602e-19)
(-0.198225 0.126166 -4.49635e-21)
(1.10453 -0.0662017 2.47719e-19)
(0.810683 -0.164142 0)
(0.973304 0.0241006 4.15722e-20)
(1.39774 0.665644 0)
(1.63924 -0.924584 0)
(1.32885 0.234336 0)
(-0.272465 0.81846 0)
(0.780758 -0.651872 2.86671e-19)
(0.97373 0.152793 -3.03546e-19)
(1.01845 0.47229 1.83569e-19)
(1.59811 0.195338 0)
(1.1397 -0.0918877 -2.26458e-19)
(1.12675 0.0240186 1.85191e-19)
(-0.243142 0.37986 8.1421e-20)
(0.659251 0.5337 0)
(1.91105 -0.020555 -5.90085e-20)
(0.958109 -0.462594 8.00411e-20)
(-0.627696 -0.359823 1.6298e-19)
(1.80612 0.306464 8.08863e-20)
(-0.258539 0.596631 -2.43669e-19)
(0.824076 -0.74656 0)
(0.584858 0.382912 1.72997e-19)
(1.82957 0.0301224 -5.35199e-19)
(0.0821164 0.338282 -4.27166e-19)
(1.95104 1.01434 1.08954e-19)
(2.06961 -0.815099 0)
(-0.0972142 -0.112332 -3.42352e-19)
(0.708429 -0.0498936 7.92371e-20)
(1.59283 0.905969 0)
(-0.137228 0.851018 -1.91389e-19)
(0.908918 0.782322 -3.03594e-19)
(-0.178844 1.03836 3.58254e-19)
(1.02927 -0.0225441 0)
(2.0637 1.02704 -1.3733e-19)
(-0.163958 0.536192 0)
(0.685291 -0.473901 -1.06541e-19)
(-0.164003 1.06788 -1.88416e-19)
(0.793104 -0.72288 0)
(0.421594 -0.240687 4.19594e-19)
(0.531232 -0.43733 2.80634e-19)
(0.426982 -0.386045 0)
(0.983057 -0.773371 -1.17804e-19)
(0.883567 0.282392 0)
(-0.248321 0.852511 -1.16125e-19)
(0.805029 -0.688409 1.35908e-19)
(2.07069 0.0398567 1.76969e-19)
(2.25545 0.113902 0)
(-0.102507 -0.0652879 0)
(0.69784 0.647442 -3.85138e-19)
(1.78201 -0.559657 1.38361e-20)
(-0.0270906 -0.00806442 0)
(0.978858 -0.796969 -1.29352e-20)
(1.13308 -0.0882116 0)
(1.07249 -0.110574 3.91268e-19)
(1.94645 -0.0288695 -7.44619e-20)
(-0.178077 0.718538 0)
(1.21318 -0.534712 -5.11435e-20)
(-0.29766 0.263081 -3.13776e-20)
(-0.0970209 0.115814 0)
(1.09395 -0.803719 1.36156e-20)
(1.00724 0.00396333 -6.26008e-19)
(0.640449 -0.46035 -1.05138e-20)
(0.808753 -0.49896 0)
(1.19712 -0.714562 -8.58836e-20)
(0.667943 0.265475 2.67508e-19)
(1.24052 0.111874 0)
(1.54004 0.0957911 -3.62378e-19)
(1.20082 -0.845614 -1.73747e-19)
(-0.109004 -0.0781441 -1.19786e-19)
(-0.301653 0.326084 -1.61351e-19)
(1.07983 0.0092476 2.40179e-19)
(0.910223 -0.446652 -1.00658e-19)
(0.500079 1.06313 -2.99962e-21)
(0.68996 1.31609 3.72942e-21)
(0.943692 -0.122204 1.41287e-19)
(0.0370952 -0.0303621 -3.17824e-19)
(0.948657 0.004354 0)
(1.43493 0.0466439 -1.6001e-20)
(1.47912 0.671789 1.82748e-19)
(0.798647 -0.598814 -2.09085e-19)
(0.995273 0.00861896 1.28216e-20)
(0.710546 -0.512335 2.92875e-19)
(1.33451 0.824068 1.59745e-19)
(1.90956 0.0431049 5.96546e-22)
(-0.174237 0.776886 0)
(1.09069 0.0643897 -2.51033e-19)
(-0.568757 0.922395 -1.99158e-19)
(1.09621 0.508357 8.87133e-20)
(0.404389 -0.111316 1.91867e-19)
(1.16474 0.0296633 -4.43451e-20)
(-0.244623 0.0810398 -1.17907e-19)
(1.32273 0.599796 -9.5952e-20)
(1.16404 0.908328 0)
(-0.218537 0.935098 -1.04102e-19)
(0.166697 0.30951 0)
(0.671636 0.582992 -2.93398e-19)
(2.1357 0.229985 -8.84117e-21)
(-0.00133838 0.136127 1.4315e-19)
(-0.32619 0.911883 -5.88963e-19)
(0.729628 0.0986106 2.52039e-19)
(2.28539 -0.101706 -4.39356e-20)
(0.972027 -0.329422 -2.96768e-20)
(-0.0814652 -0.0721196 0)
(-0.17338 -1.11188 3.36359e-19)
(1.3524 0.994464 -4.8639e-20)
(0.842452 0.0951075 -1.39609e-19)
(0.564646 0.531018 2.0559e-19)
(0.401941 0.196517 0)
(-0.204606 0.0354031 -2.18606e-19)
(-0.041561 -1.52722 2.04172e-19)
(1.31289 -0.954762 2.75535e-22)
(0.988135 -0.0198771 -1.93763e-19)
(-0.0928946 -0.160347 4.41807e-21)
(0.139967 -0.142886 1.54729e-19)
(-0.184831 -0.235322 -2.23877e-19)
(2.05561 -0.808026 0)
(1.1422 0.050813 -3.39832e-19)
(2.29326 -0.100149 1.09412e-19)
(1.26904 -0.594988 8.96213e-20)
(1.06022 0.14461 -3.43457e-20)
(0.607781 0.35992 0)
(0.967187 0.771276 -1.81472e-20)
(0.695485 0.640983 2.01434e-19)
(0.889419 -0.547873 1.44844e-19)
(0.706568 0.527875 0)
(1.02193 0.00625369 8.33293e-21)
(0.874664 -0.650258 2.06204e-19)
(0.858509 0.445035 -4.82622e-19)
(1.1747 -0.0993266 0)
(0.0908859 0.169283 -3.0969e-19)
(-0.178091 0.171559 -7.41827e-20)
(1.62279 0.74748 0)
(1.36068 -0.924013 -2.3582e-22)
(-0.118208 0.967753 0)
(-0.0544849 0.288047 1.18476e-19)
(0.756448 0.672619 -1.05165e-19)
(0.843056 -0.195677 0)
(-0.0999752 -0.144525 0)
(1.80016 -0.381833 0)
(0.674578 -0.679969 6.68245e-19)
(1.21666 -0.872388 1.14059e-19)
(1.17207 -0.585819 5.68029e-20)
(1.02809 -0.160549 -1.59095e-19)
(0.869043 -0.679144 -1.6229e-19)
(0.191566 -0.194658 0)
(-0.367328 1.06465 0)
(0.99367 -0.492427 1.68017e-19)
(-0.0725955 -0.0371688 0)
(-0.216441 0.876168 0)
(0.0442367 0.41036 3.70873e-19)
(0.814721 0.691374 9.12602e-20)
(1.03702 0.814427 0)
(0.719198 0.579271 -8.93199e-20)
(0.83065 -0.0216451 -2.26842e-19)
(0.767167 0.585434 -2.40201e-19)
(0.602486 0.561698 -1.76995e-19)
(-0.0952022 -0.0171727 -8.57417e-22)
(0.720537 -0.643273 0)
(0.91065 0.193576 -3.36922e-19)
(-0.0847772 0.017932 5.97492e-20)
(0.611411 0.568259 4.04306e-19)
(0.981008 0.818229 0)
(0.517148 0.000187901 4.96688e-19)
(-0.251093 -0.0939454 3.81307e-19)
(-0.135454 0.0720399 -2.04806e-19)
(0.684933 0.593526 -1.54825e-20)
(0.969197 -0.0078883 6.09436e-20)
(-0.0555545 0.115998 0)
(1.79759 0.123616 -6.19762e-20)
(1.4288 -0.754347 6.66191e-21)
(0.652991 -0.602776 -7.34168e-20)
(0.107659 1.02813 1.25494e-20)
(1.21821 0.475702 2.07343e-19)
(0.906072 0.436059 0)
(1.03699 -0.158519 1.90368e-19)
(-0.225925 -0.0667622 6.75142e-21)
(-0.131714 0.0405823 2.75207e-19)
(0.91366 0.0221625 -5.34456e-20)
(1.13223 0.143202 0)
(1.57589 0.0686666 -1.02772e-19)
(1.97457 0.0783805 0)
(0.559235 0.285096 -4.6574e-19)
(0.138993 -0.142244 0)
(-0.0632386 -0.0066551 2.6512e-19)
(0.685308 0.0900164 0)
(0.608241 -0.494601 -1.80693e-19)
(1.13715 0.021739 2.12345e-19)
(-0.199177 0.842641 4.13916e-20)
(1.90895 -0.163233 -3.74527e-21)
(2.01687 -0.0339873 -1.15284e-19)
(1.12963 0.240026 -2.37914e-19)
(-0.0849625 0.0455804 -1.11295e-19)
(1.07425 -0.842235 0)
(0.807582 0.0162393 -1.54591e-19)
(0.918796 -0.359661 -2.84482e-19)
(1.71839 -0.524349 -7.36458e-21)
(1.55331 -0.0120018 1.05304e-19)
(1.087 -0.00519551 4.04334e-19)
(-0.136014 0.0314532 -1.7537e-19)
(0.985409 -0.420383 -1.21787e-19)
(0.20014 -0.192485 2.55605e-19)
(1.00787 -0.00778336 0)
(1.00488 -0.00621334 0)
(1.11466 -1.10819 3.18711e-20)
(-0.190604 0.710111 -7.67196e-20)
(0.268665 -0.101862 -1.67458e-19)
(1.52664 -0.218099 1.95099e-20)
(1.76777 -0.567216 0)
(2.30099 -0.206613 -8.06773e-20)
(0.956337 -0.825641 -6.95186e-20)
(1.82421 -0.491942 -8.77373e-20)
(1.12976 0.857241 0)
(0.469095 -0.448514 0)
(0.624969 0.542348 -1.83671e-19)
(1.11934 0.293645 -4.42177e-19)
(2.05909 -0.0558859 3.08064e-22)
(0.873912 0.176921 1.44104e-19)
(-0.23056 0.108939 -4.5833e-19)
(0.914617 0.269908 8.39891e-20)
(-0.219581 0.158746 0)
(-0.137671 -0.086176 0)
(-0.0661287 0.222596 0)
(1.34098 -0.699747 -6.97062e-20)
(-0.1189 0.119955 -1.97679e-19)
(0.00716402 -0.0859749 0)
(1.31264 0.995425 -4.99347e-20)
(1.12416 0.162434 -4.55965e-19)
(2.2692 -0.204981 -5.33902e-21)
(1.10025 0.939235 1.08587e-19)
(-0.276721 0.510425 1.21852e-19)
(0.898682 0.260908 0)
(-0.0591115 0.292084 -2.97913e-19)
(-0.205416 0.431309 2.42824e-19)
(0.783592 0.0521304 1.86128e-19)
(1.56066 0.970924 -4.3639e-20)
(2.00488 0.521684 -1.60581e-19)
(-0.219179 0.0885223 -5.81111e-21)
(0.748888 -0.680587 -3.50951e-20)
(1.18046 -0.00912876 0)
(1.72311 0.00039112 0)
(0.975589 0.0455024 0)
(0.208237 -1.31315 -1.43273e-19)
(-0.12052 0.203638 1.02967e-19)
(1.07064 0.864487 0)
(0.995904 0.00575863 5.19683e-19)
(0.789445 0.628575 -2.41514e-19)
(0.236502 -1.16477 -1.5059e-19)
(0.868382 0.0356593 -4.18387e-20)
(0.712544 -0.648487 -2.10539e-19)
(1.41469 0.731259 -4.42503e-20)
(0.550623 -0.428033 -2.92508e-19)
(1.12845 0.00529736 -4.76306e-19)
(0.80195 0.0399561 4.50093e-20)
(1.47535 -0.148368 5.97806e-20)
(0.588213 0.00968261 -2.38754e-20)
(-0.0617013 -0.0532036 -6.2451e-22)
(1.09925 0.487988 -2.93999e-19)
(1.32839 0.636006 4.96299e-20)
(-0.153909 -0.00895552 0)
(-0.239122 0.136358 1.67347e-19)
(0.147835 0.391176 1.32245e-19)
(-0.138016 -0.190826 -1.5934e-19)
(0.49524 0.353568 0)
(1.31988 -0.764036 0)
(0.000939337 -0.0107289 -9.90903e-20)
(-0.120606 -0.000614866 -5.84701e-20)
(1.04827 -0.0282303 1.88764e-19)
(-0.115034 0.58928 -5.08953e-20)
(2.16164 -0.67306 -4.73178e-19)
(-0.25588 0.698744 0)
(0.832513 -0.73498 -2.83443e-19)
(0.65907 0.27318 1.35533e-20)
(-0.42476 0.617911 1.29003e-19)
(0.726668 0.184945 3.36133e-19)
(0.631797 0.168107 1.07889e-19)
(0.499266 -0.469918 2.00215e-19)
(-0.027125 0.00603145 -1.37663e-19)
(2.18856 0.44452 0)
(0.41174 0.377837 -1.96631e-19)
(1.03044 -0.0121304 -2.99527e-19)
(-0.332026 0.972353 2.33597e-19)
(1.44726 0.500222 -1.56371e-19)
(-0.0724504 -0.0304662 -5.54358e-20)
(0.71037 -0.644728 -3.29675e-20)
(0.826571 0.208757 -2.13999e-19)
(0.996962 0.445101 2.47843e-20)
(1.14073 -0.130724 3.39966e-20)
(0.601286 -0.202461 -3.00975e-19)
(1.96565 -0.197847 -1.52324e-19)
(0.345885 -0.0868226 0)
(2.11165 -0.207847 -3.93872e-21)
(1.42247 -0.0303372 -1.26667e-20)
(1.0084 0.362606 9.94871e-20)
(0.910738 0.384245 -1.30136e-19)
(0.9315 0.477149 -1.34967e-19)
(0.432698 0.408752 -2.57266e-19)
(0.087381 0.893498 1.76758e-19)
(1.95112 0.257545 0)
(0.945895 0.00921072 0)
(0.878202 -0.773904 5.34656e-20)
(-0.244902 -0.074675 -4.18614e-19)
(0.00732757 0.934437 -2.68232e-19)
(-0.063834 -0.0501149 -2.46922e-19)
(-0.215435 0.961733 -1.39632e-19)
(-0.268941 0.31166 0)
(-0.138379 -0.101333 4.64844e-20)
(-0.0339633 0.363179 -6.30109e-20)
(0.152243 -0.135599 -3.5329e-19)
(0.801698 -0.0878009 0)
(1.32455 -0.340332 -1.23382e-20)
(0.102823 0.212236 0)
(0.994497 0.0239529 3.76318e-19)
(-0.232151 0.25057 1.74922e-20)
(0.527554 -0.400333 3.92072e-19)
(-0.62406 0.931923 3.31207e-19)
(-0.319407 0.0851162 0)
(0.040089 0.583454 6.50667e-20)
(1.0023 0.0268326 -1.13178e-20)
(0.0941876 -0.0970007 0)
(1.00391 -0.00921026 -5.89542e-20)
(0.852515 -0.716913 -2.73811e-19)
(1.44527 -1.04502 0)
(0.927774 -0.25415 2.03666e-19)
(0.0371123 0.722177 1.5994e-19)
(-0.0797837 -0.0804375 0)
(-0.204765 0.0565867 -5.93119e-21)
(0.716955 -0.622217 -4.14676e-19)
(0.942104 -0.0196389 -2.6623e-19)
(-0.247484 -0.0572814 5.00767e-19)
(-0.0955196 -0.0347339 1.68861e-19)
(-0.253822 0.232752 0)
(0.980535 0.495669 0)
(-0.321675 0.442768 1.59475e-19)
(1.45213 0.110976 -2.30153e-20)
(1.09767 0.916053 2.25209e-20)
(1.08904 0.223882 -1.32322e-19)
(1.11872 0.0061393 -2.18527e-19)
(1.01868 -0.0610037 -7.56975e-20)
(-0.234852 -0.0512579 -4.43747e-19)
(1.91032 0.00907076 1.81393e-19)
(0.690099 0.0433683 2.28535e-19)
(1.39979 0.0537275 7.82259e-21)
(1.01682 -0.138908 0)
(-0.588412 0.029654 1.27378e-19)
(1.14652 0.0268885 -5.09962e-19)
(1.78996 0.644547 4.15468e-20)
(0.730131 -0.433949 -1.59228e-19)
(-0.103046 -0.113611 2.55978e-19)
(0.794375 -0.693123 3.61123e-19)
(1.25528 0.205799 8.56332e-20)
(1.00666 -0.00870904 2.61132e-19)
(-0.211879 0.101751 -1.81778e-19)
(1.03001 0.0238707 0)
(1.62783 -0.137059 8.98503e-20)
(-0.0992558 -0.0953367 0)
(1.0138 0.0154448 -1.53018e-19)
(0.342808 -0.463158 -7.38232e-19)
(1.79341 0.34245 6.07551e-20)
(0.112297 0.464826 1.74661e-19)
(1.63732 0.0451391 2.57849e-20)
(1.01539 -0.0161607 5.43447e-20)
(1.23346 -0.0919149 0)
(1.44054 -0.576745 -1.13466e-19)
(1.02831 0.044552 -1.62164e-19)
(1.47121 0.812841 -9.66643e-20)
(1.20862 -0.0501686 0)
(1.32129 0.033667 -1.49484e-20)
(-0.0106435 -0.0073492 0)
(1.26375 0.0635853 0)
(-0.0991571 0.126322 0)
(1.27128 0.465719 0)
(1.92618 0.281353 2.53728e-20)
(0.762881 0.638309 4.23714e-19)
(0.296066 -0.297592 -2.37025e-19)
(-0.125719 -0.0218328 -3.91112e-19)
(-0.0916378 -0.081116 0)
(1.75898 -0.398644 4.89824e-20)
(1.33837 0.545807 0)
(1.50324 0.304936 0)
(-0.106742 0.358028 1.29963e-19)
(0.825359 0.729846 1.43002e-19)
(1.56901 0.0257035 0)
(0.00151824 0.067219 8.47843e-20)
(0.92125 0.240375 1.97705e-19)
(1.27916 -0.279584 1.38283e-20)
(1.26806 0.949173 5.76341e-20)
(0.935985 -0.838292 -2.75932e-20)
(0.0211458 -0.0872236 9.1639e-21)
(0.810274 0.732069 1.48227e-19)
(1.20268 0.945887 0)
(1.92652 -0.688352 5.54808e-20)
(-0.321841 -0.14813 0)
(0.858967 -0.144066 -7.17215e-20)
(1.03298 0.109999 1.29993e-19)
(1.00586 -0.00467504 0)
(-0.757679 -0.320351 1.03634e-19)
(0.887117 -0.152086 4.74836e-20)
(0.61654 -0.383037 0)
(0.659226 -0.356945 2.11135e-19)
(1.26572 0.576492 -3.89448e-20)
(0.483509 0.457999 2.88426e-19)
(0.156863 -0.100787 4.29537e-20)
(0.0172849 -0.0452026 6.16241e-20)
(0.74495 0.0532114 0)
(1.3319 -0.887197 -5.16027e-20)
(1.03836 -0.0436939 4.20043e-19)
(1.53548 0.352218 1.031e-19)
(0.0134121 0.125985 7.15629e-20)
(-0.728771 1.06856 0)
(1.21041 -0.220533 -1.07705e-19)
(-0.0811917 -0.0762981 -2.1378e-19)
(-0.762127 0.54354 -1.79031e-20)
(-0.134499 0.0450878 -5.12375e-22)
(-0.211982 0.0945454 2.21161e-19)
(0.397633 1.06792 1.26684e-20)
(1.83959 0.0441875 8.30525e-20)
(1.219 0.478935 -3.34374e-19)
(0.923734 -0.055997 0)
(1.84454 -0.0515899 1.03813e-19)
(1.52061 0.0630661 3.89701e-20)
(0.905885 -0.757232 1.32592e-19)
(1.17863 -0.980221 -2.35953e-20)
(0.486929 0.453435 1.9552e-19)
(0.159047 0.292042 0)
(1.7962 0.600467 -1.3871e-21)
(-0.0908366 -0.0860959 -4.34582e-19)
(0.904399 0.789324 0)
(2.12968 0.659186 0)
(0.296507 -0.294833 -4.23584e-21)
(0.341087 0.33375 0)
(-0.63346 0.898276 -3.43015e-19)
(0.0334296 0.0516057 -1.21362e-19)
(1.81792 -0.347353 0)
(1.29925 0.0403181 2.72738e-19)
(0.191216 0.769305 2.22411e-19)
(0.53304 -0.505537 -4.54006e-19)
(1.48195 0.0450152 -9.33806e-21)
(0.611204 -0.551979 0)
(1.04433 0.134871 0)
(1.49981 -0.19833 0)
(1.1383 0.240768 -2.56847e-19)
(1.38025 0.113895 3.66808e-19)
(-0.149167 0.052519 0)
(0.85441 -0.0455751 0)
(1.69044 -0.188121 1.57445e-20)
(-0.0820572 -0.0167349 8.09665e-20)
(2.34856 -0.323006 -1.52409e-19)
(1.18725 -0.517427 2.26447e-19)
(1.81566 -0.0707758 -1.04638e-19)
(-0.210537 1.07611 -1.56373e-19)
(2.01663 0.0916523 -8.10043e-20)
(1.01607 -0.014798 4.23801e-19)
(1.54961 0.622557 0)
(-0.164614 0.434881 3.33769e-20)
(1.00205 -0.82202 1.59024e-19)
(0.856148 0.00375259 4.89031e-20)
(0.621683 -0.406801 0)
(1.89032 -0.435854 7.86421e-21)
(1.1899 -0.182807 1.40813e-19)
(1.05453 -0.480206 0)
(0.611047 -0.566847 4.18568e-19)
(1.98516 0.0862029 1.68924e-20)
(2.38522 -0.303437 3.80827e-19)
(-0.0723979 -0.0199068 -1.81638e-19)
(1.36257 0.64077 1.84122e-19)
(1.17265 0.42472 4.09669e-21)
(0.922978 0.395283 2.38115e-19)
(1.38056 0.186477 2.75327e-20)
(-0.225531 -0.0293891 2.82566e-22)
(0.999299 0.32379 0)
(-0.111867 -0.0956515 4.17927e-19)
(1.12324 -0.966631 0)
(1.05711 -0.635395 2.03307e-20)
(0.417449 0.291455 -3.27915e-21)
(1.13657 0.741535 -1.52386e-20)
(-0.344019 0.536178 -3.24964e-19)
(1.0099 0.507206 1.90377e-19)
(-0.0321241 -1.45147 1.581e-19)
(0.707431 -0.042748 0)
(1.07139 -0.308886 0)
(1.51538 -0.133834 -4.79881e-21)
(0.764481 -0.00818577 0)
(1.32965 -0.190662 -1.44896e-19)
(-0.425227 1.00806 5.06852e-19)
(1.9837 0.518775 -4.04855e-20)
(1.05456 -0.0327055 0)
(0.540753 -0.319553 1.03932e-19)
(1.00883 0.0257739 2.01955e-19)
(0.0839861 -1.04181 4.9392e-21)
(-0.0810872 0.985099 0)
(1.09331 -0.451205 4.59944e-19)
(0.727465 -0.219871 -9.81931e-23)
(1.08885 -0.478942 -2.00387e-19)
(2.42845 0.175972 8.54494e-20)
(1.31845 0.81401 0)
(0.882973 0.0248117 0)
(-0.00860887 0.190372 -1.77529e-19)
(0.00173115 -0.0166719 1.11479e-19)
(0.970706 0.386753 -2.22649e-19)
(-0.174135 0.0794005 -1.72123e-19)
(0.666445 0.437896 2.49402e-19)
(1.27142 0.130617 0)
(0.541952 -0.503279 0)
(0.310202 0.675102 -1.35416e-20)
(1.22021 -0.483595 -9.16938e-20)
(1.04061 -0.018974 1.85932e-20)
(0.727366 -0.126932 1.18772e-19)
(-0.0851072 -0.00156452 -2.05352e-19)
(1.56028 0.04036 2.38371e-19)
(0.6731 0.627611 0)
(1.30045 0.717524 0)
(1.65545 0.259159 0)
(-0.23894 0.256256 -1.4913e-19)
(1.26839 0.584521 1.45108e-19)
(1.56944 0.101005 9.11752e-21)
(0.968697 -0.0150854 0)
(1.0658 0.202684 0)
(2.04889 -0.118164 -1.43241e-19)
(-0.390666 -1.00754 -7.31325e-22)
(1.00524 0.00400428 -2.02722e-19)
(1.54016 0.500537 0)
(-0.0933023 0.898224 0)
(1.26696 0.331619 3.2765e-19)
(1.04795 0.549233 -1.4377e-19)
(1.07483 0.0330454 0)
(1.02184 0.236687 0)
(2.03653 0.706997 -2.02225e-19)
(-0.212558 0.196244 -1.51014e-21)
(0.994829 0.0146061 0)
(0.72892 0.501074 -3.48853e-20)
(0.942144 -0.825871 0)
(1.00145 0.0174189 4.68892e-20)
(0.0711794 -0.81083 -1.49752e-19)
(0.895568 -0.30302 2.98896e-19)
(0.19394 0.132918 2.71609e-19)
(1.89539 0.0410165 1.87729e-19)
(1.85136 -0.083934 -5.04982e-20)
(0.768194 -0.0155978 0)
(1.00575 0.0130263 0)
(-0.541321 0.757177 0)
(0.675975 0.646908 -2.07859e-19)
(-0.0428551 -0.0316628 1.3985e-19)
(1.19407 0.367268 -5.22977e-19)
(-0.229406 0.93777 0)
(0.853037 0.6676 1.79913e-19)
(0.996688 -0.314181 0)
(1.00526 -0.0012834 1.18757e-19)
(-0.790734 0.198931 4.76478e-21)
(1.05762 0.42241 2.83037e-19)
(1.57892 0.214192 0)
(2.23599 0.174134 -4.434e-20)
(0.821242 -0.0904967 -3.65179e-19)
(-0.794818 0.982217 -4.66747e-19)
(-0.219756 -0.140416 0)
(0.894202 0.264355 1.83013e-19)
(1.81797 0.175394 0)
(0.797661 0.54746 3.82537e-19)
(-0.522834 0.828381 2.13754e-19)
(-0.0236529 -0.0603777 0)
(0.60156 0.572077 -7.54337e-20)
(1.01835 -0.623527 -1.42487e-19)
(0.467126 -0.21032 -1.23295e-19)
(1.01839 -0.00736443 0)
(0.12352 0.804176 -1.73354e-19)
(0.629275 -0.556304 8.00075e-20)
(0.92194 0.311598 0)
(1.67684 -0.525261 7.92906e-21)
(1.00589 0.856888 2.78228e-20)
(-0.042645 -0.386432 1.30905e-19)
(0.494797 0.107677 -3.38155e-19)
(0.219243 0.0201328 -5.57333e-19)
(-0.100899 -0.0547382 1.06885e-20)
(0.835041 0.383929 2.59824e-19)
(-0.0993588 0.180684 -5.12548e-21)
(1.40691 -0.620653 3.03638e-21)
(1.0223 0.0183345 -3.50185e-19)
(-0.35124 0.433157 0)
(1.03468 0.0436821 -4.23698e-19)
(1.41481 -0.00780874 -2.28966e-20)
(0.912569 0.713086 3.07336e-19)
(1.12236 -0.0576672 1.58863e-19)
(1.00295 -0.01687 1.61986e-19)
(1.08568 0.906654 1.31077e-20)
(0.0511046 0.116634 2.44226e-22)
(1.78723 -0.839027 1.75933e-20)
(1.09817 -0.119665 -7.15377e-20)
(0.763765 0.0422946 8.20039e-20)
(0.897703 -0.270627 8.84967e-20)
(2.028 0.0188369 0)
(0.987039 0.757243 0)
(-0.580267 0.105131 -5.68816e-21)
(2.0735 0.195173 -9.06692e-22)
(-0.657974 0.944689 1.69776e-19)
(1.02158 -0.523051 -4.89935e-19)
(0.605479 -0.517051 3.86045e-19)
(1.43748 0.202761 -9.35044e-20)
(0.0342432 0.0953477 2.01284e-20)
(-0.0274187 -0.02905 0)
(0.758602 0.141164 -6.88153e-21)
(0.604253 -0.408981 1.62878e-19)
(1.06542 0.784187 0)
(0.137588 -0.595926 0)
(1.00168 0.287204 0)
(-0.0480549 -0.0114675 -6.52075e-20)
(-0.191942 0.194185 0)
(0.155861 -0.719009 -1.60011e-19)
(1.24303 0.188495 7.13119e-21)
(0.063629 -0.45785 2.77062e-19)
(2.0894 0.275346 3.50304e-20)
(1.8633 0.484376 -1.28801e-20)
(1.99673 -0.177189 -2.66816e-20)
(-0.179236 0.0104699 -1.53135e-19)
(-0.213647 0.106217 4.42401e-21)
(1.97469 0.0405665 0)
(0.684504 -0.0366155 0)
(1.001 -0.000417757 2.40109e-22)
(-0.298658 0.352169 0)
(1.26418 0.048087 -4.86897e-20)
(0.68202 -0.0325559 0)
(1.04555 0.00792667 1.28031e-19)
(0.989028 0.0155203 -4.59208e-20)
(1.55152 0.133333 1.58373e-19)
(1.06781 -0.0139698 -9.67141e-22)
(0.939826 -0.174596 -5.36448e-20)
(1.02111 -0.0219828 3.73818e-19)
(0.662176 -0.597538 1.79951e-19)
(0.393171 -1.30407 -2.99593e-19)
(1.92992 0.4672 2.81686e-22)
(-0.00169556 -0.0199742 0)
(1.15167 0.816717 0)
(1.02488 0.00363003 0)
(0.994925 -0.760221 -9.73253e-20)
(1.05612 -0.897446 2.5405e-20)
(1.9991 0.736123 -6.61188e-20)
(-0.679301 0.0907954 -2.44607e-19)
(0.0967742 0.374762 -2.81198e-20)
(0.573766 -0.355086 -6.31681e-19)
(2.13953 0.0258014 -1.81542e-20)
(0.772162 0.747548 2.91876e-19)
(2.00548 -0.118779 9.91009e-20)
(1.76908 0.0797233 1.25354e-20)
(-0.0242609 0.0369542 -1.30372e-19)
(1.13793 0.573332 2.2371e-19)
(-0.192547 -0.188327 0)
(-0.215206 0.242487 3.36797e-19)
(-0.158779 -0.130251 -1.11619e-22)
(1.02927 -0.0443638 3.43176e-19)
(1.02207 0.00944982 -8.69355e-21)
(1.10754 -0.00772788 -9.46196e-20)
(0.973869 0.429035 5.32694e-21)
(1.67829 0.321962 8.4605e-20)
(0.394396 -0.366694 -3.12571e-19)
(1.65148 0.806499 1.16082e-19)
(1.03081 0.0103697 -2.46666e-19)
(2.29906 0.481517 -2.90223e-22)
(1.18704 0.445378 0)
(1.13575 0.611663 -4.20786e-19)
(1.00281 -0.00431576 9.68304e-20)
(0.694296 0.624336 2.72336e-19)
(0.179392 0.345007 -1.89047e-21)
(1.07286 -0.00622164 -3.16917e-20)
(1.13144 0.0203686 8.93377e-22)
(2.38425 -0.160262 1.29002e-20)
(1.74718 0.225622 0)
(1.04351 -0.0400354 0)
(1.04814 -0.0348985 5.97879e-19)
(1.00253 -0.0032259 0)
(-0.116675 -0.0931249 0)
(1.05336 -0.614468 0)
(1.00071 -0.00123125 -5.63168e-19)
(1.1501 -0.664522 7.58767e-20)
(1.02395 0.000561103 1.17614e-20)
(1.37237 0.979933 -4.16694e-20)
(1.55699 1.02899 1.00574e-19)
(0.272483 0.493969 4.2759e-20)
(0.493795 0.162557 -7.17372e-20)
(1.88391 -0.159528 0)
(-0.214873 0.427426 0)
(1.59636 0.32317 2.23415e-20)
(0.714745 -0.559745 0)
(0.999334 -0.00547398 -1.74731e-19)
(1.01069 -0.00149278 3.39452e-19)
(1.48225 0.146688 -8.03026e-20)
(0.0535574 -0.104932 3.2625e-19)
(0.982086 0.0029985 1.85841e-19)
(0.68888 0.172912 -3.94499e-20)
(1.27735 0.155504 1.05295e-19)
(0.928917 0.0544172 3.90983e-22)
(0.925777 0.0182454 -1.84129e-19)
(1.00348 0.00367525 2.18359e-19)
(1.00025 -0.00100573 1.2926e-20)
(0.789113 -0.0136507 0)
(0.728002 -0.0269421 0)
(0.723912 -0.0274826 5.15599e-22)
(0.700965 -0.0302813 0)
(0.236157 0.00802905 0)
(0.85544 0.174707 0)
(1.54485 0.151443 -1.82778e-19)
(1.59043 0.150026 1.01311e-19)
(0.825134 0.663276 0)
(0.504085 0.348243 -1.93689e-21)
(0.634236 -0.0448421 0)
(0.0110017 0.217768 0)
(0.13059 0.0719867 0)
(0.941526 0.406743 -9.36405e-21)
(2.00798 0.161281 -2.78194e-20)
(0.773691 0.0247231 0)
(0.78615 0.0200725 0)
(0.964743 0.021487 -2.27206e-19)
(0.814354 0.00740665 4.25009e-19)
(1.00835 -0.00138311 0)
(1.00017 -0.000884248 4.04036e-19)
(1.00038 -0.000865008 -4.19488e-22)
(0.784192 0.0228672 3.60471e-19)
(0.998975 -0.00423719 -2.13114e-19)
(0.6686 -0.134347 0)
(1.22104 0.192878 -1.05407e-19)
(1.00076 -0.00173107 -2.04654e-19)
(0.99983 0.000685288 -3.50453e-19)
(0.927098 -0.291439 0)
(0.999022 0.00117856 0)
(0.999642 -4.63049e-05 0)
(0.132968 0.279312 -6.44292e-20)
(0.750893 1.04656 -6.99491e-20)
(1.72375 0.908882 0)
(-0.0529417 0.334298 2.35896e-19)
(-0.342093 -0.260538 -1.03275e-19)
(1.0203 -0.00976727 -2.7312e-19)
(-0.125001 0.055091 -1.08424e-19)
(1.01871 0.00999798 -2.18779e-19)
(1.14241 -0.203486 -9.38212e-20)
(0.786833 -0.451595 2.97201e-19)
(-0.0741447 -0.0613498 -1.01708e-19)
(1.02846 0.0164182 0)
(1.06952 -0.00938652 -6.14231e-20)
(0.846433 0.0240639 0)
(-0.0911141 0.0245951 1.96416e-19)
(0.554031 -0.829127 0)
(-0.162374 0.237892 -2.65561e-19)
(1.3142 0.280835 4.75812e-20)
(1.69289 0.707691 -8.58007e-20)
(-0.0629285 -0.0103011 0)
(1.05206 -0.0378642 1.85042e-19)
(0.400973 0.896704 -6.86254e-21)
(0.930176 0.0073381 2.88395e-19)
(1.01301 -0.00564556 -1.8644e-19)
(1.70826 0.890128 -1.27551e-21)
(0.535339 0.505139 0)
(0.464966 0.430721 2.06145e-19)
(0.592222 0.0463062 1.339e-20)
(1.16361 0.132166 2.13389e-19)
(1.07966 -0.696017 0)
(1.02406 0.0077661 0)
(1.0003 -0.017656 -4.29072e-19)
(1.01826 0.0179794 -4.15212e-19)
(-0.128598 -0.0617943 0)
(1.24922 0.844836 -1.6306e-19)
(0.183543 0.712878 2.01238e-21)
(1.01546 0.00737132 1.6078e-19)
(1.0117 0.0147483 -2.00552e-19)
(-0.167744 0.379965 -2.62482e-20)
(0.74515 0.917922 1.82485e-19)
(1.01909 -0.00978117 6.86997e-19)
(0.396427 0.518063 0)
(1.90278 0.678895 2.20008e-21)
(1.01625 -0.00765376 -2.13501e-19)
(1.52355 0.0268248 -9.53187e-21)
(1.06475 0.0146595 -4.98473e-22)
(1.00807 -0.00938388 4.27682e-20)
(1.8505 0.0999406 -1.6297e-19)
(1.01709 0.00764666 2.06077e-19)
(1.37581 1.01446 4.17917e-21)
(1.01808 0.00938978 0)
(0.944806 0.169003 5.19896e-20)
(-0.545267 0.293085 4.73041e-21)
(0.998126 0.023055 2.04332e-19)
(1.03974 0.0218093 -6.73521e-22)
(0.445691 0.679976 1.93251e-21)
(1.28774 0.329577 4.82155e-19)
(0.995118 0.0186132 1.40352e-19)
(1.01708 -0.0109894 3.67497e-22)
(1.81093 0.252653 -4.01916e-20)
(1.79931 0.97106 -8.09557e-20)
(0.775955 -0.693797 5.47039e-20)
(0.434796 -0.288393 -3.07293e-19)
(1.00791 -0.00833178 0)
(1.02137 0.00517813 5.11932e-20)
(1.01154 -0.00686455 1.08568e-19)
(1.26674 1.21071 -8.01706e-21)
(1.01486 0.0101225 -2.14664e-19)
(1.02676 -0.0150852 2.43964e-19)
(1.00847 -0.00662828 -2.03028e-19)
(1.01407 0.00905786 -5.0209e-22)
(1.01238 0.00513404 -2.89776e-22)
(1.02416 0.0175245 2.05291e-19)
(0.907973 0.10537 5.26337e-19)
(1.094 -0.827941 0)
(-0.183272 0.642713 4.84557e-20)
(1.01056 0.000691723 0)
(1.02226 -0.0103355 -5.98855e-20)
(1.57033 0.460824 -1.20109e-19)
(1.24696 0.015458 0)
(1.58411 -0.672964 -5.11626e-20)
(0.436962 -0.859935 1.88172e-20)
(0.791152 -0.0222136 0)
(1.64397 0.205569 0)
(-0.0411455 -1.36864 -4.08695e-20)
(0.774089 0.847063 -8.21407e-21)
(1.01814 0.000291164 -2.16812e-19)
(1.10776 -0.545602 -5.64945e-20)
(0.687918 1.1928 4.00089e-20)
(1.33288 0.424538 0)
(0.292732 0.253307 0)
(1.75328 -0.423387 0)
(-0.137824 0.403145 4.61967e-20)
(1.19245 1.13296 -2.00121e-19)
(-0.0985518 -1.50858 0)
(0.135004 0.759356 -2.07759e-19)
(1.73326 0.9949 1.87385e-21)
(1.00766 -0.000946029 -4.23063e-19)
(1.18117 1.2313 -3.03927e-20)
(1.02062 0.0159024 2.79944e-19)
(0.712402 -0.0472445 0)
(-0.175415 -0.0911562 -3.23942e-20)
(0.636734 0.465986 -3.52531e-19)
(1.41981 -0.455866 7.31281e-20)
(0.0696596 0.64282 0)
(0.76658 0.0785066 7.42035e-20)
(0.530102 0.50865 5.42256e-20)
(1.2142 0.906995 -4.49028e-20)
(-0.0956502 -0.101213 1.60869e-19)
(1.02486 0.0195175 0)
(1.33131 0.874051 -1.79598e-19)
(1.01175 0.00140356 1.59114e-19)
(2.44159 -0.00267394 0)
(1.01234 0.0102052 2.66381e-19)
(-0.051602 0.240186 -1.63396e-19)
(1.01904 0.0160834 -1.65188e-19)
(2.01837 1.26865 0)
(1.80381 -0.69401 1.06209e-22)
(1.00932 0.00544982 -1.1068e-19)
(0.997006 -0.0158341 2.91732e-19)
(1.10478 0.107078 -1.95497e-21)
(1.48415 0.604595 2.32139e-19)
(-0.0993085 -0.145135 4.27717e-19)
(2.08391 0.284911 1.0483e-19)
(0.84969 0.289859 -2.56994e-19)
(0.799647 0.0143498 -3.98388e-19)
(0.81749 0.032333 0)
(0.742987 0.863308 -1.33749e-19)
(1.02302 -0.00638002 -3.22111e-20)
(0.970455 0.0417746 0)
(1.05247 0.00745691 -2.0578e-19)
(0.35408 -0.600254 1.43506e-19)
(-0.532161 0.726633 1.83341e-19)
(2.15236 -0.440797 0)
(0.257051 0.10224 -8.9576e-19)
(1.48369 -0.316298 0)
(1.04027 -0.0159772 6.00987e-20)
(1.19907 0.123458 -7.91839e-22)
(1.01303 0.00436369 1.71675e-19)
(0.0313279 0.648246 4.9566e-19)
(1.01933 0.00618057 0)
(0.994174 0.00354906 -4.15178e-19)
(1.00901 0.00888803 2.18454e-19)
(1.57916 0.387278 0)
(1.02927 -0.401659 -5.12879e-21)
(0.955979 -0.00148674 -1.86576e-19)
(-0.153355 0.00874243 4.02604e-19)
(1.00424 -0.00130386 -2.13114e-19)
(0.998442 0.0368151 -5.00622e-19)
(1.63382 -0.545511 -4.43251e-21)
(-0.0150772 0.0046702 -9.87167e-20)
(0.830872 0.717558 -1.89534e-19)
(0.819362 0.380573 0)
(1.02299 -0.00319266 4.50287e-19)
(1.04109 -0.00943633 2.38578e-19)
(0.77229 -0.284833 2.44654e-19)
(0.281516 -1.18019 -2.08822e-19)
(1.06951 0.0131999 -1.17633e-19)
(1.11202 -0.888979 4.8614e-20)
(1.00688 0.00105902 2.2285e-19)
(0.918982 -0.656909 1.94149e-19)
(-0.191216 0.880838 4.08562e-19)
(-0.0337494 -0.015342 -8.24701e-20)
(0.799517 0.0215684 -6.98218e-20)
(0.70846 -0.131048 -6.8444e-19)
(1.02114 0.0024827 0)
(1.32312 -0.783371 8.70112e-20)
(0.387918 -1.33557 3.5238e-20)
(0.839153 0.305918 0)
(1.09021 -0.822813 0)
(0.243426 -1.57063 0)
(1.02366 0.0168226 9.42234e-20)
(2.20464 -0.312057 0)
(1.05819 -0.0220535 3.82326e-21)
(-0.511973 1.08743 -1.93934e-19)
(-0.0866907 -0.0711331 2.55824e-19)
(0.0928999 -0.0263398 1.37453e-21)
(1.47632 0.385736 1.23392e-19)
(-0.239846 0.000322157 5.40725e-19)
(0.580911 -1.021 0)
(0.282268 -1.36863 3.18571e-20)
(1.01935 0.0229866 5.86551e-20)
(-0.159392 -0.142675 -1.65415e-19)
(0.905995 0.738585 -6.05979e-20)
(-0.0518403 -0.0438253 5.81482e-20)
(1.36864 -0.970944 -2.6145e-20)
(0.343749 -0.51202 -2.29894e-19)
(1.07385 1.21664 9.60065e-21)
(-0.0902655 -1.3716 -1.49026e-19)
(0.9126 0.0169247 0)
(0.377018 0.163783 -2.7079e-19)
(1.21085 -0.163553 -1.37455e-19)
(0.0240711 -1.05765 1.45643e-19)
(2.16797 0.195707 0)
(1.04429 0.0311898 2.28829e-19)
(0.30533 -1.58861 0)
(0.845795 1.36234 -2.08316e-20)
(0.999307 -0.0690273 0)
(0.895943 0.3538 -2.34081e-19)
(1.30155 -0.725884 -7.43162e-20)
(-0.0789806 -0.0506007 -1.81085e-20)
(0.942055 0.0517741 -4.60542e-19)
(1.022 0.00439028 0)
(1.11297 0.0144623 1.17528e-19)
(1.4128 -0.249757 0)
(2.04854 -0.27255 0)
(1.01717 0.0150375 -4.11273e-20)
(0.992238 0.0523097 -2.00423e-19)
(0.468644 -0.251097 1.59653e-19)
(0.0754706 -0.106797 0)
(1.02295 -0.00720795 2.74994e-22)
(0.921704 -0.738247 -1.22813e-19)
(0.663345 0.380111 0)
(1.0719 -0.0261223 -2.94629e-19)
(2.00208 -0.664007 5.47736e-20)
(-0.00294123 -1.41302 -1.40389e-19)
(-0.190554 0.25486 1.71228e-19)
(-0.408524 0.616003 2.45155e-20)
(-0.262616 0.945271 -1.79076e-19)
(-0.13378 -0.119226 3.581e-19)
(0.0383866 0.0258946 -8.07383e-21)
(0.0376484 0.197338 2.9224e-19)
(0.941164 -0.692007 2.14475e-19)
(1.10415 -0.896846 0)
(1.01076 0.0173753 -4.79332e-19)
(0.769524 0.236309 -7.63464e-20)
(1.01979 0.00254989 -1.83186e-19)
(-0.104585 -0.116499 -1.18404e-19)
(-0.215548 0.0255699 3.14893e-19)
(1.01785 0.0245481 -2.32471e-19)
(1.14947 -1.51821 2.66897e-19)
(0.399263 -1.1801 3.25163e-21)
(1.03022 -0.0042703 -3.84594e-19)
(1.539 0.0144732 0)
(-0.125848 0.786219 -1.5172e-19)
(-0.129448 0.687083 -4.38232e-19)
(1.51677 0.132211 0)
(1.12222 0.0950776 0)
(1.07548 0.0238834 2.77271e-19)
(0.502444 -0.49521 1.49394e-19)
(1.18306 -0.0177036 -2.24867e-20)
(1.18592 0.650517 1.93548e-19)
(0.802695 -1.2681 -2.13218e-19)
(1.04677 0.0210276 1.3338e-19)
(-0.34722 0.465085 -1.70075e-20)
(1.23828 0.164339 -4.25568e-19)
(-0.371047 0.234947 0)
(0.991679 -0.24461 -1.85007e-19)
(0.922275 -1.0762 2.20824e-19)
(1.36144 -0.53421 -1.52902e-19)
(1.0208 -0.00867878 -2.72136e-19)
(0.468055 0.452168 -1.48696e-19)
(1.48785 -0.00485635 -2.83177e-19)
(-0.739236 1.06648 2.37265e-19)
(0.916819 0.0307184 -3.46028e-19)
(0.534464 0.0764722 -2.03767e-19)
(1.00931 -0.00663983 -2.26567e-19)
(0.832078 0.627234 -2.54726e-19)
(0.536702 -1.47891 -2.32606e-19)
(0.440989 -0.418608 -1.37234e-20)
(0.584193 -0.0134538 1.37242e-19)
(0.0844121 -1.0199 1.11605e-19)
(1.90917 -0.466306 0)
(1.09491 -0.841641 0)
(1.35164 -0.368067 -3.53062e-20)
(0.895976 0.0701543 0)
(0.719596 -0.375843 1.88766e-19)
(-0.0439344 -0.0367943 0)
(1.03171 -0.168186 -1.6153e-19)
(1.02583 0.0137095 0)
(2.35129 0.0331541 -3.67685e-20)
(1.0757 -0.372048 3.20016e-19)
(0.976522 -0.00799727 1.99184e-19)
(1.07105 0.0922872 -2.08401e-19)
(1.45633 -0.12132 1.49556e-19)
(1.01661 0.0292311 2.84235e-19)
(0.876618 0.792708 0)
(0.97696 0.00778889 2.30158e-19)
(1.05931 -0.126034 7.25626e-22)
(0.130655 -0.941271 2.0016e-19)
(1.44517 1.07512 -4.69063e-20)
(1.01843 -0.00859208 3.09841e-19)
(0.682745 0.347408 -1.9404e-19)
(1.96259 0.655283 0)
(0.58001 -1.1796 0)
(0.990938 -0.116314 -4.28624e-19)
(0.173365 -1.34843 0)
(0.712385 0.455632 7.3632e-20)
(1.21441 -0.921022 0)
(0.527767 0.395015 0)
(0.64044 0.584275 -5.72178e-19)
(2.17772 0.217928 2.11724e-20)
(1.02516 -0.0208024 -1.28054e-19)
(-0.128078 -0.00485238 8.4138e-20)
(1.06011 0.0649177 0)
(1.04447 -0.0408598 0)
(0.128311 -1.0836 -5.6709e-20)
(-6.66371e-05 -1.31042 0)
(0.775645 0.503058 3.75926e-20)
(1.04735 -0.00583804 5.66034e-22)
(0.636833 0.49006 1.43458e-19)
(1.14728 0.0324497 3.14774e-20)
(1.56267 -0.557027 -2.79902e-20)
(1.09478 0.0402037 1.84384e-19)
(1.04256 0.00547195 -1.91211e-19)
(1.16339 0.222713 2.2152e-19)
(1.01024 0.0347379 -4.5918e-19)
(0.189735 0.0866759 0)
(-0.264882 0.986999 -4.27723e-20)
(0.246298 -1.4595 -2.55855e-19)
(0.895531 -0.126274 -2.47609e-19)
(1.3949 0.101968 0)
(0.103953 -1.29492 1.27643e-19)
(-0.125651 0.011904 8.19979e-20)
(0.963966 -0.0807074 6.61031e-20)
(0.627449 -0.691415 2.10375e-19)
(1.86827 0.812129 3.16809e-20)
(0.874459 0.733565 4.67241e-19)
(0.691614 -0.747121 3.06945e-20)
(1.10068 -0.0193337 0)
(1.00767 -0.0756847 -1.27e-19)
(0.0347995 -0.0669451 1.02804e-19)
(1.82372 0.185063 -8.35694e-20)
(2.38448 0.104344 0)
(1.88692 0.137576 0)
(1.63074 0.335073 1.02565e-19)
(0.0406892 -0.0965408 0)
(1.02138 0.0290447 -1.80164e-19)
(1.19166 -0.712211 0)
(1.00552 -0.00427706 1.32168e-19)
(0.655713 -0.296039 -2.18741e-19)
(0.96402 -0.0100182 4.30907e-19)
(1.92677 0.349097 -3.75835e-20)
(1.06036 -0.0244043 -4.80416e-19)
(0.847161 0.0267259 5.8975e-20)
(1.57604 0.0769104 1.62382e-20)
(1.06545 -0.0292513 0)
(1.05602 -0.00350155 1.45633e-19)
(-0.220529 0.894381 -2.05411e-19)
(1.11813 0.00780082 -2.28286e-19)
(0.898673 0.659924 -5.07363e-19)
(0.180785 0.532758 3.98547e-20)
(2.37213 0.0754935 0)
(0.303615 -0.0186506 5.3556e-19)
(1.98027 -0.978428 0)
(-0.415219 0.98022 1.03978e-19)
(-0.134731 0.0992449 2.12735e-19)
(1.10365 -0.90515 0)
(0.727945 0.0285514 1.15123e-19)
(-0.312487 1.06203 0)
(1.4559 -0.425221 0)
(-0.0441035 -0.00740289 9.37627e-20)
(0.874569 0.119483 -2.58703e-19)
(0.529173 -1.45756 2.12317e-19)
(0.958721 0.71143 -4.15114e-19)
(1.01249 0.0495979 -6.57969e-21)
(1.01959 -0.0317986 1.45461e-19)
(1.78889 0.0696197 0)
(1.0472 -0.0864932 -5.42496e-20)
(1.37738 -0.245259 6.50778e-19)
(1.02371 -0.0134354 3.01204e-19)
(1.0827 -0.0113904 1.15655e-19)
(1.92614 0.373704 0)
(1.00391 -0.0093737 0)
(1.01206 0.879852 -3.91423e-20)
(1.03417 -0.00982926 -1.76895e-19)
(1.16532 -0.4433 -9.49316e-20)
(0.463486 0.503911 3.04778e-20)
(0.779585 0.769316 0)
(1.05707 0.450773 0)
(0.0677647 0.148568 -5.69969e-21)
(0.706917 0.306581 -2.57935e-19)
(1.6353 0.347224 -3.96846e-20)
(0.996423 0.0783028 2.64825e-19)
(0.452077 0.261875 -1.54416e-19)
(2.3508 -0.19722 0)
(2.16693 0.112833 -1.59208e-20)
(1.10052 0.0109183 -1.19687e-19)
(1.94877 0.0387337 0)
(0.798844 -0.00403141 0)
(0.790266 -0.272583 -2.69292e-20)
(0.268386 0.0396441 1.03625e-20)
(0.773907 0.000158551 1.20846e-19)
(1.13192 -0.0101618 0)
(0.827235 -0.761199 0)
(-0.200279 0.388167 -1.88434e-20)
(1.03829 0.735155 -2.62161e-19)
(0.181717 0.11749 -6.6046e-20)
(-0.276129 0.510177 2.89348e-21)
(1.95584 0.842617 1.34468e-19)
(0.994576 0.0415115 1.88766e-19)
(1.02407 -0.043825 1.01431e-19)
(0.308031 -0.174338 -7.11043e-19)
(-0.123111 -0.124555 0)
(0.530218 -1.32339 -5.95521e-20)
(0.590774 -0.565149 -3.30446e-19)
(-0.208043 0.334468 2.90961e-19)
(0.941267 0.133304 -1.94668e-19)
(0.992213 0.362551 3.96593e-19)
(1.0087 -0.0736474 9.48703e-22)
(1.02531 0.0116919 -3.47166e-20)
(0.985263 -0.000243583 1.39449e-19)
(-0.717356 0.734714 -1.51767e-19)
(-0.161583 -0.123176 -1.90997e-19)
(-0.368429 0.445927 0)
(1.19706 0.272536 1.5965e-19)
(1.11764 0.0221089 0)
(0.938633 -0.32314 -3.31328e-19)
(0.0593867 -0.11827 -1.24221e-19)
(-0.12898 -0.0496951 0)
(1.01225 0.0072934 1.986e-19)
(0.985332 -0.0275869 0)
(1.83182 -0.160114 1.07135e-19)
(-0.498387 0.958488 -1.79026e-20)
(0.985556 0.0104336 -4.15829e-19)
(1.01834 -1.24241 4.41957e-21)
(1.67297 0.426119 -2.94534e-21)
(0.533941 0.518688 0)
(0.783132 0.68701 1.89796e-19)
(2.39416 0.0541258 2.69659e-20)
(-0.202562 0.19874 1.8983e-19)
(1.94982 0.240991 -5.49891e-21)
(0.0273342 0.201807 -1.56034e-19)
(1.32639 0.481418 -2.00606e-19)
(0.196397 0.462803 2.2322e-20)
(1.61691 -1.36117 -4.64037e-21)
(0.129301 -0.123586 1.90273e-19)
(0.132074 0.129922 0)
(0.0471903 -0.0339883 0)
(0.0445873 0.0822193 9.16585e-20)
(1.00238 0.00203366 -2.20516e-19)
(1.0241 0.00818776 -1.86886e-19)
(-0.271972 0.985692 -1.73869e-19)
(1.68457 -0.423306 -2.13274e-21)
(1.39781 -1.03401 5.87603e-20)
(1.12559 0.765588 0)
(0.922279 0.0696012 -5.77403e-19)
(1.58677 0.28601 -4.71333e-20)
(1.01393 -0.0206699 -5.58364e-20)
(1.59845 -0.988467 3.45764e-20)
(-0.168901 0.127014 0)
(2.44707 0.126605 -2.02846e-20)
(-0.459471 1.02273 5.78977e-20)
(-0.177065 0.0367302 -2.13692e-19)
(1.01783 -0.0456063 1.9562e-19)
(0.0199224 0.037973 0)
(1.6594 0.435601 -2.78826e-20)
(0.495354 0.31245 1.23968e-19)
(0.00906492 0.0204312 9.88944e-20)
(1.01644 -0.0128156 2.46813e-19)
(0.706091 0.352925 0)
(0.0742495 -0.113989 1.2004e-19)
(0.451874 -0.440696 0)
(0.136964 -0.137295 -3.53736e-19)
(0.0544986 -0.0486061 1.11133e-19)
(0.135489 0.133741 1.82204e-19)
(-0.000825403 0.0071684 -1.08073e-19)
(-0.176627 0.101684 0)
(0.968197 0.310614 1.41988e-21)
(0.74782 -0.199412 -2.95268e-20)
(0.676028 -0.604741 2.30466e-19)
(1.01225 -0.00895471 0)
(-0.00721324 -0.000428718 0)
(0.951869 -0.0638719 2.28273e-19)
(1.48804 -0.676573 -5.26725e-21)
(-0.874869 0.729242 -3.26405e-19)
(0.974017 0.0559124 -2.61106e-19)
(0.621413 -0.565404 4.11878e-19)
(1.4644 -0.69705 -1.30418e-19)
(-0.453016 0.572957 -3.40886e-19)
(1.10164 0.0792184 0)
(1.01604 -0.00550041 -2.85622e-19)
(-0.0179421 -0.0149434 0)
(0.804535 0.0986503 -4.68856e-19)
(0.147063 0.146828 1.7289e-19)
(-0.011499 -0.00576074 0)
(1.15954 0.115207 -1.82991e-19)
(1.79316 0.864343 0)
(1.07663 -0.0690015 0)
(-0.160993 -0.097499 1.81619e-19)
(-0.625612 0.49268 -7.48441e-20)
(-0.0211201 -0.0202772 -1.16965e-19)
(0.0493609 -0.0449527 1.11075e-19)
(0.121823 0.110506 0)
(0.970782 -0.085087 -2.80006e-19)
(0.137699 -0.137534 -1.75087e-19)
(0.140951 0.136321 -3.50408e-19)
(0.199227 0.19256 1.36677e-19)
(0.959409 0.0336314 6.9804e-19)
(0.183285 0.174679 -1.47144e-19)
(-0.0242859 -0.0232534 1.1312e-19)
(0.145697 0.14605 -3.38625e-19)
(0.189066 -0.187615 -2.69332e-19)
(0.0677826 -0.0643064 0)
(-0.0144776 -0.0113227 2.27537e-19)
(-0.249037 0.904701 4.82886e-19)
(0.151446 0.149451 0)
(1.40196 -0.90125 0)
(-0.174673 0.061246 0)
(0.182326 0.114475 -4.41836e-20)
(0.217953 0.214348 2.10018e-21)
(0.0533483 -0.0519047 -6.10684e-20)
(0.0372423 -0.00590965 1.20764e-19)
(0.191802 0.186505 -1.42729e-19)
(0.15945 -0.154569 0)
(-0.0183576 -0.0176841 1.21789e-19)
(0.0583741 -0.0625617 1.81165e-21)
(-0.149589 0.0364511 -2.03045e-19)
(1.1689 1.34661 4.48175e-20)
(0.598767 0.225686 4.35958e-19)
(0.0632901 -0.058712 -1.07163e-19)
(-0.0263164 -0.0246756 0)
(0.215097 0.214857 0)
(0.176932 -0.175551 -6.23784e-20)
(0.0381076 -0.0436684 -8.0674e-20)
(2.3114 0.56164 5.47212e-20)
(1.61283 -0.566015 -5.05692e-19)
(0.197976 0.201549 2.69897e-19)
(-0.00884277 0.0213922 8.65287e-20)
(0.0448774 -0.0419985 1.15999e-19)
(-0.0282121 -0.0265618 -3.41766e-19)
(0.209239 -0.20828 2.30821e-19)
(-0.336471 0.603516 1.59996e-20)
(0.0648242 -0.0676118 0)
(0.136588 -0.133165 -3.64029e-19)
(0.938591 -0.0567264 0)
(1.49241 -0.316965 0)
(0.549837 -0.479157 -3.82717e-19)
(0.143686 -0.76912 -1.26422e-19)
(0.183248 -0.176408 1.28015e-19)
(1.0081 0.0279248 1.9481e-19)
(0.877739 -0.0835915 2.6714e-19)
(0.403594 -0.389154 5.32823e-19)
(2.0722 -0.108747 8.08017e-20)
(0.224037 0.212298 1.1624e-19)
(0.858943 0.593662 0)
(0.636812 -0.553202 2.0872e-20)
(-0.0294974 -0.0291683 1.13616e-19)
(0.419594 0.105167 2.26277e-20)
(1.04423 -0.107205 8.14329e-20)
(1.07092 -0.235691 0)
(0.935505 -0.115187 6.60225e-19)
(0.0678288 -0.0685161 0)
(-0.123495 0.740681 0)
(1.14719 -0.197701 1.78577e-19)
(1.17237 0.371272 2.39114e-19)
(1.10962 0.00607009 0)
(-0.851553 0.977584 1.66996e-19)
(-0.590789 0.564253 -5.29626e-20)
(1.03615 0.0140119 -2.69474e-19)
(-0.170209 -0.0758102 0)
(1.16505 -0.192438 0)
(1.35523 -0.0680843 0)
(0.115135 0.116787 4.51803e-19)
(-0.0259567 -0.0258681 0)
(0.193918 0.183891 1.32663e-19)
(0.174986 -0.16185 0)
(0.0178032 -0.022496 -7.23296e-20)
(-0.0228505 -0.0227303 0)
(0.69722 0.327596 1.36858e-19)
(0.832164 -0.397659 -5.37726e-19)
(0.0239918 -0.0294941 9.61219e-22)
(-0.169659 -0.141956 -3.28553e-19)
(0.260469 -0.251135 0)
(0.244053 0.231912 0)
(-0.498583 0.80664 2.58025e-19)
(0.946875 0.0759154 4.11346e-21)
(1.08658 -0.340593 -1.88242e-19)
(0.0311316 -0.0369267 2.27869e-19)
(-0.026334 0.167445 2.7819e-19)
(1.07293 0.154079 2.68847e-19)
(-0.754023 0.627203 0)
(-0.0258995 -0.0259906 4.08669e-22)
(-0.180609 0.00127802 -2.98095e-22)
(-0.0973401 0.044078 0)
(1.89663 -0.00911878 -7.13303e-20)
(1.03951 0.160413 0)
(0.99638 -0.0596134 3.24219e-19)
(-0.806576 0.264832 0)
(0.237286 -0.220815 -4.30801e-21)
(1.0106 -0.00892425 1.69874e-19)
(0.571635 0.198144 4.10014e-19)
(1.3532 -0.756763 1.60614e-19)
(0.310461 0.290251 1.91859e-22)
(1.66866 0.547951 0)
(0.941766 -0.558556 6.87744e-20)
(1.85101 -0.873967 2.02754e-19)
(0.011921 -0.0170621 1.38657e-19)
(1.76093 -1.00764 2.34981e-20)
(2.46217 0.472912 4.88693e-20)
(0.00763219 -0.00948417 -4.02007e-20)
(1.0249 0.0396697 2.51844e-19)
(-0.203423 0.0781781 -1.49168e-19)
(0.335959 0.312604 0)
(-0.0260584 -0.026371 0)
(0.258202 0.244386 1.03501e-19)
(0.304341 -0.283494 -2.05505e-19)
(0.00648324 -0.007816 1.42396e-19)
(1.06286 -0.749679 -6.82032e-20)
(-0.0748027 0.445616 3.8887e-21)
(0.343384 -0.325594 0)
(0.00268655 -0.00572561 0)
(0.277641 0.263055 0)
(-0.0370875 -0.0104789 -8.54105e-20)
(0.282484 -0.279184 0)
(-0.0297484 -0.0323376 -2.08437e-19)
(0.297562 0.280127 -8.09432e-20)
(-0.00416687 -0.00348122 0)
(0.263371 -0.257166 0)
(-0.53889 0.74277 0)
(-0.0195501 0.00630563 0)
(-0.0373831 0.0221763 -4.02425e-20)
(-0.206126 -0.127945 0)
(1.00194 -0.00402435 2.61782e-19)
(0.483987 -0.450928 3.56495e-20)
(-0.0829708 0.0542552 -7.03347e-20)
(-0.037089 -0.0255696 3.87543e-19)
(0.374526 0.344088 -9.10617e-20)
(1.70199 0.40615 0)
(-0.266408 0.0390082 0)
(-0.212845 -0.106004 3.15374e-20)
(-0.129729 0.0998509 0)
(0.376753 -0.356649 0)
(-0.0609744 -0.0436108 0)
(0.42418 0.384745 0)
(-0.0956957 -0.0785542 2.371e-19)
(0.501183 0.464425 -1.61435e-20)
(-0.165555 0.1547 -3.34241e-19)
(0.563019 -0.522865 -9.69532e-20)
(1.18214 0.146643 0)
(1.05293 0.37505 1.23899e-19)
(-0.686157 0.807507 -1.63677e-19)
(1.04905 0.0690249 -2.46956e-19)
(1.50572 -0.0515732 0)
(0.80485 0.285216 3.74226e-20)
(1.34953 -0.469322 1.40281e-19)
(0.953636 0.0170186 0)
(0.430347 0.802548 3.73848e-19)
(-0.649458 0.39932 -6.27132e-20)
(-0.0244103 -0.0215004 -1.79074e-22)
(-0.59776 0.994161 0)
(1.09932 -0.156191 -2.20068e-19)
(0.386012 0.26865 4.39169e-19)
(2.26443 -0.173334 7.89306e-20)
(1.42687 -0.3346 -7.84905e-20)
(1.55926 -0.715442 5.28443e-21)
(0.0525216 0.157378 -8.88868e-20)
(2.03364 0.273305 1.12862e-21)
(1.88741 -0.652232 1.86584e-19)
(1.05457 0.100203 -3.37558e-20)
(-0.13892 0.856609 2.22546e-19)
(1.10377 0.00122744 0)
(2.4297 -0.107209 -1.80484e-20)
(0.146658 0.123513 -2.72183e-21)
(1.26177 -0.220211 0)
(0.119469 -0.105844 -6.05185e-19)
(0.0525015 -0.0568574 0)
(0.505958 -0.463746 0)
(1.97739 0.665782 -3.43409e-20)
(0.887485 -0.403088 0)
(1.89484 0.100385 8.58976e-20)
(-0.0184249 -0.0196412 2.15156e-19)
(0.264537 -0.269197 8.70817e-20)
(1.01442 -0.0394945 0)
(0.685157 0.367862 0)
(-0.139789 -0.133737 1.7608e-19)
(-0.102551 -0.0958941 1.30244e-19)
(1.03236 0.275518 -2.39213e-19)
(0.339336 0.298654 -2.14452e-19)
(1.02887 0.0254305 -9.20617e-21)
(2.43654 0.0444122 0)
(-0.19042 -0.0290273 2.33156e-19)
(-0.0524057 -0.0408093 0)
(0.643769 0.120375 3.47096e-19)
(0.973837 0.179902 -5.15724e-20)
(0.662268 -0.559085 -1.91525e-19)
(1.0035 0.148366 3.62614e-19)
(0.995795 0.012175 0)
(1.47033 -0.314175 -1.99002e-19)
(1.89631 -0.10612 0)
(0.559313 0.515746 0)
(-0.400822 0.473278 0)
(0.1114 0.266875 -3.83367e-20)
(0.34395 0.302375 2.50307e-19)
(-0.165889 0.134202 0)
(1.14099 0.0820108 1.61382e-19)
(1.01774 -0.210044 0)
(0.519583 0.0333913 1.66079e-19)
(0.356316 -0.106448 2.19051e-19)
(-0.293655 0.379959 2.19732e-19)
(-0.101065 0.328317 -2.68819e-19)
(0.977564 -0.00929343 1.12985e-21)
(1.47743 -0.566742 1.63001e-19)
(1.59882 -1.04686 -2.70232e-20)
(0.0477455 0.079649 9.63201e-20)
(1.02191 -0.598795 0)
(-0.831652 0.504357 0)
(0.0452814 -0.088056 0)
(1.32003 -0.0926159 1.64786e-19)
(-0.57822 1.01415 -1.04437e-19)
(0.280247 -0.258592 -1.74226e-19)
(1.75013 0.0228573 -1.06882e-20)
(0.839752 0.550837 -7.57486e-20)
(0.84551 0.284393 3.91491e-21)
(0.964088 0.24714 7.07181e-20)
(1.63503 0.126499 -4.59347e-20)
(-0.204709 -0.129374 1.31311e-19)
(-0.208492 0.483943 0)
(0.919206 0.0119192 0)
(-0.096734 0.502879 1.50015e-19)
(0.157997 0.156627 0)
(2.02458 0.543588 0)
(-0.337938 0.83862 1.22676e-19)
(0.58116 0.504575 -2.39632e-19)
(0.458942 -0.354863 3.05939e-19)
(-0.162143 -0.115798 0)
(1.43587 0.958043 -3.76932e-20)
(1.06206 0.0117655 0)
(-0.396866 0.692029 -5.21534e-19)
(-0.34013 1.00753 -1.87484e-19)
(1.24926 -0.380648 7.9847e-20)
(0.476806 0.45115 5.37032e-19)
(0.715461 -0.198807 2.25376e-19)
(-0.233407 0.996954 0)
(1.14657 0.0668106 1.70687e-19)
(1.03752 0.599285 -1.05004e-19)
(-0.172305 -0.152696 0)
(0.689597 -0.220567 0)
(1.35118 0.877633 8.96485e-20)
(0.0458909 -0.0512783 -1.64947e-19)
(1.80091 -0.926094 -1.09762e-19)
(1.57804 0.531351 0)
(0.40116 0.333912 8.70074e-20)
(0.800018 0.472103 0)
(0.0645899 0.564386 -2.42087e-19)
(1.31666 0.945742 -1.13437e-19)
(1.5727 1.01628 -1.22323e-19)
(0.154953 -0.585302 1.00063e-20)
(0.175582 0.602095 6.23772e-21)
(-0.169198 -0.215494 -1.38351e-19)
(1.03163 0.0824296 2.52472e-19)
(0.492759 0.766654 0)
(0.990414 0.209481 3.5868e-21)
(1.78415 0.454983 1.27404e-20)
(1.50376 -0.820699 8.45376e-20)
(1.25563 -0.276448 -1.18349e-19)
(1.6305 -0.265961 5.22856e-20)
(-0.178672 -0.146464 7.35426e-20)
(0.615982 0.555463 7.74525e-20)
(0.19057 -0.0775698 2.89133e-19)
(2.40537 0.341097 -3.44855e-20)
(1.37786 1.15155 1.78645e-20)
(2.20118 0.122434 4.91174e-20)
(0.918905 0.633464 1.47027e-19)
(-0.574855 0.907726 3.44625e-19)
(0.909614 0.381038 -5.32365e-20)
(0.987256 0.283133 -1.56664e-19)
(-0.257934 0.393485 -1.05661e-19)
(0.102203 -0.0827565 0)
(1.00217 0.00269891 5.45557e-19)
(1.10903 0.080227 0)
(0.900767 0.59397 -1.494e-19)
(1.40941 0.653194 -1.37453e-20)
(-0.19933 -0.0801712 -1.8209e-20)
(1.85316 -0.360119 0)
(1.14232 -0.350118 0)
(1.6928 -0.0995067 1.44483e-19)
(0.484512 0.50434 1.30703e-19)
(1.0672 -0.302386 0)
(-0.158959 -0.0361397 -2.44015e-19)
(0.931598 -0.0675028 -2.56961e-19)
(0.797741 -0.662661 -5.57453e-20)
(-0.219666 0.631326 2.64194e-19)
(0.0556588 0.104954 -1.00889e-19)
(-0.128792 -0.140762 -2.83047e-19)
(0.107497 -0.0459136 -1.94834e-19)
(-0.111218 0.378927 1.81292e-20)
(0.813515 -0.271467 -1.47772e-19)
(1.73138 1.47153 8.37489e-20)
(0.67386 0.00732735 0)
(0.805574 0.141158 3.2539e-19)
(1.18824 -0.339492 4.42701e-21)
(0.981654 -0.1158 -5.07043e-21)
(0.619028 0.55511 1.87387e-19)
(1.93901 0.213777 2.16839e-20)
(2.08046 -0.388644 1.42799e-19)
(1.06076 -0.0140794 4.26221e-20)
(0.815212 -0.353842 1.48455e-19)
(0.488717 -0.168947 0)
(0.0317253 0.0551541 1.01668e-19)
(0.972379 0.115811 1.66779e-19)
(1.12754 0.727595 1.06253e-19)
(0.0144488 0.029321 2.15316e-19)
(1.02913 -0.591823 2.82501e-19)
(0.124887 -0.113846 0)
(1.83462 0.929962 0)
(0.241248 0.238104 3.56776e-19)
(1.6396 0.604285 0)
(0.0303943 -0.0190075 0)
(0.962692 -0.606991 -2.49011e-19)
(0.000375594 0.0123572 3.26045e-19)
(-0.0946734 -0.0124107 1.02056e-19)
(1.09052 -0.0147417 5.02674e-20)
(1.60083 1.08575 -1.13471e-23)
(0.954395 -0.0239119 -1.80669e-19)
(0.127817 -0.12519 8.90969e-20)
(1.05949 0.156658 -1.86332e-19)
(0.0514983 -0.0524741 3.57319e-19)
(1.06811 0.384917 0)
(0.242737 0.241878 -1.83689e-19)
(-0.255538 1.00055 1.58774e-19)
(2.02564 0.388079 0)
(0.379236 0.183032 -2.71584e-19)
(0.00711465 0.0707452 1.02966e-19)
(-0.174421 0.529433 0)
(-0.12611 -0.116342 -5.79134e-20)
(0.221462 -0.216381 0)
(0.982985 -0.705159 0)
(0.0788009 -0.0720243 2.26153e-19)
(0.557391 -0.527923 4.57422e-19)
(-0.0075742 0.000388673 -2.02528e-19)
(-0.0747913 0.574539 -1.96735e-19)
(0.233934 -0.235654 -1.78263e-19)
(0.249724 0.244607 5.40699e-19)
(0.644874 0.465569 -2.15331e-19)
(-0.59674 0.80487 -1.09083e-19)
(-0.0218737 -0.0217807 0)
(-0.164851 -0.0522605 1.98408e-19)
(1.03241 -0.120133 -3.29609e-19)
(0.0959627 -0.0846094 1.04749e-19)
(1.58987 -0.496007 1.73747e-20)
(1.5053 0.187796 0)
(2.26074 0.285334 -1.17918e-21)
(0.949126 -0.0237277 0)
(-0.020928 -0.0184414 0)
(0.21951 0.225293 0)
(0.970116 0.0877239 0)
(1.08779 -0.233678 0)
(0.993809 0.122458 -3.35413e-19)
(0.244635 0.244956 -1.73486e-19)
(-0.344785 0.824448 -1.61019e-19)
(-0.0155983 -0.00972834 2.27441e-19)
(0.964362 -0.173893 1.68967e-19)
(0.753872 -0.339225 0)
(0.0426017 0.587816 -3.44223e-19)
(1.01215 -0.00749767 -2.13668e-19)
(-0.258402 0.353077 7.70359e-19)
(-0.0354699 -0.0330081 0)
(-0.0308631 -0.0239619 -1.33471e-19)
(0.291544 0.272351 -1.12123e-21)
(0.26251 0.248886 0)
(-0.0304326 -0.0286577 1.22074e-19)
(-0.0499762 0.327241 2.28569e-19)
(1.2849 -0.477005 1.72774e-19)
(1.72416 -0.378441 -1.73404e-21)
(0.829142 0.312148 -2.14679e-19)
(1.04881 0.0513097 0)
(0.342701 0.333366 -2.62728e-19)
(-0.565749 0.949969 2.40375e-19)
(0.323726 0.314725 -4.32423e-19)
(0.318886 0.309353 1.37505e-19)
(0.212175 0.309966 0)
(0.106755 -0.097714 5.71585e-20)
(0.0626868 -0.0645116 0)
(-0.039649 -0.0379325 3.12405e-19)
(-0.0336495 -0.029243 2.64813e-19)
(0.471063 -0.343687 6.51198e-19)
(0.904184 -0.756199 5.15858e-22)
(0.349801 0.349701 0)
(0.0990324 -0.0953582 2.5121e-19)
(0.228581 -0.230692 3.63731e-19)
(1.24114 0.14964 -5.60826e-21)
(0.345122 0.345266 0)
(1.03112 0.354295 -1.19978e-20)
(-0.938834 0.406641 1.02194e-20)
(1.49987 -0.127284 -3.66792e-20)
(-0.0434011 -0.0409803 0)
(1.22615 0.791595 0)
(0.0972189 -0.10352 -2.75683e-19)
(0.328576 -0.330213 -2.63411e-19)
(0.267306 -0.240085 2.394e-20)
(1.99167 0.317446 -1.9954e-20)
(1.11509 0.360231 -1.49474e-19)
(0.304756 -0.295382 -2.68329e-19)
(1.03391 -0.0201577 3.66884e-19)
(1.00955 0.087437 0)
(1.83007 0.460066 3.37587e-21)
(1.08426 0.0204198 1.29734e-19)
(0.955789 -0.316128 6.84395e-21)
(1.37882 -0.485111 0)
(1.2184 0.192824 -1.3014e-19)
(2.00721 0.50201 -8.9455e-20)
(0.110061 -0.106234 0)
(-0.183635 0.108369 2.55412e-19)
(1.77607 0.578025 0)
(1.00328 -0.000550021 5.83773e-20)
(0.32775 -0.316991 -1.24149e-19)
(1.00514 0.00565315 5.98955e-19)
(0.243736 0.590029 0)
(1.2311 -0.931593 0)
(-0.0460764 -0.0451733 1.14908e-19)
(0.0459418 0.0579135 0)
(1.08228 -0.0219483 7.77915e-20)
(0.563642 0.454697 6.56043e-20)
(0.720159 -0.0193497 -4.95774e-19)
(0.10552 -0.107423 0)
(-0.0223209 0.730163 2.57109e-19)
(-0.478077 0.89999 0)
(1.88475 0.844143 0)
(-0.0788184 -0.080707 0)
(-0.0762745 -0.0834448 1.20259e-19)
(1.7464 0.800911 4.64486e-20)
(1.02454 0.0652172 0)
(0.00967624 0.0562164 1.29158e-19)
(0.0526839 -0.0628636 0)
(1.28435 1.12344 0)
(1.60678 -0.763982 -2.14423e-20)
(0.396943 0.372908 2.31734e-19)
(-0.248969 -0.341602 -3.14584e-19)
(-0.0457934 -0.0467055 -1.23033e-19)
(0.670213 0.220337 -2.96554e-19)
(1.05847 0.29617 0)
(0.390665 0.0434536 1.67041e-19)
(1.58518 1.48872 0)
(0.902962 -0.0445215 3.52402e-19)
(0.244127 0.154398 -1.72278e-19)
(0.417353 0.394683 -1.15395e-19)
(0.758671 0.277717 2.01698e-19)
(0.0482258 0.0171233 2.11331e-19)
(2.0586 0.808417 2.05611e-19)
(0.204902 -0.198019 1.98271e-19)
(-0.0458691 -0.0446151 2.79654e-19)
(1.4681 -0.413592 -9.44782e-20)
(0.0875508 -0.0953056 8.95285e-20)
(-0.0135751 -0.0130741 0)
(-0.0996931 -0.0587434 -5.85527e-20)
(0.0301026 -0.0393833 7.4859e-20)
(1.0169 -0.174317 0)
(0.39607 -0.363158 1.23658e-19)
(0.266477 0.261461 1.61314e-19)
(0.258348 0.258703 -3.59968e-19)
(0.784388 0.234689 0)
(0.363065 -0.362976 -2.17165e-19)
(1.76027 0.51193 0)
(1.11473 0.704867 -8.05582e-21)
(-0.0450382 -0.0467118 1.3963e-19)
(0.899435 -0.023567 0)
(0.613667 0.578191 -2.30118e-19)
(1.02121 -0.014527 -2.70692e-19)
(1.095 -0.0164704 -1.32006e-19)
(0.541533 -0.20758 1.78481e-20)
(1.89649 0.138479 1.19178e-19)
(1.04902 0.02044 -3.55587e-19)
(1.83253 0.0509476 -3.66508e-22)
(-0.16024 -0.161329 1.96344e-19)
(0.0400441 -0.0516082 -1.52036e-19)
(-0.0964052 0.0220513 -1.36045e-19)
(1.30172 -0.338272 7.96605e-20)
(0.0200921 -0.0300379 6.67064e-22)
(1.10634 0.00747172 -1.54013e-19)
(0.428146 -0.413461 7.81698e-20)
(-0.111718 -0.100946 3.43404e-19)
(0.238771 -0.229892 0)
(0.0848637 -0.0962954 2.56276e-21)
(1.64464 1.02607 0)
(0.865629 0.0179363 -1.45512e-19)
(0.0425925 0.661666 -2.25526e-19)
(-0.0664072 0.435452 -1.74812e-19)
(0.203701 0.849643 0)
(0.44377 0.417363 -3.18384e-19)
(0.0641156 -0.0753684 8.2855e-20)
(0.354317 0.540229 -1.36201e-19)
(0.562897 0.54764 -1.3575e-19)
(1.0353 -0.0278331 0)
(0.354325 -0.2164 -1.72312e-19)
(1.71167 -0.303557 -2.06984e-20)
(-0.452595 0.895771 0)
(-0.0473415 -0.0481737 -1.22004e-19)
(0.586042 -0.950585 -5.58782e-22)
(0.34382 0.655145 1.85665e-19)
(1.79944 -0.322649 3.54545e-21)
(0.476765 -0.437077 -1.57746e-19)
(-0.309596 0.679284 1.08467e-19)
(0.0109699 -0.0201745 -8.23791e-20)
(0.551756 0.470561 -3.6784e-19)
(0.586702 0.536396 -2.11553e-19)
(0.538656 0.499202 5.93873e-21)
(0.0107724 -0.0106846 3.8355e-20)
(-0.0238836 -0.023688 -1.50011e-19)
(1.01173 0.0273509 1.7811e-19)
(0.272772 -0.263339 0)
(0.471745 0.443297 0)
(0.50873 -0.475334 1.31547e-19)
(0.00495501 -0.00964031 -1.41526e-19)
(0.077514 0.168822 -5.21699e-20)
(1.94256 -0.196284 2.4235e-20)
(0.506406 0.469561 0)
(0.488541 -0.484063 0)
(-0.00172533 -0.00489922 0)
(1.14821 0.048928 9.79823e-20)
(0.652798 0.584455 0)
(-0.021215 0.00142434 1.39981e-19)
(0.219397 0.226977 -6.65107e-19)
(-0.0505076 0.02333 3.95421e-20)
(1.14902 0.35909 4.11015e-20)
(-0.0259148 -0.0243427 -1.60208e-19)
(1.16609 0.498307 -1.14234e-19)
(0.15118 -0.133238 -2.85983e-19)
(-0.105975 0.0527461 2.34792e-19)
(0.107526 -0.0768707 -3.16225e-19)
(-0.0842539 -0.0474308 -2.67724e-19)
(0.71467 -0.670702 0)
(-0.166988 0.106195 -1.40552e-19)
(0.740626 0.644849 0)
(-0.0320522 0.138515 1.0982e-19)
(1.53999 0.805723 -3.01076e-20)
(0.747291 0.422472 -3.99121e-20)
(-0.216339 0.149072 7.55176e-20)
(0.886307 -0.724523 0)
(-0.124434 -0.0714115 2.53876e-19)
(0.860924 0.723724 7.93197e-21)
(0.391404 0.378085 -2.66056e-19)
(0.349434 -0.237592 5.15998e-19)
(0.555507 0.494722 1.79539e-19)
(1.00866 0.00112398 0)
(0.488581 0.460552 0)
(1.7978 0.501972 0)
(1.02572 0.00471921 0)
(0.14647 -0.150163 -8.68041e-20)
(0.731502 -0.585033 4.24079e-19)
(-0.0522771 -0.0380466 -3.17052e-22)
(1.35298 -0.0489398 2.84892e-19)
(0.404054 -0.370595 2.61868e-19)
(1.96129 0.0975431 0)
(1.38138 -0.339832 0)
(0.458421 0.514002 -3.07678e-19)
(0.429589 -0.106942 0)
(1.84364 0.337779 2.2598e-20)
(0.542785 -0.156054 -2.34444e-20)
(0.718136 0.664773 3.03562e-19)
(1.20478 0.272467 1.21638e-19)
(0.07717 -0.0859204 0)
(0.124404 -0.143876 8.34161e-20)
(-0.0413249 -0.0448271 0)
(0.118431 0.374536 2.42745e-19)
(0.631858 0.0115281 8.64324e-22)
(0.740375 0.378126 0)
(1.03097 0.0212613 1.7088e-19)
(1.31387 -0.247332 1.34417e-19)
(1.01835 -0.0018059 -4.05651e-22)
(0.306783 -0.288511 1.59812e-19)
(0.308112 0.302842 0)
(-0.0795494 0.00413836 0)
(-0.190403 -0.0653978 7.16024e-20)
(1.54921 0.21305 2.41194e-19)
(0.673632 1.17132 -6.97319e-20)
(0.136472 0.12693 0)
(1.03265 -0.0121923 5.7226e-19)
(1.43952 -0.985034 1.69217e-20)
(-0.0865946 0.016792 2.89218e-19)
(-0.0886675 -0.0332729 -2.03358e-19)
(0.193042 0.459676 1.30938e-19)
(-0.0376447 -0.0379674 2.22355e-19)
(2.22265 -0.549591 0)
(0.34613 -0.301801 -3.32314e-19)
(1.06567 -0.0257689 -6.57236e-20)
(1.0104 0.000534866 -2.44693e-19)
(0.966806 -0.200973 1.83147e-20)
(1.49828 0.462673 1.6082e-20)
(1.02562 0.0244668 -1.92055e-19)
(1.44715 -0.227716 0)
(-0.0844821 -0.0848755 -1.98309e-19)
(-0.504921 0.438441 -1.66747e-19)
(0.0372861 0.11117 7.02974e-20)
(0.339425 0.318802 -1.65873e-19)
(0.0579527 -0.0859984 0)
(-0.0310015 0.018212 0)
(1.73354 -0.760901 -9.74197e-20)
(1.0175 0.100248 1.88284e-20)
(-0.315469 0.586539 1.73687e-19)
(-0.042066 -0.031097 -2.1407e-19)
(1.01794 0.0252344 -4.94163e-22)
(0.732346 -0.691538 -6.52423e-20)
(1.10773 -0.0512729 1.46515e-20)
(1.02187 -0.00285884 -9.20591e-20)
(-0.0443924 -0.0442779 0)
(0.978224 0.672932 4.55836e-19)
(0.764242 -0.194573 0)
(0.382794 -0.354097 0)
(-0.0451572 -0.0490237 2.37047e-19)
(1.02692 -0.0132215 3.08597e-19)
(0.514441 -0.483439 0)
(0.806001 0.736 4.57949e-21)
(-0.205358 0.671988 -1.53742e-19)
(0.0276183 -0.0500308 6.99382e-20)
(0.333625 0.188376 2.33806e-19)
(1.40813 -0.220513 -2.48134e-20)
(1.88837 0.123394 -2.0625e-19)
(1.61632 -0.257439 -2.95622e-20)
(0.981652 0.597111 1.53762e-19)
(1.04717 0.235865 2.18848e-19)
(0.078306 0.226758 -5.44955e-20)
(-0.445822 0.674901 1.99371e-19)
(1.62189 0.499017 0)
(0.216597 0.240854 5.84736e-20)
(1.40024 -0.44063 1.31309e-19)
(0.0514412 0.074837 0)
(1.7488 1.12045 9.48424e-20)
(1.02735 1.87781e-05 4.06325e-20)
(-0.262436 0.973307 0)
(1.03459 0.123236 -1.72674e-20)
(0.638986 -0.192048 0)
(0.546815 -0.52144 -4.83642e-20)
(1.02756 0.209388 2.34288e-19)
(0.842831 0.474309 2.94759e-19)
(0.785803 0.431539 4.16631e-20)
(1.0209 -0.00191848 0)
(-0.58394 0.879248 -1.48826e-19)
(1.63444 -0.994618 1.0336e-19)
(1.02783 0.804714 6.72793e-21)
(-0.13481 -0.126616 2.0281e-19)
(1.98368 0.0116892 1.45001e-19)
(-0.00210457 -0.00605887 6.01711e-20)
(0.834021 0.288647 0)
(0.86283 0.516459 0)
(-0.00152095 0.0209709 1.88504e-19)
(1.02855 -0.149161 0)
(-0.038477 0.686731 4.81504e-21)
(0.125378 -1.23303 -2.48538e-19)
(-0.0448604 -0.000827797 6.2436e-22)
(1.81444 -0.429022 6.19084e-21)
(1.36032 -0.366193 -4.56742e-21)
(0.432458 0.281777 0)
(1.03138 0.00905615 -4.72948e-19)
(0.781752 0.705951 1.99648e-19)
(0.385453 0.620386 -3.71457e-19)
(1.15034 -0.872004 7.6715e-20)
(0.585578 0.091345 2.81554e-21)
(-0.0542518 0.59186 -1.51179e-19)
(0.962628 -1.12551 -3.85557e-20)
(0.85917 0.119957 1.60377e-19)
(-0.0115596 0.218535 0)
(0.545688 0.176963 0)
(0.966797 -0.0584294 -3.35271e-19)
(1.10159 0.642088 0)
(0.83777 -0.317982 3.2021e-19)
(-0.297373 0.489224 0)
(1.65787 -0.321341 -6.44542e-20)
(0.0644094 -0.100458 -1.44569e-19)
(1.85527 0.788753 0)
(0.00390425 0.0429394 0)
(1.59382 0.142852 -6.38864e-21)
(-0.381477 1.05884 0)
(-0.500894 0.722953 -1.8269e-19)
(0.955203 0.635325 -1.51181e-19)
(2.14703 -0.178235 -2.32791e-20)
(0.193267 -0.162185 1.78814e-19)
(-0.212786 0.154167 8.78857e-20)
(1.92361 -0.343308 0)
(0.226145 -0.110166 -2.5251e-19)
(-0.0257539 0.0039222 0)
(1.08029 -0.156743 -1.36895e-19)
(0.0308314 -0.141797 -3.62422e-19)
(-0.262156 0.524577 2.27142e-19)
(1.25842 0.0735293 6.93337e-20)
(1.84356 -0.176245 4.00213e-20)
(0.442663 0.42734 0)
(0.689636 -0.272109 -1.01024e-19)
(-0.636496 0.821838 2.15564e-19)
(1.10834 -0.341322 0)
(1.06553 0.608752 0)
(-0.10443 -0.0563674 -2.11704e-19)
(1.69858 -0.069163 -1.62349e-19)
(0.866577 -0.219142 -1.11001e-19)
(1.50424 0.321403 3.32115e-19)
(2.13516 -0.305617 -1.21756e-19)
(0.999661 0.303524 -1.08813e-19)
(1.09792 0.680581 -2.39077e-19)
(1.93688 -0.317205 6.07805e-20)
(0.0123188 0.0390431 -1.21871e-19)
(1.03013 0.0119602 3.35463e-19)
(1.66896 0.19538 9.02472e-21)
(1.34273 0.28663 -1.70998e-19)
(1.01645 0.0627957 9.35142e-21)
(-0.0529331 0.789943 1.62101e-19)
(-0.459114 1.01881 0)
(-0.26655 1.02005 0)
(0.640857 0.227733 0)
(1.77308 -0.197263 7.67161e-21)
(0.00592172 0.0885876 -2.07105e-19)
(0.513755 0.427489 0)
(-0.075703 -0.0718382 1.31355e-19)
(1.5855 -0.347971 -6.25623e-20)
(-0.0839348 -0.0628007 -2.1558e-19)
(1.04241 0.706302 2.84768e-19)
(1.06759 0.307118 5.54608e-20)
(-0.104115 0.652755 8.99573e-20)
(0.911206 0.809828 -2.64441e-19)
(1.2054 -0.267507 7.62444e-20)
(0.960789 0.0184567 -3.07181e-19)
(1.07156 -0.0375632 -1.10455e-19)
(0.791808 0.311224 0)
(0.118278 -0.0530784 0)
(1.1746 -0.151224 6.22533e-20)
(1.37574 -0.274162 -1.54218e-19)
(-0.297574 1.03698 -1.10061e-21)
(1.07014 0.26908 2.5486e-19)
(1.31132 1.05383 0)
(0.657409 0.102508 -6.09662e-20)
(-0.206874 0.749532 -2.85314e-20)
(0.741751 -0.278696 4.22252e-19)
(0.767155 -0.25292 -1.40151e-19)
(1.71225 0.185998 1.54414e-19)
(-0.116047 0.715742 1.07638e-19)
(-0.324342 0.649334 -1.02767e-19)
(0.503257 0.489572 5.24699e-19)
(-0.118094 0.830937 -3.84908e-19)
(1.60118 0.0677567 -1.14691e-19)
(1.28621 0.256676 2.34564e-19)
(-0.0630482 0.0440671 -2.39587e-19)
(0.59039 0.432565 -3.68192e-19)
(0.908663 0.518474 0)
(0.109382 -0.126323 -9.46029e-20)
(0.0384638 0.00224607 -2.70495e-19)
(-0.0486291 -0.000258035 -1.67541e-19)
(0.0749417 -0.099057 -9.15428e-20)
(1.1015 0.0371106 -9.86675e-20)
(-0.065311 0.145753 -1.16806e-19)
(0.92733 0.554188 1.34329e-19)
(1.44595 0.856837 6.90063e-20)
(0.733652 0.677546 0)
(1.01896 0.667237 0)
(-0.0962188 0.0368083 -1.08601e-19)
(-0.158538 0.782831 0)
(0.969612 0.560264 -1.37685e-19)
(-0.0337136 0.0261226 0)
(1.45297 0.908622 1.52996e-20)
(0.678218 0.0193762 6.9749e-19)
(-0.0690946 -0.0605941 -6.05096e-22)
(0.0247453 -0.0918045 0)
(0.560317 0.529559 0)
(-0.316264 1.04289 1.81013e-19)
(0.0702889 -0.036449 1.03365e-19)
(1.79795 -0.275166 -7.27313e-21)
(0.00324288 0.304851 2.02097e-19)
(0.557898 -0.0200245 -5.82719e-19)
(2.13564 -0.294354 3.68333e-20)
(1.64024 -0.167411 -2.33426e-20)
(0.108945 -0.141945 -8.50256e-20)
(0.350203 -0.331497 -3.92454e-19)
(0.136706 -0.149323 1.54359e-19)
(-0.0064244 0.120617 0)
(0.789071 0.720029 2.9384e-20)
(1.36478 0.249725 -2.78672e-19)
(-0.0876113 -0.0817175 3.92924e-22)
(0.566567 -0.105598 0)
(0.637775 0.599024 -3.43189e-20)
(0.46539 -0.451906 2.91032e-19)
(0.0891326 -0.029004 -9.22608e-22)
(0.403846 0.390934 -4.01697e-19)
(2.07017 -0.0726787 0)
(2.11743 -0.040117 3.50313e-19)
(0.117921 -0.0779975 0)
(0.0510024 0.0822935 -1.3615e-19)
(0.137488 -0.147008 7.19294e-20)
(0.427451 0.407867 3.13755e-19)
(0.820272 0.749949 -3.27396e-19)
(-0.0550422 -0.0241803 2.55696e-19)
(0.12322 -0.149293 -1.58416e-19)
(0.0305579 0.065776 -2.12846e-19)
(0.846951 0.342512 0)
(-0.0772146 0.340428 -1.31736e-19)
(0.43116 -0.381955 3.18925e-19)
(-0.0693987 -0.0714771 -2.57742e-19)
(1.29665 0.244353 -2.22127e-19)
(0.041814 -0.066087 4.37914e-20)
(0.802089 0.739337 0)
(0.722026 0.674385 0)
(0.875907 0.787677 -2.82853e-19)
(0.912322 0.818328 9.39119e-20)
(1.41793 -0.788193 -7.89871e-20)
(-0.0588594 0.297301 3.18042e-21)
(0.932033 0.477861 0)
(0.130521 -0.100666 -5.85902e-20)
(1.50851 1.00999 -1.77542e-19)
(1.4004 0.127517 1.56049e-19)
(1.4866 -0.448321 0)
(0.393016 -0.347978 4.83327e-21)
(1.86076 -0.216002 -1.1796e-19)
(-0.0137558 0.219987 -1.83401e-19)
(-0.0173892 0.0610231 0)
(0.0379859 -0.0827449 -1.94673e-19)
(0.885644 0.791609 1.40207e-19)
(0.785959 0.450176 9.59206e-20)
(0.0270499 -0.0575125 -2.37111e-19)
(0.541438 -0.5267 0)
(1.55555 -0.373364 0)
(0.0934666 -0.118306 8.03381e-20)
(0.303792 -0.253963 -5.85012e-19)
(0.0193213 0.0632668 -1.40347e-19)
(-0.612879 1.07862 -4.21906e-19)
(0.532559 -0.077446 3.25199e-19)
(0.061496 -0.0940099 8.31573e-20)
(0.955537 0.841684 0)
(-0.0697747 0.655542 2.13203e-19)
(-0.0128542 -0.00275009 -7.32504e-20)
(0.0116295 -0.0438766 3.51086e-20)
(0.369198 -0.297729 1.90994e-19)
(-0.0131427 -0.0715864 -1.32362e-19)
(0.659544 -0.139579 3.14675e-19)
(0.0169266 -0.0367859 -3.88473e-20)
(-0.170717 0.819166 -2.35685e-19)
(0.785491 0.348171 0)
(1.79041 -0.0894182 2.07305e-20)
(-0.121934 0.655406 1.83291e-19)
(1.00505 0.84518 3.54346e-19)
(0.0373605 0.250037 2.96336e-19)
(1.00954 0.889924 -2.04398e-20)
(1.93378 -0.252686 -1.11723e-20)
(-0.00684899 -0.053625 1.17666e-19)
(1.15256 -0.26387 -4.36703e-21)
(-0.232818 -0.00790654 2.19916e-19)
(0.00490179 -0.0633811 1.18506e-19)
(-0.0119942 -0.00357744 1.30213e-19)
(-0.0356249 -0.00503242 -1.28805e-19)
(-0.111084 -0.0599637 2.75728e-19)
(1.12781 -0.269343 9.14524e-20)
(1.11657 0.96467 -3.9019e-21)
(1.90199 -0.128195 1.53495e-20)
(0.0995492 -0.124623 1.79912e-19)
(0.619424 -0.101608 0)
(1.45803 -0.420632 0)
(0.0466506 0.0212119 0)
(1.10195 0.830692 1.46155e-19)
(1.69624 -0.739354 2.62175e-20)
(-0.0120952 0.0942866 -8.45814e-20)
(-0.0523354 -0.0503574 1.2061e-19)
(0.0742414 -0.116777 0)
(1.62614 -0.172659 2.1903e-21)
(0.466829 0.446337 -5.68759e-19)
(0.0738737 -0.0562654 -1.36838e-19)
(-0.112848 -0.0688997 -2.50686e-19)
(-0.171015 0.980982 1.90722e-19)
(2.03055 -0.139053 0)
(1.38442 1.04657 3.02509e-21)
(-0.118533 -0.0576848 -1.23273e-19)
(0.470702 -0.0531874 0)
(0.605554 -0.0177811 -3.35648e-19)
(1.09804 0.900155 0)
(-0.218272 0.792513 1.96178e-19)
(-0.108468 -0.0592204 2.40125e-19)
(0.97042 0.844517 -1.60852e-19)
(-0.0846374 -0.0393511 1.17812e-19)
(0.456254 -0.00794957 -2.03217e-19)
(1.04012 0.89566 0)
(0.477098 -0.449225 -7.25699e-20)
(0.905147 0.7735 1.78537e-19)
(0.474568 -0.395963 -2.90935e-19)
(1.10848 0.950413 0)
(0.26877 0.0830438 -3.71142e-20)
(-0.232237 0.754096 1.7091e-19)
(1.18719 0.983708 2.43751e-20)
(0.0903953 -0.00532525 -2.37319e-19)
(1.379 1.03716 6.57271e-20)
(1.68414 -0.596473 -2.18141e-20)
(-0.0179435 -0.0296524 1.48573e-19)
(0.642244 -0.0556019 -1.39037e-19)
(1.66688 -0.11281 0)
(1.20605 0.988153 9.04796e-20)
(1.82573 -0.020905 0)
(0.985907 -0.246934 3.68124e-19)
(-0.257232 0.865756 -3.46577e-19)
)
;

boundaryField
{
    frontback
    {
        type            empty;
    }
    Top
    {
        type            noSlip;
    }
    outlet
    {
        type            zeroGradient;
    }
    bottom
    {
        type            noSlip;
    }
    Inlet
    {
        type            fixedValue;
        value           uniform (1 0 0);
    }
    rectangle
    {
        type            noSlip;
    }
}


// ************************************************************************* //
