/*--------------------------------*- C++ -*----------------------------------*\
| =========                 |                                                 |
| \\      /  F ield         | OpenFOAM: The Open Source CFD Toolbox           |
|  \\    /   O peration     | Version:  2306                                  |
|   \\  /    A nd           | Website:  www.openfoam.com                      |
|    \\/     M anipulation  |                                                 |
\*---------------------------------------------------------------------------*/
FoamFile
{
    version     2.0;
    format      ascii;
    arch        "LSB;label=32;scalar=64";
    class       volVectorField;
    location    "14.6";
    object      U;
}
// * * * * * * * * * * * * * * * * * * * * * * * * * * * * * * * * * * * * * //

dimensions      [0 1 -1 0 0 0 0];

internalField   nonuniform List<vector> 
2186
(
(1.33835 -0.0673781 1.73707e-19)
(1.63081 -0.956382 -1.10472e-19)
(1.47683 -0.932669 -5.1176e-22)
(0.753599 -0.595553 -1.22377e-19)
(-0.421562 0.585148 -2.09158e-19)
(1.13898 0.0466396 0)
(0.737401 -0.681267 0)
(-0.347222 -0.513898 1.27467e-19)
(1.506 -0.252179 2.13017e-19)
(0.562382 -0.331522 -2.36223e-21)
(0.664806 0.597789 0)
(0.813187 -0.28514 -1.49104e-19)
(-0.402675 -0.53343 -5.12468e-20)
(1.18808 0.0240375 -3.10674e-19)
(1.81876 -0.703991 -1.17012e-19)
(1.00948 -0.00524641 1.47093e-19)
(0.988749 0.0110642 0)
(-0.674522 0.641816 0)
(1.19418 0.0807382 0)
(-0.0620978 0.218062 -6.98877e-20)
(0.478004 0.0619123 -1.0031e-19)
(-0.236148 0.141162 9.46674e-20)
(1.17503 0.0254747 2.56839e-19)
(-0.225123 -0.014301 5.29441e-21)
(1.02789 0.0109405 -2.01727e-19)
(0.804902 -0.570458 0)
(0.759115 -0.045657 1.24188e-19)
(0.624706 -0.603823 -1.38002e-19)
(1.19953 0.704158 0)
(0.968382 0.0269695 -2.75808e-19)
(-0.0116356 0.0225948 0)
(1.02421 -0.00872162 9.54607e-21)
(-0.0218599 0.318288 0)
(2.48703 0.167751 2.33303e-19)
(-0.114046 -0.172631 3.31412e-21)
(1.52188 0.774051 3.86645e-20)
(1.81279 0.162371 1.42124e-19)
(0.502296 0.110345 -2.98818e-19)
(1.89802 0.353315 -3.75855e-19)
(1.04338 0.0819847 9.22136e-21)
(-0.445475 -0.518346 0)
(-0.214006 0.107161 0)
(1.89304 -0.899425 9.90787e-20)
(-0.378721 0.139972 0)
(1.10549 0.270954 1.28754e-19)
(0.603722 -0.312491 2.42708e-19)
(0.937582 -0.799911 0)
(1.20537 -0.803594 7.93992e-20)
(2.39711 -0.427913 0)
(-0.383185 0.742231 2.14479e-19)
(1.65208e-05 0.0841039 1.0333e-19)
(0.618621 0.570399 6.73878e-20)
(2.0892 -0.783793 1.26831e-19)
(0.584076 0.247835 -2.39978e-19)
(-0.230292 0.204445 3.47554e-20)
(0.77901 -0.664114 0)
(1.67801 -0.984154 1.85017e-20)
(0.594166 -0.553806 0)
(2.3465 0.304454 1.22573e-19)
(1.1609 -0.169994 -2.81773e-19)
(1.78288 -0.110389 1.60476e-19)
(1.33451 0.298457 -1.42318e-19)
(1.3321 0.525424 0)
(0.864828 0.128417 -1.01021e-20)
(1.34906 0.382502 -8.2332e-20)
(1.27214 -0.748446 -1.04993e-19)
(1.1594 0.654268 4.29839e-20)
(0.674414 0.0538413 -4.82126e-19)
(0.819982 0.0484274 0)
(2.14806 -0.213888 -7.65137e-20)
(-0.333201 -0.569361 -1.49584e-19)
(1.92762 -0.409696 -1.45703e-19)
(0.722256 -0.0568524 -2.11758e-19)
(0.888535 -0.528077 0)
(0.82501 0.173327 -7.79765e-20)
(0.561186 -0.52258 -2.50774e-19)
(2.44111 -0.334569 0)
(1.0039 0.0103822 3.03339e-19)
(-0.0977209 -0.262271 0)
(1.92374 0.444383 0)
(0.850842 0.457576 1.55533e-19)
(0.820261 0.0988276 -1.81712e-20)
(1.03562 0.00531499 3.35584e-20)
(1.31145 0.420036 2.13659e-20)
(0.972484 0.0233797 3.5139e-19)
(1.03888 0.027853 -8.33979e-21)
(0.661348 0.15646 -2.88418e-19)
(1.18521 0.0327512 -8.56443e-22)
(0.329952 -0.1104 0)
(-0.0670849 -0.0386478 1.08113e-19)
(0.876961 -0.635668 -1.33416e-19)
(-0.102712 0.444137 -2.41781e-21)
(1.12334 -0.0766619 2.02614e-19)
(0.816267 -0.198418 0)
(0.973244 0.020762 3.36787e-20)
(1.35636 0.644723 0)
(1.64271 -0.970801 0)
(1.28674 0.21781 0)
(-0.459055 0.700155 0)
(0.807626 -0.680296 2.39606e-19)
(0.608152 0.205204 -4.76287e-19)
(0.798723 0.334811 3.03097e-19)
(1.52817 0.196305 0)
(1.14256 -0.101111 -1.85221e-19)
(1.10523 0.0219717 1.50388e-19)
(-0.0702005 0.557543 1.30892e-19)
(0.621491 0.484225 0)
(2.21171 -0.177234 -1.50377e-19)
(0.980514 -0.486476 6.69098e-20)
(-1.56866 0.147031 2.07993e-19)
(1.69147 0.323692 1.20182e-19)
(-0.282398 0.705734 -3.05465e-19)
(0.832126 -0.756643 0)
(0.550332 0.322687 1.45768e-19)
(1.69548 -0.258821 -6.15211e-19)
(-0.433409 -0.219602 -4.78249e-19)
(1.23273 0.165878 7.14114e-20)
(1.99967 -0.55778 0)
(-0.0900125 -0.0434194 -3.23912e-19)
(0.706646 -0.0927778 6.69103e-20)
(1.53951 0.87528 0)
(-0.277455 0.851481 -3.45263e-19)
(0.87227 0.74805 -2.28365e-19)
(-0.91119 0.510935 5.24526e-19)
(1.02718 -0.0241587 0)
(1.31727 0.194874 -8.998e-20)
(-0.368051 0.665664 0)
(0.710759 -0.509389 -8.96084e-20)
(-0.806671 0.550952 -2.80934e-19)
(0.804853 -0.734654 0)
(0.44751 -0.303438 3.5539e-19)
(0.555634 -0.473358 2.36367e-19)
(0.420399 -0.380798 0)
(1.002 -0.797168 -9.38051e-20)
(0.836269 0.344242 0)
(-0.139715 0.846224 -1.68282e-19)
(0.827677 -0.712404 1.12935e-19)
(2.43465 -0.252507 3.34233e-19)
(2.28414 0.186935 0)
(-0.0812519 -0.186271 0)
(0.67323 0.625286 -2.80582e-19)
(1.80639 -0.645372 2.34067e-20)
(-0.225808 -0.303808 0)
(1.00262 -0.822449 -1.04246e-20)
(1.1491 -0.0987306 0)
(1.1049 -0.130327 3.23286e-19)
(2.13792 -0.189564 -1.46716e-19)
(-0.457886 0.592656 0)
(1.24674 -0.56561 -4.08723e-20)
(-0.200223 0.376637 -4.34021e-20)
(-0.248615 0.518083 0)
(1.11281 -0.829646 1.24811e-20)
(1.00646 0.00480613 -5.06797e-19)
(0.664403 -0.49619 -8.85237e-21)
(0.830798 -0.528526 0)
(1.22059 -0.744866 -6.75876e-20)
(0.646287 0.215667 2.24843e-19)
(1.22553 0.101863 0)
(1.48952 0.107097 -1.52239e-19)
(1.21717 -0.872251 -1.26961e-19)
(-0.0686538 -0.160558 -1.19764e-19)
(-0.319928 -0.298226 -2.18264e-19)
(1.06263 0.00383613 1.89786e-19)
(0.932097 -0.473175 -8.41394e-20)
(1.1836 0.0790899 7.92945e-22)
(1.31697 0.0466019 1.93755e-21)
(0.723183 -0.116344 1.32739e-19)
(-0.20995 -0.0390347 -2.93324e-19)
(1.34595 -0.413456 0)
(1.32139 -0.507397 4.93606e-20)
(1.43177 0.647423 9.6808e-20)
(0.824422 -0.628177 -1.7478e-19)
(0.996736 0.00803142 1.0389e-20)
(0.735383 -0.545822 2.46347e-19)
(1.28798 0.794651 9.27076e-20)
(1.87896 0.093962 2.50482e-20)
(-0.500072 0.532214 0)
(1.07637 0.0529602 -1.96508e-19)
(-0.962332 -0.187607 -3.01626e-19)
(1.06505 0.479314 6.61223e-20)
(0.048136 -0.114498 1.77232e-19)
(1.14654 0.0252194 -3.58789e-20)
(-0.129466 0.229304 -1.70234e-19)
(1.28712 0.581095 -5.81004e-20)
(1.12123 0.874542 0)
(-0.555507 0.544189 -1.12328e-19)
(-0.153026 -0.0301575 0)
(0.638322 0.544668 -2.36979e-19)
(2.06298 0.272076 -2.703e-20)
(-0.457452 -0.44508 1.70553e-19)
(-0.805157 0.339932 -7.21483e-19)
(0.721275 0.0578965 2.11683e-19)
(2.18345 -0.0199756 -7.08031e-20)
(0.996307 -0.353032 -2.48361e-20)
(-0.0253146 -0.0457082 0)
(-0.947423 -0.100787 3.4027e-19)
(1.30562 0.958886 3.0698e-21)
(0.840529 0.0674505 -1.15271e-19)
(0.543036 0.508404 1.64381e-19)
(0.41032 0.184704 0)
(-0.181945 -0.491611 -2.61761e-19)
(-0.541574 -0.0185696 1.84027e-19)
(1.31598 -0.974219 1.15544e-22)
(0.989118 -0.0408017 -1.57312e-19)
(-0.172003 -0.143993 7.00691e-21)
(-0.153045 0.200774 1.70232e-19)
(-0.314181 -0.131728 -2.10275e-19)
(2.00711 -0.539511 0)
(1.12516 0.0407903 -2.63176e-19)
(2.3004 0.0419124 2.73775e-19)
(1.30021 -0.635032 6.85058e-20)
(0.353866 -0.0377008 1.81338e-20)
(0.57922 0.302675 0)
(0.92925 0.737142 -1.34196e-20)
(0.671011 0.616359 1.53644e-19)
(0.913498 -0.575785 1.20729e-19)
(0.670258 0.480366 0)
(1.02343 -0.00143738 6.74479e-21)
(0.899352 -0.677801 1.71752e-19)
(0.828691 0.406207 -3.87708e-19)
(1.23797 -0.108136 0)
(-0.177798 -0.144001 -3.19333e-19)
(-0.0225997 0.448542 -1.04396e-19)
(1.57039 0.724267 0)
(1.37034 -0.955855 -9.88923e-23)
(-0.673485 0.6464 0)
(-0.3972 0.60194 1.30732e-19)
(0.721136 0.636258 -8.26992e-20)
(0.851496 -0.233062 0)
(-0.22225 -0.191395 0)
(1.60858 -0.473465 0)
(-0.821201 -0.263528 6.24287e-19)
(1.23277 -0.900648 8.34735e-20)
(1.19983 -0.617453 4.53858e-20)
(1.07214 -0.183199 -1.27647e-19)
(0.896435 -0.708169 -1.34729e-19)
(0.190596 -0.194795 0)
(-1.20603 0.272297 0)
(1.0194 -0.52072 1.3902e-19)
(-0.150223 -0.293527 0)
(-0.347423 0.769816 0)
(-0.42712 -0.180766 4.09014e-19)
(0.777762 0.654587 7.17463e-20)
(0.997843 0.781659 0)
(0.681423 0.533564 -7.23804e-20)
(0.828522 -0.056214 -1.89545e-19)
(0.731446 0.543266 -1.93018e-19)
(0.57756 0.535319 -1.41579e-19)
(-0.270877 -0.600992 3.30075e-21)
(0.73415 -0.658461 0)
(0.89284 0.171269 -2.72018e-19)
(-0.387356 -0.576269 6.89322e-20)
(0.590689 0.546805 3.16408e-19)
(0.941658 0.783592 0)
(-0.81465 -0.0973588 4.89228e-19)
(-0.0575547 -0.481031 3.66191e-19)
(0.0259891 -0.374982 -1.90294e-19)
(0.647962 0.550407 -1.25916e-20)
(0.972259 -0.00705773 4.90573e-20)
(-0.452384 -0.453179 0)
(2.32528 -0.00730538 -3.42789e-19)
(1.70671 -0.672469 -1.80766e-19)
(0.666384 -0.616966 -6.10813e-20)
(-0.487415 0.460924 1.89771e-20)
(1.18575 0.454363 1.44923e-19)
(0.87472 0.397044 0)
(1.05902 -0.166361 1.54759e-19)
(0.147076 -0.57225 -9.83813e-21)
(-0.0458163 0.10898 3.9549e-19)
(0.932017 0.0231053 -4.32343e-20)
(1.11779 0.132985 0)
(1.9493 -0.063875 -3.47404e-19)
(1.95464 0.121026 0)
(0.533959 0.227 -3.95452e-19)
(-0.168808 0.242371 0)
(-0.308231 -0.535337 2.93274e-19)
(0.713536 0.109029 0)
(0.635002 -0.53025 -1.52098e-19)
(1.12887 0.0130453 1.71917e-19)
(-0.485107 0.653641 4.88518e-20)
(2.14916 -0.107218 -8.29287e-22)
(2.12538 -0.266549 -1.55388e-19)
(1.10937 0.221574 -1.80287e-19)
(-0.406475 -0.548406 -1.34342e-19)
(1.09417 -0.86722 0)
(0.80447 0.0141782 -1.25193e-19)
(0.938491 -0.384886 -2.3877e-19)
(1.75195 -0.59301 -1.00658e-20)
(1.74793 0.0198732 3.2396e-19)
(1.07165 -0.00830784 3.15928e-19)
(0.14581 -0.484503 -1.8906e-19)
(1.01093 -0.445053 -1.01319e-19)
(0.20081 -0.193388 2.15262e-19)
(1.00506 -0.0080017 0)
(1.00588 -0.00658685 0)
(1.2203 -0.703668 6.93781e-20)
(-0.0522715 0.748447 -1.11993e-19)
(0.176768 -0.119698 -1.5591e-19)
(1.87569 -0.151107 1.92019e-20)
(1.27679 -0.374998 0)
(2.10117 -0.0226044 -1.85046e-19)
(0.960304 -0.836585 -5.0962e-20)
(1.81634 -0.578317 -9.57952e-20)
(1.08899 0.825002 0)
(0.483418 -0.465885 0)
(0.588409 0.497385 -1.51475e-19)
(1.09368 0.274736 -3.31323e-19)
(2.29587 -0.262857 5.01967e-22)
(0.865108 0.156067 1.16946e-19)
(-0.0142811 -0.430059 -5.52427e-19)
(1.04775 -0.127352 -3.97462e-20)
(-0.376055 -0.305131 0)
(-0.0799704 -0.186852 0)
(-0.493948 -0.315339 0)
(1.3622 -0.739655 -4.63512e-20)
(-0.259621 0.526705 -2.42167e-19)
(-0.0764742 0.187138 0)
(1.26724 0.961041 -1.89249e-20)
(1.10668 0.145214 -3.45213e-19)
(1.70905 0.475531 -4.57729e-20)
(1.06101 0.90711 5.70119e-20)
(-0.249351 0.701772 1.56736e-19)
(0.523048 -0.0568189 0)
(-0.494336 -0.241058 -3.54376e-19)
(-0.326429 0.672702 2.95676e-19)
(0.775633 0.0205158 1.55534e-19)
(1.50924 0.937712 2.68386e-20)
(1.54931 0.419257 -2.16243e-20)
(-0.154102 0.41406 -3.95895e-21)
(0.760557 -0.69389 -2.87807e-20)
(1.13576 0.00649967 0)
(1.73555 -0.0515886 0)
(1.05451 0.0603247 0)
(-1.23486 0.254286 -1.96957e-19)
(-0.491702 -0.31326 1.29705e-19)
(1.03002 0.830169 0)
(1.00077 -0.00677875 4.23041e-19)
(0.752899 0.586111 -1.93148e-19)
(-1.67908 0.0177915 -1.90906e-19)
(0.864781 0.0127446 -3.46511e-20)
(0.729206 -0.665213 -1.74496e-19)
(1.3706 0.704208 -2.04331e-20)
(0.5768 -0.469326 -2.4645e-19)
(1.12118 -0.00175222 -3.80246e-19)
(0.824422 0.0397509 3.65192e-20)
(1.5401 -0.173187 3.67031e-20)
(1.07058 -0.11832 -4.32655e-20)
(-0.0572808 -0.0866706 -3.08911e-22)
(1.07265 0.454422 -2.20398e-19)
(1.29082 0.602522 8.49077e-20)
(-0.0757349 -0.425306 0)
(-0.0947377 -0.315296 2.03634e-19)
(-0.24281 -0.165312 1.34476e-19)
(-0.199091 -0.0834323 -1.50001e-19)
(0.458496 0.286356 0)
(1.40163 -0.711455 0)
(0.0316986 -0.0296179 -1.43976e-19)
(-0.326187 -0.618948 -7.70073e-20)
(1.04822 -0.0294092 1.50752e-19)
(-0.447661 0.509085 -5.20308e-20)
(1.70265 -0.392141 -6.32056e-19)
(-0.0708787 0.761808 0)
(0.849476 -0.75299 -2.31662e-19)
(0.737062 -0.140565 6.50077e-20)
(-0.613961 -0.251309 1.88858e-19)
(0.713477 0.144606 2.80839e-19)
(0.615127 0.113112 9.13623e-20)
(0.51276 -0.486015 1.68338e-19)
(-0.250232 -0.36897 -1.54238e-19)
(1.43851 0.442068 0)
(0.375492 0.31762 -1.68173e-19)
(1.02596 -0.0134544 -2.40044e-19)
(-0.899178 0.327041 2.8165e-19)
(1.40503 0.488065 -8.2825e-20)
(-0.176784 -0.373577 -5.8636e-20)
(0.699116 -0.638741 -1.50883e-20)
(0.814012 0.179281 -1.74728e-19)
(0.96787 0.409887 1.89933e-20)
(1.16536 -0.13975 2.75547e-20)
(0.610973 -0.250531 -2.54626e-19)
(2.03988 -0.376394 -2.06556e-19)
(1.25095 -0.19727 0)
(1.29876 0.441051 -3.2956e-20)
(1.74038 0.109565 -2.01968e-20)
(0.937954 -0.229899 1.51204e-19)
(0.894532 0.332427 -1.91792e-19)
(0.89899 0.0877799 3.23363e-20)
(0.402582 0.368017 -2.17243e-19)
(-0.199045 0.5145 3.24675e-19)
(1.99734 -0.173239 0)
(0.930448 0.0045484 0)
(0.889435 -0.787235 4.25518e-20)
(-0.048415 -0.580914 -4.00422e-19)
(-0.920607 0.196335 -3.63448e-19)
(-0.0807361 -0.134495 -2.53639e-19)
(-0.46248 0.811262 -2.07315e-19)
(-0.430616 -0.259475 0)
(-0.0635255 -0.132901 4.54483e-20)
(0.237018 0.525831 -9.95732e-20)
(-0.174999 0.230825 -3.89557e-19)
(0.798458 -0.128099 0)
(1.46631 -0.641906 6.98635e-20)
(-0.248933 -0.241995 0)
(0.992506 0.0219477 3.04946e-19)
(-0.244269 -0.372138 2.29165e-20)
(0.552446 -0.441638 3.3029e-19)
(-0.976628 -0.141324 5.00121e-19)
(-1.68142 0.0484767 0)
(0.238054 0.690236 1.25835e-19)
(1.00571 0.0191906 -9.14455e-21)
(-0.193183 -0.129533 0)
(1.00564 -0.00797175 -4.75671e-20)
(0.876972 -0.740386 -2.25905e-19)
(1.42199 -0.815699 0)
(0.943107 -0.283833 1.70087e-19)
(0.127602 0.805621 2.88548e-19)
(-0.0129029 -0.0108221 0)
(-0.25928 -0.393834 -7.45122e-21)
(0.740435 -0.646823 -3.4701e-19)
(0.964036 -0.0301844 -2.16273e-19)
(-0.0553141 -0.622635 5.05727e-19)
(-0.22663 -0.513489 1.80511e-19)
(-0.409287 -0.293184 0)
(0.946946 0.458421 0)
(-0.508587 -0.325614 2.38952e-19)
(1.87846 0.0637768 -2.5104e-19)
(1.05708 0.882274 1.40519e-20)
(1.06651 0.207187 -1.02081e-19)
(1.1533 -0.000797844 -1.77638e-19)
(1.04992 -0.0860777 -6.05266e-20)
(-0.0526003 -0.632901 -4.65563e-19)
(2.02354 0.053584 5.52429e-19)
(0.67805 0.0263623 1.67637e-19)
(1.96138 -0.0865406 1.62234e-19)
(1.04439 -0.137059 0)
(-0.120081 0.463231 4.47384e-19)
(1.12705 0.0273906 -4.13241e-19)
(1.72762 0.625197 -1.30086e-20)
(0.751568 -0.467818 -1.34149e-19)
(-0.074214 -0.0364813 2.42225e-19)
(0.812846 -0.713127 2.98739e-19)
(1.22459 0.192606 5.88068e-20)
(1.00603 -0.00671318 2.10803e-19)
(0.0763452 -0.461828 -2.08787e-19)
(1.02865 0.0150198 0)
(1.55757 0.164913 -2.1127e-19)
(-0.0245306 -0.017247 0)
(1.02491 0.0123562 -1.23648e-19)
(-1.30666 -0.191215 -6.83436e-19)
(1.67987 0.334148 1.25103e-20)
(-0.37176 -0.127255 1.76791e-19)
(1.61797 0.0132293 -2.71075e-20)
(1.01389 -0.0162706 4.35501e-20)
(1.33847 -0.0932661 0)
(1.47285 -0.626193 -7.8178e-20)
(1.02333 0.0344395 -1.28813e-19)
(1.42485 0.783683 -2.30498e-20)
(1.37831 -0.0590232 0)
(0.742346 -0.16593 -1.22807e-20)
(0.0312141 -0.0313592 0)
(1.36012 0.0503855 0)
(-0.47969 -0.391355 0)
(1.23312 0.431812 0)
(1.83965 0.333067 5.90564e-20)
(0.726138 0.598778 3.38322e-19)
(0.297825 -0.299528 -1.99256e-19)
(-0.286629 -0.621807 -4.37042e-19)
(-0.0250177 -0.0469815 0)
(1.50551 -0.525374 8.24556e-20)
(1.30126 0.508166 0)
(1.43564 0.299661 0)
(-0.520836 -0.191006 1.56812e-19)
(0.794194 0.700849 1.05042e-19)
(1.68803 -0.0297072 0)
(-0.406558 -0.485476 9.78933e-20)
(0.898988 0.216306 1.59684e-19)
(1.59553 -0.4314 -4.29399e-20)
(1.22306 0.915466 3.20528e-20)
(0.937155 -0.843765 -1.8601e-20)
(0.884133 -0.190153 -2.48759e-20)
(0.78052 0.704744 1.07042e-19)
(1.15987 0.913271 0)
(2.17478 -0.406828 1.61821e-19)
(1.19705 0.659804 0)
(1.35969 -0.523305 2.62113e-20)
(0.868854 0.0696108 1.87289e-19)
(1.00655 -0.00274887 0)
(-0.108817 0.187648 4.10583e-19)
(0.889489 -0.188711 3.97174e-20)
(0.640634 -0.42425 0)
(0.677671 -0.396548 1.78243e-19)
(1.22911 0.548835 -2.65607e-20)
(0.462166 0.434477 2.36731e-19)
(-0.21127 0.312353 4.65305e-20)
(0.0828851 0.0672088 9.72956e-20)
(0.767758 0.0594337 0)
(1.3426 -0.916631 -2.51905e-20)
(1.04295 -0.0431615 3.34331e-19)
(1.45418 0.31796 1.5203e-19)
(-0.42217 -0.462246 8.46953e-20)
(-1.00978 -0.209612 0)
(1.24416 -0.240882 -8.76821e-20)
(-0.0110657 -0.0128128 -2.08947e-19)
(-0.0621474 0.0337009 -5.70326e-20)
(-0.121316 0.0256047 -4.43339e-22)
(-0.197879 0.0795641 3.1724e-19)
(1.25455 -0.0238793 -1.61704e-22)
(2.37327 -0.050235 4.59024e-19)
(1.18799 0.457362 -2.33701e-19)
(0.889318 -0.0358465 0)
(1.93304 -0.0995557 3.1342e-19)
(1.85436 0.114852 1.42656e-19)
(0.927929 -0.779391 1.08466e-19)
(1.17295 -0.990191 -9.18561e-21)
(0.467165 0.432538 1.58103e-19)
(1.42329 0.380944 0)
(1.73654 0.582591 4.63166e-20)
(-0.0162795 -0.0255078 -4.25862e-19)
(0.870306 0.758837 0)
(1.25256 0.322506 0)
(0.299063 -0.298821 -3.78164e-21)
(0.308512 0.278999 0)
(-1.33627 -0.119504 -4.82904e-19)
(-0.311759 0.4962 -1.35793e-19)
(1.75089 -0.435512 0)
(1.27197 0.0776542 1.04187e-19)
(-0.647399 0.234536 3.05105e-19)
(0.544994 -0.517417 -3.79999e-19)
(1.983 -0.095088 -5.94224e-20)
(0.623739 -0.566264 0)
(1.02902 0.118183 0)
(1.36697 -0.247098 0)
(1.11153 0.221135 -1.90686e-19)
(1.32775 0.108821 2.67664e-19)
(-1.3919 0.0596526 0)
(0.88274 -0.0622804 0)
(2.03698 -0.126001 9.05411e-21)
(-0.0886411 0.212703 1.10483e-19)
(2.55007 -0.182698 -3.63098e-19)
(1.07304 -0.51921 2.18114e-19)
(1.99313 -0.0496654 -3.70426e-19)
(-1.09674 0.332648 -2.37556e-19)
(2.03491 0.126801 -2.6607e-19)
(1.01572 -0.0255069 3.43155e-19)
(1.50517 0.606808 0)
(-0.352995 0.636945 3.64168e-20)
(1.0211 -0.843558 1.26789e-19)
(0.85762 -0.024436 4.05025e-20)
(0.645698 -0.446955 0)
(1.92729 -0.555395 1.07519e-20)
(1.22352 -0.198451 1.12629e-19)
(1.51906 -0.610588 0)
(0.619801 -0.575592 3.43141e-19)
(0.581993 0.113894 -4.24487e-20)
(2.45695 -0.203046 6.74646e-19)
(-0.13425 0.31708 -2.32101e-19)
(1.32215 0.614588 1.11466e-19)
(1.14365 0.396005 3.00152e-21)
(0.894224 0.360088 1.89527e-19)
(1.95126 0.113262 -2.60015e-19)
(-0.0919166 -0.607878 -6.36779e-21)
(0.915818 -0.166254 0)
(-0.152038 -0.100829 3.98202e-19)
(1.10633 -0.963725 0)
(1.08113 -0.664243 1.66404e-20)
(1.21518 0.00266273 -7.28202e-19)
(1.32472 -6.2479e-05 2.11087e-21)
(-0.720983 -0.101892 -4.4329e-19)
(0.978328 0.469111 1.45972e-19)
(-0.253957 0.265664 2.17869e-19)
(0.706759 -0.0389667 0)
(1.60553 -0.172847 0)
(1.40182 0.153516 2.30555e-20)
(0.761933 -0.0132367 0)
(1.37154 -0.212494 -1.15893e-19)
(-1.62281 0.137777 6.55683e-19)
(1.90765 0.500727 4.10658e-20)
(1.04641 -0.0279872 0)
(0.562325 -0.367876 8.7457e-20)
(1.01084 0.0239861 1.63646e-19)
(0.767691 0.77522 -2.10938e-19)
(-0.491021 0.833756 0)
(1.13195 -0.486066 3.79166e-19)
(1.44504 -0.109113 -3.94448e-22)
(1.11891 -0.503801 -1.65289e-19)
(2.35804 0.260578 2.1554e-19)
(1.27505 0.783643 0)
(0.8667 0.021078 0)
(-0.456864 -0.380958 -2.10598e-19)
(0.0325114 -0.0277659 1.61942e-19)
(0.942445 0.35566 -1.74001e-19)
(0.268482 -0.36981 -1.84309e-19)
(0.635092 0.387686 2.08208e-19)
(0.798987 -0.127693 0)
(0.549113 -0.510387 0)
(1.1033 -0.132184 3.09809e-21)
(1.2552 -0.517441 -7.35923e-20)
(0.651821 -0.0291981 1.52467e-20)
(0.727992 -0.171269 1.00148e-19)
(-0.0444831 0.110276 -2.91281e-19)
(1.40667 0.176852 3.8139e-19)
(0.648769 0.603753 0)
(1.26016 0.690164 0)
(1.58327 0.261356 0)
(-0.511356 -0.254026 -1.95377e-19)
(1.2279 0.549106 2.20922e-19)
(1.99529 0.0864666 5.79632e-20)
(0.939279 -0.00144889 0)
(1.27131 -0.395297 0)
(2.2022 -0.103128 -4.26454e-19)
(0.681057 0.442428 2.41968e-19)
(1.00722 0.0042856 -1.63603e-19)
(1.47813 0.468081 0)
(-0.324225 0.777953 0)
(1.23955 0.315084 2.3139e-19)
(1.0133 0.513881 -1.07185e-19)
(1.0646 0.0198731 0)
(1.71203 0.224643 0)
(1.94146 0.672431 -3.31129e-19)
(-0.132476 0.52334 -4.06755e-21)
(1.00038 0.0127286 0)
(0.696302 0.453988 -2.8439e-20)
(0.951243 -0.839027 0)
(1.01283 0.0164932 3.79371e-20)
(1.04777 -0.379778 4.74835e-20)
(0.911328 -0.329319 2.5063e-19)
(1.02108 -0.158286 -5.52839e-20)
(2.19559 -0.132756 4.25483e-19)
(1.2208 0.144863 8.54281e-20)
(0.775827 -0.0221431 0)
(1.02083 0.0112558 0)
(-0.72124 -0.276667 0)
(0.654019 0.625703 -1.55956e-19)
(-0.00550754 0.0425223 1.96879e-19)
(1.16344 0.337516 -3.72179e-19)
(-0.619121 0.562237 0)
(0.816184 0.627519 1.41461e-19)
(1.02002 -0.341312 0)
(1.00411 -0.000233109 9.58479e-20)
(0.319729 0.0506653 6.63914e-20)
(1.02927 0.39417 2.11941e-19)
(1.52356 0.205504 0)
(2.2024 0.224855 -1.07555e-19)
(0.821081 -0.125794 -3.05113e-19)
(-1.25629 -0.113054 -6.60833e-19)
(1.12898 0.324004 0)
(0.87097 0.237499 1.48198e-19)
(2.05616 -0.133868 0)
(0.764464 0.504216 3.07678e-19)
(-1.64933 0.0491598 2.7103e-19)
(-0.0324711 0.106425 0)
(0.578782 0.549152 -5.96648e-20)
(1.042 -0.651116 -1.17059e-19)
(0.488186 -0.270364 -1.04466e-19)
(1.02012 -0.0184098 0)
(-0.407493 0.430828 -3.08862e-19)
(0.650223 -0.580405 6.7207e-20)
(0.895198 0.281492 0)
(1.61499 -0.68807 1.01711e-19)
(0.968238 0.824828 1.94771e-20)
(1.07243 -0.324048 -3.55774e-20)
(0.238107 -0.25674 -2.93354e-19)
(0.237415 -0.0783436 -4.76866e-19)
(-0.111976 -0.269002 1.096e-20)
(0.808662 0.342884 2.09161e-19)
(-0.275533 0.563454 -6.05004e-21)
(1.43805 -0.665611 3.55529e-21)
(1.02326 0.00894697 -2.83447e-19)
(-0.595324 -0.206359 0)
(1.02979 0.0321336 -3.35135e-19)
(2.12812 0.241055 2.16183e-19)
(0.874617 0.675677 2.34644e-19)
(1.13035 -0.077189 1.29649e-19)
(1.00198 -0.0338486 1.31209e-19)
(1.38122 0.0115701 -1.88129e-21)
(-0.363498 -0.374085 4.08225e-22)
(1.74647 -0.886523 1.53582e-20)
(1.1537 -0.128302 -5.65921e-20)
(0.812434 0.0471206 6.4393e-20)
(0.914703 -0.300867 7.43111e-20)
(0.724029 0.175804 0)
(0.948921 0.721358 0)
(0.750829 0.225474 -7.91506e-20)
(2.06689 0.208022 -3.80703e-20)
(-1.21587 -0.0428881 2.31399e-19)
(1.04548 -0.546774 -4.06658e-19)
(0.628697 -0.546433 3.24939e-19)
(1.24246 0.309072 -1.86209e-19)
(0.333657 -0.465551 2.11864e-20)
(1.41195 -0.323363 0)
(0.75089 0.103533 -5.74857e-21)
(1.39843 -0.451185 -5.2121e-20)
(1.02657 0.749704 0)
(1.25055 -0.46108 0)
(0.62045 0.104373 0)
(-0.231389 -0.409349 -7.12791e-20)
(-0.148098 0.14861 0)
(1.5298 0.703569 2.79393e-19)
(1.2126 0.180876 5.15941e-21)
(-1.24831 0.159456 2.52986e-19)
(1.56344 0.510274 2.36518e-20)
(1.79384 0.481613 -8.93815e-20)
(2.16386 -0.333012 -4.47163e-20)
(-0.168003 -0.00784699 -2.24337e-19)
(-0.276422 -0.361739 5.55724e-21)
(0.904727 0.0943608 0)
(0.684494 -0.0335992 0)
(0.998857 0.000942602 2.94312e-22)
(-0.552316 -0.232697 0)
(1.53508 0.000504703 -1.48757e-19)
(0.68171 -0.0309234 0)
(1.06597 0.00447909 1.03588e-19)
(0.997486 0.0178274 -3.72079e-20)
(1.3519 0.0647266 2.33998e-19)
(1.0607 -0.0196861 -7.64966e-22)
(0.953345 -0.205189 -4.48708e-20)
(1.02511 -0.0361131 3.03659e-19)
(0.683988 -0.621921 1.50858e-19)
(-0.675844 -0.224189 -2.45657e-19)
(1.08801 0.332924 4.36066e-20)
(0.0322921 -0.0189516 0)
(1.11207 0.78403 0)
(1.02653 -0.00880862 0)
(1.01878 -0.787357 -7.88095e-20)
(1.05421 -0.904227 9.89223e-21)
(0.723872 0.00567148 -4.47833e-20)
(0.087848 0.399722 -8.77819e-19)
(1.24458 -0.221424 5.54766e-21)
(0.595468 -0.399988 -5.33219e-19)
(1.09988 0.422355 -5.88098e-20)
(1.09437 0.0140846 -4.92814e-20)
(2.09713 -0.334639 1.42575e-19)
(0.383919 0.0335388 -4.43524e-20)
(-0.384136 -0.514249 -1.48399e-19)
(1.10602 0.539846 1.59918e-19)
(-0.0913591 -0.383254 0)
(0.132432 -0.374687 4.49205e-19)
(-0.0730871 -0.109473 1.13725e-22)
(1.03996 -0.042909 2.74183e-19)
(1.02734 -0.00353951 -7.03661e-21)
(1.1043 -0.011516 -7.58843e-20)
(1.20867 -0.0665424 -1.1512e-20)
(1.60468 0.319578 3.50504e-20)
(0.408492 -0.383812 -2.63491e-19)
(0.730876 -0.032381 8.03826e-20)
(1.03647 -0.000600481 -2.0027e-19)
(0.874121 0.197119 -4.4883e-20)
(1.13827 -0.111486 0)
(1.09972 0.579996 -2.99076e-19)
(1.0031 -0.00411553 7.82859e-20)
(0.660876 0.58778 2.20115e-19)
(1.25621 -0.0865831 6.45299e-22)
(1.06034 -0.0123645 -2.48878e-20)
(1.12107 0.0159565 7.06622e-22)
(2.53019 -0.0356612 2.53277e-20)
(0.0968315 0.0394673 0)
(1.0551 -0.0392 0)
(1.06077 -0.0347742 4.82122e-19)
(1.00296 -0.00282201 0)
(-0.0416756 -0.075921 0)
(0.960929 -0.586548 0)
(1.0024 -0.00105874 -4.54961e-19)
(1.17531 -0.694831 5.97134e-20)
(1.02298 -0.00342216 9.50302e-21)
(1.32386 0.94551 -1.36197e-20)
(1.50418 0.994645 -7.33155e-20)
(1.19226 -0.0738329 -8.75202e-21)
(1.55026 0.282404 2.26036e-19)
(1.18611 0.255652 0)
(0.00327284 0.600522 0)
(2.17219 -0.0328245 5.41038e-19)
(1.24892 -0.651005 0)
(0.999694 -0.00616558 -1.41212e-19)
(1.01035 -0.000803385 2.74296e-19)
(1.42007 0.144495 -5.5145e-20)
(-0.000188544 -0.122096 3.07134e-19)
(0.970185 0.000963792 1.48696e-19)
(0.339463 -0.0674998 4.77314e-20)
(0.354246 0.0959245 -3.21578e-20)
(1.19489 -0.118796 -1.28335e-22)
(0.92828 0.0169631 -1.49172e-19)
(1.00074 0.00304923 1.76832e-19)
(1.00216 0.000428068 1.04432e-20)
(0.789292 -0.0136399 0)
(0.723708 -0.0260689 0)
(0.722098 -0.0284286 6.66309e-22)
(0.700965 -0.0299017 0)
(0.488809 -0.122698 0)
(0.0912622 -0.00135971 0)
(0.253957 0.0102008 2.68631e-20)
(0.446315 0.1042 -1.69865e-20)
(1.07526 0.112039 0)
(1.28125 0.0312654 -1.36435e-21)
(1.20415 -0.103576 0)
(0.258348 -0.0172359 0)
(0.0745238 -0.00639604 0)
(0.00947101 0.0236604 4.71072e-21)
(0.372827 0.106948 8.47929e-20)
(0.789336 0.0255248 0)
(0.800092 0.0187308 0)
(0.965918 0.0198782 -1.84068e-19)
(0.82565 0.0090309 3.451e-19)
(1.00617 -0.00173989 0)
(0.999848 -0.00142153 3.26576e-19)
(1.00086 -0.00145395 -3.98101e-22)
(0.798472 0.0241014 2.92035e-19)
(0.991756 -0.00723179 -1.70785e-19)
(0.413416 -0.0567879 0)
(0.114994 0.00319405 3.21881e-20)
(1.00006 -0.00290317 -1.65288e-19)
(0.998736 0.0019993 -2.83266e-19)
(1.05289 -0.156278 0)
(1.00092 0.000814985 0)
(0.999426 -0.000363906 0)
(1.32252 -0.182074 2.12016e-20)
(1.20624 0.0205152 5.74409e-21)
(0.853935 0.131284 0)
(-0.40888 0.495771 2.42989e-19)
(-0.74421 0.414037 -4.00922e-19)
(1.02136 -0.0138767 -2.19566e-19)
(-0.419025 -0.475286 -1.37011e-19)
(1.02278 0.00216503 -1.76554e-19)
(1.17378 -0.224187 -6.98584e-20)
(0.808308 -0.481597 2.4971e-19)
(-0.0570817 -0.0963938 -1.02943e-19)
(1.02635 0.0122951 0)
(1.05286 -0.0109817 -4.77746e-20)
(0.861789 0.0227469 0)
(-0.0103047 0.032453 2.85291e-19)
(1.22304 -0.589751 0)
(-0.542417 -0.259662 -3.38724e-19)
(0.330433 -0.0437859 -4.88885e-20)
(1.63992 0.685246 4.85901e-20)
(-0.0453314 -0.0612567 0)
(1.06697 -0.0404787 1.48866e-19)
(1.24062 -0.0956893 1.05708e-21)
(0.930749 -0.0118354 2.35572e-19)
(1.01174 -0.00993994 -1.49738e-19)
(1.65235 0.858975 6.16897e-20)
(0.508924 0.47546 0)
(0.429765 0.378675 1.75621e-19)
(1.24449 -0.23524 -5.65778e-21)
(1.142 0.124854 1.58413e-19)
(1.10237 -0.72317 0)
(1.02167 0.00621431 0)
(0.999894 -0.0204713 -3.45463e-19)
(1.01473 0.0162841 -3.35479e-19)
(-0.153301 -0.431479 0)
(1.20753 0.812485 -9.46414e-20)
(1.26148 -0.0753662 -6.87004e-22)
(1.01709 0.00715861 1.2925e-19)
(1.00887 0.0115735 -1.62209e-19)
(-0.574482 -0.15991 -3.32646e-20)
(1.25274 0.0162428 -2.10482e-20)
(1.01796 -0.014006 5.51939e-19)
(1.15872 0.00988218 0)
(1.83176 0.658087 -7.34588e-20)
(1.01476 -0.0120863 -1.7182e-19)
(1.95822 0.136492 -1.4828e-19)
(1.06218 0.00683857 -3.96095e-22)
(1.01055 -0.00960802 3.44606e-20)
(2.09409 -0.230801 -3.49623e-19)
(1.01775 0.00535951 1.66522e-19)
(1.29293 0.19972 7.31037e-21)
(1.018 0.000491165 0)
(0.924721 0.149035 4.15716e-20)
(-1.32819 0.054491 6.7693e-21)
(0.995236 0.0237193 1.65629e-19)
(1.03559 0.0208919 -6.76129e-22)
(1.2357 -0.0424312 6.01673e-22)
(1.24431 0.309085 3.24438e-19)
(0.998694 0.016746 1.13435e-19)
(1.01688 -0.0151853 3.61116e-22)
(1.72257 0.263041 -8.27646e-21)
(1.73721 0.927178 -1.11102e-19)
(0.788068 -0.707218 4.46149e-20)
(0.460486 -0.344087 -2.59696e-19)
(1.0079 -0.00911472 0)
(1.02159 0.00342649 4.14254e-20)
(1.01257 -0.0103235 8.73353e-20)
(1.26873 0.111793 3.63538e-21)
(1.01268 0.00544895 -1.73315e-19)
(1.0322 -0.0255595 1.97574e-19)
(1.01065 -0.00705784 -1.63278e-19)
(1.01528 0.00676503 -4.54194e-22)
(1.01275 -0.00181531 -3.42281e-22)
(1.02319 0.0132401 1.65787e-19)
(0.904443 0.0823883 4.28633e-19)
(1.74961 0.632912 0)
(0.510592 -0.0333497 2.77795e-19)
(1.01279 -0.00333143 0)
(1.02407 -0.0159473 -4.81408e-20)
(1.52315 0.457266 -4.7579e-20)
(1.80888 -0.00444296 0)
(1.90772 -0.415065 -8.6125e-20)
(1.33841 0.639629 -4.46712e-20)
(0.76621 -0.0134034 0)
(1.95976 -0.0607447 0)
(0.429694 0.375504 -1.46907e-19)
(1.33758 0.0187863 1.80623e-21)
(1.01643 -0.00299202 -1.74761e-19)
(1.13641 -0.572641 -4.64091e-20)
(1.29612 0.0243942 -2.13492e-21)
(1.50692 0.460706 0)
(1.28852 -0.223098 0)
(1.75205 0.499643 0)
(0.164797 0.588823 1.124e-19)
(1.3696 0.190525 1.63425e-20)
(-0.178543 0.108242 0)
(-0.00688652 0.696162 -3.80744e-19)
(1.67443 0.961208 -9.06471e-20)
(1.00787 -0.00255393 -3.41671e-19)
(1.3633 0.0883589 2.91487e-21)
(1.02198 0.00517624 2.25913e-19)
(0.701557 -0.0401376 0)
(-0.120505 -0.362707 -3.16767e-20)
(0.600668 0.412726 -2.93106e-19)
(1.73526 0.691827 8.38967e-20)
(0.115573 0.751812 0)
(0.793122 0.0650159 5.9344e-20)
(0.507827 0.483859 4.41371e-20)
(1.17133 0.875117 -2.49768e-20)
(-0.0346897 -0.0206183 1.54164e-19)
(1.02474 0.0125028 0)
(1.45813 0.302055 1.15696e-20)
(1.01192 -0.00514811 1.28258e-19)
(2.4768 0.113771 0)
(1.01115 0.00794393 2.15087e-19)
(0.260335 -0.407342 -2.13537e-19)
(1.01907 0.0112096 -1.32944e-19)
(1.41756 0.19383 0)
(1.74463 -0.480539 4.26639e-22)
(1.00838 0.00311548 -8.93506e-20)
(0.994364 -0.0350216 2.36327e-19)
(1.09071 0.0939131 -2.47541e-21)
(1.32482 0.284716 -2.63387e-20)
(-0.152941 -0.0722622 4.03205e-19)
(1.9679 0.377303 2.23819e-19)
(0.956875 0.234657 3.07952e-20)
(0.813609 0.0128408 -3.23027e-19)
(0.803068 0.0224747 0)
(1.07082 0.126972 3.22443e-20)
(1.02124 -0.0168533 -2.587e-20)
(0.973334 0.0217519 0)
(1.04917 0.00198643 -1.64341e-19)
(0.611591 -0.234391 -5.5361e-20)
(-1.61477 -0.0821845 2.91166e-19)
(2.1728 -0.600232 0)
(-1.00267 -0.123515 -8.84535e-19)
(1.52842 -0.351407 0)
(1.03771 -0.0155865 4.82368e-20)
(0.986554 -0.142682 1.24405e-21)
(1.016 -0.000372339 1.38607e-19)
(-1.09584 0.130066 5.9233e-19)
(1.01838 0.00283057 0)
(0.991546 0.00305653 -3.36067e-19)
(1.00764 0.00766114 1.76435e-19)
(0.929409 0.119593 0)
(0.870889 -0.148112 -4.82302e-21)
(0.963415 -0.00127454 -1.51345e-19)
(-0.328185 -0.535786 4.78218e-19)
(1.00539 -0.00300704 -1.72134e-19)
(0.997903 0.0186579 -4.05559e-19)
(1.66919 -0.620605 2.15409e-21)
(-0.254255 -0.310844 -1.15034e-19)
(0.795912 0.681763 -1.46441e-19)
(0.794136 0.341426 0)
(1.01988 -0.00908039 3.62326e-19)
(1.03533 -0.0110993 1.90721e-19)
(0.903717 0.329607 -4.5605e-20)
(0.145934 0.14782 3.40148e-20)
(1.08503 0.0069698 -9.51171e-20)
(1.12685 -0.909789 3.56275e-20)
(1.0057 0.000805776 1.7977e-19)
(0.944807 -0.684908 1.60719e-19)
(-0.574291 0.467512 4.41374e-19)
(-0.21188 -0.299349 -8.99103e-20)
(0.781482 0.0106966 -5.24688e-20)
(0.708802 -0.17659 -5.77806e-19)
(1.02354 -0.0104601 0)
(1.34355 -0.820869 6.37612e-20)
(1.27981 0.697761 1.20285e-19)
(0.911392 0.139494 0)
(0.067666 -0.49695 0)
(0.323392 0.769147 0)
(1.03368 0.0121671 7.62763e-20)
(2.19795 -0.127392 0)
(1.05775 -0.0225845 3.03781e-21)
(-1.16456 0.348838 -2.68411e-19)
(-0.0341745 -0.07374 2.56454e-19)
(-0.290008 0.430643 -4.07228e-22)
(1.43145 0.376571 7.24778e-20)
(0.0794074 -0.474027 5.93303e-19)
(1.14575 0.61918 0)
(-0.391908 -0.387284 -7.9593e-21)
(1.01806 0.0162454 4.72159e-20)
(-0.102089 -0.0660868 -1.58297e-19)
(0.865723 0.699276 -4.65979e-20)
(-0.0750075 -0.10907 6.02044e-20)
(1.35154 -0.986556 -4.75916e-20)
(0.478451 0.0932953 4.33425e-20)
(1.36921 0.0438353 -1.86958e-21)
(0.15979 -0.0978032 -9.16894e-21)
(0.895053 0.0147552 0)
(0.845854 -0.122896 5.48121e-20)
(0.766139 -0.304618 -1.24621e-19)
(0.152126 -0.0931969 -2.93876e-20)
(2.09448 0.281055 0)
(1.04309 0.0251659 1.8526e-19)
(-1.08468 0.0115459 0)
(1.28718 0.0236465 -1.29325e-21)
(0.0568946 0.0353894 0)
(0.869753 0.321698 -1.86336e-19)
(1.56298 0.61636 -8.53141e-20)
(-0.127302 -0.248923 -1.85505e-20)
(0.945207 0.0336111 -3.75975e-19)
(1.03625 -0.00434239 0)
(1.11386 0.0119204 9.50093e-20)
(1.45212 -0.272579 0)
(1.89995 -0.429645 0)
(1.02267 0.00319202 -3.30087e-20)
(0.985049 0.0299799 -1.60547e-19)
(1.78759 0.573501 -3.23003e-19)
(-0.155197 0.286547 0)
(1.01622 -0.0178181 8.72256e-23)
(0.947264 -0.764691 -1.00833e-19)
(0.635686 0.328962 0)
(1.07005 -0.0294735 -2.36962e-19)
(1.87229 -0.592463 1.12863e-19)
(-0.0526904 -0.327881 -9.24851e-20)
(-0.191695 0.605395 2.09883e-19)
(-0.755825 -0.113363 2.56884e-20)
(-0.755106 0.477821 -2.07808e-19)
(-0.0501896 -0.0601102 3.46869e-19)
(1.26169 -0.336295 -1.64831e-21)
(0.344589 -0.395188 3.32569e-19)
(0.96619 -0.720362 1.76589e-19)
(1.09304 -0.901654 0)
(1.01167 0.00229488 -3.88766e-19)
(0.755181 0.1988 -6.33743e-20)
(1.01936 0.000894633 -1.46319e-19)
(-0.148919 -0.0864728 -1.11931e-19)
(-0.17739 -0.468911 3.79515e-19)
(1.01293 0.0164182 -1.87031e-19)
(0.439466 -0.839554 2.58965e-19)
(0.903742 -0.745093 5.26277e-22)
(1.04267 -0.00748235 -3.11335e-19)
(1.70272 -0.0209266 0)
(-0.452572 0.402243 -1.46969e-19)
(-1.327 0.000424568 -5.19625e-19)
(1.37682 0.440395 0)
(1.106 0.0812499 0)
(1.05383 0.0192444 2.14162e-19)
(1.61071 0.562958 -2.47301e-19)
(1.23254 -0.0140983 -1.82262e-20)
(1.14613 0.618942 1.34627e-19)
(-0.675064 -0.433761 -1.9627e-19)
(1.04918 0.0105619 1.08416e-19)
(-0.100981 -0.365187 -2.79144e-20)
(1.21621 0.153766 -3.10813e-19)
(0.0566707 0.355845 0)
(1.01166 -0.269342 -1.54513e-19)
(-0.17603 -0.443275 2.03269e-19)
(1.39349 -0.572069 -1.14742e-19)
(1.01384 -0.0202839 -2.18835e-19)
(0.451616 0.435538 -1.20906e-19)
(1.12721 -0.0457766 -3.95407e-19)
(-1.29251 -0.0211775 3.65412e-19)
(0.889614 0.0357782 -2.53818e-19)
(0.524022 0.0132584 -1.73073e-19)
(1.00758 -0.00326293 -1.82818e-19)
(0.795901 0.587223 -2.0095e-19)
(-1.21726 -0.354553 -2.09513e-19)
(0.459546 -0.443316 -1.15629e-20)
(0.130694 -0.0851112 1.1203e-19)
(0.848502 -0.516769 -2.17113e-20)
(1.84434 -0.55527 0)
(1.11151 -0.865345 0)
(0.749104 -0.232506 -1.67573e-20)
(0.89859 0.0501081 0)
(0.737327 -0.410668 1.59032e-19)
(-0.105323 -0.147774 0)
(1.92335 0.387609 3.26684e-19)
(1.02195 0.00365868 0)
(2.37821 0.122151 -9.36686e-20)
(1.10465 -0.393226 2.65255e-19)
(0.977293 -0.00849894 1.61145e-19)
(1.05827 0.0798468 -1.62629e-19)
(1.15563 -0.0436251 1.93843e-19)
(1.01136 0.0224631 2.28561e-19)
(1.01668 0.128051 0)
(0.985842 0.00883252 1.86699e-19)
(0.951373 -0.185451 -1.14019e-21)
(0.440912 0.19075 -3.26009e-20)
(1.39615 1.03828 4.77076e-20)
(1.01277 -0.0184627 2.49302e-19)
(0.969951 -0.0308597 7.49914e-20)
(1.89315 0.628616 0)
(1.06619 0.622137 0)
(1.00339 -0.143028 -3.54719e-19)
(0.0674684 0.496859 0)
(0.681969 0.408564 6.09552e-20)
(1.22493 -0.941605 0)
(0.491842 0.331319 0)
(0.617367 0.559783 -4.47849e-19)
(2.10942 0.308906 4.47195e-20)
(1.03928 -0.0339874 -1.04087e-19)
(-0.127125 0.309112 1.08931e-19)
(1.04976 0.0552309 0)
(1.04627 -0.037793 0)
(1.01458 -0.562693 7.33742e-21)
(0.298946 0.241669 0)
(0.743043 0.458961 3.06449e-20)
(1.04197 -0.0146479 4.4978e-22)
(0.600356 0.438623 1.19802e-19)
(1.13304 0.0247082 2.47194e-20)
(1.59297 -0.621466 -7.88346e-21)
(1.07986 0.0332434 1.43885e-19)
(1.04757 -0.0118113 -1.55888e-19)
(1.13579 0.207099 1.66811e-19)
(1.00355 0.0248221 -3.69685e-19)
(0.292133 -0.275883 0)
(-0.560752 0.666327 -5.04064e-20)
(-0.128257 -0.48274 -2.48361e-19)
(0.900453 -0.160878 -2.06278e-19)
(2.21659 0.249039 0)
(0.0620121 -0.239671 1.80589e-20)
(-0.0773644 0.204532 1.16971e-19)
(1.99105 0.40536 -2.08316e-19)
(1.06574 0.508124 2.25358e-20)
(1.18941 0.0627852 2.41389e-20)
(0.839339 0.699758 3.51248e-19)
(0.941902 0.518605 -2.09374e-21)
(1.10801 -0.0378331 0)
(1.01085 -0.0933554 -1.04424e-19)
(-0.194972 0.365569 1.18473e-19)
(1.79804 -0.22878 -1.37193e-19)
(2.36348 0.190718 0)
(2.38644 -0.0930199 0)
(1.56116 0.423849 1.90734e-19)
(-0.0399031 0.114809 0)
(1.02021 0.0218113 -1.44228e-19)
(0.287393 -0.347043 0)
(0.998105 -0.0191013 1.06353e-19)
(0.67077 -0.337333 -1.84653e-19)
(0.96332 -0.0282251 3.51687e-19)
(1.82382 0.369974 6.00319e-20)
(1.05694 -0.0235553 -3.87356e-19)
(0.832622 0.0190486 4.58702e-20)
(2.33778 0.117508 -2.10693e-19)
(1.07908 -0.0413676 0)
(1.04397 -0.0135569 1.1542e-19)
(-0.622572 0.426139 -2.29512e-19)
(1.11236 0.00139944 -1.81447e-19)
(0.862373 0.621916 -3.91416e-19)
(1.15226 0.00821061 -1.07415e-20)
(2.34505 0.181092 0)
(0.309455 -0.108963 4.58004e-19)
(1.41991 -0.572181 0)
(-1.09593 0.184954 1.36703e-19)
(-0.441179 -0.402691 2.62786e-19)
(1.10511 -0.918667 0)
(0.755145 0.0283402 9.32156e-20)
(-1.05232 0.412739 0)
(1.86508 0.624419 0)
(-0.0147728 -0.0551321 1.38343e-19)
(0.870899 0.097149 -2.1099e-19)
(-0.0691481 -0.660001 1.53955e-19)
(0.921533 0.676174 -3.13054e-19)
(1.00145 0.0351069 -5.24719e-21)
(1.03396 -0.0493818 1.18686e-19)
(2.42258 0.0142796 0)
(1.06599 -0.104023 -4.48009e-20)
(0.751423 -0.229933 7.47783e-19)
(1.01965 -0.0159605 2.42389e-19)
(1.08062 -0.0116376 9.33574e-20)
(1.84245 0.3994 0)
(1.00143 -0.0127976 0)
(0.975343 0.849471 -2.66033e-20)
(1.03903 -0.0244141 -1.44671e-19)
(1.19535 -0.465357 -7.76434e-20)
(-0.534192 0.0586373 3.55107e-20)
(1.34584 0.0173924 0)
(1.34378 -0.0424231 0)
(1.20704 -0.215381 1.82376e-21)
(0.68614 0.260266 -2.14147e-19)
(0.580495 -0.123619 -2.10838e-20)
(0.981102 0.0562641 2.12265e-19)
(0.428127 0.19145 -1.33166e-19)
(1.89533 0.388468 0)
(0.573461 0.0560099 1.98935e-21)
(1.09896 0.00990536 -9.75572e-20)
(0.329536 0.0151738 0)
(0.809695 -0.00103756 0)
(0.542476 -0.055277 -1.0533e-20)
(0.322293 -0.0193744 5.37395e-21)
(0.773794 0.00117001 9.80022e-20)
(1.13071 -0.0111637 0)
(0.831956 -0.768114 0)
(-0.0071352 -0.419455 -2.65279e-20)
(0.999836 0.70072 -1.90819e-19)
(0.185943 0.070879 -1.04335e-19)
(-0.183206 0.707344 1.01478e-20)
(1.88562 0.805265 2.2012e-19)
(0.984634 0.0224555 1.52384e-19)
(1.02874 -0.0602139 8.35664e-20)
(0.333292 -0.242711 -6.02356e-19)
(-0.0611776 -0.032537 0)
(0.262013 -0.385764 -5.32019e-20)
(0.597396 -0.571795 -2.70397e-19)
(-0.570785 -0.207764 3.74204e-19)
(0.928471 0.110503 -1.56582e-19)
(0.966332 0.333446 3.10337e-19)
(1.01641 -0.0881917 1.22239e-21)
(1.02422 0.00214375 -2.77195e-20)
(0.997489 -0.00668083 1.13086e-19)
(-1.2061 -0.0758582 -2.9592e-19)
(-0.0829221 -0.150673 -1.85555e-19)
(-0.559601 -0.22844 0)
(1.17265 0.253973 1.15287e-19)
(1.10192 0.0184254 0)
(-0.433942 -0.0887874 -3.65417e-19)
(-0.0860088 0.168963 -1.54887e-19)
(-0.184909 -0.553032 0)
(1.00889 0.00927843 1.6063e-19)
(0.98994 -0.0420081 0)
(2.18449 0.302089 -3.19826e-19)
(-1.39234 0.00587971 -1.12702e-20)
(0.975721 -0.010675 -3.35808e-19)
(0.555446 -0.462074 5.09833e-21)
(1.59791 0.404412 -3.00717e-21)
(0.517524 0.504268 0)
(0.750823 0.655065 1.47242e-19)
(1.26555 0.359647 1.04994e-19)
(-0.48486 -0.303165 2.49511e-19)
(1.91139 0.228551 -3.60255e-21)
(-0.435211 -0.389081 -1.79682e-19)
(1.20926 0.433179 -2.93624e-19)
(1.16515 0.0884646 4.34026e-19)
(1.05196 -0.70518 -5.35373e-21)
(0.134272 -0.133299 1.60556e-19)
(0.124423 0.118548 0)
(-0.115388 0.134565 0)
(-0.155512 -0.154463 1.03052e-19)
(1.00072 0.00462243 -1.78258e-19)
(1.02706 -0.00379035 -1.50533e-19)
(-0.669847 0.587231 -2.17001e-19)
(1.72036 -0.52098 -2.88117e-20)
(1.36931 -1.0398 6.48121e-20)
(1.08548 0.733237 0)
(0.919431 0.0515091 -4.69445e-19)
(1.61445 -0.206246 -1.18896e-19)
(1.01445 -0.0206398 -4.48573e-20)
(1.55946 -0.69546 8.01078e-20)
(-0.456185 -0.349163 0)
(2.41194 0.278846 -4.2235e-20)
(-0.986893 0.3562 7.32304e-20)
(-0.158844 0.0252116 -3.03694e-19)
(1.02727 -0.0574699 1.59985e-19)
(-0.126111 -0.135249 0)
(1.6523 -0.098965 -1.21793e-19)
(0.466614 0.243828 1.04822e-19)
(-0.12404 -0.136901 1.14851e-19)
(1.01641 -0.0152595 1.98312e-19)
(0.680673 0.305537 0)
(-0.107443 0.205142 1.47094e-19)
(0.459268 -0.448015 0)
(0.136648 -0.137215 -2.97829e-19)
(-0.0578918 0.0697967 1.19707e-19)
(0.13299 0.131119 1.53175e-19)
(-0.101131 -0.112366 -1.26359e-19)
(-0.376528 -0.359638 0)
(0.944215 0.285198 1.63079e-21)
(0.998678 0.392222 2.01397e-21)
(0.696706 -0.627352 1.92896e-19)
(1.01381 -0.0101809 0)
(-0.0922544 -0.103759 0)
(0.958506 -0.0895059 1.88372e-19)
(1.51042 -0.726286 -4.95186e-21)
(-1.03399 0.0129131 -5.01808e-19)
(0.964059 0.0341554 -2.11542e-19)
(0.639162 -0.584893 3.4479e-19)
(1.37226 -0.701476 -1.27965e-19)
(-0.625704 -0.235086 -5.03902e-19)
(1.0872 0.0679825 0)
(1.01574 -0.00811198 -2.29389e-19)
(-0.0459991 -0.0589031 0)
(-0.00961868 -0.144266 -5.3466e-19)
(0.14307 0.141607 1.46518e-19)
(-0.0812684 -0.0977344 0)
(1.13787 0.103286 -1.39084e-19)
(1.52481 0.294023 0)
(1.0917 -0.0811736 0)
(-0.159268 -0.114262 1.70036e-19)
(-0.502225 0.288054 -1.68844e-19)
(-0.0190733 -0.0260617 -1.23387e-19)
(-0.0766287 0.0906353 1.17172e-19)
(0.120426 0.109928 0)
(0.980296 -0.107474 -2.31571e-19)
(0.138338 -0.139458 -1.47439e-19)
(0.13876 0.134204 -2.91551e-19)
(0.195914 0.189436 1.07614e-19)
(0.952403 0.0118958 5.65013e-19)
(0.180327 0.172042 -1.18451e-19)
(-0.0138402 -0.0194658 1.17147e-19)
(0.143762 0.14408 -2.7695e-19)
(0.188542 -0.187824 -2.26583e-19)
(-0.0213702 0.0310053 0)
(-0.0563516 -0.0676255 2.57464e-19)
(-0.682181 0.424886 5.56596e-19)
(0.145217 0.140451 0)
(0.894155 -0.510437 0)
(-0.340161 -0.417393 0)
(1.13303 -0.279885 1.08507e-20)
(0.213909 0.210621 2.30242e-21)
(-0.0263347 0.0319895 -6.84673e-20)
(-0.139301 0.155086 1.11312e-19)
(0.188408 0.183341 -1.1365e-19)
(0.157987 -0.152847 0)
(-0.0261871 -0.0323835 1.30481e-19)
(-2.41102e-05 0.00639891 7.00236e-22)
(-0.358008 -0.481562 -2.44973e-19)
(1.31276 0.0436213 -4.76904e-21)
(-0.74301 -0.0771769 4.96647e-19)
(-0.047899 0.059654 -1.16672e-19)
(-0.00838548 -0.0135976 0)
(0.21142 0.210866 0)
(0.175206 -0.174152 -5.15592e-20)
(0.00995144 -0.00747497 -1.07285e-19)
(2.19722 0.562137 2.08548e-19)
(1.47915 -0.600607 -4.94033e-19)
(0.194697 0.197767 2.03077e-19)
(-0.314371 -0.402662 9.83602e-20)
(-0.0913429 0.10712 1.19278e-19)
(-0.00409353 -0.00807883 -3.43521e-19)
(0.208086 -0.20702 1.92615e-19)
(-0.406171 -0.440247 2.63234e-20)
(-0.00633936 0.0131334 0)
(0.138614 -0.137698 -3.06741e-19)
(0.980615 -0.0773787 0)
(1.54575 -0.360684 0)
(0.573298 -0.511696 -3.22383e-19)
(0.706974 -0.308202 5.04923e-20)
(0.181552 -0.174604 1.06916e-19)
(1.00908 0.0123521 1.55951e-19)
(0.873554 -0.115173 2.23286e-19)
(0.415645 -0.403083 4.49001e-19)
(1.57826 0.568052 2.51058e-20)
(0.219231 0.20803 8.14616e-20)
(0.824641 0.553617 0)
(0.630313 -0.549496 1.40233e-20)
(-0.00126966 -0.00417468 1.12631e-19)
(0.405194 0.0232731 1.93614e-20)
(1.05565 -0.125696 6.73104e-20)
(1.09096 -0.257945 0)
(0.942611 -0.149356 5.49356e-19)
(-0.0136054 0.0210258 0)
(0.686623 -0.287279 0)
(1.17568 -0.220554 1.46567e-19)
(1.14557 0.352947 1.76566e-19)
(1.12483 0.00125941 0)
(-0.985829 -0.112957 3.25605e-19)
(-1.5411 0.0137359 -2.94386e-21)
(1.03906 0.00221069 -2.18232e-19)
(-0.126446 -0.442004 0)
(1.19853 -0.211599 0)
(1.54719 0.582751 0)
(0.10376 0.099014 3.90942e-19)
(5.98839e-05 -0.00107375 0)
(0.190271 0.18105 9.65793e-20)
(0.173826 -0.15993 0)
(0.0131629 -0.0126511 -1.03379e-19)
(-9.49983e-05 5.7854e-06 0)
(0.910549 0.471037 2.99987e-19)
(0.849964 -0.427083 -4.51843e-19)
(0.0131212 -0.0121063 4.31173e-22)
(-0.110594 -0.101771 -3.13102e-19)
(0.259294 -0.250019 0)
(0.23856 0.226922 0)
(-0.8916 0.0027896 3.48938e-19)
(0.940754 0.0517226 3.85916e-21)
(1.11731 -0.365322 -1.55734e-19)
(0.0117092 -0.00967958 3.12769e-19)
(-0.150003 0.137986 2.10022e-19)
(1.05612 0.140547 2.07475e-19)
(-0.194467 -0.0286348 0)
(-0.00134724 -0.000375679 -1.50711e-22)
(-0.234166 -0.566119 8.72398e-21)
(-0.0835673 0.0019214 0)
(2.29418 -0.0891994 -2.21668e-19)
(1.02107 0.142084 0)
(1.00375 -0.0723683 2.65538e-19)
(-1.50417 0.0321001 0)
(0.235158 -0.218725 -3.86698e-21)
(1.0093 -0.0234259 1.37415e-19)
(0.552659 0.137796 3.48822e-19)
(1.37479 -0.792457 1.10178e-19)
(0.301733 0.282527 1.79977e-22)
(1.61223 0.540732 0)
(0.965958 -0.585981 5.7145e-20)
(1.83354 -0.936245 2.24854e-19)
(0.0139638 -0.0138173 2.00007e-19)
(1.70741 -0.760536 4.55676e-20)
(2.319 0.492345 1.06456e-19)
(0.0117913 -0.0116711 -5.86741e-20)
(1.02379 0.0340606 2.00049e-19)
(-0.112302 0.322635 -2.07949e-19)
(0.326161 0.30397 0)
(-0.00331153 -0.00161767 0)
(0.251982 0.238862 6.88082e-20)
(0.302071 -0.281741 -1.62401e-19)
(0.0145069 -0.0139 2.08559e-19)
(1.08699 -0.777968 -5.36264e-20)
(0.975967 0.135853 1.95923e-19)
(0.340846 -0.324548 0)
(0.0124412 -0.0147829 0)
(0.270618 0.256695 0)
(0.0108228 0.00167173 -1.21916e-19)
(0.279017 -0.276356 0)
(-0.0149882 -0.00840408 -1.97213e-19)
(0.289431 0.272918 -4.56201e-20)
(0.00388732 -0.0125862 0)
(0.262529 -0.257313 0)
(-0.445013 -0.333947 0)
(-0.014711 -0.00121967 0)
(-0.0341874 0.0180767 -5.9238e-20)
(-0.109946 -0.263288 0)
(1.00262 -0.00220747 2.11233e-19)
(0.475562 -0.445933 1.63148e-20)
(-0.0799382 0.0505506 -1.02582e-19)
(-0.0370204 -0.026358 3.64268e-19)
(0.363145 0.334009 -1.76671e-20)
(1.65225 0.404968 0)
(-0.158912 0.277063 0)
(-0.115485 -0.35625 3.08101e-20)
(-0.125807 0.0961048 0)
(0.366479 -0.345294 0)
(-0.0566197 -0.0414469 0)
(0.410947 0.372734 0)
(-0.0906644 -0.0717343 2.21531e-19)
(0.485139 0.449003 5.41247e-20)
(-0.158827 0.148095 -4.60314e-19)
(0.543798 -0.5032 -1.11981e-19)
(1.15312 0.137519 0)
(0.817947 0.0633681 -4.56958e-20)
(-0.836442 -0.195377 -3.44659e-19)
(1.03992 0.0572629 -1.94613e-19)
(1.4796 0.00848263 0)
(1.20327 -0.326757 -1.32153e-20)
(1.38275 -0.512902 1.05273e-19)
(0.962135 0.0153987 0)
(0.266957 0.510528 6.87828e-19)
(-1.55192 -0.0558867 -1.43205e-20)
(-0.0248188 -0.0182783 -1.70723e-22)
(-1.11746 0.0146396 0)
(1.13495 -0.178297 -1.80605e-19)
(0.357337 0.185513 3.77167e-19)
(2.07213 0.290806 -1.38744e-19)
(1.5896 0.640026 -2.43717e-20)
(1.57781 -0.760739 -2.56816e-21)
(-0.389514 -0.384556 -1.03149e-19)
(1.94442 0.301496 2.33754e-20)
(1.89812 -0.741796 2.18839e-19)
(1.04112 0.0861935 -2.62546e-20)
(-0.489285 0.395406 2.21668e-19)
(1.11731 -0.0083939 0)
(2.3241 0.0730248 -3.54455e-20)
(0.121404 0.0758078 -2.12942e-21)
(1.29917 -0.227924 0)
(0.12967 -0.124744 -5.11766e-19)
(0.00435452 0.000739633 0)
(0.525675 -0.488484 0)
(1.89837 0.644442 -9.56316e-20)
(0.90659 -0.429624 0)
(2.29013 -0.106384 2.66818e-19)
(-0.0144112 -0.0104101 2.02359e-19)
(0.263957 -0.268315 7.30564e-20)
(1.0169 -0.0540124 0)
(-0.515242 0.122089 0)
(-0.071043 -0.0445902 1.68223e-19)
(-0.096568 -0.114843 1.90787e-19)
(1.00849 0.253746 -1.85423e-19)
(0.524957 0.549121 -4.53691e-19)
(1.02549 0.00946062 -7.33156e-21)
(2.365 0.209137 0)
(-0.191475 -0.595684 2.67249e-19)
(-0.110569 -0.16758 0)
(0.631402 0.0681907 2.93421e-19)
(0.952034 0.161911 -4.12373e-20)
(0.689443 -0.591286 -1.6096e-19)
(0.983074 0.12923 2.87971e-19)
(0.997975 0.0116542 0)
(1.44512 0.55057 -2.13137e-20)
(2.09845 -0.214384 0)
(0.526035 0.47538 0)
(0.713192 -0.0904207 0)
(-0.342933 -0.272026 -4.27962e-20)
(0.308537 0.232893 2.16847e-19)
(-0.170126 0.499896 0)
(1.12361 0.0704838 1.22678e-19)
(1.04029 -0.241501 0)
(0.517978 -0.0302877 1.40938e-19)
(0.374268 -0.18809 1.85762e-19)
(-0.154652 0.608285 3.03318e-19)
(0.450512 -0.361939 -3.99027e-19)
(0.980768 -0.0287059 1.89665e-21)
(1.51039 -0.61031 1.035e-19)
(1.56184 -1.06822 -3.10192e-20)
(0.061182 0.0647914 1.45231e-19)
(1.9233 0.539741 0)
(-0.716243 0.21506 0)
(-0.135769 0.277104 0)
(1.36801 -0.1129 1.27482e-19)
(-1.11007 0.178832 -1.37564e-19)
(0.283756 -0.262304 -1.4684e-19)
(2.28153 0.160974 9.73763e-20)
(0.8066 0.509951 -6.06445e-20)
(0.827012 0.254862 4.61516e-21)
(0.941821 0.22693 5.64049e-20)
(1.53734 0.301168 -8.36848e-20)
(-0.0685068 -0.475836 1.21507e-19)
(-0.624039 -0.0791565 0)
(0.924149 -0.0107362 0)
(-0.55181 -0.0414244 1.73526e-19)
(0.155453 0.153583 0)
(1.91121 0.5276 0)
(-0.809178 0.190904 1.48982e-19)
(0.543786 0.454044 -2.00136e-19)
(0.486491 -0.401339 2.5813e-19)
(-0.245849 -0.00402686 0)
(1.38745 0.925916 -1.38462e-20)
(1.0767 0.00545275 0)
(-0.831889 -0.0126958 -6.99994e-19)
(-0.823377 0.485876 -2.40129e-19)
(1.28652 -0.395329 6.53742e-20)
(0.445642 0.408955 4.52691e-19)
(0.721928 -0.239459 1.90271e-19)
(-0.451794 0.797101 0)
(1.12825 0.0621765 1.2969e-19)
(1.00112 0.563751 -7.93753e-20)
(-0.167661 -0.0528091 0)
(0.696651 -0.261489 0)
(1.30646 0.84575 4.36799e-20)
(0.00773903 -0.00295742 -2.14415e-19)
(1.8448 -0.69718 -2.32518e-19)
(1.06478 -0.000116826 0)
(1.2114 -0.0554848 -2.86342e-20)
(0.768948 0.428847 0)
(-0.434258 0.00151649 -2.48677e-19)
(1.27165 0.913174 -5.52793e-20)
(1.50936 0.195693 -2.71579e-20)
(1.1949 -0.439721 2.04375e-21)
(-0.279092 0.0811491 -1.46767e-21)
(-0.115841 -0.357262 -1.27962e-19)
(1.02517 0.0690167 1.98961e-19)
(-0.0199339 0.233675 0)
(0.969124 0.189894 2.81809e-21)
(1.71376 0.466994 -2.28114e-20)
(1.51733 -0.864285 4.24449e-20)
(1.28931 -0.301465 -9.42707e-20)
(1.68886 -0.332196 2.68325e-20)
(-0.210584 -0.0833506 6.85412e-20)
(0.596113 0.537016 1.50337e-19)
(0.140941 -0.0790184 2.67728e-19)
(1.08567 0.3096 -2.32952e-20)
(1.42647 0.106137 9.33243e-22)
(2.11697 0.178642 8.94846e-20)
(0.883361 0.595542 1.1309e-19)
(-0.789589 -0.324299 7.71804e-19)
(1.28756 -0.0495664 -2.44448e-19)
(0.965522 0.260067 -1.23246e-19)
(-0.614652 -0.174529 -1.37568e-19)
(-0.241091 0.365717 0)
(1.0047 0.0017701 4.40719e-19)
(0.779549 -0.221009 0)
(0.866342 0.555438 -1.16926e-19)
(1.1673 -0.0462804 -1.71084e-20)
(-0.129505 -0.567869 -1.7971e-20)
(1.91576 -0.447288 0)
(1.17137 -0.367175 0)
(1.5045 -0.308181 1.30899e-19)
(0.88104 -0.228066 3.50014e-19)
(1.09206 -0.321466 0)
(-0.233077 -0.6675 -2.6291e-19)
(0.932219 -0.0909028 -2.13515e-19)
(0.753207 -0.635072 -5.74025e-20)
(-0.689184 0.0558462 3.26169e-19)
(-0.221897 -0.245186 -1.13175e-19)
(-0.0951818 -0.0444694 -2.68371e-19)
(0.131083 -0.0896222 -1.64853e-19)
(-1.40014 -0.00575563 1.25083e-20)
(0.82347 -0.303381 -1.24443e-19)
(1.39426 0.10824 -4.57757e-21)
(0.669581 0.00950614 0)
(0.798565 0.111346 2.68419e-19)
(1.22419 -0.368264 4.15902e-21)
(0.989965 -0.14503 -5.02307e-21)
(0.585044 0.514981 1.54561e-19)
(1.86991 0.23469 -9.47454e-21)
(1.73319 -0.242869 1.87348e-19)
(1.07059 -0.0308553 3.47804e-20)
(0.830703 -0.383459 1.24689e-19)
(0.503202 -0.229896 0)
(-0.210108 -0.234601 1.17506e-19)
(0.954715 0.0935684 1.3415e-19)
(1.08972 0.694931 7.69799e-20)
(-0.190189 -0.216199 2.5208e-19)
(1.05152 -0.617629 2.32649e-19)
(0.124423 -0.11242 0)
(1.7734 0.890602 0)
(0.226548 0.218812 3.04957e-19)
(1.58579 0.581025 0)
(-0.206045 0.244572 0)
(0.988214 -0.634445 -2.05524e-19)
(-0.172548 -0.194723 3.8044e-19)
(-0.0760199 -0.0446678 1.51261e-19)
(1.10701 -0.0309583 4.10725e-20)
(1.54414 1.04651 -2.21418e-23)
(0.958685 -0.0421734 -1.49141e-19)
(0.126352 -0.123199 7.46106e-20)
(1.04226 0.141485 -1.45204e-19)
(-0.174899 0.211685 3.57325e-19)
(1.04398 0.355358 0)
(0.234063 0.233066 -1.54422e-19)
(-0.712683 0.615557 1.97986e-19)
(1.96533 0.383457 0)
(-0.908411 -0.0230243 -2.90746e-19)
(0.0183701 0.0674093 1.35936e-19)
(-0.623285 -0.0123218 0)
(-0.0437528 -0.0367895 -5.64291e-20)
(0.229932 -0.230042 0)
(1.00826 -0.733002 0)
(-0.125537 0.149161 2.41554e-19)
(0.566542 -0.536672 3.80189e-19)
(-0.153929 -0.180089 -2.33333e-19)
(-0.524589 0.0277052 -2.16244e-19)
(0.237923 -0.239823 -1.50153e-19)
(0.241876 0.236995 4.51316e-19)
(-0.0476634 0.351434 -3.55525e-19)
(-0.860366 -0.144385 -1.51847e-19)
(-0.00531564 -0.0026935 0)
(-0.189848 -0.628377 2.15809e-19)
(1.03986 -0.142915 -2.72562e-19)
(-0.103912 0.123882 1.13906e-19)
(1.63407 -0.541128 3.45168e-21)
(1.28968 0.234254 0)
(2.20188 0.330627 -2.44221e-20)
(0.952669 -0.0432225 0)
(-0.104722 -0.119909 0)
(0.20113 0.198209 0)
(0.960266 0.0633194 0)
(1.12057 -0.259833 0)
(0.975683 0.101128 -2.66367e-19)
(0.233561 0.231864 -1.4703e-19)
(-0.853168 0.170062 -2.04136e-19)
(-0.122201 -0.146965 2.59212e-19)
(0.979651 -0.210728 1.40411e-19)
(0.770878 -0.37321 0)
(-0.284548 0.206366 -2.87551e-19)
(1.01386 -0.0219817 -1.74853e-19)
(-1.67465 0.0210385 8.83651e-19)
(-0.034825 -0.0452672 0)
(-0.151765 -0.186618 -1.42384e-19)
(0.284314 0.26575 -1.29873e-21)
(0.256223 0.244073 0)
(-0.0482486 -0.0599479 1.28767e-19)
(-0.403504 0.57186 2.4572e-19)
(1.31387 -0.502187 1.353e-19)
(1.78721 -0.429464 1.56647e-20)
(0.962888 0.460195 -4.27421e-19)
(1.04132 0.0451289 0)
(0.334195 0.325633 -2.04424e-19)
(-1.09369 0.0309463 3.29484e-19)
(0.316109 0.307126 -3.4118e-19)
(0.310646 0.301755 1.09492e-19)
(0.560437 -0.310116 0)
(-0.0590328 0.0768799 6.40814e-20)
(-0.151542 0.178092 0)
(-0.025603 -0.0322067 3.20642e-19)
(-0.125271 -0.159162 2.85298e-19)
(0.497939 -0.394523 5.49862e-19)
(1.29705 -0.694069 -3.38257e-20)
(0.341784 0.341497 0)
(-0.0798045 0.0882439 2.7751e-19)
(0.233961 -0.238629 3.0641e-19)
(1.22268 0.13801 -4.21819e-21)
(0.337471 0.337866 0)
(1.00751 0.326937 -9.29955e-21)
(-0.537025 0.141772 -1.48532e-20)
(2.30517 0.310545 7.28271e-20)
(-0.0143782 -0.0214845 0)
(1.18288 0.761021 0)
(-0.0175634 0.0256254 -3.34415e-19)
(0.328704 -0.330349 -2.18998e-19)
(0.262767 -0.234887 1.61933e-20)
(1.91584 0.365783 -4.64444e-20)
(1.09145 0.333378 -1.08689e-19)
(0.304723 -0.295915 -2.24296e-19)
(1.03732 -0.0205491 2.9707e-19)
(0.99895 0.0651597 0)
(0.82576 0.12471 -5.27587e-22)
(1.06942 0.0204055 1.05746e-19)
(0.741772 -0.139512 6.43177e-21)
(1.41004 -0.513163 0)
(1.18602 0.180539 -9.36858e-20)
(1.91238 0.490722 -1.94912e-19)
(-0.0431558 0.0578728 0)
(-0.161978 0.0956457 3.59529e-19)
(1.70812 0.536786 0)
(1.00464 -0.00449264 4.70192e-20)
(0.328616 -0.317224 -1.03688e-19)
(1.0067 0.00531192 4.83832e-19)
(0.847357 -0.271708 0)
(1.16513 -0.900591 0)
(-0.00830267 -0.0120038 1.15308e-19)
(0.0494174 0.0427905 0)
(1.08163 -0.0240484 6.25078e-20)
(0.524359 0.39638 5.52187e-20)
(0.71606 -0.0196101 -3.99592e-19)
(-0.0305795 0.0398976 0)
(-0.466204 0.183001 2.47563e-19)
(-0.918883 0.150188 0)
(1.8152 0.809579 0)
(-0.0260607 -0.0166083 0)
(-0.0369475 -0.0228057 1.14126e-19)
(1.68564 0.773319 -4.40852e-20)
(1.01617 0.0518464 0)
(-0.229795 0.26836 1.12048e-19)
(0.0120939 -0.0113577 0)
(1.32061 0.0262993 0)
(1.61017 -0.817937 -3.86255e-20)
(0.38612 0.363207 1.65966e-19)
(-0.9 -0.0104627 -4.01517e-19)
(-0.00393134 -0.00589127 -1.21958e-19)
(0.622979 -0.304608 -3.30364e-19)
(1.0399 0.270882 0)
(0.395911 -0.0379488 1.4229e-19)
(1.37731 0.0785188 0)
(0.904706 -0.0733762 2.92134e-19)
(0.218917 0.0554363 -1.47872e-19)
(0.40595 0.384187 -8.08712e-20)
(0.740248 0.236716 1.67308e-19)
(-0.302904 0.486217 2.35778e-19)
(1.50531 0.376071 2.76921e-20)
(0.21863 -0.221937 1.6755e-19)
(-0.00277898 -0.00229541 2.7341e-19)
(1.50207 -0.476542 -6.07473e-20)
(-0.00571002 0.0136182 1.10922e-19)
(-0.0238693 -0.0275647 0)
(-0.103972 -0.0946253 -8.65225e-20)
(0.0189659 -0.019295 1.05241e-19)
(1.03033 -0.202569 0)
(0.396645 -0.363775 1.01033e-19)
(0.258633 0.253653 1.33938e-19)
(0.252152 0.252473 -2.95429e-19)
(1.29665 -0.0295833 0)
(0.362875 -0.362598 -1.78222e-19)
(1.69906 0.487487 0)
(1.31884 -0.0135927 1.62871e-20)
(-0.00275943 -0.00270294 1.34974e-19)
(0.901308 -0.046242 0)
(0.594256 0.560115 -1.64768e-19)
(1.019 -0.014315 -2.18395e-19)
(1.09306 -0.0172507 -1.07053e-19)
(0.447375 -0.0593293 5.54971e-21)
(0.484444 0.0552381 -1.46776e-20)
(1.04686 0.0173989 -2.88832e-19)
(2.47892 0.0393529 -8.72053e-20)
(-0.152215 -0.0590546 1.86214e-19)
(0.0175971 -0.0149805 -2.10734e-19)
(-0.0804982 -7.93645e-05 -1.99855e-19)
(1.33621 -0.373062 6.21871e-20)
(0.0212126 -0.0206727 3.17457e-22)
(1.10699 -0.00166782 -1.24898e-19)
(0.427586 -0.414185 6.27759e-20)
(-0.029855 -0.0462726 3.3642e-19)
(0.241793 -0.231643 0)
(-0.202785 0.340683 1.05661e-21)
(1.5899 0.988531 0)
(0.867204 0.019948 -1.17823e-19)
(-0.384859 0.0775373 -2.22783e-19)
(-0.524292 -0.0980082 -2.01863e-19)
(0.755167 -0.179485 0)
(0.431086 0.405976 -2.13117e-19)
(0.00862901 -0.00361644 1.10196e-19)
(0.541068 0.656818 -2.79562e-19)
(0.544536 0.529543 -1.04033e-19)
(1.04115 -0.0289036 0)
(1.33366 -0.386769 5.36625e-20)
(1.77149 -0.393511 4.89618e-21)
(-0.180106 -0.0763439 0)
(-0.00608191 -0.00384637 -1.17416e-19)
(1.02517 -0.664036 3.66494e-20)
(0.322728 0.646865 3.95424e-19)
(1.85165 -0.442952 9.82971e-21)
(0.47637 -0.437414 -1.25743e-19)
(-0.776178 0.0731698 1.46112e-19)
(0.020702 -0.0218229 -1.19136e-19)
(0.515629 0.41991 -3.09631e-19)
(0.566802 0.519218 -9.99829e-20)
(0.52128 0.483853 6.00216e-21)
(0.023163 -0.0211262 5.59768e-20)
(-0.0724179 -0.0797058 -1.63966e-19)
(1.01394 0.0180997 1.43718e-19)
(0.273058 -0.263056 0)
(0.45771 0.430648 0)
(0.507207 -0.47552 1.03885e-19)
(0.0229217 -0.0237679 -2.07986e-19)
(-0.342704 -0.335534 -6.06602e-20)
(1.88748 -0.339878 2.51287e-20)
(0.490621 0.455712 0)
(0.484843 -0.482135 0)
(0.0151232 -0.0221853 0)
(1.12126 0.049961 7.18286e-20)
(0.629621 0.564767 0)
(-0.00953443 -0.0140599 2.06298e-19)
(0.194123 0.181583 -5.76331e-19)
(-0.0410971 0.0118847 5.82069e-20)
(1.27664 -0.106853 2.78554e-19)
(-0.0571415 -0.0671929 -1.71645e-19)
(1.14328 0.467698 -1.73998e-19)
(0.149919 -0.131166 -2.36081e-19)
(-0.0989423 0.0437757 3.43606e-19)
(-0.246654 0.306423 -3.35983e-19)
(-0.0808119 -0.0511585 -2.51886e-19)
(0.696853 -0.658949 0)
(-0.159874 0.0987691 -2.0247e-19)
(0.71357 0.622175 0)
(-0.33647 0.379342 1.04186e-19)
(0.667776 -0.0899478 -3.12579e-20)
(0.718596 0.377061 -3.26305e-20)
(-0.206517 0.141146 1.05159e-19)
(0.857032 -0.710347 0)
(-0.118349 -0.0710604 2.37973e-19)
(0.829415 0.698004 -2.8229e-20)
(0.360174 0.331093 -2.26525e-19)
(0.376279 -0.301282 4.36882e-19)
(0.520967 0.450687 1.50083e-19)
(1.0067 0.00146784 0)
(0.462755 0.430807 0)
(1.69449 0.477007 0)
(1.01966 -0.00122942 0)
(-0.113992 0.157751 -9.98175e-20)
(0.757397 -0.615485 3.55444e-19)
(-0.0547753 -0.0380442 -2.58087e-22)
(1.12401 -0.248363 2.66558e-19)
(0.42184 -0.394406 2.20482e-19)
(2.42154 -0.160696 0)
(1.42095 -0.380246 0)
(0.26284 0.442575 -5.90931e-19)
(0.441022 -0.174154 0)
(1.78665 0.318096 -6.48089e-21)
(0.554893 -0.210476 -1.98543e-20)
(0.694652 0.643663 2.03174e-19)
(1.17202 0.250718 8.75677e-20)
(0.000399054 0.00351748 0)
(-0.0612651 0.0926286 1.00583e-19)
(-0.0299408 -0.0172185 0)
(0.494981 0.539142 5.00338e-19)
(0.625802 -0.0403456 9.88817e-22)
(0.71508 0.333408 0)
(1.02839 0.00668982 1.36253e-19)
(1.35411 -0.26676 1.06261e-19)
(1.01977 -0.0117339 -4.57892e-22)
(0.306667 -0.287388 1.32455e-19)
(0.30185 0.297429 0)
(-0.0689683 -0.0508241 0)
(-0.150651 -0.662601 7.51875e-20)
(1.47942 0.195062 1.03837e-19)
(1.28367 -0.00875876 3.70726e-21)
(0.134345 0.125699 0)
(1.02829 -0.012551 4.60724e-19)
(1.43686 -1.01504 3.07919e-20)
(-0.163485 0.397831 3.61261e-19)
(-0.0745371 -0.0772008 -3.00986e-19)
(0.537298 -0.364613 1.89554e-19)
(-0.0354511 -0.0280124 2.09391e-19)
(2.17503 -0.303605 0)
(0.367714 -0.338138 -2.80292e-19)
(1.06316 -0.0249511 -5.3175e-20)
(1.00794 -0.00368446 -1.96608e-19)
(0.657569 -0.132133 1.50427e-20)
(0.752651 0.106369 -1.87333e-21)
(1.0257 0.0261084 -1.55949e-19)
(2.07934 0.497747 0)
(-0.0190976 -0.0126423 -1.89988e-19)
(0.536941 0.117476 -9.99527e-19)
(-0.387371 -0.420305 8.28584e-20)
(0.330777 0.311666 -1.20752e-19)
(0.00715936 0.0067367 0)
(0.0223134 -0.0136284 0)
(1.72603 -0.826417 -1.18545e-19)
(1.00254 0.0816869 1.48562e-20)
(0.149665 -0.454825 3.27057e-19)
(-0.141462 -0.205023 -2.28444e-19)
(1.02046 0.01647 -5.64499e-22)
(0.739396 -0.699196 -5.19299e-20)
(1.14531 -0.0646856 1.31275e-20)
(1.01949 -0.00645697 -7.36899e-20)
(-0.00976036 -0.00597737 0)
(0.941747 0.636825 3.43727e-19)
(0.769172 -0.231866 0)
(0.383892 -0.35542 0)
(-0.0183389 -0.0117843 2.24351e-19)
(1.0281 -0.0226125 2.4949e-19)
(0.510036 -0.479205 0)
(0.778893 0.712067 4.6996e-21)
(-0.665307 0.124708 -1.79248e-19)
(0.0227749 -0.0179157 9.79897e-20)
(0.313849 0.100387 2.01777e-19)
(1.46136 -0.228771 -2.40338e-20)
(1.72065 0.281797 -4.02455e-19)
(1.6813 -0.293697 -2.57552e-21)
(0.947013 0.560119 1.16245e-19)
(1.02801 0.215676 1.69641e-19)
(-0.385795 -0.338363 -6.23576e-20)
(-0.813168 -0.122833 2.77e-19)
(1.02312 -0.0806804 0)
(0.445331 0.322805 1.36708e-19)
(1.2814 -0.473091 1.26654e-19)
(-0.355314 0.473756 0)
(1.32516 0.0618834 4.90001e-21)
(1.02344 -0.00460094 3.24431e-20)
(-0.613281 0.709807 0)
(1.02321 0.105467 -1.36246e-20)
(0.646431 -0.238203 0)
(0.560975 -0.538271 -4.05741e-20)
(1.00647 0.190521 1.82548e-19)
(0.811829 0.433499 2.36182e-19)
(0.757382 0.388525 3.40635e-20)
(1.01702 -0.00874219 0)
(-0.971013 0.0174201 -1.99488e-19)
(1.58415 -1.01356 1.02806e-19)
(0.993271 0.776319 4.11252e-20)
(-0.142083 -0.122889 1.88898e-19)
(1.82079 -0.283773 1.50325e-19)
(0.0308748 -0.0351537 8.84298e-20)
(0.812938 0.254179 0)
(0.831255 0.476242 0)
(-0.289852 -0.347632 2.16589e-19)
(1.04722 -0.173913 0)
(-0.367902 0.284058 -7.64799e-21)
(0.592723 -0.629354 5.27138e-20)
(-0.023208 -0.0311304 7.60536e-22)
(1.7916 0.606539 5.30355e-20)
(1.40558 -0.389895 -4.88686e-21)
(0.572376 -0.290367 0)
(1.0271 -0.00471069 -3.77314e-19)
(0.749731 0.675279 1.53359e-19)
(0.511566 0.674666 -8.02288e-19)
(1.09818 -0.853503 8.17571e-20)
(0.578048 0.0358854 2.93056e-21)
(0.379346 -0.384114 -2.74533e-19)
(1.126 -0.856882 -8.394e-20)
(0.581982 -0.176474 1.67748e-19)
(-0.40271 0.530218 0)
(0.537214 0.158234 0)
(0.966692 -0.0776927 -2.75195e-19)
(1.06314 0.608424 0)
(0.851006 -0.34711 2.69206e-19)
(-0.672193 -0.117025 0)
(1.9902 0.394403 1.09231e-19)
(-0.00867945 -0.135537 -1.38404e-19)
(1.79342 0.761159 0)
(-0.335522 -0.407639 0)
(2.17787 0.0930924 1.37291e-19)
(-1.00648 0.462793 0)
(-0.0439951 -0.333056 -4.35799e-19)
(0.919483 0.599053 -1.14562e-19)
(2.12207 -0.37421 -2.41301e-20)
(0.215441 -0.207827 1.51306e-19)
(-0.20001 0.148687 1.19248e-19)
(1.93344 -0.462398 0)
(0.117119 -0.133606 -2.37551e-19)
(0.0126258 -0.0407925 0)
(1.09802 -0.181553 -1.12985e-19)
(-0.0467639 -0.159038 -3.49941e-19)
(-0.67584 -0.0606675 2.9442e-19)
(0.789675 -0.190668 7.80632e-20)
(1.98252 -0.263526 6.74061e-20)
(0.421999 0.404405 0)
(0.703372 -0.312119 -8.52498e-20)
(-0.490582 0.128459 7.44828e-19)
(2.08201 0.469021 0)
(1.03006 0.572877 0)
(-0.116888 -0.0693284 -1.98394e-19)
(1.46502 -0.309702 -1.74113e-19)
(0.873135 -0.252274 -9.3221e-20)
(1.46793 0.36215 6.54921e-19)
(1.78365 -0.163835 -1.96064e-19)
(0.981805 0.498256 -2.2619e-19)
(1.05985 0.647845 -1.69131e-19)
(1.98981 -0.454583 8.03927e-20)
(-0.29812 -0.337342 -1.41776e-19)
(1.02669 -0.00359775 2.67682e-19)
(1.62085 0.169554 9.62993e-21)
(1.22816 0.37596 -3.16907e-19)
(1.01095 0.0497611 7.45757e-21)
(-0.462501 0.24395 1.57646e-19)
(-1.32486 0.170681 0)
(-0.660955 0.710689 0)
(0.632803 0.210277 0)
(1.87224 -0.287503 1.19223e-19)
(-0.417087 -0.465292 -2.43632e-19)
(0.475515 0.369118 0)
(-0.0140039 -0.0215185 1.29189e-19)
(1.6381 -0.387705 -3.15028e-20)
(-0.0952829 -0.0627753 -2.02934e-19)
(1.00479 0.671721 2.07292e-19)
(0.926177 0.324998 1.0311e-19)
(-0.582507 0.11067 1.01654e-19)
(0.87851 0.781476 -1.82861e-19)
(1.24388 -0.281777 6.18443e-20)
(0.964556 3.48148e-06 -2.5104e-19)
(1.09219 -0.0536368 -9.01928e-20)
(0.771591 0.271566 0)
(0.129038 -0.0607695 0)
(1.20201 -0.167427 5.0246e-20)
(1.41213 -0.301367 -1.18727e-19)
(-0.938266 0.514867 -1.16034e-20)
(1.05106 0.246427 1.93112e-19)
(1.26933 1.0175 0)
(0.600138 0.241402 -1.13389e-19)
(0.132107 -0.280037 -6.19007e-20)
(0.754834 -0.314487 3.56092e-19)
(0.778412 -0.288181 -1.18318e-19)
(1.42649 0.271104 2.97975e-19)
(-0.552577 0.173174 1.1547e-19)
(-0.764022 -0.0205339 -1.26055e-19)
(0.486134 0.472581 4.14574e-19)
(-0.528933 0.322511 -3.80281e-19)
(1.56201 0.0711023 -1.75458e-20)
(1.06454 -0.241728 3.20777e-19)
(0.00609721 0.0322902 -3.48002e-19)
(0.555279 0.375635 -3.09636e-19)
(0.875945 0.479394 0)
(-0.0342332 0.0555179 -1.18257e-19)
(-0.290542 0.347107 -2.70513e-19)
(-0.178196 0.390326 -2.07958e-19)
(-0.00093276 0.016783 -1.21093e-19)
(1.08035 0.0345132 -7.58237e-20)
(-0.311191 0.552507 -1.33276e-19)
(0.89383 0.515277 1.05471e-19)
(1.39632 0.827136 2.40031e-20)
(0.708879 0.655393 0)
(0.982017 0.632787 0)
(-0.118558 -0.0167731 -1.60518e-19)
(-0.620825 0.262866 0)
(0.935472 0.522826 -1.04607e-19)
(0.0128392 -0.0182345 0)
(1.31702 0.0242754 1.86743e-20)
(0.673408 -0.0275145 5.87256e-19)
(-0.0351348 -0.0581354 1.84087e-22)
(-0.0275137 0.0893759 0)
(0.542242 0.513086 0)
(-0.809707 0.611379 2.42878e-19)
(-0.282825 0.342844 1.07699e-19)
(1.8942 -0.33457 -3.24783e-20)
(-0.449634 -0.286552 2.3949e-19)
(0.556238 -0.0787498 -4.9486e-19)
(2.19329 -0.47508 4.47652e-20)
(1.73227 -0.219201 -2.38641e-20)
(-0.0650286 0.101272 -1.05017e-19)
(0.367808 -0.356375 -3.30571e-19)
(-0.0936846 0.132961 1.81939e-19)
(-0.358196 0.427199 0)
(0.762096 0.696145 2.03011e-20)
(1.08197 -0.159322 -3.80878e-19)
(-0.103504 -0.064243 8.16741e-23)
(0.571672 -0.162231 0)
(0.617804 0.580641 -2.37092e-20)
(0.471651 -0.458301 2.43279e-19)
(-0.299403 0.387644 1.1321e-22)
(0.383113 0.368039 -3.35482e-19)
(1.62265 0.582204 0)
(2.19036 -0.325115 4.37679e-19)
(-0.259489 0.332926 0)
(-0.355837 0.505849 -1.47356e-19)
(-0.127875 0.191159 8.24601e-20)
(0.401494 0.376228 2.63045e-19)
(0.792302 0.725572 -2.15804e-19)
(-0.20186 -0.346447 2.72055e-19)
(-0.0935944 0.14727 -1.86516e-19)
(-0.316936 -0.350679 -2.50539e-19)
(0.822862 0.309196 0)
(-0.326534 0.345187 -1.20077e-19)
(0.452205 -0.413557 2.68793e-19)
(-0.0701212 -0.0476463 -2.4266e-19)
(1.25488 0.231014 -1.51818e-19)
(0.0187017 -0.0090918 6.02317e-20)
(0.775223 0.715386 0)
(0.698437 0.653135 0)
(0.845653 0.7615 -1.76412e-19)
(0.880939 0.79154 5.55943e-20)
(1.43133 -0.829046 -3.80345e-20)
(-0.37288 0.406902 -2.12679e-21)
(0.899673 0.43989 0)
(-0.200082 0.246061 -6.33626e-20)
(1.46273 0.970581 -2.85507e-19)
(1.19038 -0.251081 1.85666e-19)
(1.52597 -0.480599 0)
(0.416656 -0.384512 4.02689e-21)
(1.95457 -0.351263 -2.14474e-19)
(-0.395251 0.492496 -1.88918e-19)
(-0.282352 0.505113 0)
(0.00774709 0.00786058 -2.66752e-19)
(0.855596 0.765463 6.51101e-20)
(0.771752 0.428458 1.34169e-19)
(0.0195541 -0.00452383 -3.30746e-19)
(0.547751 -0.532688 0)
(1.59768 -0.450358 0)
(-0.0211995 0.0410942 1.01596e-19)
(0.328437 -0.301051 -4.94276e-19)
(-0.347697 -0.39581 -1.63273e-19)
(-1.28936 0.163032 -5.64102e-19)
(0.534466 -0.13556 2.75922e-19)
(-0.000217893 0.0275846 1.09903e-19)
(0.922093 0.813418 0)
(-0.390553 0.347864 1.92882e-19)
(0.0137824 -0.0328908 -1.07637e-19)
(0.0215154 -0.0184206 5.00791e-20)
(0.394632 -0.345291 1.6129e-19)
(-0.00292286 -0.0830057 -1.99554e-19)
(0.661849 -0.1872 2.65798e-19)
(0.0273983 -0.0238626 -5.54198e-20)
(-0.590258 0.325423 -2.52261e-19)
(0.762122 0.306302 0)
(1.92798 -0.197541 4.74005e-20)
(-0.449259 0.434445 1.77024e-19)
(0.969019 0.814039 2.30636e-19)
(-0.433393 -0.331297 3.45207e-19)
(0.974465 0.859168 2.19927e-21)
(2.04084 -0.355186 -6.36015e-21)
(0.00190016 0.0318949 1.63706e-19)
(1.1888 -0.287056 -3.94458e-21)
(-0.0694232 -0.546106 2.4209e-19)
(-0.00351455 0.0480365 1.622e-19)
(0.0231698 -0.038568 1.91256e-19)
(-0.00723521 -0.0410475 -1.89981e-19)
(-0.113945 -0.0694215 2.59413e-19)
(1.15746 -0.286367 7.50883e-20)
(1.07877 0.931403 6.98744e-21)
(2.04676 -0.27388 2.4848e-20)
(-0.0386641 0.0749235 2.23637e-19)
(0.623889 -0.150481 0)
(1.26414 -0.45288 0)
(-0.32403 0.404575 0)
(1.0684 0.801332 2.29588e-19)
(1.7066 -0.798356 4.72098e-20)
(0.00746136 0.082624 -1.18821e-19)
(-0.0710011 -0.0756644 1.7855e-19)
(-0.0197319 0.0467416 0)
(1.70972 -0.211303 -7.37911e-20)
(0.439705 0.41376 -4.76394e-19)
(-0.232915 0.402699 -1.55904e-19)
(-0.138712 -0.0852218 -2.36974e-19)
(-0.55713 0.683734 2.83664e-19)
(2.03291 -0.318926 0)
(1.33582 1.01085 -5.41534e-21)
(-0.128033 -0.0746403 -1.16182e-19)
(0.476259 -0.120598 0)
(0.602887 -0.0720841 -2.83852e-19)
(1.05916 0.868153 0)
(-0.68629 0.257976 2.25225e-19)
(-0.119889 -0.0694943 2.2675e-19)
(0.9368 0.816257 -8.44112e-20)
(-0.117472 -0.0703498 1.11026e-19)
(0.45484 -0.0776514 -1.73748e-19)
(1.00397 0.866062 0)
(0.486634 -0.460223 -6.07813e-20)
(0.872863 0.743944 1.24164e-19)
(0.501872 -0.438588 -2.45175e-19)
(1.06944 0.918834 0)
(0.272266 0.0774487 -5.16957e-20)
(-0.726805 0.191979 1.99867e-19)
(1.14608 0.950789 -2.62372e-21)
(-0.325981 0.453386 -2.55329e-19)
(1.33213 1.00218 -4.15262e-21)
(1.70403 -0.6612 -3.69287e-20)
(0.0133673 0.00547994 2.11761e-19)
(0.641565 -0.106391 -1.17404e-19)
(1.78747 -0.143087 0)
(1.16324 0.954683 3.42895e-20)
(2.02665 -0.167294 0)
(0.83685 -0.252898 3.55515e-19)
(-0.747757 0.332421 -4.00379e-19)
)
;

boundaryField
{
    frontback
    {
        type            empty;
    }
    Top
    {
        type            noSlip;
    }
    outlet
    {
        type            zeroGradient;
    }
    bottom
    {
        type            noSlip;
    }
    Inlet
    {
        type            fixedValue;
        value           uniform (1 0 0);
    }
    rectangle
    {
        type            noSlip;
    }
}


// ************************************************************************* //
