/*--------------------------------*- C++ -*----------------------------------*\
| =========                 |                                                 |
| \\      /  F ield         | OpenFOAM: The Open Source CFD Toolbox           |
|  \\    /   O peration     | Version:  2306                                  |
|   \\  /    A nd           | Website:  www.openfoam.com                      |
|    \\/     M anipulation  |                                                 |
\*---------------------------------------------------------------------------*/
FoamFile
{
    version     2.0;
    format      ascii;
    arch        "LSB;label=32;scalar=64";
    class       volVectorField;
    location    "7.3";
    object      U;
}
// * * * * * * * * * * * * * * * * * * * * * * * * * * * * * * * * * * * * * //

dimensions      [0 1 -1 0 0 0 0];

internalField   nonuniform List<vector> 
2186
(
(1.2753 -0.0895094 1.73188e-19)
(1.62099 -0.944953 -1.02543e-19)
(1.46362 -0.917191 1.24978e-22)
(0.726972 -0.57203 -1.20956e-19)
(-0.566986 0.605291 -2.53776e-19)
(1.04191 0.00728541 0)
(0.722987 -0.663836 0)
(-0.326067 -0.537487 1.36742e-19)
(1.56202 -0.234185 1.99008e-19)
(0.542668 -0.31399 -2.24171e-21)
(0.687127 0.617663 0)
(0.883599 -0.262695 -1.47094e-19)
(-0.401783 -0.628941 -5.60779e-20)
(1.10159 0.0208079 -3.01998e-19)
(1.80937 -0.688558 -1.08065e-19)
(1.0102 -0.00882999 1.41491e-19)
(0.996887 0.0131164 0)
(-0.974264 0.290987 0)
(1.039 -0.00230312 0)
(-0.0543057 0.274356 -8.85192e-20)
(0.481651 0.092421 -9.67907e-20)
(-0.250508 0.117593 1.17786e-19)
(1.11016 0.0450137 2.48934e-19)
(-0.26236 -0.0090543 4.30382e-21)
(1.03398 0.017892 -1.95151e-19)
(0.778513 -0.5477 0)
(0.750151 -0.0224126 1.20503e-19)
(0.604819 -0.580524 -1.37856e-19)
(1.20674 0.715635 0)
(0.981444 0.0265772 -2.6731e-19)
(-0.0091683 -0.00349212 0)
(1.04643 -0.00895292 9.24371e-21)
(0.0374602 0.431951 0)
(1.73761 0.422766 8.63761e-20)
(-0.132138 -0.203449 6.85806e-21)
(1.54747 0.770239 7.53379e-21)
(1.35797 0.140251 5.03617e-20)
(0.509207 0.140102 -2.87509e-19)
(2.04203 0.149244 -4.3301e-19)
(1.0382 0.00792172 -1.10787e-21)
(-0.481573 -0.678912 0)
(-0.233707 0.109608 0)
(1.88753 -0.8882 9.59626e-20)
(-0.434966 0.218725 0)
(1.09752 0.273099 1.19346e-19)
(0.585552 -0.294651 2.37718e-19)
(0.928301 -0.789175 0)
(1.18859 -0.7735 8.19147e-20)
(1.58379 -0.659524 0)
(-0.51782 0.754585 2.88151e-19)
(0.0222022 0.0808796 1.30947e-19)
(0.63993 0.590561 6.02647e-20)
(2.06685 -0.763282 1.1821e-19)
(0.596812 0.271957 -2.29566e-19)
(-0.256744 0.333339 4.35674e-20)
(0.752531 -0.634305 0)
(1.6753 -0.976397 1.85597e-20)
(0.570914 -0.529117 0)
(2.3289 0.144923 1.39219e-19)
(1.14923 -0.195668 -2.80779e-19)
(1.04808 -0.0674364 4.36593e-20)
(1.34149 0.294748 -1.25597e-19)
(1.33657 0.541298 0)
(1.07443 0.00917738 1.2138e-21)
(1.3605 0.373397 -6.90769e-20)
(1.25564 -0.714872 -1.0856e-19)
(1.16711 0.664265 3.7167e-20)
(0.672763 0.0760089 -4.6487e-19)
(0.808833 0.0645719 0)
(2.29659 -0.140671 -7.02214e-20)
(-0.317393 -0.617401 -1.58123e-19)
(1.38706 -0.373362 -3.43554e-20)
(0.713686 -0.0293067 -2.05018e-19)
(0.864724 -0.511983 0)
(0.830567 0.183767 -7.46855e-20)
(0.535071 -0.496742 -2.4695e-19)
(1.59652 -0.376067 0)
(1.01229 0.00561674 2.93102e-19)
(-0.106073 -0.305471 0)
(2.04605 0.382022 0)
(1.2254 0.0852365 1.88815e-19)
(1.00227 0.000597068 1.24696e-21)
(1.06599 0.0190418 3.24001e-20)
(1.32479 0.415002 1.8404e-20)
(0.956795 0.0287786 3.4187e-19)
(1.05002 0.0352868 -8.07555e-21)
(0.667917 0.176349 -2.76688e-19)
(1.04442 0.00457229 2.35943e-22)
(0.716326 -0.00907532 0)
(-0.037452 0.00353894 1.05259e-19)
(0.851609 -0.606706 -1.3284e-19)
(-0.102075 0.606589 -3.04023e-21)
(1.09914 -0.0727613 1.99567e-19)
(0.803222 -0.167818 0)
(1.00387 0.0138182 3.26745e-20)
(1.37547 0.643773 0)
(1.63103 -0.956046 0)
(1.30001 0.211479 0)
(-0.569939 0.682957 0)
(0.779613 -0.648818 2.37716e-19)
(0.839114 -0.586565 -3.89216e-19)
(1.08764 -0.353161 3.21598e-19)
(1.47232 0.16343 0)
(1.09108 -0.100233 -1.82451e-19)
(1.08484 0.016528 1.45032e-19)
(-0.0104405 0.676077 1.70244e-19)
(0.640939 0.501665 0)
(2.15976 -0.136439 -1.36706e-19)
(0.960058 -0.474091 6.61722e-20)
(0.128427 0.251953 -4.24012e-21)
(1.80608 0.257784 1.46554e-19)
(-0.318275 0.797918 -3.9503e-19)
(0.820457 -0.742155 0)
(0.567373 0.344744 1.38879e-19)
(1.73239 -0.270593 -5.66013e-19)
(-0.522978 -0.393814 -5.49824e-19)
(1.03644 -0.0158499 -5.44734e-21)
(1.41202 -0.582524 0)
(-0.066775 0.00953132 -3.16191e-19)
(0.698269 -0.0633602 6.50663e-20)
(1.57399 0.882191 0)
(-0.399631 0.741747 -4.71966e-19)
(0.896514 0.770536 -2.06188e-19)
(-1.05944 0.186912 5.70322e-19)
(1.0319 -0.0158703 0)
(1.05838 -0.0100548 6.86313e-21)
(-0.48152 0.737476 0)
(0.685727 -0.492997 -8.83128e-20)
(-1.07717 0.258374 -3.21253e-19)
(0.79115 -0.716647 0)
(0.429385 -0.280483 3.48094e-19)
(0.529941 -0.452524 2.32361e-19)
(0.416901 -0.377203 0)
(0.983856 -0.772289 -9.63376e-20)
(1.11802 -0.169832 0)
(-0.180087 0.87705 -2.26104e-19)
(0.801131 -0.680934 1.12781e-19)
(2.29602 -0.207293 3.15898e-19)
(2.1103 0.0886206 0)
(-0.0399517 -0.161099 0)
(0.694564 0.646295 -2.48439e-19)
(1.77614 -0.625878 1.95465e-20)
(-0.188584 -0.27575 0)
(0.983015 -0.793521 -1.06304e-20)
(1.1227 -0.1064 0)
(1.06669 -0.141786 3.16412e-19)
(2.08001 -0.118 -1.30868e-19)
(-0.595361 0.575187 0)
(1.22558 -0.535641 -4.12259e-20)
(-0.187856 0.477155 -5.44093e-20)
(-0.312247 0.699604 0)
(1.0964 -0.799469 1.20174e-20)
(0.996396 0.00606564 -4.89694e-19)
(0.638569 -0.478551 -8.71319e-21)
(0.805687 -0.512961 0)
(1.20351 -0.711233 -6.92573e-20)
(0.659103 0.237179 2.15076e-19)
(1.23395 0.0933191 0)
(1.54373 0.0699473 -9.60666e-20)
(1.20305 -0.845533 -1.34945e-19)
(-0.0246305 -0.1333 -1.20619e-19)
(-0.230642 -0.672729 -3.16666e-19)
(1.06397 0.0164308 1.81961e-19)
(0.908256 -0.464809 -8.32147e-20)
(1.02902 -0.00251342 -2.18435e-22)
(1.04827 -0.00518846 -1.57959e-21)
(0.743362 -0.118343 1.32346e-19)
(-0.164364 0.0149499 -2.76474e-19)
(1.05724 0.042121 0)
(1.08798 0.0175357 6.91784e-21)
(1.44023 0.650452 7.07743e-20)
(0.798311 -0.601943 -1.73377e-19)
(0.998493 0.0112589 1.00357e-20)
(0.708085 -0.52532 2.42793e-19)
(1.30553 0.802001 7.04288e-20)
(1.83315 -0.0590672 2.47738e-20)
(-0.641602 0.427454 0)
(1.05486 0.0579891 -1.88277e-19)
(-1.14665 0.0368089 -3.94409e-19)
(1.07359 0.491293 6.01652e-20)
(0.128943 -0.0441689 1.66976e-19)
(1.10093 0.0200469 -3.49061e-20)
(-0.118188 0.326854 -2.14241e-19)
(1.30586 0.584099 -4.64924e-20)
(1.14486 0.895113 0)
(-0.681079 0.401319 -1.29451e-19)
(-0.224615 -0.123204 0)
(0.658864 0.561282 -2.21711e-19)
(2.01358 0.101428 -2.78521e-20)
(-0.517214 -0.604277 1.92205e-19)
(-0.985233 0.0305351 -8.46303e-19)
(0.717576 0.0793532 2.04025e-19)
(2.08616 -0.600144 -4.08194e-20)
(0.974327 -0.349187 -2.44832e-20)
(0.0338098 0.0078178 0)
(0.353496 0.309937 -5.43874e-20)
(1.34015 0.977731 2.56551e-20)
(0.837315 0.0798686 -1.10658e-19)
(0.562694 0.526353 1.53199e-19)
(0.501184 0.190877 0)
(-0.144768 -0.871497 -2.90721e-19)
(0.644145 0.047543 -5.19143e-20)
(1.30583 -0.961374 1.59077e-22)
(0.977722 -0.0348158 -1.52137e-19)
(-0.199664 -0.125687 7.40199e-21)
(-0.263646 0.337699 2.05452e-19)
(-0.394106 -0.108469 -2.08624e-19)
(1.34285 -0.555401 0)
(1.08364 0.0495411 -2.5177e-19)
(1.88516 -0.416012 1.25358e-19)
(1.28162 -0.600138 7.05823e-20)
(0.942846 0.0228005 -3.68117e-22)
(0.595422 0.32622 0)
(0.950882 0.756988 -1.20044e-20)
(0.693275 0.637859 1.39694e-19)
(0.888813 -0.554095 1.19935e-19)
(0.689717 0.496711 0)
(1.0299 0.017078 6.52842e-21)
(0.874318 -0.647516 1.70991e-19)
(0.843578 0.419205 -3.64078e-19)
(1.2155 -0.115173 0)
(-0.223862 -0.218349 -3.6617e-19)
(-0.00917215 0.62345 -1.32726e-19)
(1.59101 0.719907 0)
(1.35941 -0.940209 -1.36149e-22)
(-1.04782 0.452076 0)
(-0.54164 0.722238 1.60655e-19)
(0.743142 0.65533 -7.64631e-20)
(0.843037 -0.204025 0)
(-0.150531 -0.226044 0)
(1.63487 -0.445769 0)
(0.0367056 -0.483893 2.38099e-21)
(1.21986 -0.881688 8.88742e-20)
(1.18243 -0.583834 4.57859e-20)
(1.02092 -0.19834 -1.28523e-19)
(0.870211 -0.675203 -1.34662e-19)
(0.180432 -0.183926 0)
(-1.05981 -0.0713246 0)
(0.99992 -0.503207 1.38365e-19)
(-0.113908 -0.268172 0)
(-0.494972 0.704405 0)
(-0.511483 -0.37854 4.69043e-19)
(0.799336 0.673107 6.63445e-20)
(1.01867 0.801546 0)
(0.701429 0.549902 -6.78714e-20)
(0.816428 -0.0366302 -1.83498e-19)
(0.751268 0.558774 -1.80522e-19)
(0.597863 0.553731 -1.319e-19)
(-0.267451 -0.623367 4.07142e-21)
(0.714899 -0.635784 0)
(0.90694 0.180075 -2.58832e-19)
(-0.398364 -0.716714 7.35296e-20)
(0.611818 0.566294 2.9163e-19)
(0.965011 0.805709 0)
(-0.0728907 -0.59623 1.08816e-19)
(-0.0704178 -0.548137 3.59629e-19)
(0.0715283 -0.472239 -1.81762e-19)
(0.668372 0.567682 -1.18134e-20)
(0.995979 -0.0185878 4.68592e-20)
(-0.50225 -0.678421 0)
(2.13081 0.283705 -2.66248e-19)
(1.13766 -0.113963 -5.06496e-21)
(0.642425 -0.590127 -6.09064e-20)
(-0.855598 0.0166123 2.04017e-20)
(1.19426 0.465416 1.28454e-19)
(0.88787 0.408812 0)
(1.07839 -0.177302 1.55187e-19)
(0.165668 -0.642475 -1.54635e-20)
(-0.0172198 0.144653 4.97135e-19)
(0.957689 0.0102103 -4.19681e-20)
(1.13962 0.11963 0)
(1.81292 0.0893304 -2.48335e-19)
(1.85793 -0.027123 0)
(0.545505 0.252825 -3.79417e-19)
(-0.274995 0.398528 0)
(-0.287696 -0.551222 3.09562e-19)
(0.789809 0.119147 0)
(0.607581 -0.507758 -1.49731e-19)
(1.0547 0.003923 1.66891e-19)
(-0.634503 0.554819 6.04175e-20)
(1.6391 -0.0917281 -1.46898e-20)
(2.17348 -0.221445 -1.4109e-19)
(1.10541 0.223104 -1.68387e-19)
(-0.419487 -0.752682 -1.48476e-19)
(1.0786 -0.843206 0)
(0.798003 0.00769697 -1.21532e-19)
(0.918255 -0.380808 -2.35017e-19)
(1.69712 -0.566847 -8.83583e-21)
(1.69503 -0.0385898 2.34946e-19)
(1.06533 0.0041227 3.02627e-19)
(0.123789 -0.699174 -1.98088e-19)
(0.995375 -0.440895 -1.0013e-19)
(0.19005 -0.183092 2.11741e-19)
(1.0109 0.00353564 0)
(1.01974 0.0052102 0)
(1.13068 -0.219414 -1.0461e-20)
(-0.0690265 0.826684 -1.49925e-19)
(0.186231 -0.118135 -1.52181e-19)
(0.977811 -0.160165 1.12478e-20)
(1.31399 -0.88562 0)
(1.99183 -0.562864 -6.69281e-20)
(0.950573 -0.82417 -5.43347e-20)
(1.81272 -0.543852 -8.92729e-20)
(1.10994 0.843864 0)
(0.459589 -0.442685 0)
(0.607686 0.514263 -1.42847e-19)
(1.0939 0.271187 -3.06921e-19)
(2.14626 -0.186906 4.48153e-22)
(0.869977 0.161985 1.11613e-19)
(0.0311425 -0.81368 -6.81807e-19)
(1.02859 0.00625868 1.33155e-21)
(-0.415904 -0.755586 0)
(-0.0478267 -0.177976 0)
(-0.621317 -0.569044 0)
(1.34288 -0.711423 -5.03381e-20)
(-0.333836 0.713381 -3.0688e-19)
(-0.101154 0.287418 0)
(1.29839 0.979844 -6.74984e-21)
(1.10503 0.155965 -3.23239e-19)
(1.10875 0.0353605 -6.52477e-21)
(1.08729 0.929439 3.79919e-20)
(-0.288931 0.842911 2.03735e-19)
(0.953065 0.0357267 0)
(-0.623907 -0.500457 -4.07342e-19)
(-0.398083 0.807119 3.79685e-19)
(0.766821 0.0377905 1.50225e-19)
(1.54366 0.944833 5.80241e-20)
(1.06824 0.00365736 3.87477e-21)
(-0.180203 0.579486 -4.22201e-21)
(0.740952 -0.670733 -2.90822e-20)
(1.26806 -0.0235416 0)
(1.68457 0.0971885 0)
(1.13174 0.0678054 0)
(0.763299 0.159167 4.41082e-20)
(-0.60543 -0.639387 1.52825e-19)
(1.05339 0.852117 0)
(0.990519 0.0052505 4.09592e-19)
(0.773678 0.602335 -1.79994e-19)
(0.454282 0.0538247 2.64365e-20)
(0.851454 0.0254225 -3.34701e-20)
(0.707311 -0.638517 -1.7461e-19)
(1.3856 0.702964 -1.23786e-20)
(0.551491 -0.449245 -2.42127e-19)
(1.08595 0.00166202 -3.65023e-19)
(0.856362 0.0258867 3.5946e-20)
(1.53374 -0.159953 4.0274e-20)
(0.865148 0.028327 -1.55457e-20)
(-0.00789009 -0.0413772 6.10872e-23)
(1.07991 0.472651 -2.01661e-19)
(1.36991 0.621683 1.08741e-19)
(-0.0213144 -0.507777 0)
(0.0334136 -0.82623 2.55617e-19)
(-0.312659 -0.296112 1.54012e-19)
(-0.230629 -0.0714566 -1.45945e-19)
(0.474864 0.31058 0)
(1.1261 -0.125337 0)
(0.0685122 -0.0611582 -1.8079e-19)
(-0.32263 -0.781583 -8.82929e-20)
(1.02893 -0.0305382 1.45391e-19)
(-0.572912 0.465512 -5.96378e-20)
(1.47615 -0.863142 -1.90026e-19)
(-0.0481551 0.87118 0)
(0.831239 -0.729366 -2.34586e-19)
(0.892913 0.0223297 2.12225e-20)
(-0.67157 -0.310279 2.76705e-19)
(0.719409 0.162571 2.69296e-19)
(0.621898 0.139871 8.78477e-20)
(0.488237 -0.461702 1.65894e-19)
(-0.212227 -0.350631 -1.65486e-19)
(1.05482 -0.012118 0)
(0.390641 0.339264 -1.60639e-19)
(1.03911 -0.0207844 -2.30875e-19)
(-1.07518 0.0216353 3.30652e-19)
(1.4334 0.473676 -6.05532e-20)
(-0.145155 -0.353044 -6.10602e-20)
(0.694343 -0.633379 -2.02172e-20)
(0.823134 0.189478 -1.66207e-19)
(0.980434 0.423392 1.75554e-20)
(1.12258 -0.165805 2.72917e-20)
(0.596397 -0.230188 -2.49427e-19)
(1.99424 -0.340012 -1.78294e-19)
(0.585303 -0.0287825 0)
(1.05476 -0.0175734 -6.94105e-21)
(1.01374 0.177565 -9.93082e-21)
(1.42378 -0.215189 2.13542e-19)
(1.06101 0.346407 -2.35201e-19)
(1.06321 -0.00520583 -2.42945e-21)
(0.41781 0.384434 -2.06613e-19)
(-0.379744 0.0977823 4.2751e-19)
(2.25811 -0.0366998 0)
(0.955691 0.011392 0)
(0.876513 -0.770495 4.38053e-20)
(-0.0767594 -0.63178 -3.92971e-19)
(-1.27015 -0.149859 -3.45207e-19)
(-0.0309989 -0.0915453 -2.59059e-19)
(-0.776456 0.704428 -2.59071e-19)
(-0.537061 -0.741575 0)
(-0.0207683 -0.11482 4.52253e-20)
(0.306006 0.653146 -1.29225e-19)
(-0.297346 0.386233 -4.70277e-19)
(0.783358 -0.0957192 0)
(1.12879 -0.0405268 8.58487e-23)
(-0.292365 -0.32663 0)
(1.01579 0.0219981 2.95515e-19)
(-0.16428 -0.707753 3.24517e-20)
(0.528341 -0.422697 3.2451e-19)
(-1.16172 -0.138916 6.54395e-19)
(-0.346555 0.131009 0)
(0.324133 0.800211 1.73575e-19)
(1.02319 0.0320763 -8.84054e-21)
(-0.193059 -0.116477 0)
(0.995961 -0.00647891 -4.58376e-20)
(0.853349 -0.710078 -2.2691e-19)
(1.13357 -0.245974 0)
(0.935125 -0.266435 1.67022e-19)
(0.193223 0.687608 3.94312e-19)
(0.0446043 0.0505275 0)
(-0.266783 -0.804606 -8.88878e-21)
(0.713373 -0.618025 -3.43758e-19)
(1.0224 -0.0308543 -2.12897e-19)
(-0.104846 -0.714933 5.00262e-19)
(-0.214095 -0.512744 1.87854e-19)
(-0.521799 -0.825572 0)
(0.957233 0.468786 0)
(-0.424895 -0.61271 3.69523e-19)
(2.2334 0.722781 -1.8049e-19)
(1.08182 0.90463 1.11407e-20)
(1.05673 0.213738 -9.71562e-20)
(1.11301 0.0225541 -1.7814e-19)
(1.12969 -0.0724819 -6.19419e-20)
(-0.0632292 -0.742643 -4.68227e-19)
(1.6036 -0.0917156 3.04467e-19)
(0.789063 0.041719 1.59404e-19)
(1.69407 0.146475 9.07977e-20)
(1.05313 -0.199642 0)
(0.648611 1.0096 6.78881e-20)
(1.09482 0.0224578 -3.99925e-19)
(1.73836 0.611787 -3.38502e-20)
(0.72737 -0.45574 -1.32019e-19)
(-0.0433332 0.0208631 2.36621e-19)
(0.790756 -0.685819 2.99459e-19)
(1.22315 0.185398 5.39339e-20)
(0.993876 -0.00199438 2.03164e-19)
(0.1635 -0.868435 -2.24343e-19)
(1.03215 0.0248753 0)
(1.02746 0.119802 -7.2227e-20)
(0.0375879 0.0486012 0)
(1.02352 0.0333813 -1.19975e-19)
(0.101113 -0.278973 1.76125e-20)
(1.69227 0.293492 -1.23007e-21)
(-0.460161 -0.301478 2.00809e-19)
(1.60358 0.0861905 -3.37011e-20)
(1.01301 -0.00402796 4.16482e-20)
(1.30618 -0.0962185 0)
(1.43486 -0.596193 -8.31399e-20)
(1.018 0.0443489 -1.23611e-19)
(1.44423 0.787921 4.13509e-21)
(1.36099 0.0163779 0)
(1.06916 -0.00930424 3.20087e-22)
(0.0709228 -0.0666355 0)
(1.4466 0.0539812 0)
(-0.585148 -0.673047 0)
(1.22527 0.448538 0)
(1.96146 0.228225 7.05861e-20)
(0.747356 0.615622 3.15063e-19)
(0.282654 -0.283648 -1.96409e-19)
(-0.285554 -0.719838 -4.58699e-19)
(0.0372726 0.0103288 0)
(1.1111 -0.0468282 1.52646e-20)
(1.41177 0.512459 0)
(1.47191 0.278041 0)
(-0.663359 -0.500679 1.80612e-19)
(0.817472 0.722874 9.34911e-20)
(1.71832 -0.014905 0)
(-0.413222 -0.554194 1.07036e-19)
(0.910282 0.227013 1.51904e-19)
(1.07206 -0.00775415 -6.45047e-21)
(1.24846 0.933605 2.30036e-20)
(0.92858 -0.833847 -2.0647e-20)
(0.579886 0.00998567 -6.74954e-21)
(0.804021 0.72732 9.42741e-20)
(1.18677 0.932305 0)
(1.30675 -0.301609 3.81511e-20)
(1.15056 0.668458 0)
(1.0986 -0.00526667 -2.31788e-21)
(1.03928 0.0585392 2.32546e-19)
(1.00687 -0.00430662 0)
(0.64113 0.754228 -2.00392e-20)
(0.880929 -0.159445 3.87987e-20)
(0.617095 -0.409352 0)
(0.655488 -0.383193 1.75062e-19)
(1.23432 0.560878 -2.30038e-20)
(0.479301 0.45017 2.22778e-19)
(-0.345196 0.484123 5.57862e-20)
(0.203586 0.0709601 1.19285e-19)
(0.832246 0.0387965 0)
(1.32857 -0.895477 -3.1911e-20)
(1.04202 -0.0184716 3.21174e-19)
(1.56142 0.288307 1.86232e-19)
(-0.447829 -0.57986 9.30785e-20)
(-1.04651 0.0166063 0)
(1.18161 -0.208301 -8.67431e-20)
(0.0489141 0.0465685 -2.07396e-19)
(0.611725 1.01395 -3.04607e-20)
(-0.147939 0.0381512 -6.01874e-22)
(-0.226283 0.106358 3.96058e-19)
(1.04329 -0.00218221 -6.37025e-22)
(2.2258 0.0441671 3.56605e-19)
(1.19892 0.46321 -2.07146e-19)
(1.05877 -0.0633084 0)
(1.73234 0.049944 2.31415e-19)
(1.73435 0.101219 1.01065e-19)
(0.907088 -0.750785 1.09773e-19)
(1.16579 -0.981025 -1.32945e-20)
(0.484962 0.448761 1.48007e-19)
(1.43385 0.954664 0)
(1.78483 0.554 6.62807e-20)
(0.0479632 0.0366335 -4.23641e-19)
(0.893633 0.781378 0)
(1.05005 -0.00193921 0)
(0.283168 -0.282859 -3.55134e-21)
(0.322514 0.299725 0)
(-1.31961 0.114639 -4.71255e-19)
(-0.439003 0.662458 -1.68008e-19)
(1.75781 -0.38177 0)
(1.29527 0.00357388 6.6212e-20)
(-0.649405 -0.157491 2.9522e-19)
(0.521343 -0.492439 -3.76147e-19)
(1.74484 0.0304556 -3.69374e-20)
(0.599235 -0.540337 0)
(1.066 0.124583 0)
(1.36743 -0.198146 0)
(1.10771 0.229397 -1.78374e-19)
(1.26837 0.101357 2.52094e-19)
(-0.381214 0.143377 0)
(0.893001 -0.059359 0)
(1.35002 -0.110847 1.28443e-20)
(-0.0979509 0.313496 1.38178e-19)
(1.91191 -0.365408 -1.63232e-19)
(1.07381 -0.515129 2.11354e-19)
(1.34994 -0.15387 -1.49021e-19)
(-1.29786 0.00284311 -2.53551e-19)
(1.81249 -0.0446132 -1.97096e-19)
(1.00555 -0.0299427 3.31135e-19)
(1.53891 0.593409 0)
(-0.459571 0.736875 4.45767e-20)
(1.00418 -0.820226 1.30129e-19)
(0.845004 -0.00893016 3.91221e-20)
(0.621082 -0.43132 0)
(1.89141 -0.536131 9.43691e-21)
(1.18786 -0.172118 1.11557e-19)
(1.09792 -0.0112099 0)
(0.604245 -0.557495 3.46844e-19)
(0.852204 -0.0362557 -6.88362e-21)
(1.86606 -0.608453 3.0945e-19)
(-0.162103 0.460366 -2.90081e-19)
(1.33233 0.621701 8.92024e-20)
(1.14634 0.410195 2.72183e-21)
(0.9059 0.372278 1.78132e-19)
(1.95534 0.78202 -1.43741e-19)
(-0.089441 -0.773147 -1.1947e-20)
(1.53545 -0.113848 0)
(-0.167048 -0.0775351 3.88965e-19)
(1.10063 -0.957066 0)
(1.06037 -0.631681 1.67294e-20)
(1.58534 0.651571 -6.78373e-19)
(1.03955 0.00466557 -1.53831e-21)
(-0.972547 -0.48152 -5.91358e-19)
(0.991216 0.480705 1.3413e-19)
(0.767857 0.366105 -4.86683e-20)
(0.761904 -0.0329874 0)
(0.740003 -0.0878084 0)
(0.610813 0.0743367 4.13697e-21)
(0.767589 -0.000534389 0)
(1.30912 -0.189898 -1.14787e-19)
(-1.53359 0.0128021 6.253e-19)
(1.88958 0.468568 6.99782e-20)
(1.05193 -0.0164285 0)
(0.540963 -0.35054 8.60119e-20)
(1.02855 0.0382695 1.57935e-19)
(0.977392 0.355382 2.39987e-20)
(-0.508738 0.457728 0)
(1.11114 -0.461544 3.77381e-19)
(0.900591 -0.0072013 -1.07641e-22)
(1.1046 -0.486493 -1.64447e-19)
(2.24955 0.111378 2.37365e-19)
(1.28446 0.79342 0)
(0.917205 0.0259479 0)
(-0.533193 -0.575074 -2.37167e-19)
(0.0698073 -0.056695 2.03294e-19)
(0.95671 0.366269 -1.62447e-19)
(0.401857 -0.777583 -2.11312e-19)
(0.652951 0.407422 1.97711e-19)
(1.00525 0.00726444 0)
(0.530851 -0.490966 0)
(1.05875 -0.00156052 7.26427e-22)
(1.23878 -0.488613 -7.36599e-20)
(0.578385 -0.0155504 1.35152e-20)
(0.718514 -0.139884 9.76908e-20)
(-0.0314727 0.161785 -3.64906e-19)
(1.70934 -0.416043 3.01333e-19)
(0.671548 0.625241 0)
(1.26862 0.695725 0)
(1.55611 0.229447 0)
(-0.731092 -0.710203 -2.43807e-19)
(1.30209 0.57273 2.77286e-19)
(1.79855 0.17487 3.60507e-20)
(1.0318 -0.0190072 0)
(1.08351 0.0286686 0)
(1.84369 -0.0491518 -2.4482e-19)
(1.04288 0.505879 -2.92433e-20)
(0.991272 0.00643965 -1.5803e-19)
(1.48273 0.475867 0)
(-0.545989 0.638499 0)
(1.23568 0.318788 2.10867e-19)
(1.02121 0.524072 -9.75225e-20)
(1.04112 0.0363113 0)
(1.86503 0.990624 0)
(2.03851 0.6593 -4.13821e-19)
(-0.143426 0.701399 -7.81143e-21)
(1.01479 0.00254281 0)
(0.71566 0.471908 -2.67733e-20)
(0.939562 -0.824088 0)
(1.00541 0.0163472 3.69083e-20)
(1.05721 -0.019971 1.92303e-20)
(0.893413 -0.320178 2.46807e-19)
(1.04736 0.00174742 -1.35768e-20)
(2.13639 -0.00996206 3.83795e-19)
(0.882544 0.00572058 3.34926e-20)
(0.780902 -0.0271352 0)
(1.02558 0.0144676 0)
(-0.774277 -0.385395 0)
(0.676086 0.647785 -1.40492e-19)
(0.0185852 0.0546393 2.46146e-19)
(1.15151 0.345481 -3.39939e-19)
(-0.773197 0.341456 0)
(0.836943 0.643798 1.30882e-19)
(1.00507 -0.33538 0)
(1.00534 0.00299969 9.22469e-20)
(0.786088 0.976954 2.87576e-20)
(1.04079 0.404071 1.93805e-19)
(2.00944 -0.323002 0)
(2.07944 0.057009 -8.58457e-20)
(0.808004 -0.100379 -2.96375e-19)
(-0.980645 0.182888 -5.15744e-19)
(1.21686 0.835313 0)
(0.88534 0.2489 1.40559e-19)
(2.3249 0.0962527 0)
(0.78406 0.520086 2.87863e-19)
(-1.28627 0.0167323 1.93034e-19)
(-0.0228426 0.156398 0)
(0.599725 0.56865 -5.53403e-20)
(1.02399 -0.620459 -1.17034e-19)
(0.47047 -0.247719 -1.02324e-19)
(1.01864 -0.019296 0)
(-0.433968 0.17269 -3.69637e-19)
(0.623097 -0.553655 6.62951e-20)
(0.907207 0.293185 0)
(1.18049 -0.188334 4.25357e-21)
(0.992289 0.847649 1.68296e-20)
(1.05284 -0.00402506 -1.64915e-20)
(0.277022 -0.383162 -2.64297e-19)
(0.228464 -0.0390568 -4.6467e-19)
(-0.0788005 -0.252735 1.1201e-20)
(0.823897 0.356228 1.96714e-19)
(-0.353655 0.739596 -7.63495e-21)
(1.4099 -0.63392 3.40293e-21)
(1.01951 0.00251117 -2.73142e-19)
(-0.811326 -0.688911 0)
(1.03221 0.0462599 -3.21241e-19)
(1.85727 0.631977 1.19516e-19)
(0.894974 0.692748 2.13945e-19)
(1.08224 -0.0831576 1.27679e-19)
(0.983308 -0.0164109 1.27762e-19)
(1.04084 -0.00892253 1.43059e-21)
(-0.391837 -0.451722 1.66913e-22)
(1.74077 -0.876902 1.54257e-20)
(1.15685 -0.106734 -5.96206e-20)
(0.960908 0.0913788 6.77944e-20)
(0.902387 -0.287222 7.29051e-20)
(0.546739 -0.00173415 0)
(0.968935 0.739207 0)
(1.11917 1.16257 -3.4289e-20)
(1.99444 0.208508 -3.76554e-20)
(-1.34782 0.0278075 2.43961e-19)
(1.02558 -0.525229 -4.04474e-19)
(0.601664 -0.522642 3.19793e-19)
(1.65684 0.131342 -2.09478e-19)
(0.414428 -0.727799 2.3254e-20)
(1.04459 -0.00402607 0)
(0.751862 0.119116 -5.52906e-21)
(1.04752 0.00262223 5.86388e-21)
(1.04462 0.766979 0)
(1.06132 -0.0268364 0)
(0.661579 -0.685145 0)
(-0.199914 -0.391344 -7.4759e-20)
(-0.10433 0.113037 0)
(1.18139 0.318094 3.67111e-21)
(1.19531 0.176223 4.79885e-21)
(0.0832467 -0.0644323 -1.31762e-20)
(1.08428 -0.00611153 1.63847e-22)
(1.84963 0.435672 -1.18898e-19)
(2.03067 -0.267384 -4.03632e-20)
(-0.196427 -0.00221326 -2.81302e-19)
(-0.357381 -0.895711 6.62516e-21)
(0.834876 -0.0307373 0)
(0.73221 -0.0262539 0)
(1.017 -0.00282077 1.15083e-22)
(-0.715233 -0.708879 0)
(1.47193 0.117194 -1.08397e-19)
(0.718785 -0.0249637 0)
(1.08702 -0.00692518 1.01933e-19)
(1.00983 0.0286243 -3.59956e-20)
(1.82651 -0.662198 1.73954e-19)
(1.04304 0.000123976 -7.34698e-22)
(0.94635 -0.183557 -4.38335e-20)
(1.03439 -0.0201 2.94109e-19)
(0.656278 -0.592571 1.49119e-19)
(0.383969 -0.214883 4.13119e-20)
(1.03683 -0.0219051 2.8751e-22)
(0.0728345 -0.0431398 0)
(1.1283 0.800244 0)
(1.01904 0.0130945 0)
(0.999807 -0.755338 -8.00798e-20)
(1.0464 -0.894794 1.43159e-20)
(1.00713 -0.0198445 1.42086e-21)
(0.482384 0.844009 -1.29326e-19)
(1.05128 -0.000879039 2.6895e-21)
(0.572056 -0.383148 -5.23318e-19)
(1.03292 -0.027471 -7.65158e-21)
(1.03845 -0.00338519 -1.03202e-20)
(2.08049 -0.294419 1.24804e-19)
(0.895489 -0.0248014 -3.69916e-21)
(-0.366788 -0.57113 -1.59277e-19)
(1.1081 0.555779 1.42285e-19)
(-0.0197142 -0.401374 0)
(0.346654 -0.711829 6.45698e-19)
(-0.0426507 -0.0937544 2.16228e-22)
(1.06882 -0.0291611 2.63101e-19)
(1.0217 0.00581452 -6.81093e-21)
(1.05918 -0.0216919 -7.30736e-20)
(1.05193 -0.00345687 2.44303e-21)
(1.61504 0.302172 2.21175e-20)
(0.386743 -0.363628 -2.58875e-19)
(1.03653 -0.026279 -2.65103e-21)
(1.03675 -0.0181479 -1.93798e-19)
(1.01797 -0.00986909 -2.95899e-22)
(1.05057 -0.00888747 0)
(1.10589 0.594337 -2.64934e-19)
(1.01018 -0.00405203 7.53891e-20)
(0.682418 0.606194 2.05947e-19)
(1.04414 -0.0106142 -3.56538e-22)
(1.05097 -0.00225551 -2.38911e-20)
(1.08407 0.0197148 6.78661e-22)
(2.05991 -0.330746 1.62724e-20)
(0.63881 0.00145036 0)
(1.07179 -0.0283674 0)
(1.06629 -0.0384904 4.63674e-19)
(1.00677 -0.000935229 0)
(0.0151332 -0.0292978 0)
(0.962455 -0.583459 0)
(1.00081 -0.00221767 -4.38377e-19)
(1.15746 -0.660875 6.11905e-20)
(1.03617 -0.0200295 9.1871e-21)
(1.35341 0.959981 -2.80824e-21)
(1.53871 1.00588 -1.51188e-19)
(1.04044 -0.000181085 -4.69758e-21)
(1.52487 0.978524 7.43926e-20)
(0.573329 0.0395429 0)
(0.0686538 0.725595 0)
(2.18515 0.390624 4.45319e-19)
(1.08031 -0.0351577 0)
(1.00669 -0.00606193 -1.35773e-19)
(0.999725 -0.000173743 2.63802e-19)
(1.36386 0.128444 -5.05757e-20)
(0.00718594 -0.120165 2.99685e-19)
(0.984071 -0.0103563 1.43112e-19)
(0.899999 -0.00423586 -1.3366e-21)
(0.914184 -0.00999908 1.87016e-21)
(1.04166 0.00338564 2.20292e-23)
(0.911258 0.00999598 -1.44297e-19)
(1.00662 0.00512605 1.70866e-19)
(0.993184 -0.00535094 1.00767e-20)
(0.80212 -0.000376709 0)
(0.728621 -0.0148945 0)
(0.726739 -0.0299792 8.66821e-22)
(0.712809 -0.009621 0)
(0.62129 0.0205968 0)
(0.702731 0.00354308 0)
(0.727169 -0.0229099 -2.20119e-21)
(0.895169 -8.17447e-05 1.09328e-21)
(1.04868 -0.00413109 0)
(1.04503 -0.000627695 8.61099e-22)
(1.04382 0.00372456 0)
(0.736677 0.0181332 0)
(0.693716 0.00714574 0)
(0.667593 -0.00268928 9.46143e-22)
(0.593847 -0.00651567 1.02306e-20)
(0.832792 0.0110165 0)
(0.826615 0.0206428 0)
(0.947623 0.0193343 -1.78475e-19)
(0.8248 0.0192236 3.33731e-19)
(0.999639 -0.00197014 0)
(1.00238 0.00202187 3.1512e-19)
(0.99453 0.00350072 -1.02952e-22)
(0.834456 0.0144293 2.82805e-19)
(1.01405 -0.0147708 -1.64599e-19)
(0.894149 0.00827914 0)
(0.707985 -0.00247788 -1.87174e-21)
(1.00324 -0.00537591 -1.59294e-19)
(1.00257 -0.00341527 -2.7333e-19)
(1.04808 0.00221179 0)
(0.998873 0.00653608 0)
(0.999768 0.00516393 0)
(1.03722 0.0141829 -2.71492e-21)
(1.04939 -0.00136542 3.58765e-21)
(1.02883 -0.00869672 0)
(-0.543987 0.497674 2.8049e-19)
(0.589882 0.536052 2.31259e-20)
(1.02129 -0.011279 -2.12095e-19)
(-0.486272 -0.771109 -1.58118e-19)
(0.995887 0.00232748 -1.70597e-19)
(1.15304 -0.202449 -7.39548e-20)
(0.783754 -0.469715 2.46152e-19)
(-0.00418415 -0.0493193 -1.04128e-19)
(1.03008 -0.00234348 0)
(1.06022 -0.00212121 -4.57521e-20)
(0.888519 0.00174648 0)
(0.0267139 0.0310599 3.59243e-19)
(1.05368 -0.042979 0)
(-0.722599 -0.639627 -4.05296e-19)
(0.900157 -0.0155218 2.55568e-22)
(1.67809 0.669954 1.01253e-19)
(-0.0671187 -0.115093 0)
(1.0765 -0.0267495 1.43493e-19)
(1.05892 0.0014048 4.6225e-22)
(0.922075 -0.00465112 2.27356e-19)
(1.01652 -0.00472046 -1.4402e-19)
(1.68881 0.855572 9.14157e-20)
(0.527247 0.492165 0)
(0.445966 0.397723 1.67518e-19)
(1.06256 0.0176683 1.26241e-22)
(1.12762 0.132503 1.48185e-19)
(1.0848 -0.689339 0)
(1.02246 -0.00193099 0)
(0.995106 -0.00952237 -3.32579e-19)
(1.01201 0.0236032 -3.24573e-19)
(-0.143766 -0.43491 0)
(1.22357 0.826381 -7.18946e-20)
(1.03285 0.000873433 3.79588e-22)
(1.00844 0.00524727 1.24891e-19)
(1.01704 -0.00326216 -1.56769e-19)
(-0.784306 -0.54598 -3.98675e-20)
(1.04226 -0.00253758 -7.61353e-21)
(1.01557 -0.0235853 5.32896e-19)
(1.04315 0.00469536 0)
(1.89488 0.641161 -1.05121e-19)
(1.01806 -0.0141826 -1.66054e-19)
(1.63786 0.136148 -8.63287e-20)
(1.02663 0.00722358 -3.81502e-22)
(1.01529 -0.0192723 3.31186e-20)
(2.20063 -0.104969 -3.20578e-19)
(1.01095 0.0224384 1.61355e-19)
(1.04839 -0.000681823 3.43308e-22)
(0.998653 -0.00396308 0)
(0.937979 0.154787 3.95283e-20)
(-0.159202 0.599843 2.15612e-21)
(0.977256 0.0159262 1.60633e-19)
(1.03511 0.00760489 -5.49115e-22)
(1.0465 0.00207668 -1.24211e-21)
(1.25245 0.304101 2.89189e-19)
(1.01012 0.0338618 1.10159e-19)
(0.988922 -0.00617042 6.27392e-22)
(1.75445 0.208918 8.13664e-22)
(1.81825 0.950011 -1.35878e-19)
(0.772033 -0.687184 4.52397e-20)
(0.44054 -0.322447 -2.54657e-19)
(1.01415 0.0106877 0)
(1.02303 0.00431695 4.01031e-20)
(1.0122 -0.00818573 8.4406e-20)
(1.05064 0.00904066 4.92567e-22)
(1.00742 0.0171781 -1.67568e-19)
(1.03524 -0.0350481 1.91254e-19)
(1.01574 -0.00222605 -1.58837e-19)
(1.01121 0.0126168 -8.98513e-22)
(1.00341 0.00427079 -3.97058e-22)
(1.02851 0.0208777 1.60107e-19)
(0.90239 0.0927098 4.1111e-19)
(1.17015 0.109141 0)
(0.950483 0.89009 2.24339e-19)
(1.00045 -0.00209626 0)
(1.01885 -0.00992075 -4.63715e-20)
(1.54479 0.43537 -3.07882e-20)
(1.32402 0.116976 0)
(1.13112 -0.107012 -1.59447e-20)
(1.1498 0.246666 1.23654e-21)
(0.88305 -0.0201356 0)
(2.32969 0.355602 0)
(0.999259 0.246969 2.71073e-20)
(1.04689 -0.00906331 -1.37993e-21)
(1.03366 0.00731682 -1.68431e-19)
(1.11827 -0.544437 -4.63517e-20)
(1.04599 0.00533496 -2.25591e-21)
(1.05562 -0.0106488 0)
(1.05892 0.0149984 0)
(1.11251 0.0663521 0)
(0.366139 0.578387 1.48704e-19)
(1.04148 -0.00119628 6.74176e-21)
(0.891475 0.110074 0)
(0.0538455 0.493039 -5.00607e-19)
(1.71522 0.965437 -1.34304e-19)
(1.00235 -0.00579256 -3.30968e-19)
(1.04783 0.00377074 2.08427e-21)
(1.01422 0.0115317 2.18292e-19)
(0.789537 -0.0440441 0)
(-0.118198 -0.391024 -3.1505e-20)
(0.618637 0.431743 -2.78012e-19)
(1.16286 0.0660905 -1.84198e-21)
(0.305838 0.56883 0)
(0.911259 -0.0135192 6.07523e-20)
(0.526199 0.500979 4.14015e-20)
(1.19299 0.892696 -1.79235e-20)
(0.018939 0.0428291 1.51595e-19)
(1.01448 0.0253677 0)
(1.04585 0.00627754 5.07052e-21)
(1.01532 0.00366363 1.23874e-19)
(2.20287 -0.250114 0)
(1.01458 0.00655728 2.08358e-19)
(0.460708 -0.670968 -3.03096e-19)
(1.02504 0.0206084 -1.27968e-19)
(1.05688 -0.00605419 0)
(1.19357 -0.214401 1.16437e-22)
(1.00937 -0.00749172 -8.66423e-20)
(0.993725 -0.0296696 2.28066e-19)
(1.07887 0.0990528 -3.1125e-21)
(1.05356 -0.00636712 -7.13137e-21)
(-0.166521 -0.0349174 3.92113e-19)
(2.09118 0.265552 2.59967e-19)
(1.04056 -0.00337173 8.13779e-21)
(0.824354 0.0342698 -3.12935e-19)
(0.861358 0.0278041 0)
(1.04134 -0.00125748 5.44067e-21)
(1.02283 -0.0186035 -2.49294e-20)
(0.97986 0.0237773 0)
(1.01883 0.0110252 -1.58496e-19)
(1.04492 -0.00629989 -1.1351e-20)
(-1.30634 0.0922469 2.38305e-19)
(2.13556 -0.574269 0)
(-0.305238 -0.575886 -1.68796e-19)
(1.47319 -0.335307 0)
(1.02694 -0.0204824 4.67703e-20)
(1.04977 -0.0218696 -5.59878e-23)
(0.990781 -0.00261298 1.34009e-19)
(-0.806512 -0.449521 4.18668e-19)
(1.01649 0.0204828 0)
(0.989633 0.00176398 -3.23843e-19)
(0.994445 0.0159919 1.70883e-19)
(1.04597 -0.0107643 0)
(1.03274 -0.00155634 1.76045e-22)
(0.97096 0.000109335 -1.46278e-19)
(-0.369859 -0.806818 5.20585e-19)
(1.0096 0.00620677 -1.66044e-19)
(0.998593 0.0277814 -3.91398e-19)
(1.63521 -0.598264 2.68075e-22)
(-0.223794 -0.29266 -1.25341e-19)
(0.818408 0.701526 -1.34191e-19)
(0.806884 0.35494 0)
(1.03762 -0.0108564 3.48858e-19)
(1.05101 -0.0113403 1.83114e-19)
(1.04274 -0.000269787 -1.28608e-20)
(1.02646 0.00235449 1.97774e-20)
(1.06464 -0.00768117 -9.23788e-20)
(1.11377 -0.890853 3.79924e-20)
(1.00721 0.00367601 1.74093e-19)
(0.920614 -0.651252 1.60665e-19)
(-0.717571 0.289506 5.07761e-19)
(-0.169815 -0.2646 -9.48189e-20)
(0.856127 0.0283083 -5.01212e-20)
(0.697106 -0.14713 -5.64023e-19)
(1.02222 -0.000557102 0)
(1.32761 -0.795096 6.75429e-20)
(1.08166 0.129012 -2.21132e-20)
(1.03625 -5.40255e-05 0)
(0.723349 -0.803503 0)
(0.972127 0.121336 0)
(1.02596 0.0097699 7.40226e-20)
(1.67426 -0.427728 0)
(1.04442 -0.0210946 2.9146e-21)
(-1.21205 0.0953571 -2.82542e-19)
(0.0269306 -0.0246566 2.58289e-19)
(-0.438675 0.61128 -2.22122e-21)
(1.44723 0.370508 6.03358e-20)
(0.112729 -0.770435 6.34359e-19)
(1.07335 0.100348 0)
(0.999094 -0.0231311 -1.22341e-21)
(1.02106 0.0164154 4.57287e-20)
(-0.0972662 -0.0366346 -1.55716e-19)
(0.88813 0.718585 -4.2602e-20)
(-0.0293147 -0.0653444 6.17197e-20)
(1.3451 -0.978103 -3.91757e-20)
(1.03264 -0.00111652 1.24997e-20)
(1.04119 -0.00285309 1.36254e-21)
(0.974459 0.0080158 3.03412e-20)
(0.930258 0.0174325 0)
(1.04826 -0.00133903 1.34902e-20)
(0.787054 -0.221274 -1.06876e-19)
(1.0222 -0.0145466 -1.98013e-20)
(2.23893 -0.118661 0)
(1.06535 0.0214851 1.79155e-19)
(0.916651 0.0129545 0)
(1.04468 -0.00250134 3.14483e-21)
(0.445309 -0.775035 0)
(0.883008 0.334 -1.75126e-19)
(1.10336 0.0293367 1.87259e-21)
(-0.088685 -0.219148 -1.89667e-20)
(0.944422 0.0433509 -3.62874e-19)
(1.05925 -0.00838645 0)
(1.05067 -0.00411906 9.22817e-20)
(1.40658 -0.261797 0)
(1.88374 -0.387247 0)
(1.01333 0.0136657 -3.17568e-20)
(0.978539 0.046605 -1.53872e-19)
(1.34887 0.539691 -5.46148e-20)
(-0.229424 0.444826 0)
(1.01973 -0.022473 2.72467e-22)
(0.924489 -0.731882 -1.01605e-19)
(0.652012 0.349594 0)
(1.05054 -0.0231957 -2.28416e-19)
(1.28083 -0.390578 1.50734e-20)
(0.869396 -0.0757938 4.14234e-20)
(-0.21689 0.805236 2.66117e-19)
(-0.989821 -0.509025 1.60557e-20)
(-0.924154 0.200906 -2.40886e-19)
(0.000173546 -0.0107155 3.43319e-19)
(1.05321 0.00870706 -7.30184e-21)
(0.533861 -0.645843 3.96471e-19)
(0.943473 -0.68777 1.77574e-19)
(1.08661 -0.894333 0)
(0.989671 0.0108774 -3.77205e-19)
(0.763082 0.214173 -6.06506e-20)
(1.02267 -0.00101535 -1.40382e-19)
(-0.157626 -0.0558365 -1.08862e-19)
(-0.22861 -0.858422 4.33344e-19)
(1.02322 0.0169717 -1.80455e-19)
(0.951441 -0.266979 -5.21718e-20)
(1.0264 -0.0467316 -1.23368e-21)
(1.05933 -0.0121027 -3.01432e-19)
(1.69479 -0.0177978 0)
(-0.559515 0.274447 -1.64288e-19)
(-1.21963 -0.256551 -3.57387e-19)
(1.05337 0.00405565 0)
(1.08178 0.101323 0)
(1.06038 0.0362586 2.04785e-19)
(1.25474 0.457284 -5.33989e-21)
(1.22155 -0.0674543 -1.80513e-20)
(1.15007 0.629828 1.17667e-19)
(0.640911 -0.394945 2.85524e-20)
(1.06505 0.00382815 1.05156e-19)
(0.0642175 -0.505059 -4.44782e-20)
(1.18696 0.152926 -2.9354e-19)
(0.196295 0.32522 0)
(0.990795 -0.258465 -1.51725e-19)
(0.682508 -0.575897 -2.95787e-20)
(1.36125 -0.543102 -1.1777e-19)
(1.0192 -0.0158753 -2.11267e-19)
(0.468953 0.451879 -1.13369e-19)
(1.53159 -0.941586 -2.19853e-19)
(-1.26592 -0.0954495 3.636e-19)
(0.985649 0.0314673 -2.41357e-19)
(0.525938 0.0444119 -1.67375e-19)
(0.99943 -0.00515472 -1.76291e-19)
(0.81578 0.602375 -1.86219e-19)
(0.768046 -0.113147 5.91565e-20)
(0.436126 -0.421037 -1.13622e-20)
(0.309739 -0.0287799 1.02218e-19)
(1.04487 -0.0392584 -2.5525e-20)
(1.83822 -0.539513 0)
(1.09679 -0.844721 0)
(1.05876 -0.920773 -6.06916e-21)
(0.886509 0.0611477 0)
(0.714514 -0.400399 1.56515e-19)
(-0.0629875 -0.106022 0)
(1.44921 0.651855 5.52214e-20)
(1.02502 0.00556797 0)
(2.15906 -0.0904852 -6.36494e-20)
(1.08348 -0.385682 2.62354e-19)
(1.00237 -0.0081765 1.55181e-19)
(1.04529 0.0741287 -1.55096e-19)
(1.40233 -0.749561 8.47297e-20)
(1.01868 0.0251025 2.20657e-19)
(1.05547 -0.00987681 0)
(0.994059 0.00822468 1.80448e-19)
(1.05904 -0.005469 5.1308e-23)
(1.01889 0.0178859 -1.89575e-20)
(1.43479 1.05855 9.10399e-20)
(1.01436 -0.0131858 2.40182e-19)
(1.05133 0.0161394 -4.89379e-21)
(1.93689 0.596878 0)
(1.04646 0.0394464 0)
(0.987937 -0.131363 -3.45607e-19)
(1.004 0.0166128 0)
(0.699837 0.427036 5.77603e-20)
(1.21301 -0.924936 0)
(0.508043 0.354539 0)
(0.638996 0.579524 -4.12719e-19)
(2.19941 0.0421653 4.40261e-20)
(1.04876 -0.0341446 -1.00957e-19)
(-0.155541 0.450597 1.36265e-19)
(1.04704 0.0733204 0)
(1.03308 -0.0201735 0)
(1.04584 -0.0268839 1.62069e-20)
(1.00617 0.0792176 0)
(0.76174 0.474951 2.88499e-20)
(1.03702 0.0021049 4.33209e-22)
(0.619258 0.456317 1.13551e-19)
(1.09003 0.0344532 2.37292e-20)
(1.55076 -0.593998 -1.26321e-20)
(1.07086 0.0382317 1.37219e-19)
(1.05358 -0.0202871 -1.51866e-19)
(1.12442 0.209212 1.55933e-19)
(0.999176 0.0281555 -3.56274e-19)
(0.525035 -0.476259 0)
(-0.70799 0.50106 -6.2299e-20)
(0.754794 -0.268158 5.00256e-20)
(0.896175 -0.140612 -2.0093e-19)
(1.71296 0.687356 0)
(0.997251 -0.0724618 -3.13771e-20)
(-0.0765526 0.296075 1.47933e-19)
(1.60199 0.694639 -6.85706e-20)
(1.05227 0.0398351 -1.14527e-20)
(1.05036 -0.0103641 -2.87229e-21)
(0.861718 0.719913 3.16876e-19)
(1.03931 0.00943761 -1.71657e-21)
(1.06874 -0.0475342 0)
(0.986935 -0.0926212 -1.01689e-19)
(-0.280405 0.549677 1.45843e-19)
(1.95178 -0.198876 -1.43747e-19)
(2.17847 -0.0292165 0)
(2.37606 0.105991 0)
(1.87284 0.149978 2.35393e-19)
(-0.0541647 0.181146 0)
(1.01078 0.0160408 -1.38647e-19)
(0.777875 -0.851996 0)
(0.998745 -0.0175443 1.02492e-19)
(0.651132 -0.323096 -1.81377e-19)
(0.969169 -0.0191444 3.39627e-19)
(1.86305 0.289901 8.55601e-20)
(1.03879 -0.0201783 -3.7251e-19)
(0.892937 0.0329465 4.39288e-20)
(1.989 0.504879 -1.17028e-19)
(1.06806 -0.0352651 0)
(1.04395 0.0108394 1.10582e-19)
(-0.77056 0.173773 -2.66135e-19)
(1.08872 0.0140501 -1.74288e-19)
(0.881724 0.637034 -3.58955e-19)
(1.04126 -0.000434839 9.39043e-22)
(2.04918 -0.160415 0)
(0.303699 -0.0737464 4.45773e-19)
(1.25535 -0.76528 0)
(-1.26384 -0.0536269 1.55707e-19)
(-0.51634 -0.744807 2.96939e-19)
(1.09641 -0.90752 0)
(0.816887 0.0272708 9.07787e-20)
(-1.24372 0.132741 0)
(1.22917 0.209302 0)
(-0.0220102 -0.106408 1.73153e-19)
(0.871438 0.103713 -2.02281e-19)
(0.956693 -0.0936206 -6.49419e-20)
(0.94013 0.692579 -2.83743e-19)
(0.99021 0.0392849 -5.02175e-21)
(1.02282 -0.0514333 1.15756e-19)
(2.16184 0.193631 0)
(1.04614 -0.101064 -4.36842e-20)
(1.1037 -1.03934 2.21284e-19)
(1.03102 -0.0223476 2.33821e-19)
(1.08542 -0.00977769 8.99989e-20)
(1.91297 0.333648 0)
(1.00457 -0.0199422 0)
(1.00026 0.872456 -2.25188e-20)
(1.02626 -0.0173928 -1.40719e-19)
(1.17464 -0.44514 -7.7048e-20)
(-0.716747 -0.461449 2.14661e-20)
(1.047 -2.36621e-05 0)
(1.04514 0.00153026 0)
(1.03672 0.00396508 1.47329e-21)
(0.698662 0.279796 -2.04174e-19)
(1.03931 0.0176486 7.86372e-22)
(0.98129 0.0710936 2.03481e-19)
(0.438197 0.218959 -1.28271e-19)
(1.17484 0.154861 0)
(0.828737 -0.00594602 1.14203e-22)
(1.10567 0.0141285 -9.44673e-20)
(0.704322 -0.00508518 0)
(0.803172 -0.00745359 0)
(0.835328 0.00190055 -2.04169e-22)
(0.711739 -0.000871489 5.35001e-22)
(0.788763 0.00939356 9.41309e-20)
(1.11867 -0.00973503 0)
(0.822382 -0.756583 0)
(0.228941 -0.544953 -4.0029e-20)
(1.01666 0.716794 -1.69771e-19)
(0.358328 0.0749534 -1.27946e-19)
(-0.164953 0.857221 1.76347e-20)
(1.95078 0.795718 2.75211e-19)
(0.987502 0.0237334 1.46682e-19)
(1.00863 -0.0622655 8.1732e-20)
(0.31775 -0.215542 -5.89685e-19)
(-0.0178539 0.0312364 0)
(0.99182 -0.207703 1.98493e-20)
(0.583817 -0.55603 -2.73798e-19)
(-0.72566 -0.621308 4.54722e-19)
(0.942799 0.119357 -1.49559e-19)
(0.978144 0.346005 2.90148e-19)
(0.994624 -0.0863513 9.60693e-22)
(1.01581 0.00408584 -2.67187e-20)
(1.01593 -0.0307834 1.10438e-19)
(-1.06403 0.326359 -2.75368e-19)
(-0.0626657 -0.14659 -1.83948e-19)
(-0.683376 -0.57819 0)
(1.16505 0.257422 1.05752e-19)
(1.09027 0.023507 0)
(0.191266 -0.820922 -9.96208e-20)
(-0.129981 0.272963 -1.90904e-19)
(-0.18944 -0.563411 0)
(1.00595 0.0084502 1.55243e-19)
(0.977842 -0.0300499 0)
(1.54649 0.464939 -1.1437e-19)
(-1.42437 -0.197868 -9.08522e-21)
(0.982499 -0.00489869 -3.23152e-19)
(1.05233 -0.420512 -4.1452e-22)
(1.59383 0.394635 -1.27216e-21)
(0.535615 0.52245 0)
(0.773567 0.675383 1.35194e-19)
(1.0431 -0.0296787 1.65714e-20)
(-0.606862 -0.722796 3.12245e-19)
(1.91594 0.258324 -7.43059e-21)
(-0.498295 -0.537698 -2.03796e-19)
(1.38252 0.416754 -3.61107e-19)
(1.613 0.878134 4.42391e-19)
(1.07172 -0.47896 4.3535e-22)
(0.127166 -0.125293 1.57529e-19)
(0.1302 0.12511 0)
(-0.176806 0.189098 0)
(-0.178821 -0.1962 1.17834e-19)
(1.00353 0.00150692 -1.7183e-19)
(1.015 0.0049159 -1.45451e-19)
(-0.824685 0.306299 -2.56259e-19)
(1.66537 -0.495492 -2.01803e-20)
(1.36395 -1.0328 6.0381e-20)
(1.10034 0.748015 0)
(0.913546 0.0664362 -4.50609e-19)
(1.90585 -0.105095 -1.38202e-19)
(1.00804 -0.0225139 -4.32301e-20)
(1.20138 -0.34965 3.18314e-21)
(-0.594906 -0.741331 0)
(2.33093 0.00545029 -4.20481e-20)
(-1.15938 0.0699119 8.51862e-20)
(-0.173549 0.051088 -3.77852e-19)
(1.00764 -0.0542232 1.55615e-19)
(-0.13473 -0.153755 0)
(2.11538 0.233122 -1.46115e-19)
(0.479301 0.270341 1.0035e-19)
(-0.122656 -0.143001 1.2947e-19)
(1.02395 -0.00246864 1.91468e-19)
(0.696001 0.325419 0)
(-0.157938 0.328881 1.8134e-19)
(0.437711 -0.42601 0)
(0.129528 -0.130008 -2.92614e-19)
(-0.108821 0.126449 1.42523e-19)
(0.138037 0.136011 1.45305e-19)
(-0.091963 -0.108214 -1.39885e-19)
(-0.436185 -0.79591 0)
(0.954718 0.296307 1.96055e-21)
(1.04589 0.0140613 1.6512e-21)
(0.669869 -0.598298 1.91102e-19)
(1.01519 -0.0146702 0)
(-0.0780808 -0.0932958 0)
(0.952676 -0.0949857 1.82602e-19)
(1.48566 -0.703112 -4.63865e-21)
(-0.361365 0.764468 -2.68226e-19)
(0.962969 0.0470466 -2.03676e-19)
(0.613366 -0.557141 3.41224e-19)
(1.37396 -0.696135 -1.23495e-19)
(-0.774592 -0.539271 -7.59176e-19)
(1.06562 0.0631022 0)
(1.02008 -0.00775952 -2.2096e-19)
(-0.0247043 -0.0397797 0)
(0.191155 -0.777008 -2.60872e-19)
(0.148529 0.147143 1.3936e-19)
(-0.0624862 -0.0822029 0)
(1.10892 0.103912 -1.31654e-19)
(1.06752 0.00294567 0)
(1.07271 -0.0799639 0)
(-0.17363 -0.113399 1.62797e-19)
(0.280667 0.970091 -1.00613e-19)
(0.00274441 -0.00584161 -1.27482e-19)
(-0.136253 0.154622 1.37168e-19)
(0.125242 0.11417 0)
(0.977323 -0.108956 -2.24774e-19)
(0.131226 -0.132284 -1.44796e-19)
(0.144095 0.139235 -2.75692e-19)
(0.20403 0.197324 9.95075e-20)
(0.949165 0.034715 5.43697e-19)
(0.187724 0.179031 -1.10663e-19)
(0.00981579 0.00170554 1.19746e-19)
(0.149596 0.149989 -2.60263e-19)
(0.178189 -0.177328 -2.23029e-19)
(-0.0494647 0.0642295 0)
(-0.0372302 -0.0497084 2.7613e-19)
(-0.835286 0.168047 6.45056e-19)
(0.151132 0.146736 0)
(1.17817 -0.687877 0)
(-0.384986 -0.798722 0)
(1.05875 -0.00392423 4.55215e-21)
(0.222665 0.219363 2.41878e-21)
(-0.0547352 0.0629592 -8.30049e-20)
(-0.188791 0.183343 1.20963e-19)
(0.196247 0.190982 -1.05671e-19)
(0.150343 -0.145096 0)
(-0.00650316 -0.0130863 1.36138e-19)
(-0.00885898 0.0196944 6.74848e-22)
(-0.393753 -0.818538 -2.70013e-19)
(1.05029 0.00122893 -2.74398e-21)
(-0.290065 -0.587366 2.4413e-19)
(-0.0927769 0.112444 -1.3964e-19)
(0.0158868 0.00904977 0)
(0.220136 0.219724 0)
(0.168395 -0.166868 -5.17341e-20)
(0.010891 -0.00554404 -1.33244e-19)
(2.2212 0.498922 2.72506e-19)
(1.49356 -0.590931 -4.77356e-19)
(0.202576 0.206062 1.83251e-19)
(-0.291335 -0.402377 1.06147e-19)
(-0.153179 0.169321 1.36943e-19)
(0.0196874 0.0158774 -3.45877e-19)
(0.199399 -0.197602 1.91827e-19)
(-0.0380628 -0.328054 4.19424e-20)
(-0.0209318 0.0328289 0)
(0.131497 -0.130473 -3.01113e-19)
(1.027 -0.0930077 0)
(1.48075 -0.330377 0)
(0.547113 -0.488822 -3.16906e-19)
(1.04277 -0.0112419 7.70078e-21)
(0.173358 -0.166164 1.06279e-19)
(0.99313 0.00546457 1.49916e-19)
(0.855166 -0.0994913 2.16811e-19)
(0.39372 -0.382034 4.41374e-19)
(1.07689 -0.0166872 -1.62085e-21)
(0.227292 0.215923 7.03651e-20)
(0.844334 0.568692 0)
(0.624816 -0.543998 1.56071e-20)
(0.0231877 0.0207605 1.12561e-19)
(0.409475 0.0568329 1.8772e-20)
(1.03634 -0.121707 6.53912e-20)
(1.05506 -0.24535 0)
(0.940746 -0.151482 5.34854e-19)
(-0.0346671 0.0481407 0)
(1.06219 0.188862 0)
(1.10613 -0.202484 1.44421e-19)
(1.14776 0.355454 1.62298e-19)
(1.07667 -0.0299012 0)
(-0.456737 0.446398 3.0302e-19)
(-0.858052 0.213385 1.07972e-20)
(1.03431 -0.0055181 -2.11251e-19)
(-0.134364 -0.472081 0)
(1.14525 -0.169935 0)
(1.06077 0.014186 0)
(0.11001 0.107122 3.74663e-19)
(0.0209204 0.0209537 0)
(0.197339 0.187975 8.54525e-20)
(0.169223 -0.155313 0)
(0.0203293 -0.0176649 -1.29537e-19)
(0.0177088 0.0181327 0)
(1.25843 0.136986 3.79996e-19)
(0.826514 -0.419596 -4.45247e-19)
(0.0181088 -0.0150014 3.85103e-22)
(-0.120132 -0.0886625 -3.05843e-19)
(0.25322 -0.243459 0)
(0.246989 0.235176 0)
(-1.16681 -0.218118 4.41999e-19)
(0.935618 0.0729056 3.33448e-21)
(1.09551 -0.358767 -1.54093e-19)
(0.01437 -0.0100616 3.89725e-19)
(-0.167014 0.103499 2.18132e-19)
(1.03843 0.140909 1.97011e-19)
(-0.0696438 0.557879 0)
(0.0190307 0.0199339 -4.38941e-22)
(-0.24978 -0.850825 2.03713e-20)
(-0.10672 -0.044803 0)
(2.19578 -0.0445165 -1.86511e-19)
(1.01559 0.153838 0)
(1.00346 -0.0603757 2.57599e-19)
(-0.253399 0.783274 0)
(0.230334 -0.213706 -3.66931e-21)
(1.00129 -0.0134139 1.32558e-19)
(0.56118 0.164895 3.35652e-19)
(1.35763 -0.764283 1.18401e-19)
(0.312072 0.291981 1.86627e-22)
(1.65325 0.513015 0)
(0.9446 -0.56092 5.67718e-20)
(1.82358 -0.923481 2.09877e-19)
(0.0244404 -0.0220445 2.50818e-19)
(1.2426 -0.477139 1.59403e-21)
(2.35231 0.408595 1.32225e-19)
(0.0217373 -0.0204409 -7.36301e-20)
(1.01211 0.0422049 1.91968e-19)
(-0.0989283 0.449522 -2.61469e-19)
(0.337646 0.314417 0)
(0.0166649 0.0186112 0)
(0.26068 0.247249 5.72402e-20)
(0.297007 -0.276259 -1.68124e-19)
(0.0276486 -0.0263555 2.6138e-19)
(1.06826 -0.744705 -5.53218e-20)
(1.35012 0.985824 1.58418e-19)
(0.335954 -0.31934 0)
(0.0234473 -0.0283834 0)
(0.279764 0.265484 0)
(0.0504089 -0.0125982 -1.5294e-19)
(0.275542 -0.272536 0)
(0.00317184 0.0146954 -1.92195e-19)
(0.299251 0.28206 -3.27827e-20)
(0.00780001 -0.0228533 0)
(0.25434 -0.248496 0)
(-0.367921 -0.065167 0)
(-0.0197947 -0.00397685 0)
(-0.0437068 0.0242515 -7.38268e-20)
(-0.104397 -0.297825 0)
(1.00062 -0.0164222 2.03692e-19)
(0.472212 -0.442357 2.18596e-20)
(-0.0926135 0.0626234 -1.28041e-19)
(-0.0359224 -0.0205541 3.52962e-19)
(0.376603 0.345977 1.31693e-20)
(1.64796 0.385831 0)
(-0.171283 0.400863 0)
(-0.116294 -0.411682 3.06412e-20)
(-0.135144 0.109959 0)
(0.364568 -0.343245 0)
(-0.0585263 -0.0412706 0)
(0.426826 0.387143 0)
(-0.0921573 -0.0737126 2.15895e-19)
(0.505004 0.46821 8.8658e-20)
(-0.166352 0.159397 -5.63083e-19)
(0.541472 -0.500726 -1.02487e-19)
(1.12382 0.128612 0)
(0.992556 0.00523779 3.40448e-21)
(-0.786659 0.304532 -4.40614e-19)
(1.02315 0.0478361 -1.85859e-19)
(1.47306 -0.120942 0)
(1.0438 0.0205122 8.71992e-22)
(1.3512 -0.481696 1.08049e-19)
(0.972151 0.00693131 0)
(0.0618361 0.109531 8.29328e-19)
(-0.841271 0.360569 3.93723e-20)
(-0.0179245 -0.0066416 -8.24977e-23)
(-1.39744 -0.0672951 0)
(1.0828 -0.164056 -1.77976e-19)
(0.368285 0.215909 3.62731e-19)
(1.31636 0.321801 -4.34722e-20)
(1.08593 0.0276673 1.57285e-21)
(1.54688 -0.735637 -3.19682e-22)
(-0.425254 -0.486696 -1.15196e-19)
(1.94947 0.184177 2.69304e-20)
(1.87327 -0.723765 2.01151e-19)
(1.03414 0.0904659 -2.4931e-20)
(-0.601759 0.241033 2.48469e-19)
(1.06956 -0.0228485 0)
(2.25539 -0.355432 -2.27563e-20)
(0.133098 0.0938272 -2.62437e-21)
(1.31946 -0.20655 0)
(0.121566 -0.114441 -5.01733e-19)
(-0.00063387 0.00883547 0)
(0.499684 -0.464543 0)
(1.97298 0.62165 -1.23786e-19)
(0.884287 -0.422995 0)
(2.18587 0.107506 2.24499e-19)
(-0.00421761 0.0027743 1.96486e-19)
(0.251159 -0.254527 7.2124e-20)
(1.01343 -0.0385264 0)
(0.0231318 -0.637941 0)
(-0.0360104 0.00857478 1.65346e-19)
(-0.114377 -0.128311 2.39203e-19)
(1.00691 0.256885 -1.73953e-19)
(0.799858 0.522824 -6.12592e-19)
(1.0243 0.0354382 -7.04044e-21)
(2.31302 -0.112344 0)
(-0.211232 -0.761676 2.82299e-19)
(-0.0679646 -0.125439 0)
(0.634012 0.0955249 2.83105e-19)
(0.956466 0.172416 -3.92105e-20)
(0.661121 -0.564278 -1.58775e-19)
(0.990526 0.140376 2.74011e-19)
(0.996995 -0.00174772 0)
(1.06717 0.00660053 1.08339e-20)
(2.0485 -0.176258 0)
(0.544402 0.492377 0)
(0.967818 0.625992 0)
(-0.407461 -0.39553 -4.91562e-20)
(0.323204 0.257946 2.08178e-19)
(-0.196808 0.675341 0)
(1.09845 0.0798336 1.17255e-19)
(1.02416 -0.219741 0)
(0.515112 0.00033946 1.36773e-19)
(0.362129 -0.156059 1.81722e-19)
(-0.162473 0.758535 3.93335e-19)
(0.757778 -0.438616 -5.93297e-19)
(0.967078 -0.0223669 2.03108e-21)
(1.46778 -0.584591 1.12912e-19)
(1.55647 -1.05951 -2.85579e-20)
(0.121452 0.0551634 1.83661e-19)
(1.24812 0.275252 0)
(-0.217404 0.646104 0)
(-0.195512 0.43011 0)
(1.3565 -0.0551049 1.31378e-19)
(-1.27183 -0.102869 -1.56713e-19)
(0.268074 -0.24809 -1.44374e-19)
(1.86697 0.38558 5.01537e-20)
(0.825397 0.524646 -5.66615e-20)
(0.837561 0.267253 4.87624e-21)
(0.947368 0.23577 5.33761e-20)
(1.85166 -0.094902 -7.65694e-20)
(-0.0759028 -0.533227 1.16208e-19)
(-0.826506 -0.48676 0)
(0.913665 -0.00539763 0)
(-0.676604 -0.351906 2.00178e-19)
(0.161639 0.159602 0)
(2.00953 0.480094 0)
(-0.963741 -0.14554 1.74086e-19)
(0.562124 0.472073 -1.89695e-19)
(0.463959 -0.381044 2.5329e-19)
(-0.29234 0.0654064 0)
(1.41438 0.93836 -5.24051e-21)
(1.05836 -0.0174694 0)
(-1.17489 -0.360902 -8.83583e-19)
(-0.995747 0.165767 -2.8042e-19)
(1.24653 -0.375617 6.47286e-20)
(0.462098 0.425995 4.30349e-19)
(0.709205 -0.21461 1.85928e-19)
(-0.619653 0.6559 0)
(1.11253 0.0505237 1.2278e-19)
(1.01239 0.574881 -7.23074e-20)
(-0.204158 -0.0197141 0)
(0.681979 -0.240258 0)
(1.32563 0.856931 2.724e-20)
(0.00659091 0.00281281 -2.65455e-19)
(1.23028 -0.279862 -1.99712e-20)
(1.02202 -0.000172807 0)
(1.04854 -0.00550394 3.66637e-21)
(0.78639 0.444695 0)
(-0.527422 -0.218773 -2.83318e-19)
(1.29494 0.929196 -3.44721e-20)
(1.05352 -0.00797059 5.07352e-21)
(1.03926 -0.0141261 9.05282e-21)
(-0.369604 -0.0898875 -3.72737e-21)
(-0.141391 -0.402285 -1.22345e-19)
(1.01212 0.0631467 1.90011e-19)
(-0.313257 -0.241324 0)
(0.973173 0.198017 2.66235e-21)
(1.75348 0.415649 -3.66135e-20)
(1.5012 -0.84331 5.27547e-20)
(1.22363 -0.287445 -9.51503e-20)
(1.61895 -0.29706 3.12083e-20)
(-0.267466 -0.083024 6.58124e-20)
(0.626031 0.561483 1.94457e-19)
(0.144184 -0.0780942 2.62161e-19)
(1.03455 -0.0258581 -1.61318e-22)
(1.03962 0.00579412 -9.11881e-22)
(2.23597 -0.34124 8.19105e-20)
(0.902197 0.610246 1.03513e-19)
(-0.301628 0.145991 1.00659e-18)
(1.81153 0.398976 -2.91625e-19)
(0.973516 0.269349 -1.15764e-19)
(-0.829715 -0.615166 -1.70721e-19)
(-0.358359 0.543967 0)
(0.993293 0.00808115 4.24868e-19)
(0.834523 -0.417542 0)
(0.884632 0.569627 -1.08311e-19)
(1.06312 -0.00179367 1.40831e-21)
(-0.163131 -0.601372 -1.78759e-20)
(1.82733 -0.414357 0)
(1.14267 -0.353237 0)
(1.49896 -0.270414 1.12263e-19)
(1.44389 -0.0498318 4.53309e-19)
(1.06473 -0.316365 0)
(-0.248609 -0.750423 -2.69836e-19)
(0.926323 -0.0914572 -2.07443e-19)
(0.751518 -0.632548 -5.42844e-20)
(-0.862881 -0.313668 3.83772e-19)
(-0.243647 -0.290271 -1.29368e-19)
(-0.0742817 0.0129577 -2.62586e-19)
(0.119317 -0.0708672 -1.61866e-19)
(-0.764181 -0.254964 8.60151e-21)
(0.806251 -0.285593 -1.22195e-19)
(1.04458 -0.00121061 -2.78118e-21)
(0.665552 0.0201328 0)
(0.79923 0.12504 2.57478e-19)
(1.20218 -0.347227 4.01464e-21)
(0.976612 -0.132162 -4.79483e-21)
(0.604628 0.532023 1.45741e-19)
(1.87103 0.150296 -2.22604e-20)
(1.6702 -0.840942 3.31358e-20)
(1.05158 -0.0426413 3.40014e-20)
(0.80897 -0.37547 1.22941e-19)
(0.488836 -0.205476 0)
(-0.218391 -0.256036 1.32443e-19)
(0.967932 0.10379 1.28133e-19)
(1.0998 0.708677 6.84035e-20)
(-0.183866 -0.220242 2.81369e-19)
(1.03833 -0.589812 2.32565e-19)
(0.117957 -0.106799 0)
(1.83359 0.89237 0)
(0.236314 0.229403 2.9099e-19)
(1.59517 0.573301 0)
(-0.289859 0.31548 0)
(0.965941 -0.604486 -2.05726e-19)
(-0.156996 -0.186479 4.20174e-19)
(-0.100343 -0.0708831 1.8945e-19)
(1.0621 -0.000635407 4.03274e-20)
(1.60117 1.06796 -2.85957e-23)
(0.956571 -0.0418205 -1.44611e-19)
(0.119924 -0.116877 7.37574e-20)
(1.0399 0.152469 -1.37023e-19)
(-0.269015 0.306403 4.04076e-19)
(1.05066 0.365017 0)
(0.24301 0.241845 -1.4649e-19)
(-0.835172 0.339629 2.33646e-19)
(1.89937 0.335041 0)
(-0.789194 -0.360222 -1.23e-19)
(0.0198791 0.0656915 1.62995e-19)
(-0.798647 -0.368307 0)
(0.0133603 0.0254517 -5.60057e-20)
(0.217834 -0.217388 0)
(0.98633 -0.697493 0)
(-0.211937 0.249164 2.85999e-19)
(0.546134 -0.514409 3.79481e-19)
(-0.131599 -0.16246 -2.54261e-19)
(-0.634454 -0.232077 -2.47332e-19)
(0.225443 -0.227336 -1.47521e-19)
(0.251296 0.245928 4.2723e-19)
(0.262561 -0.371405 -3.76856e-19)
(-1.08623 -0.248832 -1.96564e-19)
(0.0113143 0.0145637 0)
(-0.215991 -0.688555 2.21991e-19)
(1.01949 -0.13588 -2.66103e-19)
(-0.182709 0.216011 1.36263e-19)
(1.57017 -0.521715 6.85602e-21)
(1.52578 0.199465 0)
(2.09366 0.23828 -2.81355e-20)
(0.943271 -0.0421225 0)
(-0.0756675 -0.0904121 0)
(0.211365 0.210665 0)
(0.966534 0.077968 0)
(1.08297 -0.246752 0)
(0.983504 0.111423 -2.53456e-19)
(0.242714 0.241247 -1.39845e-19)
(-1.0449 -0.186118 -2.40844e-19)
(-0.0951686 -0.122463 2.79349e-19)
(0.982036 -0.191134 1.36825e-19)
(0.750339 -0.363014 0)
(-0.337824 0.0836459 -3.10039e-19)
(1.00757 -0.0170717 -1.6949e-19)
(-0.997379 -0.10287 3.69206e-19)
(-0.000163974 -0.0127305 0)
(-0.110624 -0.14756 -1.48742e-19)
(0.296252 0.27647 -1.34703e-21)
(0.266254 0.253793 0)
(-0.0157745 -0.0288439 1.33035e-19)
(-0.556032 0.643441 2.9438e-19)
(1.28492 -0.475881 1.36665e-19)
(1.7095 -0.409123 1.02682e-20)
(1.37369 0.139372 -4.91801e-19)
(1.02687 0.043669 0)
(0.347521 0.338826 -1.87935e-19)
(-1.36407 -0.0186761 4.03905e-19)
(0.329024 0.319591 -3.15823e-19)
(0.323193 0.313978 1.01803e-19)
(0.874427 -0.586494 0)
(-0.115875 0.140005 7.76842e-20)
(-0.244961 0.280388 0)
(0.0103566 0.00151545 3.2671e-19)
(-0.0849459 -0.11963 2.9954e-19)
(0.476223 -0.373733 5.39392e-19)
(1.09156 -0.0732556 8.44312e-21)
(0.355183 0.355016 0)
(-0.142377 0.161414 3.35054e-19)
(0.221668 -0.226238 3.00832e-19)
(1.17114 0.143087 -4.01253e-21)
(0.350036 0.351102 0)
(1.01387 0.334399 -8.671e-21)
(-0.382432 0.872409 -6.88228e-20)
(1.50931 0.443941 2.22998e-20)
(0.0217472 0.0156101 0)
(1.19727 0.772567 0)
(-0.0406677 0.05572 -4.11375e-19)
(0.316698 -0.317181 -2.18597e-19)
(0.260408 -0.232551 1.79274e-20)
(1.99689 0.266005 -5.55136e-20)
(1.08952 0.340894 -9.91931e-20)
(0.290887 -0.28172 -2.22453e-19)
(1.02851 -0.0211646 2.86508e-19)
(0.998318 0.066324 0)
(1.04507 -0.0033315 -3.47582e-22)
(1.05534 0.0195972 1.02396e-19)
(1.02003 -0.0209781 -2.34998e-22)
(1.36572 -0.487862 0)
(1.17455 0.185566 -8.64233e-20)
(1.98338 0.439738 -2.42105e-19)
(-0.0876028 0.113222 0)
(-0.172209 0.117021 4.44622e-19)
(1.79261 0.505815 0)
(0.998508 -0.000432838 4.56062e-20)
(0.315054 -0.302977 -1.0307e-19)
(1.00019 -0.000393686 4.66767e-19)
(1.2779 -0.00694807 0)
(1.16361 -0.897602 0)
(0.0290297 0.0258571 1.15979e-19)
(0.0944503 0.0176091 0)
(1.05543 -0.0139908 6.02654e-20)
(0.541851 0.416083 5.25121e-20)
(0.720301 -0.0107584 -3.85173e-19)
(-0.063876 0.0817009 0)
(-0.572706 -0.0387111 2.76559e-19)
(-1.1244 -0.184352 0)
(1.87498 0.801801 0)
(0.0234363 0.0368482 0)
(0.00404682 0.0296643 1.1154e-19)
(1.73364 0.767967 -8.04707e-20)
(1.0063 0.0433146 0)
(-0.292532 0.288027 1.2e-19)
(0.0133682 -0.0108634 0)
(1.03948 -0.0040728 0)
(1.59045 -0.798549 -3.2181e-20)
(0.399992 0.376578 1.45437e-19)
(-0.00737499 0.412093 8.17296e-21)
(0.0334932 0.0331921 -1.21873e-19)
(0.816844 -0.60825 -3.71246e-19)
(1.04078 0.273777 0)
(0.391583 -0.00447576 1.38101e-19)
(1.03834 -0.0127334 0)
(0.891913 -0.0666057 2.83599e-19)
(0.229555 0.0930816 -1.43201e-19)
(0.419976 0.397798 -6.98532e-20)
(0.751588 0.253209 1.59488e-19)
(-0.439166 0.673774 2.90105e-19)
(1.05904 -0.00298843 -4.96243e-21)
(0.206353 -0.207204 1.64295e-19)
(0.0333699 0.0345076 2.71452e-19)
(1.45115 -0.448556 -6.59439e-20)
(-0.0198459 0.0338641 1.36783e-19)
(-0.00819305 -0.0129262 0)
(-0.136908 -0.133846 -1.08031e-19)
(0.029562 -0.0269873 1.31561e-19)
(1.00765 -0.182419 0)
(0.387021 -0.354134 1.02445e-19)
(0.268843 0.263376 1.26574e-19)
(0.262078 0.262318 -2.78035e-19)
(1.04489 -0.000499769 0)
(0.353586 -0.351739 -1.8001e-19)
(1.70603 0.472852 0)
(1.04796 -0.00409921 -3.44862e-21)
(0.0326085 0.0334727 1.33266e-19)
(0.888074 -0.0370163 0)
(0.613719 0.579236 -1.44423e-19)
(1.01371 -0.0227701 -2.10025e-19)
(1.09064 -0.021407 -1.02824e-19)
(0.846899 -0.000634618 -3.52622e-22)
(0.846823 -0.00244637 1.6098e-21)
(1.05429 0.0155431 -2.79259e-19)
(1.93609 0.269418 -4.34237e-20)
(-0.170015 -0.0197047 1.82244e-19)
(0.0241648 -0.0179588 -2.62945e-19)
(-0.104852 -0.00383023 -2.49739e-19)
(1.28982 -0.349897 6.35134e-20)
(0.0373365 -0.0324424 3.0352e-22)
(1.06067 -0.0141602 -1.21969e-19)
(0.418982 -0.404921 6.42454e-20)
(0.0320418 0.0123488 3.34689e-19)
(0.228959 -0.219444 0)
(-0.302 0.517844 1.01385e-21)
(1.63649 1.00037 0)
(0.868752 0.00373305 -1.14748e-19)
(-0.468304 -0.114086 -2.4957e-19)
(-0.65208 -0.357833 -2.32741e-19)
(1.07872 0.477725 0)
(0.445586 0.419816 -1.78217e-19)
(0.00657694 0.00345945 1.36861e-19)
(0.742204 0.469013 -3.76733e-19)
(0.564162 0.549177 -9.4869e-20)
(1.04049 -0.0205186 0)
(1.06101 -3.87518e-05 -5.5733e-21)
(1.70029 -0.361186 -4.29837e-22)
(0.301079 0.647134 0)
(0.0297843 0.0323577 -1.15652e-19)
(1.05718 -0.0906477 -9.15039e-21)
(0.380272 0.379096 5.08176e-19)
(1.78533 -0.410577 7.56929e-21)
(0.468404 -0.42875 -1.29424e-19)
(-0.976833 -0.320886 1.75432e-19)
(0.0400268 -0.0374462 -1.49427e-19)
(0.533401 0.437982 -2.94226e-19)
(0.586912 0.536461 -5.73242e-20)
(0.538967 0.499524 6.31951e-21)
(0.0453647 -0.0401754 7.02421e-20)
(-0.0437994 -0.0510925 -1.72775e-19)
(0.999397 0.0162019 1.38852e-19)
(0.259412 -0.249906 0)
(0.472901 0.444919 0)
(0.500244 -0.467894 1.07567e-19)
(0.0450129 -0.0458237 -2.60586e-19)
(-0.386581 -0.420892 -6.83804e-20)
(1.88789 -0.293417 2.26103e-20)
(0.506863 0.470469 0)
(0.479057 -0.475687 0)
(0.0284297 -0.042835 0)
(1.1033 0.044172 6.8611e-20)
(0.653474 0.584299 0)
(-0.0112565 -0.0259913 2.57142e-19)
(0.206134 0.200021 -5.53611e-19)
(-0.0553218 0.0143933 7.25533e-20)
(1.73025 0.258158 3.01308e-19)
(-0.026911 -0.0386225 -1.79076e-19)
(1.2377 0.489402 -2.18334e-19)
(0.144934 -0.126483 -2.37118e-19)
(-0.119092 0.0595991 4.29294e-19)
(-0.383073 0.451643 -3.96425e-19)
(-0.0816602 -0.0454568 -2.4451e-19)
(0.692859 -0.654405 0)
(-0.175837 0.122234 -2.52681e-19)
(0.742831 0.644994 0)
(-0.438918 0.409121 1.15343e-19)
(1.00068 0.0108124 1.00194e-21)
(0.735427 0.395071 -3.08353e-20)
(-0.217645 0.15829 1.29195e-19)
(0.853162 -0.706084 0)
(-0.1198 -0.0724945 2.31775e-19)
(0.866674 0.724645 -4.60453e-20)
(0.37472 0.349389 -2.15849e-19)
(0.358701 -0.275084 4.27831e-19)
(0.539199 0.467507 1.42239e-19)
(1.01001 -0.0108579 0)
(0.479717 0.446431 0)
(1.81536 0.464315 0)
(1.04288 -0.00606679 0)
(-0.201602 0.277261 -1.21876e-19)
(0.728656 -0.58755 3.5153e-19)
(-0.0480181 -0.0216561 -2.24459e-22)
(1.09033 -0.297126 2.37072e-19)
(0.400114 -0.374488 2.16633e-19)
(2.32514 -0.0695401 0)
(1.36051 -0.359683 0)
(0.477246 0.00528248 -7.18151e-19)
(0.430103 -0.146329 0)
(1.7904 0.317189 -1.59009e-20)
(0.541823 -0.186282 -1.94181e-20)
(0.715523 0.663784 1.69911e-19)
(1.16739 0.255694 8.07794e-20)
(-0.00711909 0.0149388 0)
(-0.110545 0.167533 1.23682e-19)
(-0.00734711 0.0132185 0)
(0.798093 0.373514 6.69667e-19)
(0.623766 -0.0107506 1.54255e-21)
(0.729778 0.351411 0)
(1.02033 0.0240203 1.31063e-19)
(1.31569 -0.241374 1.07598e-19)
(1.00889 -0.0119441 -4.25239e-22)
(0.296356 -0.276707 1.32611e-19)
(0.312859 0.308819 0)
(-0.0833708 -0.115542 0)
(-0.187208 -0.711168 7.66937e-20)
(1.54874 0.209227 5.72268e-20)
(1.04448 2.78347e-05 4.16501e-21)
(0.139519 0.130459 0)
(1.02599 -0.015911 4.43599e-19)
(1.42885 -1.00372 2.53502e-20)
(-0.206989 0.564908 4.50931e-19)
(-0.102157 -0.116198 -3.76854e-19)
(0.936016 -0.422964 2.95604e-19)
(-0.0190316 -0.0067748 2.03522e-19)
(1.73845 -0.649982 0)
(0.34902 -0.31868 -2.75059e-19)
(1.04939 -0.016847 -5.13211e-20)
(1.03078 -0.0267418 -1.89817e-19)
(0.985051 -0.0105584 -3.92147e-22)
(1.00099 -0.00843638 2.12801e-22)
(1.03026 0.0271236 -1.50307e-19)
(1.31475 0.353177 0)
(0.0368515 0.0472788 -1.86791e-19)
(0.73512 0.922359 -8.5991e-19)
(-0.4125 -0.49272 9.25049e-20)
(0.343522 0.323442 -1.06845e-19)
(0.0104669 0.0150355 0)
(0.058569 -0.0478428 0)
(1.71226 -0.80959 -1.08002e-19)
(1.00952 0.0879766 1.41573e-20)
(0.386241 -0.185851 4.96591e-19)
(-0.0994446 -0.163924 -2.3847e-19)
(1.01259 0.0144731 -5.4099e-22)
(0.727772 -0.684563 -5.34505e-20)
(1.14296 -0.02927 1.21789e-20)
(1.0407 0.00055795 -7.08528e-20)
(0.0234295 0.0268282 0)
(0.9593 0.651419 3.11714e-19)
(0.754758 -0.205561 0)
(0.372075 -0.343504 0)
(0.0120643 0.0226554 2.18712e-19)
(1.03892 -0.0144297 2.41352e-19)
(0.505027 -0.473713 0)
(0.801061 0.732705 4.94632e-21)
(-0.802053 -0.2004 -2.0789e-19)
(0.0440446 -0.0290713 1.22411e-19)
(0.320631 0.13447 1.95053e-19)
(1.46871 -0.237599 -2.20991e-20)
(2.0158 0.0312956 -4.34522e-19)
(1.66811 -0.274754 -8.55561e-21)
(0.96233 0.573465 1.05891e-19)
(1.0244 0.21996 1.5915e-19)
(-0.446289 -0.462037 -7.11576e-20)
(-1.1335 -0.331227 3.8295e-19)
(1.05301 -0.00713221 0)
(0.755152 0.223811 1.88651e-19)
(1.2801 -0.468776 1.22822e-19)
(-0.504368 0.587891 0)
(1.05892 -0.00968993 -2.46648e-21)
(1.04713 -0.0118121 3.12718e-20)
(-0.753647 0.512902 0)
(1.00926 0.10612 -1.29835e-20)
(0.632585 -0.215661 0)
(0.535222 -0.511635 -4.00684e-20)
(1.00295 0.197368 1.72263e-19)
(0.827848 0.447389 2.21476e-19)
(0.773393 0.40451 3.21895e-20)
(1.04219 -0.00231687 0)
(-1.29553 -0.185771 -2.30713e-19)
(1.58008 -1.00585 9.88403e-20)
(1.04195 0.806942 5.92537e-20)
(-0.140997 -0.124912 1.84371e-19)
(1.81444 -0.24722 1.37548e-19)
(0.0613327 -0.0717726 1.10658e-19)
(0.825074 0.266688 0)
(0.848927 0.490551 0)
(-0.271809 -0.350739 2.36019e-19)
(1.01926 -0.156148 0)
(-0.446631 0.1485 -1.02181e-20)
(1.03532 -0.00926356 3.6474e-20)
(-0.0299587 -0.054921 1.26346e-21)
(1.11375 -0.00442336 7.56535e-21)
(1.35169 -0.36139 -4.14839e-21)
(1.02386 -0.466557 0)
(1.03812 0.0212625 -3.62731e-19)
(0.772695 0.696949 1.40011e-19)
(0.749359 0.404124 -1.02384e-18)
(1.09548 -0.849227 7.65439e-20)
(0.578236 0.0656723 3.47737e-21)
(0.727687 -0.24312 -4.20308e-19)
(1.05574 -0.137927 1.26615e-20)
(1.00044 -0.257188 1.95112e-19)
(-0.550424 0.604374 0)
(0.605719 0.178234 0)
(0.960693 -0.0722386 -2.66733e-19)
(1.07201 0.619803 0)
(0.830887 -0.336303 2.64866e-19)
(-0.867712 -0.544888 0)
(1.22384 0.236433 3.30471e-20)
(-0.00612637 -0.125522 -1.34994e-19)
(1.83536 0.74699 0)
(-0.324423 -0.43079 0)
(2.05082 0.504701 8.14658e-20)
(-1.15198 0.203531 0)
(0.0352419 0.26124 -5.79312e-19)
(0.936341 0.613404 -1.04224e-19)
(2.0728 -0.347927 -2.17112e-20)
(0.201797 -0.186903 1.48306e-19)
(-0.210892 0.154197 1.45098e-19)
(1.91563 -0.430636 0)
(0.122002 -0.131025 -2.318e-19)
(0.0249888 -0.089421 0)
(1.05619 -0.166491 -1.10931e-19)
(-0.0585968 -0.157301 -3.43236e-19)
(-0.93597 -0.515571 3.59157e-19)
(0.86895 -0.132502 7.11966e-20)
(1.92755 -0.231316 5.35581e-20)
(0.437782 0.419229 0)
(0.685331 -0.29559 -8.3691e-20)
(0.171434 0.879275 5.99343e-19)
(1.41296 0.450941 0)
(1.04257 0.585503 0)
(-0.116454 -0.0638705 -1.93237e-19)
(1.48227 -0.294187 -1.55873e-19)
(0.859467 -0.226489 -9.14458e-20)
(1.90667 -0.0299536 7.30682e-19)
(1.82696 -0.859579 -1.13659e-19)
(1.36335 0.334349 -3.01241e-19)
(1.07071 0.661008 -1.4842e-19)
(1.93672 -0.4258 6.91819e-20)
(-0.292302 -0.351958 -1.56005e-19)
(1.03932 0.00453548 2.57259e-19)
(1.65633 0.220997 1.02359e-20)
(1.53125 0.280816 -3.98488e-19)
(0.99788 0.0450688 7.13714e-21)
(-0.562 0.0511126 1.7545e-19)
(-1.38655 0.016648 0)
(-0.785985 0.48404 0)
(0.706818 0.233132 0)
(1.82927 -0.243418 1.03345e-19)
(-0.431197 -0.557507 -2.69822e-19)
(0.492288 0.389738 0)
(0.0455102 0.0358621 1.28736e-19)
(1.58048 -0.364772 -3.69013e-20)
(-0.0879287 -0.0350841 -1.96941e-19)
(1.01896 0.686549 1.8442e-19)
(1.17937 0.29219 1.39328e-19)
(-0.696612 -0.182742 1.17223e-19)
(0.902797 0.804653 -1.56532e-19)
(1.19927 -0.263795 6.07664e-20)
(0.959573 0.00252725 -2.42636e-19)
(1.06001 -0.0547901 -8.83593e-20)
(0.783201 0.287434 0)
(0.154583 -0.0468516 0)
(1.13521 -0.155801 4.98558e-20)
(1.34583 -0.287401 -1.21619e-19)
(-1.10433 0.235093 -1.17501e-20)
(1.04681 0.252788 1.80365e-19)
(1.31195 1.04635 0)
(0.834517 0.308638 -1.5324e-19)
(0.534339 0.178551 -9.13488e-20)
(0.736235 -0.300642 3.49614e-19)
(0.761938 -0.268921 -1.16162e-19)
(1.79274 0.155509 3.81531e-19)
(-0.660672 -0.092669 1.31192e-19)
(-1.00624 -0.403255 -1.43788e-19)
(0.50425 0.49037 3.84047e-19)
(-0.644154 0.115466 -4.254e-19)
(1.58032 0.0728443 1.98543e-21)
(1.33443 -0.391989 3.76639e-19)
(0.0416421 0.0246432 -4.38155e-19)
(0.572568 0.395824 -2.94639e-19)
(0.891536 0.492131 0)
(-0.0636068 0.102472 -1.45911e-19)
(-0.406519 0.438566 -3.05696e-19)
(-0.227825 0.554792 -2.59845e-19)
(-0.00640143 0.0342213 -1.50232e-19)
(1.07695 0.0442692 -7.25201e-20)
(-0.415154 0.72787 -1.66701e-19)
(0.910645 0.528465 9.76363e-20)
(1.41957 0.831192 7.2169e-21)
(0.73022 0.676694 0)
(0.996418 0.64738 0)
(-0.149027 -0.0766683 -1.99713e-19)
(-0.748215 -0.0235256 0)
(0.949953 0.535071 -9.58443e-20)
(0.0293009 -0.059782 0)
(1.05864 -0.00126608 -1.5463e-21)
(0.670478 0.00066751 5.68433e-19)
(0.0202682 -0.00765925 6.89368e-22)
(-0.0330179 0.141663 0)
(0.56175 0.532252 0)
(-0.918258 0.329307 2.82394e-19)
(-0.416475 0.464399 1.25702e-19)
(1.82681 -0.307302 -2.63328e-20)
(-0.539815 -0.480216 2.75453e-19)
(0.552282 -0.0493724 -4.81008e-19)
(2.1387 -0.442953 3.94177e-20)
(1.70147 -0.198849 -2.37462e-20)
(-0.108048 0.175698 -1.29688e-19)
(0.348884 -0.337538 -3.24579e-19)
(-0.16338 0.234444 2.22934e-19)
(-0.478486 0.484652 0)
(0.784183 0.717647 1.73669e-20)
(1.43307 -0.127901 -4.4762e-19)
(-0.0944534 -0.0257268 -2.9454e-23)
(0.562405 -0.134609 0)
(0.636921 0.599689 -2.02839e-20)
(0.451965 -0.437187 2.41255e-19)
(-0.447258 0.53364 1.20317e-21)
(0.397547 0.381919 -3.1765e-19)
(1.10811 -0.0090368 0)
(2.14614 -0.305199 3.9724e-19)
(-0.404303 0.497963 0)
(-0.50119 0.637306 -1.77874e-19)
(-0.208408 0.321442 1.00565e-19)
(0.416635 0.391043 2.49529e-19)
(0.814696 0.747321 -1.785e-19)
(-0.163635 -0.316528 2.83727e-19)
(-0.155386 0.250079 -2.28443e-19)
(-0.327896 -0.388768 -2.79742e-19)
(0.834521 0.320218 0)
(-0.401245 0.312104 -1.3104e-19)
(0.429418 -0.392569 2.64015e-19)
(-0.0488014 -0.0109541 -2.35718e-19)
(1.24838 0.226158 -1.36563e-19)
(0.0313377 -0.0116696 7.50513e-20)
(0.797691 0.736185 0)
(0.71888 0.673057 0)
(0.868763 0.78309 -1.39634e-19)
(0.905064 0.813212 4.20331e-20)
(1.41851 -0.805695 -4.77126e-20)
(-0.475258 0.389009 -4.31358e-21)
(0.913086 0.451189 0)
(-0.328599 0.39124 -7.59231e-20)
(1.51768 0.997611 -3.56621e-19)
(1.29904 -0.412792 2.0154e-19)
(1.46725 -0.458498 0)
(0.395634 -0.363823 3.91727e-21)
(1.88416 -0.316835 -1.74977e-19)
(-0.543863 0.542205 -2.18495e-19)
(-0.387513 0.694821 0)
(0.0178281 0.0152337 -3.32228e-19)
(0.881106 0.787119 3.63025e-20)
(0.815986 0.453517 1.63865e-19)
(0.0399729 -0.00877827 -4.13019e-19)
(0.531352 -0.514394 0)
(1.53519 -0.426967 0)
(-0.0402149 0.0753923 1.2546e-19)
(0.311196 -0.279179 -4.84661e-19)
(-0.353323 -0.434811 -1.80499e-19)
(-1.35776 -0.101236 -5.75796e-19)
(0.528036 -0.107201 2.6853e-19)
(-6.44595e-05 0.0472581 1.36326e-19)
(0.950346 0.836371 0)
(-0.477367 0.242606 2.10017e-19)
(0.0280404 -0.065727 -1.34691e-19)
(0.0505619 -0.0313848 6.26992e-20)
(0.375087 -0.323578 1.58199e-19)
(0.0124949 -0.0863876 -2.52309e-19)
(0.650875 -0.159718 2.59513e-19)
(0.0552545 -0.0413722 -6.94084e-20)
(-0.70954 0.0880442 -2.86524e-19)
(0.775169 0.322425 0)
(1.89262 -0.12854 3.93529e-20)
(-0.563815 0.354207 1.9776e-19)
(0.993767 0.836417 1.89067e-19)
(-0.509862 -0.492731 3.93411e-19)
(1.00621 0.885141 1.2136e-20)
(1.91342 -0.304029 -7.2154e-21)
(0.022448 0.0439306 2.04363e-19)
(1.1496 -0.26724 -3.77387e-21)
(-0.13062 -0.842601 2.50501e-19)
(0.013487 0.0695364 2.01967e-19)
(0.0456374 -0.0794088 2.39538e-19)
(-0.00672197 -0.0771738 -2.37691e-19)
(-0.113962 -0.0554404 2.51823e-19)
(1.10856 -0.273592 7.46075e-20)
(1.11523 0.959921 1.2156e-20)
(1.97635 -0.235005 2.11178e-20)
(-0.0657128 0.12798 2.75816e-19)
(0.61434 -0.122508 0)
(1.29476 -0.442608 0)
(-0.460087 0.511437 0)
(1.12337 0.838544 2.85193e-19)
(1.68183 -0.779445 3.93394e-20)
(0.00413044 0.100012 -1.4681e-19)
(-0.0735996 -0.129506 2.23484e-19)
(-0.0327026 0.0816497 0)
(1.72554 -0.221808 -6.50055e-20)
(0.45597 0.429513 -4.51768e-19)
(-0.340538 0.592593 -1.91799e-19)
(-0.147236 -0.0613699 -2.30534e-19)
(-0.897064 0.39925 3.54942e-19)
(2.03684 -0.276261 0)
(1.37886 1.03381 -9.42444e-21)
(-0.130011 -0.0624699 -1.13214e-19)
(0.468389 -0.0914315 0)
(0.598677 -0.0416829 -2.7538e-19)
(1.08494 0.889452 0)
(-0.821238 -0.0471003 2.59444e-19)
(-0.120103 -0.0444979 2.2045e-19)
(0.962647 0.837503 -5.62677e-20)
(-0.121916 -0.0505519 1.08202e-19)
(0.451325 -0.0467501 -1.68912e-19)
(1.03204 0.888138 0)
(0.463363 -0.436731 -6.00569e-20)
(0.897071 0.766112 1.06801e-19)
(0.477908 -0.417269 -2.40797e-19)
(1.10023 0.942127 0)
(0.299165 0.0846243 -6.33182e-20)
(-0.869509 -0.134683 2.32118e-19)
(1.18115 0.97532 -1.44739e-20)
(-0.478298 0.606396 -3.06642e-19)
(1.36817 1.02263 -3.46802e-20)
(1.66415 -0.638895 -3.08296e-20)
(0.0469327 -0.00171438 2.65537e-19)
(0.634922 -0.0764572 -1.14168e-19)
(1.78043 -0.166713 0)
(1.19186 0.976608 1.22298e-20)
(1.96935 -0.0542149 0)
(0.840188 -0.258419 3.50479e-19)
(-0.911208 0.0303919 -4.62732e-19)
)
;

boundaryField
{
    frontback
    {
        type            empty;
    }
    Top
    {
        type            noSlip;
    }
    outlet
    {
        type            zeroGradient;
    }
    bottom
    {
        type            noSlip;
    }
    Inlet
    {
        type            fixedValue;
        value           uniform (1 0 0);
    }
    rectangle
    {
        type            noSlip;
    }
}


// ************************************************************************* //
