/*--------------------------------*- C++ -*----------------------------------*\
| =========                 |                                                 |
| \\      /  F ield         | OpenFOAM: The Open Source CFD Toolbox           |
|  \\    /   O peration     | Version:  2306                                  |
|   \\  /    A nd           | Website:  www.openfoam.com                      |
|    \\/     M anipulation  |                                                 |
\*---------------------------------------------------------------------------*/
FoamFile
{
    version     2.0;
    format      ascii;
    arch        "LSB;label=32;scalar=64";
    class       volVectorField;
    location    "31.9";
    object      U;
}
// * * * * * * * * * * * * * * * * * * * * * * * * * * * * * * * * * * * * * //

dimensions      [0 1 -1 0 0 0 0];

internalField   nonuniform List<vector> 
2186
(
(1.32175 -0.0663203 1.89082e-19)
(1.65503 -0.964741 -1.11876e-19)
(1.49567 -0.940356 -2.4812e-22)
(0.764203 -0.605862 -1.28996e-19)
(-0.0809359 0.247132 -1.63093e-19)
(1.41177 -0.14561 0)
(0.748896 -0.692114 0)
(-0.227222 -0.274236 1.2342e-19)
(1.4934 -0.196967 2.0511e-19)
(0.572412 -0.339557 -2.51919e-21)
(0.65983 0.594435 0)
(0.858413 -0.284338 -1.52974e-19)
(-0.248902 -0.259974 -4.87301e-20)
(1.21148 0.0218721 -3.35422e-19)
(1.84483 -0.702671 -1.18003e-19)
(1.01201 -0.00449388 1.59692e-19)
(0.979385 0.0117947 0)
(-0.300013 0.410513 0)
(0.961108 0.231879 0)
(-0.124338 0.17607 -5.86951e-20)
(0.481473 0.0560007 -1.06776e-19)
(-0.159048 0.19708 8.12866e-20)
(1.19728 0.0256493 2.77511e-19)
(-0.206138 -0.0699233 6.24892e-21)
(1.03487 0.00496294 -2.18285e-19)
(0.81547 -0.580591 0)
(0.764599 -0.0517054 1.32387e-19)
(0.63533 -0.614765 -1.45456e-19)
(1.1896 0.69885 0)
(0.966451 0.0231753 -2.98026e-19)
(-0.0632257 0.0829598 0)
(1.02725 -0.0139425 1.03211e-20)
(-0.207098 0.0248429 0)
(2.04006 0.170336 1.87191e-19)
(-0.123738 -0.190726 1.56163e-21)
(1.51121 0.762798 7.48154e-20)
(1.83532 0.0825303 1.34828e-19)
(0.504754 0.104934 -3.18757e-19)
(1.85731 0.249482 -2.30305e-19)
(1.47572 -0.00809326 3.30914e-21)
(-0.277207 -0.258196 0)
(-0.104947 0.144269 0)
(1.93132 -0.90271 1.02323e-19)
(-0.381028 0.101409 0)
(1.09627 0.271906 1.44811e-19)
(0.614405 -0.320786 2.56796e-19)
(0.952566 -0.811763 0)
(1.21868 -0.811316 8.43253e-20)
(2.18502 0.0503679 0)
(-0.125701 0.440382 1.45402e-19)
(-0.0618432 0.11119 8.67118e-20)
(0.612474 0.565199 7.65831e-20)
(2.12364 -0.777497 1.28787e-19)
(0.58375 0.24459 -2.57263e-19)
(-0.31443 -0.160539 3.16897e-20)
(0.789855 -0.674259 0)
(1.71504 -0.996309 1.95566e-20)
(0.60484 -0.564302 0)
(2.21903 0.229063 6.72732e-20)
(1.15483 -0.176762 -3.06386e-19)
(2.15324 -0.0948646 1.86536e-19)
(1.32834 0.299127 -1.70466e-19)
(1.32568 0.526902 0)
(1.75284 -0.0454183 -3.62627e-21)
(1.34791 0.385116 -1.0498e-19)
(1.28316 -0.754941 -1.12191e-19)
(1.1496 0.649693 5.05478e-20)
(0.677933 0.0474199 -5.14595e-19)
(0.817371 0.0383298 0)
(2.3094 -0.173634 -7.67822e-20)
(-0.232678 -0.295149 -1.45744e-19)
(2.54227 0.0506645 -1.99401e-19)
(0.729482 -0.0623411 -2.25565e-19)
(0.899344 -0.539569 0)
(0.819663 0.161034 -8.39997e-20)
(0.571387 -0.532621 -2.64448e-19)
(2.39089 0.0214064 0)
(1.00716 0.00817324 3.27874e-19)
(-0.118628 -0.228121 0)
(1.97223 0.346317 0)
(0.60485 0.316729 6.67162e-20)
(1.49808 -0.0820076 -2.37733e-20)
(1.0236 0.00441885 3.62309e-20)
(1.29653 0.406633 2.63568e-20)
(0.974112 0.0220436 3.79383e-19)
(1.04271 0.0254929 -9.01688e-21)
(0.661212 0.150626 -3.09076e-19)
(1.10797 -0.0411869 5.92535e-21)
(1.34957 -0.231397 0)
(-0.0723264 -0.0672113 1.12394e-19)
(0.887251 -0.645815 -1.4063e-19)
(-0.106549 0.0504157 -9.81359e-22)
(1.12785 -0.0823384 2.17717e-19)
(0.830909 -0.203725 0)
(0.974958 0.0225731 3.63622e-20)
(1.34198 0.63518 0)
(1.66606 -0.977839 0)
(1.28771 0.219209 0)
(-0.117745 0.389328 0)
(0.818275 -0.690944 2.52503e-19)
(0.548266 0.337222 -2.27525e-19)
(0.576348 0.377036 1.35756e-19)
(1.55107 0.191255 0)
(1.15994 -0.107143 -1.99027e-19)
(1.12425 0.0228625 1.62271e-19)
(-0.178407 0.203163 1.05392e-19)
(0.618598 0.483249 0)
(2.26419 -0.173112 -1.41516e-19)
(0.989183 -0.498721 7.06443e-20)
(-1.17048 0.311246 2.08542e-19)
(1.70798 0.310359 1.08549e-19)
(-0.0781939 0.320823 -2.30392e-19)
(0.844622 -0.767979 0)
(0.548959 0.321008 1.56583e-19)
(1.76546 -0.2159 -6.01925e-19)
(-0.199148 -0.0645427 -4.57881e-19)
(1.66014 0.397777 2.02769e-19)
(1.80646 0.0610712 0)
(-0.096276 -0.0935293 -3.36015e-19)
(0.715698 -0.0981687 7.10909e-20)
(1.53189 0.866356 0)
(-0.0868952 0.479664 -1.9044e-19)
(0.865938 0.743338 -2.57673e-19)
(-0.470857 0.399772 2.79491e-19)
(1.02834 -0.026431 0)
(1.60431 0.322628 -2.5549e-19)
(-0.0642586 0.274377 0)
(0.721134 -0.519124 -9.45097e-20)
(-0.354184 0.38777 -1.51426e-19)
(0.816601 -0.745824 0)
(0.455788 -0.311394 3.75476e-19)
(0.565752 -0.482281 2.49356e-19)
(0.428901 -0.388516 0)
(1.01449 -0.806849 -9.93556e-20)
(0.447796 0.244434 0)
(-0.0802718 0.495511 -1.14012e-19)
(0.838902 -0.723227 1.19029e-19)
(2.41292 -0.232838 3.25858e-19)
(2.15489 0.193024 0)
(-0.141172 -0.189851 0)
(0.666882 0.61931 -3.21513e-19)
(1.82947 -0.640337 2.28671e-20)
(-0.169114 -0.191646 0)
(1.01421 -0.832569 -1.10232e-20)
(1.16161 -0.10151 0)
(1.09307 -0.12981 3.45629e-19)
(2.08911 -0.146714 -1.40515e-19)
(-0.111776 0.319173 0)
(1.25234 -0.570283 -4.33684e-20)
(-0.30112 0.183629 -3.95353e-20)
(-0.0186672 0.0785978 0)
(1.1252 -0.839164 1.29776e-20)
(1.0071 0.00411967 -5.47725e-19)
(0.675192 -0.50554 -9.33836e-21)
(0.842335 -0.539707 0)
(1.23246 -0.752541 -7.17369e-20)
(0.645169 0.211144 2.41094e-19)
(1.2016 0.119677 0)
(1.47449 0.0813212 -2.42358e-19)
(1.23057 -0.881431 -1.36352e-19)
(-0.133677 -0.181294 -1.21751e-19)
(-0.361678 -0.15853 -1.95266e-19)
(1.06508 0.00273311 2.0737e-19)
(0.943037 -0.484984 -8.88338e-20)
(0.808965 0.0481302 -5.48529e-21)
(0.360029 0.329224 -4.06833e-20)
(0.766111 -0.124803 1.3643e-19)
(-0.114995 -0.087181 -3.0824e-19)
(2.02652 -0.331582 0)
(2.5722 -0.442751 1.5693e-19)
(1.42174 0.637392 1.31211e-19)
(0.834887 -0.638311 -1.84195e-19)
(0.995619 0.00801151 1.12222e-20)
(0.746512 -0.555258 2.59788e-19)
(1.27958 0.786058 1.19664e-19)
(1.80385 0.0728619 1.21484e-20)
(-0.139634 0.315777 0)
(1.08013 0.050601 -2.15496e-19)
(-0.627784 -0.0362259 -2.35333e-19)
(1.05288 0.477196 7.47321e-20)
(0.135447 -0.137554 1.86256e-19)
(1.1645 0.0263524 -3.87964e-20)
(-0.211202 0.0321501 -1.42221e-19)
(1.27218 0.571846 -7.31118e-20)
(1.11371 0.86795 0)
(-0.175509 0.335379 -8.94256e-20)
(-0.0555232 0.000153673 0)
(0.6344 0.543115 -2.59073e-19)
(2.06628 0.18375 -1.62494e-20)
(-0.259358 -0.202604 1.60038e-19)
(-0.351744 0.194861 -5.48913e-19)
(0.722862 0.0491009 2.26038e-19)
(1.92344 0.170661 -3.86915e-20)
(1.00294 -0.363342 -2.62843e-20)
(-0.0884205 -0.102614 0)
(-1.10992 0.47676 3.52773e-19)
(1.29895 0.951668 -1.90992e-20)
(0.836147 0.0542931 -1.23922e-19)
(0.538436 0.504859 1.80418e-19)
(0.434315 0.193833 0)
(-0.176546 -0.316795 -2.39398e-19)
(-0.963725 0.723991 3.04316e-19)
(1.33415 -0.984963 1.3899e-22)
(0.993306 -0.0431214 -1.69701e-19)
(-0.166549 -0.168578 6.22008e-21)
(0.0264646 -0.0174005 1.3707e-19)
(-0.235035 -0.211776 -2.17024e-19)
(1.90389 0.0189807 0)
(1.12363 0.0419894 -2.90076e-19)
(2.44727 0.167024 2.03793e-19)
(1.30696 -0.63787 7.31211e-20)
(1.02804 -0.092939 2.42557e-20)
(0.577956 0.299971 0)
(0.922323 0.732352 -1.52619e-20)
(0.664929 0.611278 1.72282e-19)
(0.923972 -0.586441 1.27339e-19)
(0.666296 0.479464 0)
(1.02426 -0.00177696 7.28842e-21)
(0.910046 -0.687886 1.81049e-19)
(0.82249 0.403604 -4.23891e-19)
(1.22895 -0.110758 0)
(-0.0757954 -0.05144 -3.21515e-19)
(-0.126313 0.0615306 -8.91756e-20)
(1.55989 0.70923 0)
(1.38827 -0.964539 -1.18967e-22)
(-0.272986 0.432266 0)
(-0.0477063 0.184356 1.02333e-19)
(0.716475 0.633461 -9.14256e-20)
(0.863061 -0.236647 0)
(-0.202548 -0.172355 0)
(1.66421 -0.46974 0)
(-0.799712 0.466118 4.85276e-19)
(1.24816 -0.909615 8.95867e-20)
(1.20779 -0.624355 4.81558e-20)
(1.07249 -0.178229 -1.37393e-19)
(0.907266 -0.717896 -1.42011e-19)
(0.195902 -0.200218 0)
(-0.671217 0.381998 0)
(1.02916 -0.530671 1.4691e-19)
(-0.16627 -0.218862 0)
(-0.106483 0.452716 0)
(-0.198051 -0.0364793 3.93754e-19)
(0.772521 0.651562 7.93154e-20)
(0.990616 0.775829 0)
(0.677573 0.532395 -7.89848e-20)
(0.835262 -0.0624809 -2.02257e-19)
(0.726532 0.541762 -2.11274e-19)
(0.573182 0.532148 -1.55403e-19)
(-0.20958 -0.313695 4.37144e-22)
(0.744959 -0.668405 0)
(0.892776 0.158218 -2.95653e-19)
(-0.265455 -0.305989 6.51916e-20)
(0.585121 0.542364 3.50649e-19)
(0.935034 0.778438 0)
(-0.193969 0.214208 3.34225e-19)
(-0.117529 -0.239131 3.73767e-19)
(-0.0891431 -0.0918861 -1.94488e-19)
(0.644568 0.549115 -1.37276e-20)
(0.969207 -0.00876284 5.31345e-20)
(-0.284139 -0.215702 0)
(2.19096 0.0171122 -3.18218e-19)
(2.03091 -0.251296 -4.83226e-19)
(0.677662 -0.628093 -6.43683e-20)
(-0.224479 0.449979 9.30284e-21)
(1.17318 0.448216 1.68789e-19)
(0.870215 0.39508 0)
(1.07135 -0.182649 1.65933e-19)
(0.00860681 -0.283312 -1.4332e-21)
(-0.120973 0.0279124 3.30062e-19)
(0.924944 0.017328 -4.67405e-20)
(1.10297 0.141883 0)
(1.8593 0.000355393 -3.25611e-19)
(1.85754 0.0870933 0)
(0.535066 0.223173 -4.22547e-19)
(0.0305175 -0.0161401 0)
(-0.223474 -0.291473 2.8637e-19)
(0.710655 0.104471 0)
(0.645091 -0.539511 -1.60402e-19)
(1.14605 0.0165759 1.8574e-19)
(-0.13343 0.386716 3.56802e-20)
(2.15525 -0.0418288 9.5153e-21)
(2.16027 -0.230233 -1.54041e-19)
(1.09895 0.219946 -2.01492e-19)
(-0.274983 -0.285724 -1.24008e-19)
(1.10705 -0.877068 0)
(0.81689 0.0177974 -1.3523e-19)
(0.949122 -0.396581 -2.52725e-19)
(1.7567 -0.587727 -1.0089e-20)
(1.77175 -0.00865963 3.02014e-19)
(1.07188 -0.00909463 3.46763e-19)
(0.0203222 -0.29231 -1.78577e-19)
(1.01905 -0.457051 -1.07203e-19)
(0.206285 -0.198746 2.26996e-19)
(1.00784 -0.0086942 0)
(1.00473 -0.00747296 0)
(1.24971 -0.107063 2.12909e-19)
(-0.0583863 0.41103 -8.00982e-20)
(0.187955 -0.118297 -1.62007e-19)
(2.05337 0.0427133 -9.24702e-21)
(1.17776 0.141095 0)
(1.775 0.166673 -1.28702e-19)
(0.975066 -0.848804 -5.4606e-20)
(1.83826 -0.574656 -9.72682e-20)
(1.08133 0.818209 0)
(0.493136 -0.475534 0)
(0.585618 0.496403 -1.64271e-19)
(1.08209 0.270114 -3.7271e-19)
(2.26608 -0.234088 4.92139e-22)
(0.856578 0.142575 1.26766e-19)
(-0.0743645 -0.291611 -5.05332e-19)
(1.6473 -0.359552 -5.2417e-20)
(-0.372837 -0.15936 0)
(-0.141706 -0.198206 0)
(-0.288899 -0.121606 0)
(1.37492 -0.743747 -5.07143e-20)
(-0.024876 0.0797933 -1.94218e-19)
(0.00938857 -0.0327608 0)
(1.26045 0.953403 -3.18398e-20)
(1.09859 0.141984 -3.85772e-19)
(1.99144 -0.0112936 -3.4381e-20)
(1.0539 0.899771 7.81073e-20)
(-0.089064 0.26466 1.17469e-19)
(1.26858 -0.170292 0)
(-0.275824 -0.0725936 -3.29824e-19)
(-0.056161 0.229517 2.25198e-19)
(0.776038 0.0112616 1.66126e-19)
(1.5023 0.928098 -3.76452e-21)
(1.38416 -0.0915371 -1.39377e-19)
(-0.126388 0.0323953 -1.424e-21)
(0.772419 -0.70484 -3.03648e-20)
(1.1044 -0.0219466 0)
(1.69487 -0.0535249 0)
(1.06533 0.0525937 0)
(-1.24701 0.365397 -2.19332e-19)
(-0.317095 -0.118735 1.17255e-19)
(1.02278 0.824296 0)
(1.00195 -0.0106782 4.56027e-19)
(0.747843 0.584231 -2.11973e-19)
(-1.1385 0.387247 -1.91853e-19)
(0.861256 0.00155167 -3.71288e-20)
(0.73967 -0.675732 -1.83961e-19)
(1.35988 0.695483 -3.0182e-20)
(0.586821 -0.478447 -2.60102e-19)
(1.12418 -0.000168109 -4.13695e-19)
(0.817617 0.0371869 3.94045e-20)
(1.55378 -0.17533 4.08975e-20)
(1.87833 -0.115631 -1.37551e-19)
(-0.10175 -0.117787 -3.6536e-22)
(1.06006 0.453576 -2.48182e-19)
(1.29206 0.600064 6.81124e-20)
(-0.149761 -0.168994 0)
(-0.154287 -0.202745 1.86039e-19)
(-0.0937773 -0.0404467 1.35774e-19)
(-0.16345 -0.158875 -1.55774e-19)
(0.457587 0.283479 0)
(1.54236 -0.291496 0)
(-0.024603 0.0191889 -1.19931e-19)
(-0.233453 -0.33207 -6.73837e-20)
(1.04449 -0.0319591 1.63893e-19)
(-0.110561 0.25277 -4.26165e-20)
(1.40482 0.120576 -4.05915e-19)
(-0.139574 0.370547 0)
(0.861075 -0.763672 -2.44487e-19)
(1.60376 -0.137669 2.23244e-19)
(-0.486783 -0.145835 1.58102e-19)
(0.711968 0.135762 3.01136e-19)
(0.617163 0.107096 9.75459e-20)
(0.522822 -0.495776 1.7748e-19)
(-0.185954 -0.218409 -1.50292e-19)
(1.44594 -0.302958 0)
(0.374395 0.315113 -1.79947e-19)
(1.02785 -0.0175149 -2.60623e-19)
(-0.372885 0.199635 2.16999e-19)
(1.39327 0.471598 -1.12254e-19)
(-0.178892 -0.248782 -5.86959e-20)
(0.713304 -0.651117 -1.77031e-20)
(0.805813 0.167727 -1.89264e-19)
(0.960075 0.409541 2.11691e-20)
(1.1677 -0.148412 2.96751e-20)
(0.621791 -0.257996 -2.69391e-19)
(2.05697 -0.355108 -2.07284e-19)
(2.01585 -0.031618 0)
(1.87801 -0.0877803 -3.85535e-20)
(1.57068 0.0665984 -1.19179e-20)
(0.825896 -0.166189 1.41783e-19)
(0.9184 0.354407 -1.70144e-19)
(1.80457 -0.137205 3.78467e-20)
(0.400818 0.366468 -2.33529e-19)
(-0.0657071 0.463413 1.58214e-19)
(2.14162 -0.0999709 0)
(0.935447 0.00582114 0)
(0.902327 -0.798648 4.50553e-20)
(-0.108039 -0.275153 -4.09558e-19)
(-0.506136 0.417147 -1.87511e-19)
(-0.121689 -0.147917 -2.56308e-19)
(-0.175995 0.466616 -1.23056e-19)
(-0.406463 -0.158051 0)
(-0.135377 -0.178423 4.64557e-20)
(-0.199111 0.22308 -8.11793e-20)
(0.0241661 -0.011822 -3.12395e-19)
(0.813896 -0.131148 0)
(1.85567 -0.356763 2.13026e-19)
(-0.109368 -0.090624 0)
(0.995573 0.0237226 3.29333e-19)
(-0.241604 -0.212824 1.92946e-20)
(0.562543 -0.450586 3.48578e-19)
(-0.587817 -0.108928 3.89979e-19)
(-0.946902 0.223669 0)
(0.0157795 0.322134 8.01314e-20)
(1.00538 0.0210153 -9.89115e-21)
(-0.0512272 -0.146569 0)
(1.00498 -0.00957469 -5.14856e-20)
(0.887695 -0.750747 -2.38239e-19)
(1.39744 0.00876909 0)
(0.951353 -0.288316 1.80647e-19)
(0.0216312 0.486268 1.5896e-19)
(-0.0643242 -0.0679246 0)
(-0.226837 -0.270163 -6.72984e-21)
(0.750959 -0.657189 -3.65681e-19)
(0.966499 -0.0260608 -2.33376e-19)
(-0.0940007 -0.292123 4.95683e-19)
(-0.195284 -0.29025 1.78673e-19)
(-0.379217 -0.158642 0)
(0.941451 0.458658 0)
(-0.377449 -0.204834 2.05611e-19)
(1.91226 0.105322 -2.03899e-19)
(1.05026 0.875345 1.74469e-20)
(1.06174 0.203773 -1.12962e-19)
(1.14295 0.00646038 -1.9047e-19)
(1.0634 -0.0741418 -6.51351e-20)
(-0.0924941 -0.324953 -4.49461e-19)
(1.89748 0.116989 3.97766e-19)
(0.671167 0.0328607 1.89912e-19)
(1.75149 -0.00969752 1.49261e-19)
(1.06236 -0.159937 0)
(-0.709769 0.329136 3.8322e-19)
(1.14452 0.0248929 -4.46334e-19)
(1.71982 0.609206 1.00322e-20)
(0.763949 -0.478136 -1.41643e-19)
(-0.0960322 -0.0927825 2.51195e-19)
(0.824058 -0.723647 3.14971e-19)
(1.22338 0.192367 6.86346e-20)
(1.00661 -0.00841136 2.28132e-19)
(0.00868584 -0.32962 -1.92388e-19)
(1.01995 0.0125042 0)
(1.65131 0.0493558 -2.22887e-19)
(-0.0827979 -0.0841499 0)
(1.01391 0.0119465 -1.33785e-19)
(-0.697445 0.194189 -5.39571e-19)
(1.71929 0.304204 3.41703e-20)
(-0.153324 -0.0147864 1.71941e-19)
(1.59097 0.0151727 -1.12756e-21)
(1.01344 -0.0196264 4.72984e-20)
(1.30664 -0.0856403 0)
(1.47866 -0.622958 -8.48172e-20)
(1.01933 0.0289055 -1.40486e-19)
(1.4142 0.774585 -5.421e-20)
(1.31804 -0.0278123 0)
(1.41704 0.553831 4.81309e-21)
(-0.0342795 0.0236569 0)
(1.38951 0.0488599 0)
(-0.315533 -0.180233 0)
(1.22478 0.43725 0)
(1.82673 0.272679 3.98124e-20)
(0.721497 0.596844 3.71547e-19)
(0.305176 -0.307202 -2.10058e-19)
(-0.218346 -0.332367 -4.19799e-19)
(-0.0930356 -0.109865 0)
(2.58147 -0.260987 1.87082e-19)
(1.31109 0.514722 0)
(1.44078 0.289619 0)
(-0.287214 -0.0416029 1.44509e-19)
(0.787839 0.695677 1.19881e-19)
(1.71698 -0.0174763 0)
(-0.235033 -0.241798 9.35447e-20)
(0.898626 0.204318 1.7356e-19)
(2.22822 -0.222807 -1.35549e-19)
(1.21561 0.908144 4.24124e-20)
(0.952532 -0.857087 -2.01796e-20)
(1.84738 -0.084953 -9.60777e-20)
(0.773894 0.699032 1.23172e-19)
(1.15294 0.905879 0)
(2.4195 -0.0230042 2.21353e-19)
(0.897548 0.852003 0)
(1.60047 -0.498975 1.32149e-19)
(1.02256 0.0970231 1.80774e-19)
(1.00528 -0.00632326 0)
(-0.0880809 0.892463 3.63559e-19)
(0.901893 -0.188913 4.22502e-20)
(0.651226 -0.433229 0)
(0.689595 -0.406264 1.88369e-19)
(1.21777 0.545513 -3.13531e-20)
(0.458831 0.432021 2.57251e-19)
(0.0206106 0.00959283 3.73179e-20)
(-0.00740767 -0.100405 8.60983e-20)
(0.765616 0.0607588 0)
(1.35831 -0.924941 -2.92774e-20)
(1.03076 -0.0454457 3.64187e-19)
(1.49083 0.341157 1.34823e-19)
(-0.239169 -0.209094 8.01304e-20)
(-0.657942 -0.0100629 0)
(1.25181 -0.246875 -9.36457e-20)
(-0.0667121 -0.0710896 -2.14139e-19)
(-0.209381 0.449091 -4.34453e-20)
(-0.131296 0.0571048 -7.92415e-22)
(-0.19788 0.0967703 2.7233e-19)
(0.251757 -0.119986 -1.68599e-20)
(2.39774 0.00342122 4.26154e-19)
(1.17228 0.450972 -2.72183e-19)
(0.848368 -0.0553821 0)
(1.87064 -0.111441 1.91008e-19)
(1.88721 0.0749698 1.34076e-19)
(0.939325 -0.789733 1.14454e-19)
(1.19178 -1.00429 -1.12209e-20)
(0.463322 0.429603 1.72753e-19)
(1.63542 0.647561 0)
(1.7296 0.569479 2.51793e-20)
(-0.0793979 -0.0927805 -4.35741e-19)
(0.863897 0.753176 0)
(1.70296 0.0486877 0)
(0.306719 -0.306403 -4.00611e-21)
(0.30704 0.275953 0)
(-0.888469 0.22091 -3.38496e-19)
(-0.00464158 0.0780222 -1.06712e-19)
(1.77917 -0.437707 0)
(1.23036 0.0875876 1.77955e-19)
(-0.50372 0.491192 1.56276e-19)
(0.555179 -0.527779 -4.00543e-19)
(1.85791 -0.0369633 -5.50554e-20)
(0.634618 -0.57669 0)
(1.01824 0.122526 0)
(1.38702 -0.267398 0)
(1.10779 0.218886 -2.1497e-19)
(1.3392 0.104316 3.04317e-19)
(-1.00928 0.396488 0)
(0.891098 -0.0601528 0)
(2.168 -0.0766916 -1.17208e-20)
(-0.0471896 -0.0125204 9.21685e-20)
(2.37061 0.0904458 -2.65707e-19)
(1.10778 -0.530269 2.25708e-19)
(1.97095 0.0718684 -3.10422e-19)
(-0.514422 0.352776 -1.15719e-19)
(1.91849 0.0905279 -1.62844e-19)
(1.0195 -0.0273214 3.70781e-19)
(1.49253 0.592622 0)
(-0.0576511 0.230801 2.89224e-20)
(1.03387 -0.853914 1.3424e-19)
(0.860259 -0.032426 4.33992e-20)
(0.656501 -0.455828 0)
(1.95319 -0.545188 1.07769e-20)
(1.22977 -0.200046 1.20555e-19)
(1.89725 -0.426343 0)
(0.630069 -0.585653 3.6209e-19)
(1.53489 0.0232014 -5.77086e-20)
(2.25126 0.10011 4.17689e-19)
(-0.0240551 -0.00912336 -1.92855e-19)
(1.30944 0.606969 1.40257e-19)
(1.13129 0.396617 3.41627e-21)
(0.89138 0.356773 2.07791e-19)
(1.9307 0.354435 -2.31109e-19)
(-0.0949564 -0.340915 -2.77794e-21)
(0.835174 -0.16586 0)
(-0.138138 -0.113335 4.1181e-19)
(1.12673 -0.979939 0)
(1.0925 -0.672876 1.75743e-20)
(0.972411 0.0128138 -6.54948e-19)
(1.02515 1.08262 3.57213e-20)
(-0.45559 -0.0633479 -3.7203e-19)
(0.970828 0.469782 1.62899e-19)
(-0.339085 0.904622 2.42423e-19)
(0.689394 -0.0405788 0)
(2.09082 0.00831097 0)
(1.24699 -0.00653604 9.29559e-21)
(0.786481 -0.00900461 0)
(1.37739 -0.209634 -1.2405e-19)
(-0.742186 0.321024 4.02932e-19)
(1.90024 0.49714 8.42348e-21)
(1.03969 -0.0347845 0)
(0.572655 -0.375914 9.23243e-20)
(1.00949 0.0263892 1.76793e-19)
(-0.148638 0.592704 -1.05811e-19)
(-0.198293 0.495875 0)
(1.13408 -0.491045 4.00736e-19)
(2.06003 -0.105248 -7.06621e-22)
(1.1245 -0.514173 -1.74689e-19)
(2.27147 0.266667 1.28665e-19)
(1.26574 0.775917 0)
(0.867244 0.0203425 0)
(-0.259197 -0.160807 -1.97913e-19)
(-0.0254139 0.0123333 1.34955e-19)
(0.935967 0.35318 -1.92139e-19)
(0.142677 -0.314097 -1.72891e-19)
(0.631982 0.385968 2.24434e-19)
(1.37001 0.579368 0)
(0.559383 -0.520215 0)
(-0.149859 -0.494274 -8.77393e-21)
(1.25847 -0.522339 -7.82056e-20)
(0.767881 -0.069294 1.70279e-20)
(0.739526 -0.177259 1.06333e-19)
(-0.0716646 -0.00220911 -2.41794e-19)
(0.954307 0.197129 1.86979e-19)
(0.642878 0.598876 0)
(1.24889 0.683265 0)
(1.59837 0.258187 0)
(-0.429672 -0.116891 -1.73177e-19)
(1.22998 0.546595 1.85372e-19)
(2.00152 0.0718648 5.3713e-20)
(0.919733 -0.0114833 0)
(2.60795 -0.487773 0)
(2.12239 -0.0545458 -2.98654e-19)
(-0.101368 0.351673 1.28413e-19)
(1.00525 0.00260864 -1.77094e-19)
(1.478 0.472975 0)
(-0.098613 0.477905 0)
(1.22476 0.310816 2.68251e-19)
(1.00594 0.513907 -1.21147e-19)
(1.06741 0.0227055 0)
(1.85824 0.237852 0)
(1.95488 0.659914 -2.72832e-19)
(-0.103791 0.0899783 -2.10809e-22)
(0.996937 0.0119199 0)
(0.691802 0.452429 -3.09377e-20)
(0.965376 -0.851075 0)
(1.00122 0.014797 4.10221e-20)
(0.330424 -0.78005 -2.64812e-19)
(0.921694 -0.338736 2.65266e-19)
(-0.217999 -0.456351 1.8381e-19)
(2.12841 -0.0831745 4.0451e-19)
(1.57421 -0.00345176 1.06144e-19)
(0.795107 -0.0238062 0)
(1.01912 0.0082599 0)
(-0.49068 -0.19222 0)
(0.647532 0.619657 -1.76214e-19)
(-0.0448639 -0.0100612 1.63304e-19)
(1.15455 0.341209 -4.29729e-19)
(-0.195087 0.359485 0)
(0.81026 0.624908 1.56339e-19)
(1.02702 -0.349195 0)
(1.00551 -0.00220187 1.03719e-19)
(-0.323553 0.207355 5.67574e-20)
(1.01871 0.392396 2.38802e-19)
(1.2947 0.250907 0)
(2.16595 0.146833 -6.43872e-20)
(0.831607 -0.129441 -3.25296e-19)
(-0.806643 0.295954 -4.5156e-19)
(0.7793 0.335806 0)
(0.869181 0.226147 1.61144e-19)
(2.08771 -0.0835794 0)
(0.758833 0.502696 3.36657e-19)
(-0.885621 0.338951 1.76014e-19)
(-0.0181792 -0.0275449 0)
(0.573872 0.54513 -6.57828e-20)
(1.05349 -0.661174 -1.23616e-19)
(0.497368 -0.278235 -1.10318e-19)
(1.0214 -0.0187962 0)
(-0.212794 0.51402 -1.42719e-19)
(0.660608 -0.590423 7.08566e-20)
(0.89487 0.2739 0)
(1.87782 -0.190595 2.41798e-19)
(0.961438 0.818455 2.27555e-20)
(0.167109 -0.840094 2.1789e-19)
(0.224587 -0.0428266 -3.15821e-19)
(0.242729 -0.0897518 -5.04307e-19)
(-0.156892 -0.222813 1.10814e-20)
(0.802254 0.339876 2.28413e-19)
(-0.0190145 0.109925 -4.7602e-21)
(1.4458 -0.665835 3.57623e-21)
(1.02485 0.0053062 -3.06308e-19)
(-0.446134 -0.119464 0)
(1.02917 0.0291272 -3.65975e-19)
(2.08374 0.30508 1.92149e-19)
(0.868178 0.672138 2.6274e-19)
(1.14214 -0.0731664 1.39613e-19)
(1.00758 -0.0341575 1.41753e-19)
(0.989876 0.984965 -3.41934e-20)
(-0.187553 -0.169579 2.56382e-23)
(1.77621 -0.892901 1.60667e-20)
(1.1465 -0.134671 -6.04556e-20)
(0.820615 0.0535759 6.88901e-20)
(0.924591 -0.307843 7.88146e-20)
(1.40332 -0.0329227 0)
(0.941637 0.716778 0)
(0.164402 0.207579 -6.77108e-20)
(1.97487 0.183463 -1.84638e-20)
(-0.76035 0.104499 1.53892e-19)
(1.0542 -0.557824 -4.29412e-19)
(0.638875 -0.555936 3.42707e-19)
(1.12058 0.183238 -9.27934e-20)
(0.165084 -0.27733 2.00157e-20)
(1.3531 -0.403845 0)
(0.749294 0.093284 -6.15327e-21)
(1.6167 -0.518575 -2.47619e-19)
(1.01859 0.744333 0)
(0.893842 -0.639283 0)
(0.489869 0.441658 0)
(-0.192241 -0.249664 -6.9993e-20)
(-0.0967994 0.182681 0)
(1.27398 0.194878 1.55135e-19)
(1.20964 0.176713 5.88601e-21)
(-1.00695 0.347651 2.02329e-19)
(1.55799 -0.0904767 3.4131e-20)
(1.80045 0.449714 -5.84133e-20)
(2.14462 -0.308742 -4.35607e-20)
(-0.170422 0.0270485 -1.91498e-19)
(-0.259499 -0.232435 5.01875e-21)
(1.48006 0.019102 0)
(0.673005 -0.0354732 0)
(1.00063 -0.000366765 2.24068e-22)
(-0.434357 -0.104786 0)
(1.43369 0.0539293 -1.3837e-19)
(0.675282 -0.0318629 0)
(1.05997 0.00418101 1.12019e-19)
(0.988765 0.0144861 -4.01938e-20)
(1.09805 0.23653 1.15548e-19)
(1.05847 -0.0199865 -8.35402e-22)
(0.961515 -0.203555 -4.77316e-20)
(1.0277 -0.0360154 3.27713e-19)
(0.694487 -0.632596 1.59023e-19)
(-1.0146 0.307702 -2.57241e-19)
(1.80018 -0.0821118 5.54199e-20)
(-0.0289096 0.00815691 0)
(1.10344 0.777698 0)
(1.03195 -0.0105948 0)
(1.02955 -0.796732 -8.33082e-20)
(1.07123 -0.917238 1.20849e-20)
(2.08271 0.309239 -4.78508e-20)
(-0.62122 -0.0737693 -7.56062e-19)
(0.151125 -0.00822026 -2.61203e-20)
(0.60643 -0.408716 -5.63137e-19)
(1.89447 -0.143415 -7.64986e-20)
(-0.390973 -0.492359 2.28061e-19)
(2.11713 -0.307101 1.41752e-19)
(1.54975 0.0689798 -4.88163e-20)
(-0.243841 -0.259622 -1.4303e-19)
(1.09459 0.539082 1.84384e-19)
(-0.162275 -0.271552 0)
(-0.0382137 -0.238423 4.06982e-19)
(-0.139622 -0.173786 -2.18676e-22)
(1.02582 -0.0460564 2.98213e-19)
(1.02574 -0.00215693 -7.60375e-21)
(1.10515 -0.0114232 -8.23789e-20)
(1.19754 0.979428 -7.23546e-20)
(1.60477 0.31528 5.68166e-20)
(0.417852 -0.392733 -2.77939e-19)
(1.73561 0.384814 7.63645e-20)
(1.03786 -0.00161794 -2.1618e-19)
(2.20424 0.130208 -5.70823e-20)
(1.32107 0.918215 0)
(1.09026 0.577842 -3.45846e-19)
(1.00253 -0.0052284 8.46259e-20)
(0.656796 0.585552 2.40598e-19)
(1.24054 -0.380191 2.61586e-21)
(1.06163 -0.012672 -2.72648e-20)
(1.12167 0.013236 7.71685e-22)
(2.30295 0.127686 1.44353e-20)
(1.54644 0.0475144 0)
(1.04251 -0.041227 0)
(1.04883 -0.0353108 5.2208e-19)
(1.00255 -0.00327643 0)
(-0.11504 -0.141223 0)
(0.989029 -0.602209 0)
(1.00106 -0.00129272 -4.92078e-19)
(1.18599 -0.702523 6.33792e-20)
(1.02446 -0.00501102 1.02789e-20)
(1.31699 0.937489 -2.53136e-20)
(1.49784 0.984902 2.39055e-21)
(-0.113139 -0.458788 4.41589e-20)
(1.49096 0.321466 1.81843e-19)
(1.36869 -0.016437 0)
(-0.161497 0.220542 0)
(2.20384 0.111221 4.65263e-19)
(1.32144 -0.611472 0)
(0.999906 -0.00529113 -1.52771e-19)
(1.01067 -0.00119028 2.96704e-19)
(1.43941 0.139073 -6.4362e-20)
(0.0028333 -0.116034 3.18447e-19)
(0.975267 0.000558648 1.61594e-19)
(1.21423 0.15795 1.78813e-20)
(0.845465 -0.0255476 -4.25649e-20)
(1.17581 1.00144 -5.84754e-22)
(0.932332 0.0171722 -1.61048e-19)
(1.00373 0.00351648 1.91074e-19)
(1.00025 -0.000716217 1.12962e-20)
(0.788889 -0.0134385 0)
(0.726017 -0.027226 0)
(0.721319 -0.0276212 6.10549e-22)
(0.69688 -0.0298766 0)
(1.51738 -0.174406 0)
(0.936309 -0.132988 0)
(0.645329 -0.00971344 4.87437e-20)
(0.79978 0.0406161 -2.86279e-20)
(1.38888 0.0972715 0)
(1.13204 0.831687 3.36692e-20)
(1.03773 0.946438 0)
(0.789605 0.114611 0)
(1.10116 0.182276 0)
(1.43925 0.156573 1.31145e-20)
(1.50283 -0.0105553 1.03901e-19)
(0.778868 0.0229632 0)
(0.786684 0.0200758 0)
(0.96967 0.0198514 -1.98742e-19)
(0.814323 0.00796227 3.72413e-19)
(1.00811 -0.00130447 0)
(1.00022 -0.000595889 3.53231e-19)
(1.00019 -0.000755844 -3.83947e-22)
(0.786323 0.0221597 3.153e-19)
(0.995339 -0.00598418 -1.85481e-19)
(0.85681 0.19612 0)
(0.688502 -0.056816 4.25957e-20)
(1.00066 -0.00164698 -1.78811e-19)
(0.999488 0.000587725 -3.06386e-19)
(0.896191 0.648599 0)
(0.999067 0.00149636 0)
(0.999693 9.46866e-05 0)
(1.66188 -0.331018 2.31337e-20)
(0.132501 0.176661 -4.86082e-20)
(1.85095 0.121988 0)
(-0.0807018 0.191357 1.97505e-19)
(-1.00939 0.350885 -3.53632e-19)
(1.01891 -0.0176258 -2.38056e-19)
(-0.313009 -0.254239 -1.23211e-19)
(1.01944 0.000146994 -1.91053e-19)
(1.18924 -0.223638 -7.54506e-20)
(0.819873 -0.493185 2.63626e-19)
(-0.110701 -0.13304 -1.04454e-19)
(1.03221 0.00992192 0)
(1.05039 -0.0135542 -5.25646e-20)
(0.85809 0.0198508 0)
(-0.0979092 0.0344875 2.38451e-19)
(1.27464 -0.462223 0)
(-0.354067 -0.0962085 -3.03538e-19)
(1.46245 0.114694 -2.98541e-20)
(1.6286 0.673569 -9.01948e-21)
(-0.0710608 0.0199766 0)
(1.05218 -0.0386445 1.61418e-19)
(-0.438101 -0.0832576 -6.10093e-21)
(0.927138 -0.020115 2.53886e-19)
(1.0114 -0.00989818 -1.62385e-19)
(1.64582 0.846821 3.39705e-20)
(0.505742 0.473342 0)
(0.428241 0.377073 1.88189e-19)
(2.44381 -0.423976 -1.16388e-20)
(1.13734 0.121611 1.78587e-19)
(1.11468 -0.732726 0)
(1.02187 0.00117293 0)
(0.999532 -0.0190383 -3.74354e-19)
(1.01945 0.0141643 -3.62951e-19)
(-0.170031 -0.26611 0)
(1.19863 0.805317 -1.22162e-19)
(1.08055 -0.193637 -2.78509e-21)
(1.01598 0.00276374 1.4013e-19)
(1.0123 0.0123116 -1.75403e-19)
(-0.333276 -0.0385804 -2.96961e-20)
(-0.470567 -0.044386 1.5468e-19)
(1.01751 -0.0160874 5.98533e-19)
(1.3644 -0.160443 0)
(1.82824 0.63619 -3.99356e-20)
(1.01522 -0.0130424 -1.86213e-19)
(1.97256 0.108359 -1.36482e-19)
(1.05926 0.00643752 -4.31854e-22)
(1.0091 -0.010741 3.73247e-20)
(2.09891 -0.18491 -3.38562e-19)
(1.01655 0.00575509 1.8016e-19)
(0.198552 -0.182415 2.05085e-20)
(1.01866 0.000776043 0)
(0.926765 0.138577 4.53262e-20)
(-0.860858 0.392545 4.71925e-21)
(1.00119 0.0214718 1.78888e-19)
(1.04162 0.0203912 -6.39604e-22)
(0.864456 -0.387271 -2.36489e-21)
(1.24344 0.31102 3.84753e-19)
(0.997783 0.0145047 1.2273e-19)
(1.01639 -0.0153995 4.34951e-22)
(1.71942 0.250025 -2.26044e-20)
(1.73678 0.922101 -9.6287e-20)
(0.799712 -0.717939 4.70916e-20)
(0.469543 -0.352263 -2.74244e-19)
(1.00692 -0.0112646 0)
(1.02119 0.00192509 4.47772e-20)
(1.01087 -0.010143 9.467e-20)
(0.303812 0.222209 1.74059e-20)
(1.01492 0.00398952 -1.87559e-19)
(1.03167 -0.027088 2.13484e-19)
(1.00762 -0.00932303 -1.77074e-19)
(1.01386 0.00394431 -4.74145e-22)
(1.01295 0.000892755 -3.23044e-22)
(1.02632 0.0125865 1.79403e-19)
(0.897851 0.0726722 4.63223e-19)
(1.24396 -0.0167349 0)
(0.302665 0.301614 2.12419e-19)
(1.01192 -0.00503655 0)
(1.02048 -0.0210602 -5.21833e-20)
(1.51006 0.435368 -7.89764e-20)
(1.65109 0.0586832 0)
(2.35332 -0.11361 -1.95421e-19)
(0.765728 0.141454 -2.32211e-20)
(0.750407 -0.0172055 0)
(2.03149 0.00947487 0)
(-0.753939 0.380998 -1.18432e-19)
(1.00368 0.874452 9.42131e-21)
(1.01754 -0.00611591 -1.8926e-19)
(1.1434 -0.580916 -4.90449e-20)
(-0.304296 -0.376713 7.27779e-21)
(0.207619 -0.323836 0)
(1.59366 -0.384828 0)
(1.72643 -0.0548295 0)
(-0.159314 0.0956948 6.72273e-20)
(0.506843 0.375673 -2.8336e-19)
(-0.612157 0.728622 0)
(0.0102313 0.505288 -1.85569e-19)
(1.6706 0.950224 -4.99166e-20)
(1.0082 -0.00427573 -3.69658e-19)
(0.46114 0.626375 -3.69041e-20)
(1.02177 0.00483236 2.44467e-19)
(0.683347 -0.0423436 0)
(-0.15592 -0.245264 -3.23583e-20)
(0.59836 0.411605 -3.16386e-19)
(1.16743 0.0172903 3.41483e-20)
(0.0804684 0.420027 0)
(0.807364 0.0775618 6.38663e-20)
(0.504096 0.48109 4.81144e-20)
(1.1637 0.867406 -3.30503e-20)
(-0.0795411 -0.0809367 1.59025e-19)
(1.01949 0.00905626 0)
(0.503966 0.0038147 -1.81967e-19)
(1.01188 -0.00391516 1.38901e-19)
(2.26453 0.176175 0)
(1.0123 0.00628367 2.32725e-19)
(0.0190967 -0.294831 -1.94635e-19)
(1.01863 0.00871405 -1.44099e-19)
(1.3695 0.369265 0)
(2.59702 -0.0886005 7.64226e-22)
(1.00903 0.00204463 -9.67155e-20)
(0.995358 -0.0359478 2.55489e-19)
(1.08325 0.0909738 -2.18737e-21)
(0.149879 -0.743847 1.49661e-19)
(-0.12579 -0.127139 4.18885e-19)
(1.96172 0.238207 1.36491e-19)
(-0.20808 -0.755398 -1.63914e-19)
(0.79949 0.0147858 -3.48832e-19)
(0.802184 0.0264054 0)
(-0.0637728 -0.24605 -8.25846e-20)
(1.02038 -0.0182008 -2.80647e-20)
(0.972554 0.0187222 0)
(1.0493 5.37292e-07 -1.78667e-19)
(0.127473 -0.835698 1.61793e-19)
(-0.916137 0.341636 2.06526e-19)
(2.20559 -0.588513 0)
(-0.832277 0.333748 -6.05831e-19)
(1.5443 -0.35258 0)
(1.03924 -0.0187691 5.23413e-20)
(1.17332 0.674863 -3.32094e-22)
(1.01451 -0.00396405 1.49998e-19)
(-0.768728 0.439884 3.38076e-19)
(1.01868 0.000724391 0)
(0.994037 0.00361611 -3.63261e-19)
(1.00872 0.00639116 1.90891e-19)
(1.55195 0.00989931 0)
(0.665592 0.273788 7.05526e-21)
(0.956261 -0.00125164 -1.63472e-19)
(-0.256451 -0.314166 4.42509e-19)
(1.00417 -0.00242672 -1.86276e-19)
(1.0003 0.0202272 -4.38354e-19)
(1.68566 -0.616159 1.32884e-21)
(-0.173279 -0.186462 -1.09709e-19)
(0.790299 0.678289 -1.63162e-19)
(0.788624 0.336961 0)
(1.02227 -0.0113388 3.92677e-19)
(1.0373 -0.0158009 2.07293e-19)
(-0.130368 -0.820431 1.95288e-19)
(-0.237412 -0.837678 -2.36051e-19)
(1.07792 0.00527625 -1.02859e-19)
(1.14127 -0.920435 3.81723e-20)
(1.00726 -0.00240596 1.94642e-19)
(0.955101 -0.694675 1.69505e-19)
(-0.186726 0.295302 3.55793e-19)
(-0.170087 -0.202633 -8.87763e-20)
(0.779126 0.0140123 -5.87061e-20)
(0.722092 -0.182348 -6.13173e-19)
(1.01853 -0.0108334 0)
(1.35907 -0.82723 6.84701e-20)
(0.908546 0.249703 9.69031e-20)
(-0.346647 -0.90997 0)
(0.400986 0.226474 0)
(-1.20381 0.37823 0)
(1.02985 0.0102877 8.24252e-20)
(2.52887 0.144803 0)
(1.05209 -0.0267829 3.31167e-21)
(-0.53657 0.243693 -1.54985e-19)
(-0.101153 -0.124362 2.6069e-19)
(0.000940445 0.0469927 3.1205e-22)
(1.41887 0.36755 9.32933e-20)
(0.00279147 -0.31518 5.56528e-19)
(-0.12357 -0.157209 0)
(-0.122746 -0.360273 -2.92261e-20)
(1.01931 0.014682 5.10581e-20)
(-0.142699 -0.149159 -1.62878e-19)
(0.859936 0.695931 -5.20304e-20)
(-0.106947 -0.123438 6.06787e-20)
(1.37452 -0.998768 -4.60712e-20)
(-0.229463 -1.59535 -1.90358e-19)
(0.491009 0.60147 -1.03014e-20)
(-0.418984 -0.0469203 -3.44122e-19)
(0.898977 0.0128287 0)
(-0.431663 -0.842208 -1.83804e-19)
(0.888931 -0.280761 -1.35179e-19)
(0.049358 -0.872233 3.08283e-19)
(1.96055 0.233225 0)
(1.04954 0.0236103 2.00316e-19)
(-0.842196 0.163586 0)
(0.622652 0.331011 3.87355e-20)
(0.426444 0.371526 0)
(0.8662 0.31534 -2.04297e-19)
(0.913088 -0.256876 -3.47103e-20)
(-0.156096 -0.206494 -1.87502e-20)
(0.943184 0.0261031 -4.05316e-19)
(1.02622 -0.00146865 0)
(1.12347 0.00871206 1.02799e-19)
(1.47397 -0.274729 0)
(1.95929 -0.41508 0)
(1.01438 -0.00173912 -3.58222e-20)
(0.985629 0.0317686 -1.74565e-19)
(1.41341 0.399837 -1.85141e-19)
(0.0337691 -0.0198336 0)
(1.02232 -0.0176203 2.18641e-22)
(0.958229 -0.774864 -1.06383e-19)
(0.632929 0.326753 0)
(1.07161 -0.027334 -2.56992e-19)
(2.0473 -0.0636817 1.76238e-19)
(-0.60093 0.380033 -3.91365e-19)
(-0.0580361 0.124619 1.68072e-19)
(-0.465999 -0.0923659 2.44332e-20)
(-0.275205 0.294821 -1.59313e-19)
(-0.120796 -0.140105 3.55696e-19)
(0.614292 -0.343287 9.49636e-20)
(0.0648569 -0.258325 3.08211e-19)
(0.976781 -0.729753 1.86285e-19)
(1.11238 -0.91512 0)
(1.01483 0.00199756 -4.19738e-19)
(0.751196 0.189445 -6.81302e-20)
(1.01722 -0.00490677 -1.59083e-19)
(-0.12411 -0.112452 -1.16228e-19)
(-0.159634 -0.326399 3.44839e-19)
(1.01727 0.0161292 -2.02628e-19)
(0.502149 0.240001 4.4054e-19)
(0.537587 -0.547955 2.10925e-20)
(1.03695 -0.0139334 -3.36629e-19)
(1.71688 -0.025539 0)
(-0.13507 0.253474 -1.25685e-19)
(-0.763694 0.392742 -2.99026e-19)
(0.144303 -0.346615 0)
(1.10518 0.0794791 0)
(1.05253 0.0184719 2.36341e-19)
(1.31363 0.388459 -1.39126e-19)
(1.2195 -0.024327 -1.96273e-20)
(1.13698 0.615718 1.57361e-19)
(0.0132226 0.162843 -2.02641e-19)
(1.05334 0.0109878 1.1697e-19)
(-0.279288 -0.176934 -2.41952e-20)
(1.2046 0.14874 -3.53206e-19)
(-0.382757 0.0723808 0)
(1.01746 -0.274695 -1.64106e-19)
(0.0124441 0.252971 2.09874e-19)
(1.40082 -0.572777 -1.2293e-19)
(1.01929 -0.0222324 -2.37242e-19)
(0.447536 0.432013 -1.31854e-19)
(0.94349 0.222586 -2.16748e-19)
(-0.784381 0.158813 2.71953e-19)
(0.876539 0.0316068 -2.87547e-19)
(0.528628 0.00731931 -1.84104e-19)
(1.00922 -0.00695983 -1.97911e-19)
(0.790066 0.585101 -2.21762e-19)
(-0.540377 0.181762 -3.46499e-19)
(0.46929 -0.453006 -1.21966e-20)
(0.202029 -0.0742874 1.2319e-19)
(0.602867 -0.769283 4.74993e-19)
(1.87864 -0.550941 0)
(1.12544 -0.875133 0)
(0.735304 0.215516 -6.08485e-21)
(0.895151 0.0393861 0)
(0.749776 -0.42112 1.67914e-19)
(-0.119209 -0.138453 0)
(1.69861 0.407284 1.87255e-19)
(1.022 0.00515062 0)
(2.20875 0.173669 -5.66562e-20)
(1.10927 -0.403605 2.81001e-19)
(0.976649 -0.00831793 1.74213e-19)
(1.05538 0.0759727 -1.78844e-19)
(0.909505 0.229153 1.1146e-19)
(1.01508 0.0192088 2.47785e-19)
(1.5226 -0.0608356 0)
(0.977427 0.00813683 2.01657e-19)
(1.13703 0.642443 3.04217e-22)
(-0.548164 -0.639127 2.26245e-19)
(1.3901 1.03007 6.26047e-21)
(1.01572 -0.0237178 2.70266e-19)
(1.96767 -0.29368 9.35616e-20)
(1.8811 0.620999 0)
(-0.0905141 0.311461 0)
(1.01183 -0.140862 -3.78944e-19)
(-1.1203 -0.148118 0)
(0.677943 0.406929 6.58871e-20)
(1.24076 -0.952122 0)
(0.490886 0.328767 0)
(0.611928 0.555724 -4.96329e-19)
(2.01141 0.23913 2.47906e-20)
(1.03431 -0.0316934 -1.12299e-19)
(-0.0608015 -0.00447177 9.05527e-20)
(1.04963 0.0487972 0)
(1.03345 -0.0428661 0)
(0.853338 -1.02102 -3.13595e-19)
(-0.992556 0.327428 0)
(0.73793 0.457838 3.33377e-20)
(1.04158 -0.0128443 4.90385e-22)
(0.597559 0.437855 1.29268e-19)
(1.13362 0.0243442 2.70803e-20)
(1.60218 -0.615866 -1.04905e-20)
(1.07773 0.0302383 1.5823e-19)
(1.05027 -0.00823571 -1.67979e-19)
(1.1288 0.206827 1.86934e-19)
(1.00757 0.0213881 -4.00674e-19)
(0.0514717 -0.194111 0)
(-0.175179 0.407644 -3.67711e-20)
(-0.589724 0.369289 -4.22555e-19)
(0.908963 -0.159203 -2.19935e-19)
(2.15555 0.248879 0)
(0.210574 -0.319136 4.00358e-19)
(-0.0868941 -0.00109366 9.75911e-20)
(1.69981 0.456459 -1.67599e-19)
(-1.0839 -0.362599 7.14121e-20)
(1.68458 0.552486 1.05147e-19)
(0.833163 0.695659 3.96539e-19)
(-0.62074 -0.104225 1.58205e-20)
(1.11487 -0.0332451 0)
(1.02279 -0.0989938 -1.11991e-19)
(0.0228433 0.00297311 9.62385e-20)
(1.81199 -0.208134 -1.31509e-19)
(2.31016 0.159077 0)
(2.42533 -0.0453206 0)
(1.51161 0.23969 1.06452e-19)
(0.0176016 -0.0382742 0)
(1.01411 0.0164474 -1.56758e-19)
(0.451703 0.178891 0)
(1.00221 -0.0208033 1.15297e-19)
(0.682707 -0.346717 -1.95134e-19)
(0.961125 -0.0330495 3.79235e-19)
(1.86199 0.309366 1.64327e-20)
(1.05999 -0.0247753 -4.1949e-19)
(0.830908 0.0224033 5.04692e-20)
(2.36957 0.161198 -1.90822e-19)
(1.08195 -0.0413095 0)
(1.04774 -0.0102672 1.25897e-19)
(-0.225136 0.285132 -1.78699e-19)
(1.1115 0.0019804 -1.97778e-19)
(0.855712 0.619163 -4.36144e-19)
(1.71527 -0.181603 -9.79161e-21)
(2.35031 0.158887 0)
(0.314407 -0.118442 4.84785e-19)
(1.20858 0.117761 0)
(-0.519256 0.126093 9.671e-20)
(-0.328172 -0.202415 2.39389e-19)
(1.12195 -0.931031 0)
(0.737749 0.0261369 1.0066e-19)
(-0.442603 0.272851 0)
(1.47556 0.134888 0)
(-0.0594355 0.0238723 1.16911e-19)
(0.863907 0.0855643 -2.2792e-19)
(0.0378231 0.0449137 6.46078e-19)
(0.914378 0.672372 -3.52468e-19)
(1.00166 0.0335402 -5.71521e-21)
(1.03158 -0.0439215 1.27848e-19)
(2.44959 0.0865561 0)
(1.0638 -0.107534 -4.79203e-20)
(0.69922 0.25955 4.72987e-19)
(1.02217 -0.0144673 2.62831e-19)
(1.08234 -0.012089 1.01065e-19)
(1.87012 0.329092 0)
(1.00371 -0.0103744 0)
(0.968108 0.842487 -3.15792e-20)
(1.04474 -0.0253562 -1.55586e-19)
(1.2015 -0.474876 -8.2571e-20)
(-0.236091 0.439502 2.02399e-20)
(0.943784 0.973867 0)
(1.05181 1.09245 0)
(0.644357 -0.433708 -1.07897e-20)
(0.683201 0.255402 -2.30645e-19)
(1.61548 0.420395 -1.13791e-20)
(0.984113 0.057656 2.30731e-19)
(0.429167 0.186985 -1.41602e-19)
(2.25206 0.119604 0)
(0.860617 0.0369862 4.94743e-21)
(1.10097 0.0106967 -1.05165e-19)
(0.507321 0.0224145 0)
(0.799156 -0.00327706 0)
(0.492072 0.0666739 7.03327e-21)
(0.550433 0.0906168 -4.64153e-21)
(0.773821 0.000399106 1.05865e-19)
(1.13194 -0.0102342 0)
(0.845165 -0.780244 0)
(-0.173411 -0.245116 -2.39858e-20)
(0.992008 0.696248 -2.18433e-19)
(0.270719 0.119179 -9.22731e-20)
(-0.113357 0.269242 -2.64695e-22)
(1.8867 0.791228 1.81381e-19)
(0.990763 0.0244048 1.65017e-19)
(1.03645 -0.0662277 8.9486e-20)
(0.341251 -0.251726 -6.36364e-19)
(-0.108856 -0.107936 0)
(0.298165 -0.0738416 -2.19821e-19)
(0.607504 -0.581921 -2.8528e-19)
(-0.364785 -0.067965 3.32921e-19)
(0.929892 0.103149 -1.70102e-19)
(0.958581 0.328456 3.42378e-19)
(1.02614 -0.0927548 1.02488e-21)
(1.02219 0.00242872 -3.01445e-20)
(1.00081 -0.00722826 1.22128e-19)
(-0.889226 0.33681 -2.15209e-19)
(-0.141521 -0.18952 -1.89847e-19)
(-0.465886 -0.123152 0)
(1.15953 0.253923 1.32101e-19)
(1.09838 0.0159687 0)
(-0.0470409 0.384597 -2.36257e-19)
(0.0289785 -0.0406118 -1.27805e-19)
(-0.178399 -0.29974 0)
(1.01163 0.00682898 1.73696e-19)
(0.995495 -0.0488252 0)
(2.16487 0.239693 -2.5595e-19)
(-0.809415 0.349317 1.14314e-20)
(0.981335 -0.00970586 -3.63648e-19)
(0.598789 0.0671882 6.41003e-21)
(1.60371 0.397257 -3.35699e-21)
(0.511792 0.498494 0)
(0.745103 0.651162 1.63767e-19)
(2.00473 -0.104705 1.31279e-19)
(-0.377513 -0.130915 2.20953e-19)
(1.85842 0.219398 -5.71523e-21)
(-0.226908 -0.161532 -1.71557e-19)
(1.31727 0.406088 -2.7415e-19)
(1.07163 0.331576 3.96155e-19)
(0.831403 0.189558 -6.73244e-21)
(0.138635 -0.137915 1.69459e-19)
(0.123175 0.117233 0)
(-0.00478478 0.0138052 0)
(-0.0707502 -0.0630869 1.00462e-19)
(1.00239 0.00176491 -1.92782e-19)
(1.02514 -0.00310985 -1.63098e-19)
(-0.238411 0.348872 -1.50233e-19)
(1.73153 -0.50778 -2.71488e-20)
(1.39412 -1.05478 6.57963e-20)
(1.07712 0.727621 0)
(0.913746 0.0431242 -5.07575e-19)
(1.59518 -0.201972 -1.14592e-19)
(1.01263 -0.0224989 -4.86674e-20)
(1.49903 -0.047004 1.45768e-19)
(-0.36277 -0.167481 0)
(2.25162 0.236594 -2.32407e-20)
(-0.443888 0.174418 5.23908e-20)
(-0.160822 0.041499 -2.60765e-19)
(1.03337 -0.0610116 1.72055e-19)
(-0.0632562 -0.0620493 0)
(1.78453 0.0202481 -1.1994e-19)
(0.466771 0.240082 1.12226e-19)
(-0.0687051 -0.0692961 1.10016e-19)
(1.01674 -0.0152661 2.15111e-19)
(0.677062 0.301966 0)
(0.0351147 -0.0351539 1.20378e-19)
(0.469012 -0.457792 0)
(0.140773 -0.141554 -3.14202e-19)
(0.00820855 -0.00456209 9.581e-20)
(0.13166 0.129863 1.65027e-19)
(-0.0617439 -0.063089 -1.2049e-19)
(-0.327073 -0.19926 0)
(0.939189 0.278975 1.46305e-21)
(-0.787427 -1.09644 -1.52214e-20)
(0.707325 -0.637693 2.03296e-19)
(1.01242 -0.01108 0)
(-0.0625547 -0.0643627 0)
(0.963455 -0.0899333 2.01819e-19)
(1.52383 -0.727405 -5.1082e-21)
(-0.84906 0.395373 -3.67019e-19)
(0.968471 0.0354331 -2.28925e-19)
(0.649438 -0.595304 3.63464e-19)
(1.40909 -0.715136 -1.32022e-19)
(-0.4544 -0.174623 -4.27873e-19)
(1.08179 0.0662178 0)
(1.01363 -0.0109044 -2.48775e-19)
(-0.0481348 -0.0529572 0)
(0.284486 0.312547 -3.23822e-19)
(0.141763 0.140389 1.57404e-19)
(-0.0616361 -0.0659893 0)
(1.13604 0.100426 -1.54959e-19)
(1.19241 0.123195 0)
(1.0962 -0.084475 0)
(-0.147661 -0.135178 1.76312e-19)
(-0.542517 0.278674 -1.24547e-19)
(-0.0328394 -0.0362907 -1.23535e-19)
(0.00576696 -4.13062e-05 9.45775e-20)
(0.11889 0.108523 0)
(0.983499 -0.110143 -2.47805e-19)
(0.142654 -0.143881 -1.55567e-19)
(0.137282 0.132841 -3.1523e-19)
(0.193225 0.18689 1.18926e-19)
(0.953444 0.010363 6.11625e-19)
(0.17802 0.169911 -1.29669e-19)
(-0.0311615 -0.0341621 1.18079e-19)
(0.142009 0.142352 -3.01371e-19)
(0.193906 -0.19316 -2.38936e-19)
(0.0146674 -0.0124374 0)
(-0.0494292 -0.0533867 2.49414e-19)
(-0.256392 0.270014 4.34206e-19)
(0.143926 0.139228 0)
(0.869416 0.0735571 0)
(-0.298078 -0.249802 0)
(0.358864 -0.697943 -5.57527e-20)
(0.210953 0.207743 2.23306e-21)
(0.0102135 -0.00918119 -5.47071e-20)
(-0.0151023 0.028288 9.76072e-20)
(0.185902 0.180962 -1.24978e-19)
(0.162219 -0.157066 0)
(-0.0352316 -0.0383646 1.29813e-19)
(0.0172405 -0.0172173 3.89673e-22)
(-0.277599 -0.286382 -2.24604e-19)
(0.605617 0.451862 5.37961e-20)
(-0.548314 0.441645 3.00918e-19)
(0.0102947 -0.00777202 -9.32596e-20)
(-0.0278176 -0.0307708 0)
(0.208364 0.20789 0)
(0.179472 -0.178489 -5.43527e-20)
(0.0121358 -0.014255 -8.79242e-20)
(2.20285 0.541141 1.44323e-19)
(1.52251 -0.607623 -5.09843e-19)
(0.191798 0.194838 2.29109e-19)
(-0.202599 -0.22002 9.51025e-20)
(0.00146143 0.00460534 9.75447e-20)
(-0.0250733 -0.0272774 -3.49193e-19)
(0.213125 -0.212259 2.02922e-19)
(-0.318038 -0.212228 2.28027e-20)
(0.0174454 -0.0166805 0)
(0.143019 -0.14216 -3.23717e-19)
(0.971115 -0.0704009 0)
(1.55434 -0.353995 0)
(0.583243 -0.521085 -3.40106e-19)
(0.126599 -1.30946 -1.11355e-19)
(0.186237 -0.179298 1.12651e-19)
(1.00334 0.0094383 1.69499e-19)
(0.887188 -0.117223 2.38053e-19)
(0.425056 -0.412467 4.73509e-19)
(1.45564 -0.301793 3.0116e-20)
(0.216189 0.205076 9.51333e-20)
(0.818085 0.551542 0)
(0.642909 -0.560348 1.52251e-20)
(-0.0230824 -0.0253703 1.14977e-19)
(0.408204 0.0157409 2.05406e-20)
(1.06198 -0.128915 7.18436e-20)
(1.0958 -0.26306 0)
(0.948869 -0.146323 5.86079e-19)
(0.0162862 -0.0150565 0)
(0.212018 -0.128964 0)
(1.18398 -0.22177 1.5656e-19)
(1.13197 0.347039 2.00112e-19)
(1.11798 -0.000541525 0)
(-0.633782 0.187056 2.36798e-19)
(-0.844787 0.399127 1.12195e-20)
(1.0415 0.00376867 -2.35806e-19)
(-0.156456 -0.266278 0)
(1.19719 -0.214093 0)
(0.0588677 -0.442264 0)
(0.102497 0.0973515 4.16731e-19)
(-0.0179633 -0.0193383 0)
(0.187602 0.178414 1.10709e-19)
(0.177657 -0.163624 0)
(0.00183023 -0.00489411 -8.53321e-20)
(-0.014998 -0.0153653 0)
(0.369705 0.194673 1.30203e-19)
(0.862048 -0.439054 -4.77211e-19)
(0.00519386 -0.00831852 2.34055e-22)
(-0.149723 -0.168218 -3.21839e-19)
(0.264766 -0.25533 0)
(0.235375 0.223787 0)
(-0.510869 -0.0142815 2.80466e-19)
(0.938862 0.0493297 4.02647e-21)
(1.11915 -0.373713 -1.65086e-19)
(0.00902387 -0.0118045 2.57131e-19)
(-0.0289549 0.0485371 2.03484e-19)
(1.0523 0.13456 2.29597e-19)
(-0.557962 0.219196 0)
(-0.016687 -0.0171259 4.46097e-23)
(-0.183076 -0.348552 4.13756e-21)
(-0.0893584 0.063856 0)
(2.33648 -0.0645154 -2.0728e-19)
(1.01967 0.137205 0)
(1.00702 -0.0774221 2.85481e-19)
(-0.949517 0.231797 0)
(0.240243 -0.223522 -4.05781e-21)
(1.01128 -0.0261274 1.48584e-19)
(0.554668 0.13322 3.7202e-19)
(1.38765 -0.797838 1.19839e-19)
(0.298635 0.279391 1.78433e-22)
(1.60722 0.517539 0)
(0.976736 -0.596722 6.03689e-20)
(1.86251 -0.940418 2.28163e-19)
(-0.00271543 -0.00133276 1.65607e-19)
(1.53066 0.113509 6.05328e-20)
(2.33301 0.446294 7.95418e-20)
(-0.00369269 0.00243838 -4.88481e-20)
(1.01494 0.024878 2.18177e-19)
(-0.135613 0.0152681 -1.73584e-19)
(0.32317 0.30089 0)
(-0.0174485 -0.0173106 0)
(0.248768 0.235679 8.25793e-20)
(0.308351 -0.287702 -1.72078e-19)
(-0.0051179 0.00462453 1.74631e-19)
(1.09864 -0.786876 -5.69339e-20)
(0.483847 0.212932 1.62682e-19)
(0.347996 -0.330999 0)
(-0.00743671 0.0058708 0)
(0.267372 0.253435 0)
(-0.0533356 0.01314 -1.01318e-19)
(0.285049 -0.282241 0)
(-0.0238543 -0.0236577 -2.04806e-19)
(0.286189 0.269668 -5.99692e-20)
(-0.0121462 0.00727379 0)
(0.268391 -0.262992 0)
(-0.431121 -0.148636 0)
(-0.0236882 0.0138745 0)
(-0.0376243 0.0250192 -5.07865e-20)
(-0.154458 -0.216353 0)
(1.00189 -0.00422829 2.28672e-19)
(0.485517 -0.454584 1.91441e-20)
(-0.07829 0.053183 -8.81137e-20)
(-0.0341625 -0.0237224 3.78985e-19)
(0.360338 0.33095 -4.87034e-20)
(1.63333 0.384409 0)
(-0.231289 -0.0261374 0)
(-0.153273 -0.237156 3.14859e-20)
(-0.12239 0.0944986 0)
(0.374233 -0.353398 0)
(-0.0562944 -0.0394493 0)
(0.408438 0.369928 0)
(-0.0929496 -0.0717501 2.30081e-19)
(0.482945 0.446394 2.33166e-20)
(-0.156873 0.145882 -4.00061e-19)
(0.556196 -0.515423 -1.13106e-19)
(1.1538 0.132635 0)
(1.59429 -0.210218 -5.56665e-20)
(-0.641897 0.0348221 -2.6825e-19)
(1.03307 0.0539513 -2.13034e-19)
(1.42169 0.00942466 0)
(1.85271 -0.429226 -4.08652e-20)
(1.38834 -0.512531 1.12784e-19)
(0.964345 0.013699 0)
(0.184331 0.477435 3.10475e-19)
(-0.909884 0.332699 1.53621e-20)
(-0.0229577 -0.0194978 -1.34326e-22)
(-0.70872 0.0697414 0)
(1.12485 -0.177967 -1.92918e-19)
(0.357609 0.18009 4.01707e-19)
(2.34094 0.192516 -1.24072e-19)
(0.755131 -0.258374 -2.92408e-20)
(1.59091 -0.762155 -1.58404e-21)
(-0.199613 -0.164435 -9.83901e-20)
(1.96135 0.233228 1.31083e-20)
(1.92139 -0.738473 2.20319e-19)
(1.03573 0.0824147 -2.89412e-20)
(-0.154282 0.268706 1.91322e-19)
(1.11477 -0.00568764 0)
(2.04542 0.176965 -2.02076e-20)
(0.11879 0.0715734 -1.93408e-21)
(1.31562 -0.239168 0)
(0.134301 -0.129767 -5.40242e-19)
(0.016473 -0.0170363 0)
(0.535806 -0.498076 0)
(1.90342 0.614318 -6.88361e-20)
(0.917265 -0.441745 0)
(2.21538 -0.0615078 2.49496e-19)
(-0.0162461 -0.0158563 2.10839e-19)
(0.270548 -0.275414 7.70219e-20)
(1.02228 -0.0547818 0)
(-0.138601 0.527832 0)
(-0.125746 -0.127584 1.73116e-19)
(-0.0943691 -0.0623175 1.62905e-19)
(1.00081 0.248839 -2.05216e-19)
(0.151395 0.0205616 -2.86007e-19)
(1.02531 0.0135302 -7.98223e-21)
(2.17498 0.20165 0)
(-0.160846 -0.340772 2.49539e-19)
(-0.131638 -0.157922 0)
(0.634528 0.0616617 3.12737e-19)
(0.953149 0.154054 -4.49616e-20)
(0.699474 -0.601287 -1.69697e-19)
(0.981545 0.123337 3.14747e-19)
(0.997101 0.0107021 0)
(0.640666 -0.258053 -6.75614e-20)
(2.14223 -0.218933 0)
(0.523551 0.474013 0)
(0.0375764 0.0472007 0)
(-0.155263 -0.101662 -4.14974e-20)
(0.307077 0.228793 2.30873e-19)
(-0.0607015 0.0684868 0)
(1.11881 0.0708648 1.36441e-19)
(1.04527 -0.239392 0)
(0.524379 -0.0367299 1.49702e-19)
(0.381366 -0.197392 1.96309e-19)
(-0.135946 0.181033 2.39964e-19)
(0.153458 -0.232034 -3.69488e-19)
(0.98334 -0.0305379 1.58528e-21)
(1.52076 -0.609827 1.13973e-19)
(1.59104 -1.08095 -3.13416e-20)
(0.0983367 0.0923511 1.23847e-19)
(1.5266 0.153726 0)
(-0.723444 0.137354 0)
(0.0273516 -0.0205668 0)
(1.38446 -0.103224 1.3721e-19)
(-0.576287 0.10632 -9.73557e-20)
(0.291323 -0.269347 -1.54836e-19)
(2.25985 0.212939 8.73021e-20)
(0.800523 0.508607 -6.64696e-20)
(0.820717 0.24447 4.28403e-21)
(0.939583 0.218205 6.16435e-20)
(1.13759 0.218946 -4.09554e-20)
(-0.130907 -0.243332 1.26089e-19)
(-0.345598 -0.00157765 0)
(0.92309 -0.0182635 0)
(-0.264886 0.0394111 1.60214e-19)
(0.1537 0.151989 0)
(1.94381 0.488667 0)
(-0.359886 0.123688 1.16855e-19)
(0.54171 0.453028 -2.15947e-19)
(0.495975 -0.409722 2.7249e-19)
(-0.198099 -0.0984399 0)
(1.3803 0.916994 -2.37522e-20)
(1.07455 0.00743601 0)
(-0.491547 -0.0379741 -5.67313e-19)
(-0.327825 0.273139 -1.63949e-19)
(1.2903 -0.404818 6.94935e-20)
(0.443666 0.407572 4.86889e-19)
(0.734783 -0.246804 2.01834e-19)
(-0.151327 0.46995 0)
(1.12342 0.0586389 1.44513e-19)
(0.994088 0.562227 -8.92005e-20)
(-0.167344 -0.143699 0)
(0.709506 -0.269671 0)
(1.29755 0.837839 6.2493e-20)
(0.0149252 -0.0163737 -1.75818e-19)
(2.0068 -0.101548 -3.74446e-19)
(1.61257 0.655008 0)
(1.57501 -0.273131 -3.12384e-20)
(0.763421 0.427225 0)
(-0.173572 0.0569511 -2.41462e-19)
(1.26401 0.904891 -7.90906e-20)
(0.982319 0.40714 -2.39931e-19)
(0.983786 -0.752712 -1.17731e-19)
(-0.086255 0.0738558 -1.04535e-21)
(-0.12895 -0.274427 -1.32847e-19)
(1.0197 0.0649831 2.17794e-19)
(0.0788366 0.476909 0)
(0.965411 0.179606 3.09755e-21)
(1.71754 0.42379 -9.33965e-21)
(1.53649 -0.870029 4.90569e-20)
(1.29523 -0.30804 -1.0095e-19)
(1.69592 -0.317705 3.04792e-20)
(-0.180475 -0.14781 7.11914e-20)
(0.594686 0.535047 1.17099e-19)
(0.147614 -0.0782118 2.78164e-19)
(2.13846 -0.0549474 -3.35869e-20)
(0.89313 0.739112 3.94319e-20)
(1.903 0.19286 4.37924e-20)
(0.876571 0.593015 1.26186e-19)
(-0.456108 -0.117534 6.05818e-19)
(1.34634 -0.00635506 -2.3915e-19)
(0.958908 0.251016 -1.35543e-19)
(-0.398888 -0.0750427 -1.21348e-19)
(0.0206707 0.0108727 0)
(1.00227 0.00215623 4.76707e-19)
(0.760734 -0.121995 0)
(0.85979 0.553704 -1.29365e-19)
(1.42144 0.859428 -7.28391e-20)
(-0.141957 -0.289074 -1.81986e-20)
(1.91136 -0.438731 0)
(1.17527 -0.378834 0)
(1.54769 -0.270973 1.42014e-19)
(0.613378 -0.254843 3.33026e-19)
(1.09671 -0.331612 0)
(-0.180684 -0.341482 -2.55555e-19)
(0.939563 -0.0955601 -2.28116e-19)
(0.77311 -0.650227 -5.87947e-20)
(-0.329027 0.0639196 2.76413e-19)
(-0.107018 -0.106401 -1.10428e-19)
(-0.121836 -0.118807 -2.77609e-19)
(0.136469 -0.0960696 -1.73842e-19)
(-0.912557 0.447926 6.65754e-21)
(0.836077 -0.312677 -1.31843e-19)
(1.12662 0.692591 1.25881e-19)
(0.689934 0.0124803 0)
(0.794625 0.0993041 2.88762e-19)
(1.22373 -0.374611 4.07792e-21)
(0.999037 -0.141461 -5.02343e-21)
(0.581998 0.513561 1.67621e-19)
(1.84765 0.203316 3.461e-21)
(1.40778 0.143237 1.31793e-19)
(1.0716 -0.0271031 3.74669e-20)
(0.843186 -0.395175 1.31612e-19)
(0.511962 -0.237855 0)
(-0.110845 -0.11225 1.12572e-19)
(0.957693 0.0905729 1.45734e-19)
(1.08134 0.690127 8.82879e-20)
(-0.109336 -0.113946 2.40251e-19)
(1.06352 -0.628598 2.45583e-19)
(0.127978 -0.115813 0)
(1.77069 0.882153 0)
(0.224806 0.217072 3.2654e-19)
(1.57533 0.574491 0)
(-0.0252532 0.0409914 0)
(0.99843 -0.644112 -2.16816e-19)
(-0.108121 -0.111737 3.63047e-19)
(-0.0997399 0.0137865 1.28638e-19)
(1.1042 -0.0230863 4.42294e-20)
(1.54077 1.03939 -1.71818e-23)
(0.96024 -0.0489555 -1.5988e-19)
(0.12989 -0.126736 7.86571e-20)
(1.03694 0.136258 -1.60087e-19)
(-0.0109081 0.0213639 2.97294e-19)
(1.03137 0.352586 0)
(0.232151 0.23126 -1.6637e-19)
(-0.253018 0.377695 1.36972e-19)
(1.93943 0.385234 0)
(-0.582121 0.356076 -1.85617e-19)
(0.0196043 0.0662011 1.20052e-19)
(-0.311388 0.0389322 0)
(-0.11042 -0.117871 -5.78006e-20)
(0.236634 -0.237015 0)
(1.01899 -0.742386 0)
(0.00492168 -0.000545074 1.93885e-19)
(0.576755 -0.546874 4.00691e-19)
(-0.106087 -0.112965 -2.24036e-19)
(-0.230423 0.0761521 -1.97158e-19)
(0.244499 -0.246735 -1.5842e-19)
(0.239726 0.235025 4.87409e-19)
(0.215027 0.46069 -1.59243e-19)
(-0.53271 -0.110453 -1.18776e-19)
(-0.0155662 -0.0146303 0)
(-0.169693 -0.324641 2.08946e-19)
(1.05058 -0.144825 -2.91232e-19)
(0.0117868 -0.00810817 9.11096e-20)
(1.6437 -0.540328 5.17945e-21)
(1.36813 0.16687 0)
(2.15062 0.334157 -1.3695e-20)
(0.952797 -0.0499924 0)
(-0.0901292 -0.0972937 0)
(0.199322 0.196115 0)
(0.962148 0.0635203 0)
(1.1165 -0.26295 0)
(0.977303 0.098049 -2.91133e-19)
(0.231791 0.230195 -1.57954e-19)
(-0.408804 0.0990983 -1.6648e-19)
(-0.0948958 -0.103977 2.50419e-19)
(0.986526 -0.204937 1.4968e-19)
(0.784354 -0.383674 0)
(-0.0742219 0.105895 -2.78971e-19)
(1.02099 -0.0256786 -1.88088e-19)
(-0.963325 0.327426 5.74897e-19)
(-0.0587497 -0.0640707 0)
(-0.131844 -0.145818 -1.42256e-19)
(0.280951 0.262826 -1.25808e-21)
(0.253481 0.241368 0)
(-0.0634391 -0.069948 1.28929e-19)
(-0.0583903 0.194102 1.94383e-19)
(1.32212 -0.508965 1.44618e-19)
(1.80284 -0.428712 1.44347e-20)
(0.422769 0.174778 -1.95063e-19)
(1.03445 0.0393578 0)
(0.330038 0.321613 -2.27074e-19)
(-0.651148 0.0472937 2.47513e-19)
(0.31218 0.303475 -3.76699e-19)
(0.30702 0.298327 1.20406e-19)
(0.374602 -0.273284 0)
(0.0206935 -0.0169882 5.12068e-20)
(-0.0019096 0.00779487 0)
(-0.0543035 -0.0590272 3.24025e-19)
(-0.119345 -0.136022 2.83318e-19)
(0.507082 -0.403153 5.80651e-19)
(1.3138 -0.386779 -1.72711e-19)
(0.337407 0.337228 0)
(0.015363 -0.0148386 2.21738e-19)
(0.240689 -0.245564 3.23371e-19)
(1.21415 0.133485 -4.72064e-21)
(0.333172 0.333419 0)
(0.997729 0.324001 -1.03028e-20)
(-0.942876 0.295533 -1.75818e-20)
(1.99849 0.228164 5.77133e-20)
(-0.04731 -0.0518857 0)
(1.17426 0.753918 0)
(0.0284955 -0.0277569 -2.72098e-19)
(0.335758 -0.33775 -2.30795e-19)
(0.26805 -0.240044 1.75559e-20)
(1.91982 0.271083 -3.1312e-20)
(1.07886 0.333234 -1.24126e-19)
(0.312127 -0.303204 -2.36395e-19)
(1.03404 -0.0201381 3.21098e-19)
(0.997908 0.0651003 0)
(1.57322 0.0131859 -2.09375e-21)
(1.0826 0.0199598 1.13993e-19)
(0.753285 0.246125 -9.39689e-21)
(1.42122 -0.517472 0)
(1.18319 0.180528 -1.07158e-19)
(1.91972 0.466333 -1.45643e-19)
(0.0249752 -0.0222469 0)
(-0.163965 0.100284 3.09165e-19)
(1.70931 0.547362 0)
(1.00405 -0.0016235 5.09631e-20)
(0.335956 -0.324778 -1.0925e-19)
(1.00512 0.00494329 5.23541e-19)
(0.383964 -0.186203 0)
(1.19432 -0.921618 0)
(-0.0434354 -0.0460708 1.17246e-19)
(0.0907448 0.0761149 0)
(1.08115 -0.0239966 6.78109e-20)
(0.522947 0.395193 5.93916e-20)
(0.718981 -0.019401 -4.32899e-19)
(0.027343 -0.0255823 0)
(-0.168489 0.153587 2.35378e-19)
(-0.470696 0.0720121 0)
(1.81586 0.802109 0)
(-0.0631416 -0.0620068 0)
(-0.0641221 -0.0647837 1.18249e-19)
(1.67894 0.761873 -4.68833e-21)
(1.01098 0.0493261 0)
(-0.0418016 0.0722755 1.0151e-19)
(0.0167962 -0.0206312 0)
(1.22086 0.87074 0)
(1.62879 -0.81959 -3.75357e-20)
(0.381194 0.358514 1.91729e-19)
(-1.07709 0.185688 -4.02493e-19)
(-0.0375078 -0.0406054 -1.24506e-19)
(0.498972 -0.203341 -3.15159e-19)
(1.0274 0.267023 0)
(0.401157 -0.046083 1.51036e-19)
(0.913415 0.868728 0)
(0.910165 -0.0756333 3.12509e-19)
(0.217957 0.0459669 -1.56882e-19)
(0.400915 0.379303 -9.44449e-20)
(0.734978 0.229551 1.80246e-19)
(0.00332076 0.061376 1.85315e-19)
(1.29616 -0.129961 1.78495e-19)
(0.225306 -0.229392 1.7689e-19)
(-0.034375 -0.0337474 2.80134e-19)
(1.50976 -0.470046 -6.67508e-20)
(0.0279245 -0.0282736 9.03556e-20)
(-0.0293407 -0.0312791 0)
(-0.0914375 -0.024311 -7.41003e-20)
(0.00456878 -0.00904043 8.66844e-20)
(1.03729 -0.202947 0)
(0.404801 -0.371272 1.06603e-19)
(0.256179 0.251429 1.44919e-19)
(0.249534 0.24997 -3.21032e-19)
(1.06257 1.02831 0)
(0.370144 -0.370398 -1.88039e-19)
(1.68725 0.48736 0)
(1.33215 1.11702 1.02064e-19)
(-0.031678 -0.0339399 1.38917e-19)
(0.903071 -0.0546385 0)
(0.587974 0.554182 -1.90331e-19)
(1.02077 -0.0151919 -2.36387e-19)
(1.09501 -0.0166411 -1.15642e-19)
(0.68862 0.0638411 -2.5778e-21)
(0.778163 0.0241183 -2.96176e-20)
(1.04993 0.0197045 -3.11684e-19)
(2.16695 0.0464104 -8.01031e-20)
(-0.157933 -0.141655 1.92566e-19)
(0.0101162 -0.0158125 -1.7325e-19)
(-0.100229 0.0388943 -1.70894e-19)
(1.34086 -0.377259 6.70332e-20)
(-0.00245112 -0.00385368 1.18333e-22)
(1.11678 -0.00196262 -1.34884e-19)
(0.436215 -0.422358 6.63982e-20)
(-0.101259 -0.121478 3.44052e-19)
(0.248202 -0.238278 0)
(0.0288585 -0.00307672 3.06814e-22)
(1.58473 0.980449 0)
(0.873085 0.0172504 -1.27232e-19)
(-0.138541 0.0957536 -2.09372e-19)
(-0.256254 0.00406351 -1.86616e-19)
(0.308416 0.0100937 0)
(0.425995 0.400974 -2.5485e-19)
(0.0216004 -0.0250371 9.03058e-20)
(0.192037 0.421016 -1.50165e-19)
(0.539139 0.524448 -1.16379e-19)
(1.03565 -0.0279742 0)
(1.52392 -0.458317 1.99406e-19)
(1.77826 -0.376987 3.0972e-21)
(-0.303669 0.0400775 0)
(-0.033603 -0.0335743 -1.21039e-19)
(0.898032 -0.43847 1.87185e-19)
(0.199646 0.409105 1.7674e-19)
(1.8584 -0.424346 9.58007e-21)
(0.485803 -0.446157 -1.33073e-19)
(-0.393666 0.0463122 1.13443e-19)
(-0.00891436 0.00225728 -9.87609e-20)
(0.513696 0.418772 -3.33172e-19)
(0.561862 0.51419 -1.45997e-19)
(0.516222 0.478788 5.87748e-21)
(-0.00889586 0.00933264 4.6605e-20)
(-0.0725367 -0.0775004 -1.61711e-19)
(1.01327 0.014653 1.55544e-19)
(0.280051 -0.269799 0)
(0.452569 0.425569 0)
(0.516958 -0.484477 1.10083e-19)
(-0.0118745 0.0101048 -1.74642e-19)
(-0.166983 -0.142661 -5.80029e-20)
(1.92244 -0.32391 2.62369e-20)
(0.485498 0.450625 0)
(0.494671 -0.491489 0)
(-0.0163129 0.012376 0)
(1.11644 0.0446038 8.14503e-20)
(0.624978 0.559773 0)
(-0.0311565 0.0167781 1.75728e-19)
(0.192059 0.177993 -6.13372e-19)
(-0.0544066 0.0327033 4.99002e-20)
(1.18232 -0.0466099 2.79066e-19)
(-0.0642885 -0.0702063 -1.7077e-19)
(1.14605 0.468746 -1.46001e-19)
(0.153313 -0.134271 -2.48867e-19)
(-0.101479 0.0562846 2.9489e-19)
(-0.00317322 0.0212717 -2.70033e-19)
(-0.0784796 -0.0455709 -2.61642e-19)
(0.71246 -0.672918 0)
(-0.157178 0.101419 -1.73823e-19)
(0.709463 0.617519 0)
(-0.0644937 0.111642 8.99364e-20)
(1.77241 0.456547 -3.15922e-20)
(0.713918 0.374537 -3.54205e-20)
(-0.204647 0.13727 9.10772e-20)
(0.877402 -0.725517 0)
(-0.120076 -0.0679628 2.4714e-19)
(0.826024 0.693824 -1.23582e-20)
(0.358632 0.328951 -2.42915e-19)
(0.384631 -0.310789 4.61492e-19)
(0.518597 0.44963 1.61933e-19)
(1.00909 -0.00152705 0)
(0.460035 0.428994 0)
(1.7297 0.46681 0)
(1.02207 -0.00566595 0)
(0.0365533 -0.0286477 -8.05e-20)
(0.768275 -0.625322 3.74703e-19)
(-0.0495655 -0.0368098 -2.14052e-22)
(1.16984 -0.196302 2.77222e-19)
(0.431416 -0.403393 2.32602e-19)
(2.38252 -0.114768 0)
(1.42907 -0.381939 0)
(0.218838 0.369431 -2.58094e-19)
(0.448511 -0.182127 0)
(1.76524 0.311376 5.83487e-21)
(0.56366 -0.217673 -2.10177e-20)
(0.687949 0.637179 2.42976e-19)
(1.16983 0.250894 1.0016e-19)
(0.0258776 -0.0273753 0)
(0.041603 -0.0399223 8.15608e-20)
(-0.0367332 -0.0347005 0)
(-0.0757367 0.164697 2.64804e-19)
(0.632367 -0.0464744 6.96091e-22)
(0.71079 0.329941 0)
(1.02385 0.00761331 1.48326e-19)
(1.36529 -0.269396 1.13879e-19)
(1.01946 -0.0151851 -4.22394e-22)
(0.313203 -0.293957 1.39604e-19)
(0.297907 0.29329 0)
(-0.0782163 0.031199 0)
(-0.14496 -0.31931 7.38629e-20)
(1.48032 0.193928 1.62307e-19)
(0.0112239 0.263 -1.24916e-20)
(0.132368 0.123811 0)
(1.03204 -0.0140426 4.99272e-19)
(1.45767 -1.02497 2.98059e-20)
(-0.0248411 0.0138575 2.9899e-19)
(-0.0925703 -0.00101142 -2.55949e-19)
(0.179996 -0.266269 1.735e-19)
(-0.0354605 -0.0337292 2.17918e-19)
(1.90273 0.134069 0)
(0.376532 -0.346676 -2.95861e-19)
(1.06529 -0.0259466 -5.75039e-20)
(1.00889 -0.00405362 -2.13264e-19)
(0.861306 0.245222 -5.89602e-21)
(1.43594 -0.000937086 -3.88266e-21)
(1.02558 0.025036 -1.68262e-19)
(1.7594 0.183564 0)
(-0.0662584 -0.0672813 -1.96028e-19)
(-0.0682009 0.171461 -7.96651e-19)
(-0.203785 -0.194151 7.85356e-20)
(0.326285 0.307483 -1.38417e-19)
(0.018098 -0.0304671 0)
(-0.0495307 0.0416821 0)
(1.74915 -0.826836 -1.18984e-19)
(0.999517 0.080671 1.62716e-20)
(-0.138783 -0.196431 2.83582e-19)
(-0.140296 -0.167097 -2.27754e-19)
(1.0186 0.0137377 -4.85792e-22)
(0.751117 -0.710693 -5.49924e-20)
(1.15787 -0.0557484 1.45518e-20)
(1.01794 -0.00985238 -8.00515e-20)
(-0.0325623 -0.0305692 0)
(0.934433 0.633537 3.86936e-19)
(0.783713 -0.238631 0)
(0.392019 -0.362944 0)
(-0.0355304 -0.0361155 2.32943e-19)
(1.03049 -0.0228103 2.69967e-19)
(0.520082 -0.489251 0)
(0.772132 0.705349 4.58571e-21)
(-0.299416 0.105732 -1.52108e-19)
(-0.00254466 -0.0113852 8.09796e-20)
(0.315301 0.0929573 2.14104e-19)
(1.47369 -0.239721 -2.49596e-20)
(1.5812 0.17725 -2.04688e-19)
(1.71482 -0.296985 -5.3392e-21)
(0.939998 0.55884 1.30637e-19)
(1.01836 0.210885 1.87752e-19)
(-0.184472 -0.13484 -6.00523e-20)
(-0.519458 -0.120673 2.29904e-19)
(1.55172 0.70641 0)
(0.130586 0.114974 8.09206e-20)
(1.32042 -0.476323 1.30949e-19)
(-0.0333831 0.103099 0)
(1.41514 0.622788 1.45212e-19)
(1.02136 -0.00669351 3.52814e-20)
(-0.187554 0.417268 0)
(1.01951 0.102532 -1.49226e-20)
(0.657778 -0.245604 0)
(0.571563 -0.548769 -4.27717e-20)
(1.00273 0.183686 2.01269e-19)
(0.806072 0.432092 2.58522e-19)
(0.752143 0.386333 3.69757e-20)
(1.01836 -0.0108028 0)
(-0.573341 -0.0203443 -1.43896e-19)
(1.61455 -1.0269 1.05871e-19)
(0.991382 0.772935 2.58208e-20)
(-0.145684 -0.12455 1.96276e-19)
(1.82436 -0.248363 1.49826e-19)
(-0.0257879 0.0209375 7.42136e-20)
(0.80666 0.24569 0)
(0.824677 0.47464 0)
(-0.178761 -0.191037 2.08193e-19)
(1.0521 -0.172739 0)
(-0.110309 0.171737 3.92821e-22)
(0.22561 -0.941368 -5.85948e-19)
(-0.0579719 0.0230202 6.47641e-22)
(1.53227 -0.173357 3.98571e-20)
(1.41123 -0.392339 -5.0507e-21)
(0.326159 -0.275499 0)
(1.02323 0.00099607 -4.10608e-19)
(0.743984 0.670795 1.71384e-19)
(0.240499 0.447477 -3.53513e-19)
(1.12469 -0.871504 8.33792e-20)
(0.583289 0.0300953 2.67929e-21)
(0.0263553 -0.22773 -2.40043e-19)
(1.01889 -0.157919 -2.57701e-19)
(0.508236 -0.136367 1.57416e-19)
(-0.0629197 0.164007 0)
(0.544023 0.166801 0)
(0.973529 -0.0827828 -2.95733e-19)
(1.0557 0.6059 0)
(0.862537 -0.358178 2.84848e-19)
(-0.407379 -0.0496813 0)
(1.85866 0.134545 9.42127e-20)
(-0.0119023 -0.124176 -1.42608e-19)
(1.78554 0.747223 0)
(-0.199399 -0.211509 0)
(2.18515 0.120282 1.25557e-19)
(-0.405164 0.271449 0)
(-0.319656 -0.0988385 -3.4508e-19)
(0.912538 0.596711 -1.28645e-19)
(2.17291 -0.363262 -2.51974e-20)
(0.222458 -0.216427 1.59727e-19)
(-0.199588 0.144965 1.04179e-19)
(1.9573 -0.454656 0)
(0.122028 -0.127856 -2.46309e-19)
(-0.047258 0.0333135 0)
(1.10527 -0.179796 -1.208e-19)
(-0.0457382 -0.157525 -3.60331e-19)
(-0.383301 -0.0180838 2.48738e-19)
(0.859724 -0.132205 7.55574e-20)
(2.01796 -0.266539 6.5996e-20)
(0.419148 0.402181 0)
(0.716043 -0.321334 -9.02092e-20)
(-0.519692 0.381084 5.71178e-19)
(1.75099 0.243202 0)
(1.02225 0.571508 0)
(-0.11654 -0.060521 -2.06051e-19)
(1.54079 -0.266856 -1.77056e-19)
(0.886101 -0.258354 -9.88765e-20)
(1.34205 0.249356 3.15405e-19)
(1.45211 0.201427 -1.04839e-19)
(0.855999 0.141175 -1.18876e-19)
(1.05159 0.6443 -1.96247e-19)
(2.00894 -0.440004 8.11482e-20)
(-0.1731 -0.176943 -1.35569e-19)
(1.02499 -2.20869e-05 2.91259e-19)
(1.597 0.174608 9.3274e-21)
(1.28214 0.175915 -2.05547e-19)
(1.00777 0.0429017 8.12271e-21)
(-0.153516 0.183906 1.40691e-19)
(-0.606302 0.19857 0)
(-0.230405 0.407838 0)
(0.640183 0.213145 0)
(1.87593 -0.268492 1.18086e-19)
(-0.239456 -0.221276 -2.31166e-19)
(0.474317 0.36736 0)
(-0.0711957 -0.0793294 1.32072e-19)
(1.658 -0.385608 -3.58667e-20)
(-0.0857087 -0.0637255 -2.11159e-19)
(0.997042 0.667617 2.37294e-19)
(1.09205 0.247118 8.73243e-20)
(-0.245695 0.114493 9.38506e-20)
(0.871418 0.774982 -2.15081e-19)
(1.24495 -0.289278 6.61063e-20)
(0.962993 -0.00656052 -2.70569e-19)
(1.08652 -0.0497375 -9.71422e-20)
(0.766388 0.264437 0)
(0.127675 -0.0411284 0)
(1.20689 -0.169918 5.41926e-20)
(1.42328 -0.302079 -1.27613e-19)
(-0.350661 0.301731 1.40876e-21)
(1.04371 0.24293 2.1582e-19)
(1.2654 1.01129 0)
(0.676639 0.022563 -9.59645e-20)
(-0.159123 -0.131093 -5.19914e-20)
(0.768149 -0.323905 3.77e-19)
(0.792481 -0.296984 -1.25207e-19)
(1.48899 0.173893 2.04703e-19)
(-0.219313 0.152536 1.03832e-19)
(-0.417333 -0.00845852 -1.1023e-19)
(0.481543 0.468327 4.57443e-19)
(-0.178215 0.231494 -3.32388e-19)
(1.5337 0.053932 -6.31484e-20)
(0.99601 -0.21625 3.09521e-19)
(-0.0779171 0.0570206 -2.91042e-19)
(0.553687 0.374281 -3.32952e-19)
(0.870077 0.478544 0)
(0.0386832 -0.0399925 -9.69286e-20)
(-0.0359483 0.0641253 -2.25157e-19)
(-0.0032437 0.0143695 -1.70727e-19)
(0.0269371 -0.0354732 -9.97023e-20)
(1.0765 0.0323819 -8.38563e-20)
(-0.0203663 0.107427 -1.03858e-19)
(0.887741 0.51418 1.16583e-19)
(1.38848 0.817311 4.273e-20)
(0.702229 0.648925 0)
(0.974473 0.629784 0)
(-0.071335 0.0583187 -1.37844e-19)
(-0.239649 0.19476 0)
(0.928934 0.522134 -1.17176e-19)
(-0.0527962 0.0501635 0)
(1.44349 0.878396 8.00905e-20)
(0.679197 -0.0333878 6.25558e-19)
(-0.0893531 -0.103136 -3.31069e-23)
(0.00768185 -0.038049 0)
(0.536278 0.507343 0)
(-0.306516 0.352829 1.56533e-19)
(-0.0215679 0.0454527 8.75491e-20)
(1.92162 -0.336825 -3.19969e-20)
(-0.228833 -0.0948721 2.23631e-19)
(0.563393 -0.0849488 -5.2512e-19)
(2.22486 -0.461563 4.567e-20)
(1.73583 -0.21308 -2.56407e-20)
(0.0413601 -0.0422869 -8.63324e-20)
(0.37649 -0.365171 -3.48857e-19)
(0.0402987 -0.0347075 1.47776e-19)
(-0.0621542 0.116677 0)
(0.755241 0.689508 2.3884e-20)
(1.05969 -0.105029 -3.67479e-19)
(-0.0921062 -0.0785872 2.11019e-22)
(0.580357 -0.169303 0)
(0.611506 0.574445 -2.78928e-20)
(0.480986 -0.46799 2.56414e-19)
(-0.0156049 0.0529792 -4.15623e-22)
(0.380737 0.366086 -3.6223e-19)
(1.66684 -0.119838 0)
(2.22081 -0.302165 4.35396e-19)
(-0.00057388 0.0224804 0)
(-0.0281103 0.10683 -1.16305e-19)
(0.03933 -0.0283323 6.66272e-20)
(0.399381 0.374665 2.8353e-19)
(0.785324 0.718575 -2.60153e-19)
(-0.180914 -0.229922 2.71621e-19)
(0.0422692 -0.0369359 -1.51603e-19)
(-0.171587 -0.1713 -2.38274e-19)
(0.816742 0.303045 0)
(-0.0804464 0.140289 -1.05952e-19)
(0.461934 -0.422664 2.83637e-19)
(-0.0688497 -0.064004 -2.52544e-19)
(1.25402 0.234141 -1.78381e-19)
(0.00843045 -0.0216216 4.96208e-20)
(0.768791 0.708691 0)
(0.691921 0.646533 0)
(0.838683 0.754484 -2.191e-19)
(0.873894 0.784292 7.10459e-20)
(1.44873 -0.835408 -4.44514e-20)
(-0.0831238 0.157669 7.25675e-22)
(0.895653 0.439099 0)
(0.011131 0.00248849 -5.08641e-20)
(1.46036 0.964307 -2.35069e-19)
(1.1428 -0.229557 1.79925e-19)
(1.5396 -0.481527 0)
(0.425958 -0.393633 4.25094e-21)
(1.95139 -0.331362 -2.11274e-19)
(-0.0630518 0.15641 -1.53924e-19)
(-0.00221275 0.0706059 0)
(0.00823761 -0.0293298 -2.20274e-19)
(0.849039 0.758761 9.61141e-20)
(0.773307 0.427199 1.15543e-19)
(-0.00249537 -0.0171763 -2.73368e-19)
(0.557915 -0.542895 0)
(1.6076 -0.440507 0)
(0.0347866 -0.0403122 8.35603e-20)
(0.336519 -0.309911 -5.21845e-19)
(-0.195363 -0.19529 -1.55885e-19)
(-0.678447 0.200967 -3.62014e-19)
(0.541801 -0.142642 2.92647e-19)
(0.0207358 -0.0353221 9.05318e-20)
(0.915673 0.806758 0)
(-0.110288 0.188571 1.7622e-19)
(-0.0325866 0.021601 -9.0855e-20)
(-0.0139065 -0.00734652 4.14592e-20)
(0.403522 -0.354096 1.70274e-19)
(0.0104794 -0.0479501 -1.70181e-19)
(0.673483 -0.193812 2.81956e-19)
(-0.0103269 -0.00365063 -4.58602e-20)
(-0.214966 0.231815 -2.09726e-19)
(0.756723 0.30133 0)
(1.93669 -0.167682 4.66201e-20)
(-0.117738 0.236562 1.52352e-19)
(0.961723 0.807596 2.79852e-19)
(-0.220238 -0.128616 3.27845e-19)
(0.969148 0.85292 -7.48031e-21)
(2.02431 -0.339889 -7.13652e-21)
(-0.0195522 -0.0194624 1.35373e-19)
(1.18476 -0.293649 -4.18982e-21)
(-0.08028 -0.330823 2.28318e-19)
(-0.0098955 -0.0252859 1.34016e-19)
(-0.0344829 0.0241034 1.6119e-19)
(-0.0523764 0.0220091 -1.60637e-19)
(-0.110326 -0.062094 2.69463e-19)
(1.15801 -0.293776 8.0112e-20)
(1.07387 0.925367 2.23234e-21)
(2.02712 -0.250792 2.44059e-20)
(0.0381548 -0.0422705 1.83806e-19)
(0.63293 -0.15675 0)
(1.31176 -0.45795 0)
(-0.035307 0.0779954 0)
(1.06819 0.799223 1.90631e-19)
(1.72581 -0.799158 4.58762e-20)
(0.00677209 0.0863158 -1.02155e-19)
(-0.0395251 -0.0132497 1.52292e-19)
(0.0294326 -0.041486 0)
(1.75064 -0.220761 -7.30801e-20)
(0.437386 0.412102 -5.13665e-19)
(0.0225866 0.0167918 -1.25842e-19)
(-0.131134 -0.0827645 -2.45909e-19)
(-0.199549 0.438996 1.67809e-19)
(2.06156 -0.288169 0)
(1.33096 1.0034 -1.73004e-21)
(-0.128159 -0.0639154 -1.20496e-19)
(0.483638 -0.128078 0)
(0.610312 -0.0785147 -3.01749e-19)
(1.05179 0.861227 0)
(-0.276535 0.185603 1.83405e-19)
(-0.1121 -0.0648972 2.35414e-19)
(0.929914 0.809181 -1.15634e-19)
(-0.114381 -0.0567661 1.15157e-19)
(0.460506 -0.0850859 -1.84075e-19)
(0.997177 0.858893 0)
(0.496742 -0.470026 -6.40891e-20)
(0.865777 0.738178 1.45543e-19)
(0.511431 -0.447418 -2.58724e-19)
(1.0632 0.911514 0)
(0.274183 0.0758718 -4.46276e-20)
(-0.314049 0.137335 1.69293e-19)
(1.14042 0.943745 8.92476e-21)
(-0.0116687 0.0632343 -2.04021e-19)
(1.32506 0.994756 2.58402e-20)
(1.71772 -0.656951 -3.60784e-20)
(-0.0356573 -0.00213849 1.75934e-19)
(0.650198 -0.112101 -1.24742e-19)
(1.82384 -0.156886 0)
(1.15626 0.947304 5.76886e-20)
(2.02013 -0.127154 0)
(0.869866 -0.256026 3.64804e-19)
(-0.298562 0.210443 -3.21181e-19)
)
;

boundaryField
{
    frontback
    {
        type            empty;
    }
    Top
    {
        type            noSlip;
    }
    outlet
    {
        type            zeroGradient;
    }
    bottom
    {
        type            noSlip;
    }
    Inlet
    {
        type            fixedValue;
        value           uniform (1 0 0);
    }
    rectangle
    {
        type            noSlip;
    }
}


// ************************************************************************* //
