/*--------------------------------*- C++ -*----------------------------------*\
| =========                 |                                                 |
| \\      /  F ield         | OpenFOAM: The Open Source CFD Toolbox           |
|  \\    /   O peration     | Version:  2306                                  |
|   \\  /    A nd           | Website:  www.openfoam.com                      |
|    \\/     M anipulation  |                                                 |
\*---------------------------------------------------------------------------*/
FoamFile
{
    version     2.0;
    format      ascii;
    arch        "LSB;label=32;scalar=64";
    class       volVectorField;
    location    "32.9";
    object      U;
}
// * * * * * * * * * * * * * * * * * * * * * * * * * * * * * * * * * * * * * //

dimensions      [0 1 -1 0 0 0 0];

internalField   nonuniform List<vector> 
2186
(
(1.33329 -0.0701836 1.83882e-19)
(1.66431 -0.972981 -1.18655e-19)
(1.50484 -0.948084 -8.17485e-22)
(0.772259 -0.614866 -1.2576e-19)
(-0.0526065 0.126794 -1.6535e-19)
(1.43192 -0.230555 0)
(0.754796 -0.697658 0)
(-0.230765 -0.274839 1.31699e-19)
(1.4935 -0.209663 2.12173e-19)
(0.579083 -0.352014 -2.51166e-21)
(0.652993 0.587275 0)
(0.847515 -0.287 -1.57312e-19)
(-0.24912 -0.278663 -5.25265e-20)
(1.21287 0.0211107 -3.27869e-19)
(1.85399 -0.710825 -1.24341e-19)
(1.01178 -0.00579003 1.56038e-19)
(0.978864 0.0118692 0)
(-0.338678 0.218456 0)
(0.897963 0.0970284 0)
(-0.13796 0.153615 -6.09977e-20)
(0.480194 0.0400043 -1.0508e-19)
(-0.138605 0.192718 8.49361e-20)
(1.19818 0.0247045 2.71317e-19)
(-0.211987 -0.0633951 6.48648e-21)
(1.03549 0.00283406 -2.13422e-19)
(0.823715 -0.589585 0)
(0.765552 -0.0604311 1.2974e-19)
(0.640728 -0.620049 -1.41276e-19)
(1.18065 0.69054 0)
(0.966631 0.0228199 -2.91373e-19)
(-0.0768525 0.0807246 0)
(1.02791 -0.0157288 1.0089e-20)
(-0.217973 -0.000864986 0)
(2.21913 0.205372 2.19376e-19)
(-0.118538 -0.201197 2.02993e-21)
(1.50182 0.753743 6.78885e-20)
(1.87071 0.101386 1.44276e-19)
(0.501761 0.0893441 -3.13718e-19)
(1.83031 0.220183 -2.2873e-19)
(1.49057 0.00476031 1.00091e-20)
(-0.270053 -0.288903 0)
(-0.0803613 0.135351 0)
(1.94219 -0.913066 1.05355e-19)
(-0.362554 0.0804804 0)
(1.09037 0.266177 1.40983e-19)
(0.620059 -0.332578 2.51539e-19)
(0.959605 -0.818109 0)
(1.22856 -0.819139 8.04031e-20)
(2.1296 0.0863332 0)
(-0.118936 0.298364 1.47091e-19)
(-0.0765065 0.0987739 9.0102e-20)
(0.607329 0.560094 7.46412e-20)
(2.13885 -0.789778 1.34081e-19)
(0.578678 0.231482 -2.53131e-19)
(-0.310613 -0.202149 3.32462e-20)
(0.797436 -0.681727 0)
(1.723 -1.00525 1.95978e-20)
(0.61014 -0.569531 0)
(2.18007 0.20776 6.44656e-20)
(1.16253 -0.17997 -2.98013e-19)
(2.1356 -0.0742752 1.67164e-19)
(1.31847 0.294178 -1.64388e-19)
(1.31528 0.520216 0)
(1.74719 -0.0880926 -1.0968e-20)
(1.33766 0.380422 -1.00583e-19)
(1.29214 -0.762537 -1.06108e-19)
(1.14065 0.641574 4.89221e-20)
(0.676692 0.037215 -5.05394e-19)
(0.81697 0.0298626 0)
(2.2757 -0.191599 -8.02623e-20)
(-0.243541 -0.297182 -1.54125e-19)
(2.54918 0.06814 -1.81966e-19)
(0.730266 -0.0728002 -2.21379e-19)
(0.907293 -0.547914 0)
(0.816235 0.152599 -8.23763e-20)
(0.577806 -0.539739 -2.58139e-19)
(2.30432 0.0564239 0)
(1.00732 0.00787095 3.20611e-19)
(-0.114554 -0.247116 0)
(1.96667 0.319419 0)
(0.502379 0.236889 6.28941e-20)
(1.43925 -0.183233 -3.68308e-20)
(1.0239 0.00372228 3.54168e-20)
(1.2873 0.398969 2.53428e-20)
(0.974719 0.0213603 3.70837e-19)
(1.04333 0.0242339 -8.8141e-21)
(0.658244 0.1394 -3.03674e-19)
(1.15072 -0.171067 7.03307e-21)
(1.46686 -0.277759 0)
(-0.0710768 -0.0644707 1.15603e-19)
(0.895608 -0.654139 -1.36729e-19)
(-0.0836761 0.0331227 -3.05109e-22)
(1.13154 -0.0855578 2.12762e-19)
(0.835171 -0.212021 0)
(0.974769 0.0222968 3.55506e-20)
(1.33211 0.627072 0)
(1.67784 -0.986949 0)
(1.27751 0.216379 0)
(-0.0927882 0.240642 0)
(0.826788 -0.699482 2.45836e-19)
(0.380821 0.308215 -2.02048e-19)
(0.427856 0.324766 1.24229e-19)
(1.53742 0.187055 0)
(1.16356 -0.11035 -1.94497e-19)
(1.12423 0.0227019 1.58716e-19)
(-0.176648 0.187288 1.09738e-19)
(0.610166 0.472272 0)
(2.28285 -0.160413 -1.45153e-19)
(0.9964 -0.506564 6.88517e-20)
(-1.08732 0.65511 2.74729e-19)
(1.70171 0.291555 1.13787e-19)
(-0.0698465 0.235513 -2.33551e-19)
(0.851051 -0.773977 0)
(0.541465 0.307671 1.54237e-19)
(1.76471 -0.227629 -6.23452e-19)
(-0.238414 -0.231739 -5.07636e-19)
(1.54854 0.129033 2.1632e-19)
(1.71065 0.0818484 0)
(-0.0950269 -0.0897048 -3.45698e-19)
(0.717391 -0.108142 6.9747e-20)
(1.52299 0.858062 0)
(-0.126926 0.320604 -1.90232e-19)
(0.857985 0.735525 -2.5142e-19)
(-0.487457 0.221126 2.79353e-19)
(1.02784 -0.0269673 0)
(1.55858 -0.00535886 -2.72517e-19)
(-0.0512555 0.173595 0)
(0.729052 -0.528879 -9.22577e-20)
(-0.398083 0.210505 -1.50996e-19)
(0.823168 -0.751809 0)
(0.463437 -0.327137 3.67658e-19)
(0.573591 -0.49228 2.43586e-19)
(0.431683 -0.391072 0)
(1.02286 -0.814321 -9.5139e-20)
(0.376918 0.205113 0)
(-0.0954276 0.357692 -1.153e-19)
(0.84685 -0.730991 1.1563e-19)
(2.46155 -0.240383 3.39302e-19)
(2.11224 0.178015 0)
(-0.146468 -0.198292 0)
(0.661427 0.614098 -3.12861e-19)
(1.84215 -0.648302 2.56725e-20)
(-0.164657 -0.185993 0)
(1.02301 -0.840427 -1.05985e-20)
(1.16726 -0.104328 0)
(1.09735 -0.134005 3.37934e-19)
(2.10992 -0.165787 -1.43696e-19)
(-0.0767865 0.16376 0)
(1.26185 -0.57686 -4.1713e-20)
(-0.323824 0.146046 -4.14779e-20)
(0.00118197 0.0520135 0)
(1.13362 -0.84697 1.29674e-20)
(1.00709 0.00420479 -5.35602e-19)
(0.682997 -0.515591 -9.12083e-21)
(0.850007 -0.5486 0)
(1.24185 -0.760159 -6.85296e-20)
(0.64015 0.199942 2.37185e-19)
(1.18585 0.119913 0)
(1.4595 0.0771188 -2.28622e-19)
(1.23928 -0.889318 -1.26905e-19)
(-0.137613 -0.188084 -1.26341e-19)
(-0.183662 -0.352488 -1.99073e-19)
(1.06285 0.000636425 2.02402e-19)
(0.950753 -0.493137 -8.65781e-20)
(0.846165 -0.0628929 -6.51062e-21)
(0.226991 0.222751 -1.95006e-20)
(0.75912 -0.123032 1.39996e-19)
(-0.126871 -0.0897723 -3.1619e-19)
(2.03382 -0.282695 0)
(2.646 -0.379919 1.5414e-19)
(1.41152 0.629978 1.24249e-19)
(0.843143 -0.646923 -1.79339e-19)
(0.995831 0.00780976 1.09745e-20)
(0.75463 -0.564577 2.53583e-19)
(1.27039 0.77772 1.14166e-19)
(1.76936 0.0703046 1.21289e-20)
(-0.101241 0.127469 0)
(1.078 0.0472405 -2.10166e-19)
(-0.552582 -0.088493 -2.52054e-19)
(1.04455 0.469612 7.27937e-20)
(0.114224 -0.138167 1.91069e-19)
(1.16491 0.0259506 -3.79332e-20)
(-0.215068 -0.00209073 -1.47564e-19)
(1.2633 0.563833 -6.99748e-20)
(1.10519 0.860211 0)
(-0.145416 0.116661 -9.12859e-20)
(-0.101552 -0.128262 0)
(0.626712 0.534445 -2.54363e-19)
(2.03222 0.168444 -1.59944e-20)
(-0.259607 -0.272513 1.74814e-19)
(-0.365567 -0.0447336 -5.71502e-19)
(0.721854 0.0387836 2.21972e-19)
(1.8558 0.168361 -3.37105e-20)
(1.01008 -0.370488 -2.56621e-20)
(-0.084978 -0.0992442 0)
(-0.968096 0.987668 4.09038e-19)
(1.29151 0.944262 -1.47781e-20)
(0.834638 0.0461625 -1.21514e-19)
(0.533047 0.499237 1.76969e-19)
(0.451858 0.194484 0)
(-0.213935 -0.306943 -2.47058e-19)
(-0.944379 1.2241 2.81469e-19)
(1.34325 -0.992508 9.78093e-23)
(0.993976 -0.0483598 -1.6591e-19)
(-0.174844 -0.168425 6.49652e-21)
(0.0317156 -0.0271024 1.39145e-19)
(-0.241911 -0.209358 -2.22764e-19)
(1.81099 0.053717 0)
(1.12032 0.0396418 -2.82643e-19)
(2.41113 0.168477 1.76169e-19)
(1.31596 -0.645044 6.93286e-20)
(1.13356 -0.121092 2.37968e-20)
(0.571526 0.287093 0)
(0.913988 0.724296 -1.48692e-20)
(0.659204 0.605398 1.68318e-19)
(0.932041 -0.594789 1.23903e-19)
(0.658001 0.468783 0)
(1.0243 -0.00335472 7.12527e-21)
(0.9184 -0.696112 1.76035e-19)
(0.815462 0.394533 -4.15533e-19)
(1.23917 -0.11059 0)
(-0.100917 -0.113703 -3.6233e-19)
(-0.12042 0.0371295 -9.26516e-20)
(1.54952 0.700383 0)
(1.3984 -0.972718 -8.37221e-23)
(-0.314621 0.238595 0)
(-0.0265775 0.105477 1.03906e-19)
(0.708617 0.625198 -8.95465e-20)
(0.867581 -0.245106 0)
(-0.205499 -0.182213 0)
(1.66615 -0.477942 0)
(-1.18341 0.501698 4.39735e-19)
(1.25784 -0.917409 8.33943e-20)
(1.21639 -0.631732 4.63153e-20)
(1.08016 -0.182056 -1.33599e-19)
(0.916162 -0.726208 -1.37905e-19)
(0.197247 -0.201783 0)
(-0.661362 0.21192 0)
(1.0374 -0.538418 1.42725e-19)
(-0.174308 -0.226655 0)
(-0.110113 0.29477 0)
(-0.226104 -0.227374 4.35949e-19)
(0.764371 0.643129 7.76806e-20)
(0.982262 0.767948 0)
(0.669164 0.522215 -7.75521e-20)
(0.836169 -0.0711416 -1.98304e-19)
(0.71836 0.532068 -2.07247e-19)
(0.567158 0.525713 -1.52449e-19)
(-0.232654 -0.320873 5.9288e-22)
(0.751223 -0.674337 0)
(0.889105 0.150681 -2.89506e-19)
(-0.270573 -0.308157 6.87777e-20)
(0.579914 0.536994 3.43331e-19)
(0.926754 0.770572 0)
(-0.686632 0.287336 3.00145e-19)
(-0.113912 -0.272571 3.86267e-19)
(-0.0644466 -0.118205 -2.0022e-19)
(0.636342 0.539483 -1.34862e-20)
(0.969309 -0.00898337 5.19391e-20)
(-0.267873 -0.277976 0)
(2.27376 -0.0118099 -3.46403e-19)
(2.01704 -0.147604 -4.61667e-19)
(0.683712 -0.634027 -6.25629e-20)
(-0.361976 0.296687 8.98875e-21)
(1.16487 0.441056 1.63442e-19)
(0.863229 0.386115 0)
(1.07772 -0.18686 1.61946e-19)
(0.0283053 -0.295734 -2.65556e-21)
(-0.125411 0.00138973 3.42266e-19)
(0.927462 0.0166239 -4.56788e-20)
(1.09037 0.140705 0)
(1.89952 -0.0387695 -3.50072e-19)
(1.81547 0.0808252 0)
(0.530076 0.209743 -4.16086e-19)
(0.0355449 -0.0272069 0)
(-0.236667 -0.295201 3.02618e-19)
(0.719416 0.107927 0)
(0.653332 -0.549429 -1.56618e-19)
(1.14777 0.0153924 1.8155e-19)
(-0.114789 0.214475 3.59762e-20)
(2.11156 -0.0215417 7.21335e-21)
(2.17202 -0.237666 -1.60491e-19)
(1.09313 0.214801 -1.96262e-19)
(-0.270405 -0.298477 -1.31639e-19)
(1.11598 -0.884808 0)
(0.818484 0.0178106 -1.32187e-19)
(0.956062 -0.404325 -2.46982e-19)
(1.76949 -0.595656 -1.08257e-20)
(1.79599 0.012499 3.25662e-19)
(1.06891 -0.0104862 3.38134e-19)
(0.0292122 -0.295898 -1.8378e-19)
(1.02642 -0.464464 -1.04431e-19)
(0.207942 -0.200401 2.2167e-19)
(1.00781 -0.00912984 0)
(1.00477 -0.00775295 0)
(1.20444 -0.0123279 1.87368e-19)
(-0.0682613 0.320067 -8.15956e-20)
(0.182305 -0.119637 -1.66155e-19)
(2.01393 0.0668416 -9.32739e-21)
(1.1129 0.124545 0)
(1.72943 0.165241 -1.14857e-19)
(0.982144 -0.855443 -5.07858e-20)
(1.84642 -0.583062 -1.01272e-19)
(1.07288 0.810315 0)
(0.498728 -0.48171 0)
(0.577388 0.486313 -1.61594e-19)
(1.07493 0.264054 -3.62861e-19)
(2.30491 -0.237418 5.10772e-22)
(0.853194 0.135416 1.24158e-19)
(-0.0986477 -0.291121 -5.12523e-19)
(1.60519 -0.446664 -5.57126e-20)
(-0.270976 -0.300168 0)
(-0.14767 -0.210379 0)
(-0.276186 -0.268289 0)
(1.38473 -0.751396 -4.58723e-20)
(-0.00187043 0.0531165 -1.97312e-19)
(0.0275209 -0.0438974 0)
(1.25286 0.945971 -2.92742e-20)
(1.09353 0.137229 -3.7562e-19)
(1.88407 0.0785549 -1.98659e-20)
(1.04666 0.892977 7.38572e-20)
(-0.0685489 0.20344 1.19156e-19)
(1.41674 -0.207182 0)
(-0.271936 -0.253069 -3.61269e-19)
(-0.0381294 0.159367 2.28209e-19)
(0.775116 0.00280346 1.62954e-19)
(1.49409 0.91931 2.0917e-21)
(1.19714 -0.312514 -9.54119e-20)
(-0.106121 0.0138908 -9.15354e-22)
(0.778689 -0.710803 -2.93596e-20)
(1.09233 -0.0251051 0)
(1.66769 -0.0541767 0)
(1.08485 0.0501356 0)
(-0.705222 0.806618 -2.10464e-19)
(-0.276797 -0.27568 1.26383e-19)
(1.01439 0.816473 0)
(1.0029 -0.0142285 4.45991e-19)
(0.73954 0.574581 -2.07918e-19)
(-1.12351 0.805686 -2.57924e-19)
(0.86014 -0.00607394 -3.63844e-20)
(0.746246 -0.682077 -1.78558e-19)
(1.35045 0.686844 -2.82452e-20)
(0.594976 -0.489715 -2.54192e-19)
(1.12369 -0.00137889 -4.04142e-19)
(0.822075 0.0378372 3.8506e-20)
(1.56965 -0.180814 3.75233e-20)
(1.94339 -0.111092 -1.37837e-19)
(-0.0990107 -0.114789 -1.8608e-22)
(1.05253 0.44577 -2.41737e-19)
(1.29359 0.594624 7.14289e-20)
(-0.133949 -0.203282 0)
(-0.125869 -0.276279 1.88684e-19)
(-0.140438 -0.163816 1.5293e-19)
(-0.166134 -0.154387 -1.60154e-19)
(0.44942 0.268349 0)
(1.46668 -0.0816586 0)
(-0.0303312 0.0214881 -1.24286e-19)
(-0.255692 -0.320567 -7.06955e-20)
(1.04358 -0.0323543 1.60095e-19)
(-0.0640649 0.0866737 -4.33539e-20)
(1.25126 0.173308 -3.44535e-19)
(-0.154433 0.286774 0)
(0.868351 -0.770388 -2.36141e-19)
(1.72009 -0.138306 2.32321e-19)
(-0.278427 -0.307036 1.68583e-19)
(0.70882 0.125716 2.95831e-19)
(0.614179 0.0942608 9.59654e-20)
(0.528372 -0.501699 1.73194e-19)
(-0.182494 -0.213597 -1.60435e-19)
(1.0342 -0.528061 0)
(0.366155 0.300951 -1.77577e-19)
(1.02711 -0.018106 -2.54657e-19)
(-0.377818 -0.0294918 2.2571e-19)
(1.38337 0.462691 -1.06294e-19)
(-0.189556 -0.25736 -6.16661e-20)
(0.718151 -0.655722 -1.28657e-20)
(0.801361 0.159457 -1.85617e-19)
(0.952924 0.401648 2.06572e-20)
(1.17264 -0.151822 2.89319e-20)
(0.626214 -0.270046 -2.63869e-19)
(2.07009 -0.366936 -2.15983e-19)
(2.04552 0.00342983 0)
(1.74645 0.0442035 -2.30278e-20)
(1.63182 0.105972 -1.48781e-20)
(0.775425 -0.181725 1.37825e-19)
(0.939183 0.351026 -1.78307e-19)
(1.81893 -0.246111 6.10232e-20)
(0.3935 0.356775 -2.3021e-19)
(-0.180711 0.306157 1.53377e-19)
(2.08783 -0.130981 0)
(0.933233 0.00493961 0)
(0.909452 -0.805105 4.31183e-20)
(-0.109325 -0.30944 -4.23136e-19)
(-0.611091 0.287893 -1.82189e-19)
(-0.120996 -0.147139 -2.67406e-19)
(-0.19833 0.281723 -1.22092e-19)
(-0.260383 -0.36342 0)
(-0.13817 -0.186045 4.80192e-20)
(-0.22656 0.204869 -8.44993e-20)
(0.0306765 -0.0228788 -3.16917e-19)
(0.816608 -0.14018 0)
(1.90471 -0.232121 2.09426e-19)
(-0.134144 -0.155218 0)
(0.995368 0.0237433 3.22035e-19)
(-0.175026 -0.329757 2.2065e-20)
(0.570451 -0.461827 3.40642e-19)
(-0.527959 -0.182504 4.17529e-19)
(-1.1091 0.124919 0)
(-0.00347033 0.269291 8.27125e-20)
(1.00593 0.0203204 -9.66916e-21)
(-0.062283 -0.153473 0)
(1.00504 -0.0096201 -5.0339e-20)
(0.895986 -0.758326 -2.30876e-19)
(1.20852 0.171214 0)
(0.956831 -0.295486 1.76584e-19)
(-0.0495854 0.364804 1.58701e-19)
(-0.0606194 -0.0633693 0)
(-0.239872 -0.287969 -6.88383e-21)
(0.758707 -0.664975 -3.56216e-19)
(0.971999 -0.0284218 -2.28105e-19)
(-0.0985694 -0.31685 5.1345e-19)
(-0.21642 -0.303167 1.87406e-19)
(-0.254909 -0.341376 0)
(0.933957 0.450301 0)
(-0.223852 -0.395814 2.14343e-19)
(1.95116 0.0397654 -2.32693e-19)
(1.0425 0.867946 1.67491e-20)
(1.05671 0.198984 -1.10129e-19)
(1.15078 0.00628067 -1.85891e-19)
(1.07108 -0.0758037 -6.3347e-20)
(-0.114255 -0.336462 -4.66575e-19)
(1.84422 0.0995845 3.62547e-19)
(0.661741 0.0331048 1.8433e-19)
(1.80346 -0.0301129 1.57577e-19)
(1.06756 -0.164778 0)
(-0.289876 0.624684 5.39073e-19)
(1.1447 0.0244049 -4.36453e-19)
(1.7079 0.600022 5.72756e-21)
(0.771346 -0.487689 -1.3843e-19)
(-0.0939883 -0.0886689 2.58429e-19)
(0.831323 -0.730582 3.0551e-19)
(1.21471 0.189661 6.63125e-20)
(1.00656 -0.00836028 2.23068e-19)
(-0.0321947 -0.309643 -1.98637e-19)
(1.01829 0.0102598 0)
(1.64165 0.092743 -2.3091e-19)
(-0.0795028 -0.0797404 0)
(1.01407 0.0112266 -1.30781e-19)
(-1.03862 0.371782 -5.052e-19)
(1.70113 0.294295 3.11393e-20)
(-0.202328 -0.214504 1.88606e-19)
(1.56988 0.0129168 -2.67067e-21)
(1.01318 -0.0201255 4.62201e-20)
(1.32317 -0.083822 0)
(1.48898 -0.629432 -7.7863e-20)
(1.01761 0.0252403 -1.37196e-19)
(1.40475 0.766343 -4.83093e-20)
(1.34303 -0.0315483 0)
(1.76328 0.567792 -1.14429e-20)
(-0.0414041 0.0262974 0)
(1.41006 0.0442249 0)
(-0.280565 -0.277009 0)
(1.21574 0.431082 0)
(1.81068 0.251398 4.05778e-20)
(0.713258 0.587868 3.64383e-19)
(0.307624 -0.30972 -2.04974e-19)
(-0.245278 -0.329915 -4.4088e-19)
(-0.0900297 -0.106268 0)
(2.62956 -0.160137 1.75638e-19)
(1.31811 0.509209 0)
(1.42958 0.285229 0)
(-0.27606 -0.255948 1.57652e-19)
(0.781012 0.688981 1.16739e-19)
(1.73714 -0.026239 0)
(-0.233427 -0.257569 1.00812e-19)
(0.89385 0.19665 1.69971e-19)
(2.19909 -0.180931 -1.32624e-19)
(1.20718 0.900342 4.03017e-20)
(0.95948 -0.863533 -1.81026e-20)
(1.93592 -0.0581822 -1.05112e-19)
(0.767382 0.69275 1.19763e-19)
(1.14521 0.898634 0)
(2.34917 0.0186739 2.01992e-19)
(0.763072 1.00165 0)
(1.70831 -0.404777 1.47315e-19)
(1.05535 0.0918713 1.92953e-19)
(1.00512 -0.00688567 0)
(0.403283 1.31252 4.67618e-19)
(0.905633 -0.196904 4.13559e-20)
(0.658844 -0.444162 0)
(0.696207 -0.416963 1.84296e-19)
(1.20882 0.538239 -3.03072e-20)
(0.453346 0.426067 2.52978e-19)
(0.0289965 -0.0104254 3.78619e-20)
(-0.0163713 -0.129398 8.9979e-20)
(0.771994 0.0628526 0)
(1.36748 -0.932825 -2.29088e-20)
(1.02966 -0.0456289 3.55681e-19)
(1.49725 0.33523 1.41276e-19)
(-0.239835 -0.256344 8.67396e-20)
(-0.576499 -0.0897205 0)
(1.25785 -0.251566 -9.11309e-20)
(-0.0626663 -0.0666887 -2.21243e-19)
(0.00308474 0.135833 -5.80408e-20)
(-0.133587 0.06403 -8.8033e-22)
(-0.197122 0.10118 2.83056e-19)
(0.535394 -0.264526 -1.48857e-20)
(2.45395 0.00277473 4.63869e-19)
(1.16367 0.44315 -2.63559e-19)
(0.838583 -0.0571769 0)
(1.83305 -0.103888 1.7612e-19)
(1.91816 0.0870423 1.43934e-19)
(0.947576 -0.797148 1.10577e-19)
(1.19973 -1.01181 -7.32591e-21)
(0.458203 0.424252 1.69631e-19)
(1.64927 0.69472 0)
(1.71813 0.558388 2.88795e-20)
(-0.0757422 -0.0888255 -4.50423e-19)
(0.856756 0.746258 0)
(1.52983 -0.267889 0)
(0.309375 -0.309267 -3.9884e-21)
(0.299207 0.262682 0)
(-0.769752 0.0762213 -3.5775e-19)
(0.00996065 0.0347843 -1.08181e-19)
(1.78557 -0.444524 0)
(1.20807 0.0889337 1.67624e-19)
(-0.606426 0.333884 1.51877e-19)
(0.560499 -0.533017 -3.90233e-19)
(1.91643 -0.0700816 -5.89456e-20)
(0.640347 -0.582445 0)
(1.00735 0.12166 0)
(1.39016 -0.272079 0)
(1.10249 0.213939 -2.09006e-19)
(1.32845 0.100817 2.95381e-19)
(-1.0108 0.16659 0)
(0.896091 -0.0645134 0)
(2.13683 -0.0525124 -9.58237e-21)
(-0.0276035 -0.0336741 9.51665e-20)
(2.28369 0.11006 -2.30212e-19)
(1.10932 -0.535582 2.32477e-19)
(1.92625 0.0811796 -2.78616e-19)
(-0.552394 0.196779 -1.13585e-19)
(1.86694 0.0777583 -1.5042e-19)
(1.02018 -0.0304128 3.62481e-19)
(1.48227 0.583372 0)
(-0.0398875 0.151037 2.92603e-20)
(1.04239 -0.86134 1.28599e-19)
(0.861411 -0.0403268 4.25293e-20)
(0.664322 -0.466569 0)
(1.96648 -0.552925 1.15644e-20)
(1.2371 -0.202257 1.17063e-19)
(1.97953 -0.368882 0)
(0.635294 -0.590595 3.50081e-19)
(1.32415 0.00182542 -3.49234e-20)
(2.1979 0.120279 3.65504e-19)
(-0.00135014 -0.0240424 -1.97898e-19)
(1.29984 0.59913 1.34233e-19)
(1.12374 0.389947 3.32085e-21)
(0.885082 0.34846 2.03427e-19)
(1.98755 0.221166 -2.69714e-19)
(-0.130638 -0.333025 -2.2404e-21)
(0.77052 -0.191626 0)
(-0.140897 -0.113227 4.2356e-19)
(1.13391 -0.986834 0)
(1.10138 -0.680622 1.69944e-20)
(1.07784 -0.0890712 -7.56669e-19)
(0.787514 0.855329 6.49768e-20)
(-0.380219 -0.306122 -3.95514e-19)
(0.963166 0.461364 1.59073e-19)
(-0.230907 1.07861 2.3267e-19)
(0.686079 -0.0399348 0)
(2.08386 0.0276688 0)
(1.21303 0.0801027 1.51886e-20)
(0.789396 -0.0106639 0)
(1.38754 -0.214259 -1.20457e-19)
(-0.714719 0.172716 4.17897e-19)
(1.88569 0.488015 1.43325e-20)
(1.03673 -0.0351676 0)
(0.579934 -0.388367 9.01957e-20)
(1.00934 0.0263608 1.72887e-19)
(-0.290127 0.661316 -1.64386e-19)
(-0.252612 0.304458 0)
(1.14291 -0.498286 3.88923e-19)
(2.06683 -0.0946624 -6.47285e-22)
(1.13221 -0.521189 -1.69574e-19)
(2.23783 0.250743 1.26935e-19)
(1.25659 0.767734 0)
(0.863467 0.0189184 0)
(-0.257101 -0.2644 -2.16024e-19)
(-0.0308966 0.0119068 1.39859e-19)
(0.929281 0.34567 -1.87767e-19)
(0.148876 -0.283904 -1.74735e-19)
(0.624758 0.374648 2.20891e-19)
(1.57713 0.540329 0)
(0.56408 -0.524618 0)
(-0.060572 -0.66954 -1.06924e-20)
(1.26666 -0.529303 -7.54945e-20)
(0.755559 -0.0769684 1.74301e-20)
(0.741946 -0.18771 1.0424e-19)
(-0.0651611 -0.025649 -2.50165e-19)
(0.926596 0.194957 1.63646e-19)
(0.637024 0.592972 0)
(1.23965 0.675094 0)
(1.58438 0.253694 0)
(-0.312078 -0.332145 -1.8248e-19)
(1.23111 0.541224 1.93301e-19)
(2.03839 0.0722769 5.75031e-20)
(0.912056 -0.0122607 0)
(2.70122 -0.463204 0)
(2.07401 -0.0434789 -2.72848e-19)
(0.1528 0.750241 1.9611e-19)
(1.00527 0.00223839 -1.73143e-19)
(1.4659 0.46694 0)
(-0.14861 0.309196 0)
(1.21651 0.304681 2.60063e-19)
(0.997874 0.505667 -1.18012e-19)
(1.06592 0.0201673 0)
(1.92427 0.267678 0)
(1.95051 0.648487 -2.8547e-19)
(-0.0785887 0.0698272 1.42753e-22)
(0.99734 0.0115741 0)
(0.684103 0.441669 -3.03832e-20)
(0.972797 -0.857825 0)
(1.00105 0.0145558 4.01094e-20)
(0.613319 -0.569808 -3.10361e-19)
(0.927805 -0.346314 2.59151e-19)
(0.276194 -0.664171 2.24136e-19)
(2.1585 -0.122442 4.15928e-19)
(1.44383 0.0155475 1.04919e-19)
(0.798616 -0.0268018 0)
(1.02202 0.00720917 0)
(-0.38027 -0.291503 0)
(0.642302 0.614401 -1.71913e-19)
(-0.0387197 -0.0264811 1.68847e-19)
(1.14709 0.335185 -4.16823e-19)
(-0.182334 0.143226 0)
(0.801887 0.615652 1.53097e-19)
(1.03352 -0.356355 0)
(1.00556 -0.00264481 1.01396e-19)
(0.223891 0.293543 7.59826e-20)
(1.01145 0.385238 2.32582e-19)
(1.22166 0.208768 0)
(2.12658 0.135683 -5.96963e-20)
(0.833864 -0.137681 -3.18752e-19)
(-0.742116 0.0084858 -4.84409e-19)
(1.1421 0.588508 0)
(0.864137 0.218149 1.57938e-19)
(2.06617 -0.134772 0)
(0.750974 0.492729 3.30271e-19)
(-0.801378 0.10924 1.83065e-19)
(-0.00250156 -0.0434074 0)
(0.568226 0.539306 -6.44635e-20)
(1.06213 -0.669059 -1.19711e-19)
(0.50412 -0.293373 -1.08015e-19)
(1.02173 -0.0212193 0)
(-0.34078 0.363756 -1.35741e-19)
(0.66777 -0.598034 6.91254e-20)
(0.88937 0.265998 0)
(1.85729 -0.110111 2.24172e-19)
(0.953856 0.811257 2.2065e-20)
(0.43195 -0.751106 2.65716e-19)
(0.209074 -0.0627589 -3.25594e-19)
(0.246696 -0.114925 -4.95086e-19)
(-0.166589 -0.235764 1.15608e-20)
(0.795682 0.330475 2.23924e-19)
(-0.00210537 0.0725525 -4.82805e-21)
(1.45529 -0.672581 3.58833e-21)
(1.02535 0.00242403 -2.99438e-19)
(-0.32549 -0.362079 0)
(1.02823 0.0260011 -3.57228e-19)
(2.18416 0.375247 2.24243e-19)
(0.859663 0.663333 2.56631e-19)
(1.14553 -0.0766418 1.36533e-19)
(1.00836 -0.0376874 1.38593e-19)
(0.862034 0.782821 -6.08922e-20)
(-0.196945 -0.207207 -2.83722e-22)
(1.78521 -0.901664 1.61166e-20)
(1.15426 -0.13277 -5.85936e-20)
(0.835863 0.053646 6.66673e-20)
(0.93065 -0.315447 7.7119e-20)
(1.11378 -0.041941 0)
(0.933102 0.708173 0)
(0.615406 0.211588 -9.05981e-20)
(1.94679 0.17291 -1.84341e-20)
(-0.678958 0.0212001 1.62421e-19)
(1.06183 -0.56532 -4.17452e-19)
(0.646394 -0.564569 3.3463e-19)
(1.12903 0.148731 -8.72784e-20)
(0.167597 -0.299704 2.04545e-20)
(1.48448 -0.466561 0)
(0.747349 0.083973 -6.04031e-21)
(1.68457 -0.429952 -2.95036e-19)
(1.01 0.735929 0)
(0.915187 -0.509812 0)
(0.277652 0.353435 0)
(-0.199742 -0.251455 -7.37271e-20)
(-0.0646142 0.17926 0)
(1.54878 0.556259 2.16595e-19)
(1.20215 0.173989 5.70896e-21)
(-0.995054 0.354257 1.99845e-19)
(1.41983 -0.169654 9.76833e-21)
(1.78739 0.435915 -6.44251e-20)
(2.17363 -0.315253 -4.54905e-20)
(-0.170955 0.0349489 -1.99498e-19)
(-0.237027 -0.30657 5.13203e-21)
(1.28331 -0.0059065 0)
(0.67081 -0.0351021 0)
(1.00058 -0.000627733 2.15771e-22)
(-0.302409 -0.343687 0)
(1.46415 0.0315847 -1.49397e-19)
(0.673932 -0.0316253 0)
(1.06464 0.00333937 1.09443e-19)
(0.988441 0.0143637 -3.9304e-20)
(0.966542 0.216943 1.02385e-19)
(1.05681 -0.0210466 -8.15478e-22)
(0.966554 -0.209908 -4.67211e-20)
(1.02946 -0.0390806 3.20442e-19)
(0.701848 -0.640425 1.55013e-19)
(-1.25975 0.6733 -2.45423e-19)
(1.73845 -0.281844 3.25578e-20)
(-0.0338892 0.00253705 0)
(1.09482 0.7695 0)
(1.03327 -0.0139782 0)
(1.03815 -0.804634 -8.02415e-20)
(1.07877 -0.923884 7.89044e-21)
(2.11274 0.1369 -5.61162e-20)
(-0.14395 0.0766814 -1.06141e-18)
(0.225303 -0.151365 -3.42249e-20)
(0.613849 -0.420779 -5.5077e-19)
(1.7726 -0.187261 -4.35342e-20)
(-0.322399 -0.801474 2.46845e-19)
(2.1307 -0.322185 1.47727e-19)
(1.39974 0.0354653 -2.68364e-20)
(-0.241604 -0.266759 -1.52627e-19)
(1.08629 0.531173 1.78959e-19)
(-0.14344 -0.294941 0)
(0.0449229 -0.312521 4.08314e-19)
(-0.140073 -0.180131 -1.9951e-22)
(1.02522 -0.0460839 2.91351e-19)
(1.02611 -0.00443776 -7.43353e-21)
(1.10502 -0.0122051 -8.0506e-20)
(1.26834 0.906649 -1.36352e-19)
(1.59048 0.309987 5.33317e-20)
(0.423329 -0.398638 -2.71544e-19)
(1.90638 0.224259 1.04247e-19)
(1.03914 -0.00437424 -2.11375e-19)
(2.07736 -0.0290899 -3.35279e-20)
(1.44812 0.794022 0)
(1.08177 0.569937 -3.35507e-19)
(1.00246 -0.00537401 8.27426e-20)
(0.649187 0.577189 2.36246e-19)
(1.53977 -0.437256 7.00581e-21)
(1.05979 -0.0140735 -2.65967e-20)
(1.12015 0.0113353 7.53281e-22)
(2.22727 0.124348 1.25968e-20)
(1.44429 -0.0422405 0)
(1.0423 -0.0412184 0)
(1.04895 -0.0353115 5.10445e-19)
(1.00261 -0.00317179 0)
(-0.115026 -0.142302 0)
(0.99055 -0.606518 0)
(1.00113 -0.00120636 -4.81108e-19)
(1.19497 -0.710061 6.05459e-20)
(1.02464 -0.00576938 1.00482e-20)
(1.30862 0.929345 -2.30005e-20)
(1.48953 0.976438 -1.20782e-20)
(-0.0672169 -0.347731 6.17182e-20)
(1.60177 0.381674 2.24775e-19)
(1.20246 0.0625944 0)
(-0.150866 0.190913 0)
(2.23472 -0.00417453 5.30583e-19)
(1.28257 -0.50588 0)
(0.999908 -0.00533666 -1.49398e-19)
(1.01062 -0.00113773 2.90132e-19)
(1.4272 0.135453 -6.21842e-20)
(-0.00185377 -0.116518 3.27098e-19)
(0.973558 -0.000152563 1.57895e-19)
(1.31788 0.177811 2.42469e-20)
(0.865179 -0.0839317 -4.47896e-20)
(1.21503 0.965738 -1.25748e-21)
(0.933325 0.0169544 -1.57438e-19)
(1.00385 0.00353636 1.86852e-19)
(1.0002 -0.00070471 1.10445e-20)
(0.78889 -0.0133565 0)
(0.725927 -0.027127 0)
(0.721097 -0.0275341 6.17504e-22)
(0.696275 -0.0296704 0)
(1.65093 -0.111673 0)
(1.02105 -0.177557 0)
(0.538931 -0.0225834 7.09349e-20)
(0.720776 0.00967738 -3.95788e-20)
(1.34836 0.0911005 0)
(0.914012 0.814554 1.28589e-20)
(1.04849 0.980486 0)
(0.978445 0.217476 0)
(1.22688 0.11954 0)
(1.47113 0.0326546 5.54446e-21)
(1.25664 -0.0465017 6.02749e-20)
(0.779901 0.022546 0)
(0.786919 0.0200757 0)
(0.970314 0.0196225 -1.94297e-19)
(0.814199 0.00810976 3.64246e-19)
(1.00829 -0.00134709 0)
(1.00025 -0.000657426 3.45364e-19)
(1.00018 -0.000805153 -3.84215e-22)
(0.786888 0.0219003 3.0824e-19)
(0.994201 -0.00652371 -1.81258e-19)
(1.01617 0.217709 0)
(0.657293 -0.094511 4.48184e-20)
(1.00063 -0.00168367 -1.74829e-19)
(0.999527 0.00065298 -2.99562e-19)
(1.16507 0.738432 0)
(0.999007 0.00153926 0)
(0.999734 4.72648e-05 0)
(1.76363 -0.468328 4.54206e-20)
(-0.115987 -0.0810099 -5.47214e-20)
(1.88657 -0.077595 0)
(-0.0370505 0.0646799 2.00444e-19)
(-0.399738 0.783854 -4.52567e-19)
(1.01883 -0.0190691 -2.32657e-19)
(-0.285521 -0.289993 -1.30703e-19)
(1.01936 -0.00178597 -1.86747e-19)
(1.19783 -0.224792 -7.21691e-20)
(0.82731 -0.502151 2.57408e-19)
(-0.109775 -0.131136 -1.08612e-19)
(1.03252 0.00911098 0)
(1.04633 -0.0144626 -5.12383e-20)
(0.861322 0.019614 0)
(-0.104503 0.0214122 2.4747e-19)
(1.38329 -0.383575 0)
(-0.301175 -0.291684 -3.2629e-19)
(1.44391 0.0904431 -2.77931e-20)
(1.61816 0.663878 1.6164e-21)
(-0.077865 0.0292909 0)
(1.05219 -0.0386983 1.57793e-19)
(-0.355681 -0.199721 -8.52516e-21)
(0.926618 -0.02718 2.48495e-19)
(1.01132 -0.0104474 -1.58687e-19)
(1.63713 0.836997 3.92995e-20)
(0.49928 0.466113 0)
(0.420065 0.36495 1.85654e-19)
(2.49983 -0.453095 -1.35767e-20)
(1.13183 0.118828 1.73629e-19)
(1.12357 -0.740533 0)
(1.02127 -0.000209215 0)
(0.99945 -0.0192716 -3.6597e-19)
(1.0196 0.0134929 -3.54839e-19)
(-0.18837 -0.289768 0)
(1.18991 0.797074 -1.16551e-19)
(1.26468 -0.370989 -7.4595e-21)
(1.01591 0.0019238 1.36951e-19)
(1.01244 0.012127 -1.71507e-19)
(-0.309086 -0.277181 -3.19407e-20)
(-0.717669 -0.141563 1.89698e-19)
(1.01729 -0.0175899 5.84942e-19)
(1.45289 -0.317184 0)
(1.81917 0.623845 -4.58038e-20)
(1.01513 -0.0142896 -1.82009e-19)
(2.00484 0.117693 -1.43127e-19)
(1.05819 0.0044168 -4.21716e-22)
(1.00899 -0.0110544 3.64896e-20)
(2.11508 -0.218496 -3.54331e-19)
(1.01655 0.00553931 1.76139e-19)
(-0.0271082 -0.613872 1.61543e-20)
(1.01889 -0.000668396 0)
(0.922874 0.13203 4.43348e-20)
(-0.854986 0.0267958 5.55493e-21)
(1.00169 0.0211742 1.74932e-19)
(1.04197 0.0201394 -6.38833e-22)
(1.19901 -0.539519 1.56344e-20)
(1.2351 0.306769 3.71425e-19)
(0.998414 0.0136445 1.19974e-19)
(1.01635 -0.0160749 4.38894e-22)
(1.70144 0.243798 -2.0599e-20)
(1.7335 0.914313 -9.94614e-20)
(0.806175 -0.723949 4.54522e-20)
(0.477454 -0.366555 -2.6831e-19)
(1.00689 -0.011897 0)
(1.02138 0.00101772 4.37772e-20)
(1.01082 -0.0105657 9.25276e-20)
(0.00881105 -0.19183 2.20883e-20)
(1.0149 0.00307874 -1.83365e-19)
(1.03277 -0.0291686 2.08709e-19)
(1.00761 -0.00954252 -1.73081e-19)
(1.01375 0.00294821 -4.6888e-22)
(1.01307 0.000636012 -3.23916e-22)
(1.02656 0.0116145 1.75385e-19)
(0.895661 0.0653766 4.53577e-19)
(1.19383 0.260618 0)
(0.343039 0.0656902 2.59946e-19)
(1.01188 -0.00603865 0)
(1.02021 -0.0225942 -5.09964e-20)
(1.49835 0.426937 -7.38409e-20)
(1.73683 0.0588936 0)
(2.29155 -0.0737144 -1.83469e-19)
(0.858958 0.363868 -2.89434e-20)
(0.743456 -0.0171078 0)
(2.00525 -0.0771398 0)
(-0.20266 1.00554 -1.45686e-19)
(0.843507 0.728409 2.97246e-20)
(1.01748 -0.00739363 -1.85012e-19)
(1.15183 -0.588029 -4.75291e-20)
(-0.330233 -0.75673 2.49346e-20)
(0.148051 -0.679194 0)
(1.74197 -0.481352 0)
(1.64387 0.106855 0)
(-0.169487 0.0406765 6.99568e-20)
(0.219043 0.00121559 -3.44852e-19)
(-0.907523 0.936265 0)
(-0.108834 0.393713 -1.79723e-19)
(1.6625 0.940987 -5.77485e-20)
(1.00826 -0.00492191 -3.61402e-19)
(0.191522 0.327479 -4.47775e-20)
(1.02196 0.00275534 2.38956e-19)
(0.678327 -0.0416309 0)
(-0.167836 -0.273279 -3.34889e-20)
(0.590455 0.399833 -3.11258e-19)
(1.10441 0.236623 -7.79061e-22)
(0.0176097 0.32411 0)
(0.818155 0.0751164 6.21164e-20)
(0.498443 0.474841 4.72775e-20)
(1.15524 0.859554 -3.14066e-20)
(-0.0762731 -0.0765787 1.63877e-19)
(1.01841 0.00689662 0)
(0.106298 -0.484325 -1.83739e-19)
(1.01176 -0.0047949 1.35787e-19)
(2.21142 0.161856 0)
(1.01221 0.00544101 2.27521e-19)
(0.0670787 -0.31054 -1.94508e-19)
(1.01873 0.00757826 -1.4084e-19)
(1.06986 -0.126986 0)
(2.62002 -0.029471 7.00055e-22)
(1.00915 0.00195183 -9.4562e-20)
(0.99492 -0.0401339 2.49849e-19)
(1.07895 0.0872775 -2.20332e-21)
(0.022426 -1.03128 1.4127e-19)
(-0.127697 -0.12369 4.30704e-19)
(1.94586 0.208682 1.3535e-19)
(-0.424735 -0.794896 -1.53735e-19)
(0.799553 0.014809 -3.41126e-19)
(0.796865 0.0251105 0)
(-0.298215 -0.707691 -9.58295e-20)
(1.02006 -0.0209379 -2.74252e-20)
(0.973203 0.0136338 0)
(1.0488 -0.00169099 -1.74526e-19)
(0.0038682 -0.610429 1.75562e-19)
(-0.839265 0.0568949 2.27828e-19)
(2.22334 -0.600526 0)
(-0.926655 0.124102 -5.43042e-19)
(1.5573 -0.35774 0)
(1.03885 -0.0192781 5.11546e-20)
(1.43785 0.715177 2.56348e-21)
(1.01465 -0.00545205 1.46644e-19)
(-0.785488 0.25866 3.28164e-19)
(1.01835 0.000321849 0)
(0.993907 0.00365014 -3.55289e-19)
(1.00881 0.00633873 1.86632e-19)
(1.52285 0.0392136 0)
(0.890765 0.336563 4.42401e-21)
(0.956339 -0.00121724 -1.59887e-19)
(-0.268678 -0.303688 4.63685e-19)
(1.00424 -0.00255249 -1.82124e-19)
(1.00084 0.0167772 -4.28656e-19)
(1.69782 -0.623493 2.91863e-21)
(-0.166477 -0.179597 -1.18109e-19)
(0.782457 0.670052 -1.59569e-19)
(0.782618 0.327654 0)
(1.02218 -0.0124869 3.83773e-19)
(1.03656 -0.0167924 2.02502e-19)
(0.113587 -0.64127 1.68211e-19)
(-0.165112 -0.620455 -1.85575e-19)
(1.07912 0.0036383 -1.00518e-19)
(1.15007 -0.927926 3.54992e-20)
(1.00727 -0.00284949 1.90291e-19)
(0.963691 -0.702823 1.64491e-19)
(-0.157365 0.0656532 3.64689e-19)
(-0.166973 -0.196592 -9.38103e-20)
(0.772475 0.0132053 -5.70794e-20)
(0.72501 -0.192996 -6.01114e-19)
(1.01814 -0.0138043 0)
(1.36957 -0.835295 6.38162e-20)
(1.0917 0.598766 1.16863e-19)
(-0.297815 -0.804956 0)
(0.0936822 0.265855 0)
(-1.17749 0.486539 0)
(1.03061 0.00879323 8.05698e-20)
(2.50743 0.132675 0)
(1.05099 -0.0277044 3.23391e-21)
(-0.536549 0.0742959 -1.57818e-19)
(-0.098694 -0.122977 2.70614e-19)
(0.0140567 0.0126725 3.47366e-22)
(1.40779 0.361277 8.9298e-20)
(-0.0231787 -0.304068 5.72377e-19)
(-0.0888659 0.227398 0)
(-0.142714 -0.0835294 -4.55072e-20)
(1.01932 0.0133951 4.98861e-20)
(-0.140996 -0.149717 -1.67795e-19)
(0.851232 0.687068 -5.08611e-20)
(-0.104352 -0.119712 6.33918e-20)
(1.38317 -1.0063 -5.36442e-20)
(-0.354814 -1.27561 -1.63538e-19)
(0.252828 0.332419 -3.13483e-20)
(-0.610917 0.238384 -3.046e-19)
(0.89607 0.0117061 0)
(-0.399267 -0.918778 -2.24179e-19)
(0.869881 -0.290971 -1.38872e-19)
(-0.051416 -0.522854 2.97252e-19)
(1.91609 0.20472 0)
(1.05044 0.0219908 1.95848e-19)
(-0.521807 0.514928 0)
(0.352464 0.0258853 1.99208e-20)
(0.0887745 0.376647 0)
(0.860394 0.307126 -2.00012e-19)
(1.02928 -0.156956 7.91996e-22)
(-0.162715 -0.213078 -1.9559e-20)
(0.943698 0.0197824 -3.96677e-19)
(1.02715 -0.00335108 0)
(1.12563 0.00745488 1.0046e-19)
(1.48667 -0.278804 0)
(1.96663 -0.427236 0)
(1.01365 -0.00504699 -3.50062e-20)
(0.984508 0.0265219 -1.7063e-19)
(1.70327 0.566324 -2.49276e-19)
(0.0444614 -0.0301221 0)
(1.02208 -0.0197339 2.13869e-22)
(0.966983 -0.782846 -1.02929e-19)
(0.62648 0.315211 0)
(1.07159 -0.0274663 -2.5122e-19)
(1.99617 -0.039688 1.54748e-19)
(-0.589952 0.756434 -3.44626e-19)
(-0.0320058 0.0935994 1.70726e-19)
(-0.39791 -0.316547 2.47593e-20)
(-0.271596 0.0541308 -1.62872e-19)
(-0.119843 -0.139864 3.67042e-19)
(0.80408 -0.44882 1.3753e-19)
(0.105036 -0.242332 3.11166e-19)
(0.985384 -0.73785 1.80405e-19)
(1.11986 -0.921756 0)
(1.01573 -0.00147141 -4.10404e-19)
(0.747268 0.179657 -6.68963e-20)
(1.01695 -0.00624993 -1.55395e-19)
(-0.125521 -0.110349 -1.19535e-19)
(-0.19555 -0.310258 3.53815e-19)
(1.0173 0.0140631 -1.98014e-19)
(0.347732 0.419924 3.64755e-19)
(0.655674 -0.33282 2.09319e-20)
(1.03802 -0.0157363 -3.291e-19)
(1.7394 -0.0273778 0)
(-0.09518 0.0316111 -1.28409e-19)
(-0.823988 0.204263 -2.90257e-19)
(0.117397 -0.420619 0)
(1.10157 0.0760445 0)
(1.04716 0.0172502 2.3023e-19)
(1.29807 0.690098 -1.98224e-19)
(1.23101 -0.0270363 -1.91356e-20)
(1.12808 0.607579 1.52369e-19)
(-0.162888 0.343425 -1.60872e-19)
(1.0542 0.0089128 1.14386e-19)
(-0.0536293 -0.347832 -2.48228e-20)
(1.19696 0.145848 -3.42864e-19)
(-0.39655 0.0503121 0)
(1.02348 -0.281181 -1.60416e-19)
(-0.37741 0.428226 1.66626e-19)
(1.41153 -0.579049 -1.1626e-19)
(1.01919 -0.0252854 -2.31855e-19)
(0.44306 0.427446 -1.29547e-19)
(0.746809 0.240531 -1.84784e-19)
(-0.703423 0.0682878 2.91424e-19)
(0.868776 0.031213 -2.79094e-19)
(0.527483 -0.00793879 -1.80979e-19)
(1.00924 -0.00691442 -1.93502e-19)
(0.781723 0.575775 -2.17225e-19)
(-0.410634 0.409397 -3.20486e-19)
(0.475739 -0.460691 -1.19155e-20)
(0.186879 -0.0839371 1.26819e-19)
(0.55021 -0.393186 4.9092e-19)
(1.88768 -0.559087 0)
(1.13427 -0.882685 0)
(0.563813 0.21846 -4.9215e-21)
(0.895179 0.0319876 0)
(0.756434 -0.430878 1.64103e-19)
(-0.116507 -0.133753 0)
(1.70625 0.50362 2.52095e-19)
(1.02133 0.00285287 0)
(2.15864 0.161523 -5.15317e-20)
(1.11735 -0.410238 2.73599e-19)
(0.976791 -0.00847018 1.70377e-19)
(1.05209 0.0720702 -1.74424e-19)
(0.818527 0.215933 9.40038e-20)
(1.01512 0.0166588 2.42158e-19)
(1.52128 -0.0721158 0)
(0.976964 0.00824289 1.97236e-19)
(1.4675 0.721968 -2.34809e-21)
(-0.0336925 -0.633192 1.77857e-19)
(1.38291 1.02244 1.41655e-20)
(1.01533 -0.0268703 2.64153e-19)
(2.01625 -0.366427 1.13717e-19)
(1.8693 0.609224 0)
(-0.212981 0.496224 0)
(1.01587 -0.146392 -3.70642e-19)
(-0.86542 -0.127445 0)
(0.670802 0.396148 6.47855e-20)
(1.24969 -0.959655 0)
(0.48302 0.314458 0)
(0.606292 0.549773 -4.8599e-19)
(1.97109 0.211307 2.32633e-20)
(1.03561 -0.0341552 -1.09819e-19)
(-0.0354677 -0.0220732 9.30514e-20)
(1.04771 0.0449834 0)
(1.03148 -0.043083 0)
(1.04988 -0.86919 -3.27518e-19)
(-0.392052 0.985375 0)
(0.730263 0.44777 3.274e-20)
(1.04039 -0.0143603 4.78873e-22)
(0.589287 0.426478 1.2729e-19)
(1.13155 0.022182 2.64167e-20)
(1.6122 -0.622555 -6.26614e-21)
(1.07508 0.0275773 1.54319e-19)
(1.05159 -0.0117551 -1.64296e-19)
(1.12193 0.202625 1.81945e-19)
(1.00706 0.0184614 -3.91636e-19)
(0.0713891 -0.175323 0)
(-0.161537 0.206701 -3.70396e-20)
(-0.782445 0.63036 -3.49891e-19)
(0.91233 -0.16637 -2.15303e-19)
(2.24363 0.230717 0)
(0.157763 -0.0721821 3.74547e-19)
(-0.0751184 -0.0260724 1.01377e-19)
(1.89071 0.558245 -2.07171e-19)
(-1.01142 -0.216767 2.09237e-20)
(1.72215 0.315837 1.37538e-19)
(0.825389 0.687869 3.86918e-19)
(-0.257306 -0.0830083 1.07284e-20)
(1.11718 -0.0363926 0)
(1.02578 -0.104317 -1.0955e-19)
(0.0358773 -0.0115259 9.77916e-20)
(1.8006 -0.229109 -1.32952e-19)
(2.27334 0.150895 0)
(2.44769 -0.0865291 0)
(1.49713 0.202752 1.04409e-19)
(0.0323323 -0.0493738 0)
(1.01255 0.0136661 -1.53178e-19)
(0.165092 0.2586 0)
(1.00148 -0.0242864 1.12695e-19)
(0.688568 -0.357633 -1.9091e-19)
(0.960663 -0.0387472 3.71134e-19)
(1.84284 0.295768 2.07022e-20)
(1.05994 -0.0248677 -4.10139e-19)
(0.826355 0.0209741 4.91956e-20)
(2.45423 0.0974877 -2.15938e-19)
(1.08488 -0.0441154 0)
(1.04607 -0.0115421 1.22901e-19)
(-0.214483 0.0372942 -1.8209e-19)
(1.11053 0.000416092 -1.93138e-19)
(0.847326 0.610155 -4.26355e-19)
(1.76989 -0.279236 -1.74563e-20)
(2.31601 0.160827 0)
(0.317188 -0.14066 4.76143e-19)
(1.02917 0.180599 0)
(-0.521644 -0.0649656 1.0156e-19)
(-0.281963 -0.284252 2.5398e-19)
(1.12988 -0.938176 0)
(0.739686 0.0257396 9.83835e-20)
(-0.467691 0.0845988 0)
(1.3851 0.317428 0)
(-0.068973 0.0329982 1.21689e-19)
(0.861593 0.0780623 -2.23226e-19)
(0.0233424 0.379771 5.67505e-19)
(0.9059 0.663811 -3.43881e-19)
(0.999783 0.0294418 -5.58381e-21)
(1.03365 -0.0470877 1.25053e-19)
(2.52126 0.0517264 0)
(1.06717 -0.112097 -4.68695e-20)
(0.466069 0.319085 3.95629e-19)
(1.02155 -0.0148131 2.56953e-19)
(1.08206 -0.0123075 9.88283e-20)
(1.85291 0.31152 0)
(1.0038 -0.0106677 0)
(0.960853 0.835801 -3.05472e-20)
(1.04669 -0.0290585 -1.5216e-19)
(1.21066 -0.481421 -8.02259e-20)
(-0.442764 0.257912 1.83509e-20)
(0.719375 0.860766 0)
(0.929062 1.0079 0)
(0.728355 -0.577058 -1.80388e-20)
(0.678078 0.244471 -2.2664e-19)
(1.92354 0.37488 -2.5465e-20)
(0.981957 0.0524982 2.25538e-19)
(0.424235 0.170632 -1.39643e-19)
(2.17125 0.275813 0)
(0.772976 0.0660911 9.29306e-21)
(1.10113 0.0106413 -1.02913e-19)
(0.371002 0.0313391 0)
(0.799037 -0.00313406 0)
(0.598659 0.0606263 -4.98907e-22)
(0.605473 0.0777609 -5.48543e-22)
(0.773796 0.000456662 1.03567e-19)
(1.13193 -0.0102578 0)
(0.851506 -0.786201 0)
(-0.0418364 -0.364976 -2.40387e-20)
(0.983353 0.687804 -2.12442e-19)
(0.307629 0.113746 -9.64285e-20)
(-0.0936142 0.220639 -7.03725e-22)
(1.88003 0.779336 1.89786e-19)
(0.990148 0.0207751 1.61351e-19)
(1.03879 -0.0711911 8.75192e-20)
(0.348852 -0.269034 -6.23112e-19)
(-0.105972 -0.103906 0)
(0.203069 0.266341 -1.92181e-19)
(0.612343 -0.586586 -2.75607e-19)
(-0.301995 -0.304068 3.56829e-19)
(0.927459 0.0963384 -1.66397e-19)
(0.952035 0.320998 3.34582e-19)
(1.02919 -0.097235 9.99748e-22)
(1.02194 0.000219245 -2.94454e-20)
(1.00442 -0.00913079 1.19364e-19)
(-0.79831 -0.0275364 -2.34991e-19)
(-0.14368 -0.20007 -1.95997e-19)
(-0.279744 -0.351357 0)
(1.15236 0.248758 1.28257e-19)
(1.09446 0.0140869 0)
(-0.543318 0.437166 -1.96166e-19)
(0.0418757 -0.0486588 -1.30784e-19)
(-0.20111 -0.321231 0)
(1.01174 0.00662518 1.69837e-19)
(0.997493 -0.0537245 0)
(2.20654 0.326268 -3.02047e-19)
(-0.740242 0.164901 1.46273e-20)
(0.980747 -0.0143937 -3.556e-19)
(0.496126 0.177524 5.25312e-21)
(1.58891 0.390099 -3.39005e-21)
(0.507845 0.494764 0)
(0.737783 0.643758 1.60218e-19)
(1.81009 -0.153767 7.55871e-20)
(-0.288047 -0.308654 2.33011e-19)
(1.84046 0.212093 -6.15467e-21)
(-0.240253 -0.2556 -1.8889e-19)
(1.33951 0.389789 -2.90048e-19)
(1.27818 0.101791 4.49927e-19)
(0.629205 0.273902 -5.51749e-21)
(0.140797 -0.141111 1.65682e-19)
(0.120566 0.113706 0)
(0.00753611 -0.00603898 0)
(-0.0797831 -0.0883599 1.12446e-19)
(1.0024 0.00180277 -1.88487e-19)
(1.02518 -0.00546964 -1.59406e-19)
(-0.230827 0.114937 -1.50937e-19)
(1.74172 -0.514903 -3.24556e-20)
(1.40223 -1.06228 6.98153e-20)
(1.06831 0.719394 0)
(0.912142 0.0364023 -4.96875e-19)
(1.57674 -0.231361 -1.14629e-19)
(1.01242 -0.0228573 -4.75689e-20)
(1.40795 0.0115039 1.26262e-19)
(-0.293599 -0.296101 0)
(2.20517 0.215358 -2.18127e-20)
(-0.447628 -0.0311614 5.42189e-20)
(-0.158933 0.0457586 -2.70574e-19)
(1.0361 -0.0648482 1.68266e-19)
(-0.0639347 -0.0687844 0)
(1.70378 -0.0767109 -1.19546e-19)
(0.460575 0.224397 1.10493e-19)
(-0.0651071 -0.0689011 1.21461e-19)
(1.01664 -0.0157293 2.10246e-19)
(0.670938 0.290992 0)
(0.0468259 -0.0439187 1.22894e-19)
(0.473293 -0.462001 0)
(0.141834 -0.142697 -3.06931e-19)
(0.0109726 -0.00971955 9.71676e-20)
(0.130425 0.128551 1.62662e-19)
(-0.0558692 -0.0588581 -1.31225e-19)
(-0.276007 -0.293083 0)
(0.933441 0.272034 1.45017e-21)
(-0.440219 -1.13278 -1.03218e-20)
(0.714541 -0.645011 1.98028e-19)
(1.01245 -0.0116256 0)
(-0.0554024 -0.0579563 0)
(0.966338 -0.0960355 1.97522e-19)
(1.53402 -0.734714 -5.16536e-21)
(-0.738846 -0.124221 -4.28415e-19)
(0.967728 0.0303608 -2.23971e-19)
(0.655938 -0.602066 3.54125e-19)
(1.4143 -0.721705 -1.36337e-19)
(-0.3323 -0.362553 -4.50588e-19)
(1.07818 0.0631951 0)
(1.01322 -0.0118663 -2.43118e-19)
(-0.0423308 -0.046881 0)
(-0.0644984 0.225821 -2.73834e-19)
(0.140115 0.138425 1.55262e-19)
(-0.0541399 -0.0587821 0)
(1.13121 0.0969978 -1.50826e-19)
(1.04756 -0.212537 0)
(1.09998 -0.0881517 0)
(-0.144131 -0.143597 1.81224e-19)
(-0.243302 -0.0145707 -1.57698e-19)
(-0.0290835 -0.0320209 -1.29417e-19)
(0.0100973 -0.00872506 9.57777e-20)
(0.118113 0.107905 0)
(0.986394 -0.115682 -2.42531e-19)
(0.143927 -0.145423 -1.5199e-19)
(0.136127 0.131673 -3.10394e-19)
(0.191931 0.185615 1.16508e-19)
(0.95262 0.00454882 5.98329e-19)
(0.176752 0.168696 -1.27278e-19)
(-0.0276479 -0.0302656 1.23264e-19)
(0.140976 0.141254 -2.96273e-19)
(0.195326 -0.194687 -2.33249e-19)
(0.0144894 -0.0130204 0)
(-0.0430174 -0.0462952 2.66133e-19)
(-0.246572 0.0209177 4.46047e-19)
(0.141687 0.136326 0)
(0.802236 0.08785 0)
(-0.275944 -0.290208 0)
(0.432717 -0.919704 -7.37458e-20)
(0.209524 0.206333 2.25126e-21)
(0.0107739 -0.0103789 -5.54712e-20)
(0.00630789 -0.00844433 9.908e-20)
(0.184573 0.179652 -1.22554e-19)
(0.163208 -0.157983 0)
(-0.0310989 -0.0337119 1.36547e-19)
(0.0168438 -0.0166073 2.88945e-22)
(-0.27161 -0.295096 -2.35091e-19)
(0.283091 0.156717 6.68046e-20)
(-0.73986 0.199504 2.54898e-19)
(0.0124536 -0.0113452 -9.44873e-20)
(-0.0243616 -0.0271866 0)
(0.207043 0.206481 0)
(0.180547 -0.179612 -5.27098e-20)
(0.013019 -0.0148924 -9.03489e-20)
(2.18593 0.52604 1.56902e-19)
(1.52604 -0.614422 -5.26193e-19)
(0.190637 0.193553 2.23567e-19)
(-0.198688 -0.217404 1.01869e-19)
(0.00861435 -0.00723914 9.88977e-20)
(-0.0219129 -0.0238968 -3.62381e-19)
(0.214508 -0.213635 1.97382e-19)
(-0.141085 -0.360813 2.3406e-20)
(0.016798 -0.0160647 0)
(0.144576 -0.144236 -3.1637e-19)
(0.978314 -0.074115 0)
(1.56589 -0.358759 0)
(0.590808 -0.530452 -3.32243e-19)
(0.0390352 -1.13033 -1.13183e-19)
(0.187353 -0.180366 1.09631e-19)
(1.00235 0.00512769 1.65628e-19)
(0.88925 -0.124761 2.33293e-19)
(0.43009 -0.417822 4.62546e-19)
(1.0901 -0.301679 -1.05456e-20)
(0.214889 0.203832 9.22538e-20)
(0.809935 0.542101 0)
(0.647563 -0.564502 1.36217e-20)
(-0.020169 -0.0222095 1.1904e-19)
(0.405013 -0.00410307 2.02012e-20)
(1.06543 -0.133637 7.02508e-20)
(1.10161 -0.268421 0)
(0.95234 -0.1532 5.73718e-19)
(0.0157443 -0.014816 0)
(0.411495 -0.314864 0)
(1.18966 -0.226783 1.52745e-19)
(1.1244 0.340399 1.9461e-19)
(1.11877 -0.00214578 0)
(-0.549809 -0.0636883 2.58597e-19)
(-0.885108 0.0160419 3.35773e-20)
(1.04209 0.00181304 -2.30532e-19)
(-0.171894 -0.295176 0)
(1.20327 -0.218309 0)
(-0.179689 -0.492685 0)
(0.0989991 0.0923791 4.11627e-19)
(-0.0156786 -0.0167834 0)
(0.186506 0.177428 1.07722e-19)
(0.178812 -0.164559 0)
(0.00169794 -0.00561355 -8.81334e-20)
(-0.0131928 -0.0134233 0)
(0.34828 0.133043 1.26424e-19)
(0.869007 -0.447931 -4.66076e-19)
(0.0059367 -0.00943732 1.92109e-22)
(-0.149059 -0.173165 -3.31415e-19)
(0.266576 -0.257026 0)
(0.233999 0.222454 0)
(-0.489796 -0.200627 2.99276e-19)
(0.937541 0.0425875 4.02324e-21)
(1.12616 -0.380483 -1.60696e-19)
(0.0100599 -0.0127914 2.64845e-19)
(0.0191985 -0.0324317 2.07787e-19)
(1.04796 0.130368 2.23853e-19)
(-0.355974 0.000427344 0)
(-0.0148613 -0.0151833 -2.68403e-23)
(-0.220306 -0.322839 2.95089e-21)
(-0.0936718 0.0654333 0)
(2.37213 -0.0447649 -2.19512e-19)
(1.01563 0.131965 0)
(1.00921 -0.0813335 2.7927e-19)
(-0.926158 0.106172 0)
(0.241831 -0.224947 -4.05722e-21)
(1.0111 -0.0297659 1.45273e-19)
(0.55113 0.119503 3.66213e-19)
(1.39705 -0.805247 1.0956e-19)
(0.297083 0.2779 1.76337e-22)
(1.59562 0.507133 0)
(0.984968 -0.604767 5.87255e-20)
(1.87441 -0.950014 2.40952e-19)
(-0.00409106 -0.00128395 1.71215e-19)
(1.38248 0.190696 5.05356e-20)
(2.31462 0.426933 8.40066e-20)
(-0.00569085 0.00385394 -5.05933e-20)
(1.01313 0.0214665 2.13067e-19)
(-0.128267 -0.0156375 -1.79789e-19)
(0.321602 0.299391 0)
(-0.0158629 -0.0155834 0)
(0.247329 0.234306 7.97131e-20)
(0.310459 -0.289698 -1.64188e-19)
(-0.00809897 0.00707155 1.81186e-19)
(1.1077 -0.794726 -5.43257e-20)
(0.742974 0.17772 2.05048e-19)
(0.350519 -0.333385 0)
(-0.0107948 0.00894855 0)
(0.265875 0.251982 0)
(-0.056734 0.00328442 -1.0482e-19)
(0.287024 -0.284192 0)
(-0.022561 -0.0219853 -2.10765e-19)
(0.284602 0.26815 -5.70549e-20)
(-0.0154379 0.0107782 0)
(0.270257 -0.26492 0)
(-0.210083 -0.287449 0)
(-0.0260014 0.0169708 0)
(-0.038646 0.0267629 -5.29953e-20)
(-0.157664 -0.238999 0)
(1.00198 -0.00419341 2.23578e-19)
(0.488794 -0.457678 1.39135e-20)
(-0.0780294 0.0540363 -9.18516e-20)
(-0.0338458 -0.0233117 3.89507e-19)
(0.358761 0.329376 -4.25723e-20)
(1.61939 0.376569 0)
(-0.240853 -0.0641115 0)
(-0.158656 -0.266584 3.25839e-20)
(-0.121264 0.0941518 0)
(0.376333 -0.355485 0)
(-0.0560922 -0.0391246 0)
(0.406879 0.368353 0)
(-0.0931891 -0.07139 2.36104e-19)
(0.48139 0.444769 2.94061e-20)
(-0.155762 0.144863 -4.13812e-19)
(0.559281 -0.518416 -1.21765e-19)
(1.14751 0.128724 0)
(1.50422 -0.34025 -6.94981e-20)
(-0.570196 -0.0493343 -2.84006e-19)
(1.02979 0.0501264 -2.0794e-19)
(1.39217 0.0112152 0)
(1.9452 -0.425075 -5.63587e-20)
(1.39705 -0.519257 1.06665e-19)
(0.966887 0.0126166 0)
(0.0517837 0.366628 2.94453e-19)
(-0.977154 -0.036579 2.82415e-20)
(-0.0225197 -0.0188584 -1.19256e-22)
(-0.681023 0.00179618 0)
(1.13046 -0.182462 -1.88213e-19)
(0.351276 0.16082 3.96056e-19)
(2.30453 0.28078 -1.38873e-19)
(0.645225 -0.265619 1.02362e-20)
(1.60149 -0.769606 -3.47885e-21)
(-0.211478 -0.222713 -1.07845e-19)
(1.93616 0.218255 1.36563e-20)
(1.93499 -0.748355 2.33098e-19)
(1.03157 0.0782709 -2.82313e-20)
(-0.115189 0.0380576 1.97085e-19)
(1.11626 -0.00739394 0)
(1.9947 0.171391 -1.7634e-20)
(0.111373 0.0603633 -1.69579e-21)
(1.32702 -0.239172 0)
(0.137583 -0.135115 -5.28469e-19)
(0.0165208 -0.0167217 0)
(0.542619 -0.505752 0)
(1.89663 0.600047 -7.40772e-20)
(0.924198 -0.449997 0)
(2.26839 -0.105405 2.64201e-19)
(-0.0156163 -0.0149874 2.16829e-19)
(0.272354 -0.27727 7.51081e-20)
(1.02389 -0.0582647 0)
(-0.387687 0.382536 0)
(-0.12351 -0.124968 1.78301e-19)
(-0.093951 -0.0504878 1.69722e-19)
(0.99462 0.242711 -2.00297e-19)
(0.136783 -0.0385553 -2.95011e-19)
(1.02453 0.0109609 -7.79572e-21)
(2.12319 0.189488 0)
(-0.201999 -0.32698 2.59691e-19)
(-0.132164 -0.155137 0)
(0.632699 0.0490981 3.07352e-19)
(0.948789 0.14832 -4.3978e-20)
(0.707749 -0.610583 -1.65576e-19)
(0.977039 0.117838 3.07619e-19)
(0.997564 0.0103944 0)
(0.577409 0.112149 -1.97953e-20)
(2.16616 -0.225822 0)
(0.515837 0.464677 0)
(0.317246 -0.190428 0)
(-0.194879 -0.206906 -4.628e-20)
(0.298644 0.212181 2.27989e-19)
(-0.0355123 0.0507897 0)
(1.11419 0.0683012 1.3278e-19)
(1.05085 -0.245608 0)
(0.525358 -0.0522288 1.4703e-19)
(0.387172 -0.218189 1.923e-19)
(-0.112059 0.153391 2.45914e-19)
(0.269559 -0.295719 -3.63032e-19)
(0.984149 -0.0354261 1.62987e-21)
(1.5328 -0.6167 1.02523e-19)
(1.60005 -1.08946 -3.35579e-20)
(0.118657 0.0971043 1.29623e-19)
(1.61104 0.402168 0)
(-0.492848 -0.11729 0)
(0.0413291 -0.0315813 0)
(1.3982 -0.108345 1.3231e-19)
(-0.560937 -0.0474798 -1.0227e-19)
(0.294133 -0.272011 -1.51245e-19)
(2.32882 0.215736 9.90044e-20)
(0.792667 0.499098 -6.51749e-20)
(0.815711 0.236123 4.31694e-21)
(0.934569 0.211989 6.0309e-20)
(1.11186 0.192893 -3.62993e-20)
(-0.121354 -0.277511 1.2989e-19)
(-0.324426 -0.266576 0)
(0.924145 -0.0254875 0)
(-0.270515 -0.21606 1.74486e-19)
(0.152444 0.150619 0)
(1.94054 0.470969 0)
(-0.362291 -0.123119 1.22066e-19)
(0.533305 0.441687 -2.12646e-19)
(0.504367 -0.42196 2.66423e-19)
(-0.202106 -0.0965083 0)
(1.3718 0.908934 -2.18128e-20)
(1.07792 0.00647919 0)
(-0.48251 -0.250582 -6.04634e-19)
(-0.333011 0.0387741 -1.66613e-19)
(1.29947 -0.409684 6.75115e-20)
(0.436118 0.397574 4.79877e-19)
(0.738766 -0.256808 1.9783e-19)
(-0.157825 0.282306 0)
(1.11879 0.0564697 1.40655e-19)
(0.985869 0.553642 -8.70126e-20)
(-0.167288 -0.142013 0)
(0.713713 -0.280133 0)
(1.28867 0.829661 5.87192e-20)
(0.0154764 -0.0165525 -1.80373e-19)
(1.95377 -0.000896085 -3.2492e-19)
(1.69406 0.473563 0)
(1.68898 -0.454887 -6.13331e-20)
(0.756076 0.417296 0)
(-0.200029 -0.200137 -2.65705e-19)
(1.2555 0.896942 -7.43167e-20)
(0.899345 0.100191 -3.02025e-19)
(1.09072 -0.610462 -1.70506e-19)
(-0.107778 -0.180443 -1.9778e-21)
(-0.119738 -0.297123 -1.36846e-19)
(1.01758 0.0606377 2.12586e-19)
(-0.0979987 0.348718 0)
(0.960283 0.17325 3.02574e-21)
(1.70399 0.411824 -1.21671e-20)
(1.54768 -0.87852 3.91012e-20)
(1.30265 -0.313447 -9.77258e-20)
(1.70839 -0.322404 2.63864e-20)
(-0.180766 -0.149112 7.31246e-20)
(0.593751 0.533624 1.2392e-19)
(0.145673 -0.0791551 2.84342e-19)
(1.9506 -0.168917 -9.61149e-21)
(0.761479 0.491371 5.1461e-20)
(1.84238 0.182865 3.8815e-20)
(0.868278 0.583941 1.23329e-19)
(-0.367492 -0.239292 6.40351e-19)
(1.32898 -0.158125 -2.41652e-19)
(0.953177 0.244124 -1.3248e-19)
(-0.324283 -0.319404 -1.296e-19)
(0.0299203 -0.00884438 0)
(1.00225 0.00210386 4.66085e-19)
(0.76631 -0.120306 0)
(0.851703 0.544569 -1.26571e-19)
(1.53001 0.711905 -1.19337e-19)
(-0.159606 -0.319757 -1.88529e-20)
(1.92939 -0.446452 0)
(1.18324 -0.3845 0)
(1.54954 -0.286243 1.45892e-19)
(0.642688 -0.333166 3.2839e-19)
(1.1037 -0.337727 0)
(-0.214637 -0.341801 -2.66822e-19)
(0.941258 -0.102421 -2.23404e-19)
(0.776688 -0.653902 -6.16915e-20)
(-0.333211 -0.197733 2.94013e-19)
(-0.11561 -0.130391 -1.23579e-19)
(-0.12001 -0.114403 -2.85665e-19)
(0.14241 -0.108008 -1.69963e-19)
(-0.922026 0.204767 -7.87681e-21)
(0.841237 -0.321373 -1.29052e-19)
(0.917156 0.321338 1.47093e-19)
(0.692034 0.0125473 0)
(0.792395 0.0908934 2.83163e-19)
(1.23149 -0.381195 3.97165e-21)
(1.00292 -0.147583 -4.98569e-21)
(0.574222 0.504391 1.64895e-19)
(1.82479 0.196059 1.59978e-21)
(1.35586 0.141562 1.11367e-19)
(1.07341 -0.0302474 3.66403e-20)
(0.849609 -0.403968 1.28488e-19)
(0.517218 -0.253062 0)
(-0.111887 -0.119248 1.24257e-19)
(0.954675 0.0846142 1.4256e-19)
(1.07281 0.681759 8.58192e-20)
(-0.104443 -0.112229 2.6311e-19)
(1.07186 -0.63628 2.37991e-19)
(0.128857 -0.116433 0)
(1.76449 0.87223 0)
(0.220449 0.211522 3.22297e-19)
(1.56388 0.567374 0)
(0.00402906 -0.00572599 0)
(1.00696 -0.652049 -2.10204e-19)
(-0.0999154 -0.105373 3.94729e-19)
(-0.105016 0.0242987 1.34201e-19)
(1.107 -0.0253123 4.32564e-20)
(1.53496 1.03195 -1.81669e-23)
(0.961606 -0.0550469 -1.56525e-19)
(0.130648 -0.127375 7.66627e-20)
(1.03205 0.131655 -1.56242e-19)
(0.00780573 -0.00634237 3.01057e-19)
(1.02441 0.345268 0)
(0.22927 0.228231 -1.63985e-19)
(-0.26344 0.156868 1.37536e-19)
(1.92063 0.373767 0)
(-0.751099 0.180179 -1.75331e-19)
(0.0224933 0.0648747 1.23636e-19)
(-0.314908 -0.222281 0)
(-0.107876 -0.115247 -5.96894e-20)
(0.240138 -0.241613 0)
(1.02775 -0.750401 0)
(0.0136883 -0.0131991 1.96458e-19)
(0.581724 -0.551623 3.8931e-19)
(-0.097026 -0.104143 -2.41423e-19)
(-0.243367 -0.18291 -2.11935e-19)
(0.247096 -0.249391 -1.5478e-19)
(0.237053 0.23234 4.8007e-19)
(-0.00171164 0.378024 -1.45714e-19)
(-0.473917 -0.241164 -1.27396e-19)
(-0.0143463 -0.0132938 0)
(-0.200836 -0.339929 2.18312e-19)
(1.0545 -0.149891 -2.84797e-19)
(0.0175947 -0.0158908 9.23116e-20)
(1.65819 -0.546604 2.2504e-21)
(1.37635 0.142889 0)
(2.12346 0.318678 -1.42672e-20)
(0.95332 -0.0565988 0)
(-0.0831114 -0.0879823 0)
(0.194014 0.188588 0)
(0.960539 0.0574874 0)
(1.12262 -0.268945 0)
(0.97391 0.0924979 -2.84539e-19)
(0.228311 0.226158 -1.55807e-19)
(-0.416838 -0.140348 -1.76143e-19)
(-0.0858656 -0.0942341 2.67955e-19)
(0.991314 -0.211509 1.46413e-19)
(0.790915 -0.393095 0)
(-0.020416 -0.113143 -2.95788e-19)
(1.02251 -0.0297975 -1.83999e-19)
(-1.06714 0.123529 6.06893e-19)
(-0.0541101 -0.0588671 0)
(-0.12679 -0.138842 -1.49822e-19)
(0.278527 0.260569 -1.27592e-21)
(0.251339 0.239406 0)
(-0.0581869 -0.0641485 1.35067e-19)
(-0.0330085 0.102851 1.97204e-19)
(1.33216 -0.515256 1.38927e-19)
(1.82185 -0.434441 1.79626e-20)
(0.427136 0.118212 -1.83711e-19)
(1.03178 0.0359968 0)
(0.327491 0.319149 -2.2222e-19)
(-0.619656 -0.0608388 2.6461e-19)
(0.309752 0.301032 -3.69102e-19)
(0.304452 0.295825 1.18072e-19)
(0.388781 -0.278537 0)
(0.0219047 -0.0198798 5.19228e-20)
(0.0106078 -0.00979475 0)
(-0.0498977 -0.054216 3.37685e-19)
(-0.114612 -0.129182 2.98936e-19)
(0.515214 -0.416507 5.67965e-19)
(1.33516 -0.23105 -1.75174e-19)
(0.335001 0.334723 0)
(0.0188989 -0.0190866 2.24807e-19)
(0.243561 -0.248978 3.16006e-19)
(1.20813 0.13039 -4.59158e-21)
(0.330929 0.331132 0)
(0.99134 0.317175 -1.00597e-20)
(-0.654702 -0.0862446 -6.21634e-22)
(2.13322 0.320357 7.00726e-20)
(-0.0430527 -0.0472069 0)
(1.16515 0.7457 0)
(0.0284662 -0.0276331 -2.77556e-19)
(0.338063 -0.340091 -2.24257e-19)
(0.26965 -0.241438 1.57894e-20)
(1.89824 0.250171 -3.19147e-20)
(1.072 0.327063 -1.20565e-19)
(0.314365 -0.305462 -2.30185e-19)
(1.03407 -0.0201814 3.1407e-19)
(0.995611 0.0597849 0)
(1.55983 0.0271365 -3.0741e-21)
(1.08261 0.0198084 1.11551e-19)
(0.992904 0.271549 -5.90071e-21)
(1.43258 -0.52325 0)
(1.176 0.176434 -1.03965e-19)
(1.90974 0.450336 -1.53828e-19)
(0.0250817 -0.0233309 0)
(-0.161073 0.100434 3.20265e-19)
(1.70552 0.537942 0)
(1.00401 -0.00214243 4.98238e-20)
(0.338431 -0.327106 -1.06321e-19)
(1.005 0.00459499 5.11878e-19)
(0.487987 -0.2885 0)
(1.19969 -0.926945 0)
(-0.0395854 -0.0414855 1.21633e-19)
(0.110047 0.0824817 0)
(1.08109 -0.0244688 6.62818e-20)
(0.514397 0.382313 5.85177e-20)
(0.718919 -0.019343 -4.2326e-19)
(0.0270961 -0.0257479 0)
(-0.16707 -0.11519 2.52367e-19)
(-0.479174 -0.13736 0)
(1.80882 0.79212 0)
(-0.0599498 -0.0582896 0)
(-0.0615133 -0.061177 1.21707e-19)
(1.66991 0.752115 -1.1876e-20)
(1.00849 0.0452312 0)
(0.00299268 -0.013557 1.03308e-19)
(0.0194123 -0.0229037 0)
(1.11388 0.615964 0)
(1.63898 -0.827697 -4.28105e-20)
(0.378548 0.355999 1.86279e-19)
(-1.0409 0.438891 -5.30044e-19)
(-0.0339727 -0.0363401 -1.28905e-19)
(0.479195 -0.1744 -3.1835e-19)
(1.02109 0.260611 0)
(0.402948 -0.0662439 1.48435e-19)
(0.702602 0.587694 0)
(0.912108 -0.0827902 3.06032e-19)
(0.210399 0.0222706 -1.54377e-19)
(0.398259 0.376718 -9.15867e-20)
(0.729946 0.219377 1.77099e-19)
(0.014955 0.0265907 1.87793e-19)
(0.816429 -0.645588 1.22205e-19)
(0.229907 -0.236217 1.73039e-19)
(-0.0313093 -0.030018 2.8943e-19)
(1.51938 -0.476762 -6.03941e-20)
(0.0286011 -0.0284084 9.23215e-20)
(-0.0254721 -0.0271702 0)
(-0.090743 -0.0123991 -7.73703e-20)
(0.00583369 -0.0112255 8.94232e-20)
(1.04199 -0.20901 0)
(0.4079 -0.374026 1.02927e-19)
(0.253533 0.248745 1.42666e-19)
(0.247301 0.247647 -3.15694e-19)
(0.874803 0.984701 0)
(0.372674 -0.372993 -1.81876e-19)
(1.67435 0.480303 0)
(1.17873 0.872937 1.926e-19)
(-0.0287004 -0.030762 1.43316e-19)
(0.903895 -0.0620824 0)
(0.583532 0.549852 -1.84911e-19)
(1.02066 -0.0152493 -2.31127e-19)
(1.09492 -0.016737 -1.13131e-19)
(0.793238 0.0436951 1.12201e-21)
(0.661788 0.0167699 -4.59497e-20)
(1.05018 0.0195677 -3.04869e-19)
(2.3042 0.0138041 -8.61138e-20)
(-0.157527 -0.138147 1.98156e-19)
(0.0125959 -0.0183201 -1.78558e-19)
(-0.104782 0.046797 -1.78176e-19)
(1.34939 -0.383456 6.47298e-20)
(-0.00299194 -0.00476141 6.32428e-23)
(1.11881 -0.00406074 -1.31832e-19)
(0.439422 -0.425471 6.37652e-20)
(-0.0992419 -0.119471 3.55592e-19)
(0.250572 -0.240393 0)
(0.0379806 -0.017106 2.42609e-22)
(1.57769 0.971937 0)
(0.87429 0.0170819 -1.24355e-19)
(-0.154387 -0.166808 -2.2373e-19)
(-0.27175 -0.225193 -2.03248e-19)
(0.393858 -0.233482 0)
(0.423212 0.398316 -2.46152e-19)
(0.0239029 -0.0266616 9.27963e-20)
(0.145432 0.363964 -1.50753e-19)
(0.534575 0.519778 -1.13745e-19)
(1.03571 -0.0280434 0)
(1.68441 -0.535938 2.6038e-19)
(1.79113 -0.382791 7.11112e-21)
(-0.200991 -0.152137 0)
(-0.0309534 -0.0305453 -1.24803e-19)
(0.942929 -0.192384 1.89882e-19)
(0.0908859 0.306786 1.72906e-19)
(1.87023 -0.432407 1.07651e-20)
(0.489482 -0.449544 -1.27403e-19)
(-0.398559 -0.201197 1.19493e-19)
(-0.0116819 0.00327655 -1.02137e-19)
(0.505455 0.407333 -3.28326e-19)
(0.558657 0.511133 -1.36783e-19)
(0.513151 0.475828 5.88197e-21)
(-0.0129799 0.012474 4.82708e-20)
(-0.066114 -0.0696426 -1.70907e-19)
(1.01385 0.0113804 1.52037e-19)
(0.282184 -0.271705 0)
(0.449687 0.422789 0)
(0.520724 -0.488029 1.05016e-19)
(-0.0169701 0.014658 -1.81401e-19)
(-0.18718 -0.198721 -6.40173e-20)
(1.92946 -0.332344 2.7129e-20)
(0.482473 0.447762 0)
(0.498219 -0.494998 0)
(-0.0219699 0.0177299 0)
(1.10912 0.0426471 7.9092e-20)
(0.621678 0.556542 0)
(-0.0359166 0.0225218 1.83122e-19)
(0.184876 0.166083 -6.05627e-19)
(-0.0575643 0.037232 5.20703e-20)
(1.15231 -0.107837 2.85306e-19)
(-0.0582013 -0.0638009 -1.79628e-19)
(1.15217 0.465112 -1.52256e-19)
(0.154219 -0.134914 -2.41235e-19)
(-0.10223 0.0593695 3.07514e-19)
(0.0140363 -0.00582472 -2.73735e-19)
(-0.0780848 -0.045139 -2.68867e-19)
(0.717158 -0.677562 0)
(-0.156145 0.102261 -1.80793e-19)
(0.706188 0.614211 0)
(-0.0143612 0.0148663 9.17248e-20)
(1.93887 0.329023 -4.42054e-20)
(0.707062 0.364056 -3.47783e-20)
(-0.203183 0.135575 9.43182e-20)
(0.882956 -0.730486 0)
(-0.120268 -0.0676381 2.5379e-19)
(0.822971 0.690505 -1.54911e-20)
(0.351101 0.317615 -2.39687e-19)
(0.392593 -0.327375 4.51788e-19)
(0.510583 0.439595 1.59492e-19)
(1.00904 -0.00189692 0)
(0.453616 0.421697 0)
(1.73165 0.458272 0)
(1.0217 -0.00776596 0)
(0.0391181 -0.033761 -8.18097e-20)
(0.776621 -0.634091 3.65212e-19)
(-0.0490584 -0.0360447 -1.98755e-22)
(1.17737 -0.202745 2.86717e-19)
(0.437738 -0.410804 2.27235e-19)
(2.42937 -0.126618 0)
(1.43924 -0.387705 0)
(0.08051 0.290359 -2.43853e-19)
(0.453079 -0.198875 0)
(1.75009 0.303932 3.92877e-21)
(0.568187 -0.231172 -2.05985e-20)
(0.682973 0.63243 2.34682e-19)
(1.16297 0.246374 9.71757e-20)
(0.0274262 -0.0282394 0)
(0.0450285 -0.042578 8.31393e-20)
(-0.0354501 -0.0326257 0)
(-0.0759123 0.118249 2.66027e-19)
(0.632486 -0.0587494 5.94505e-22)
(0.704715 0.319506 0)
(1.02244 0.00491637 1.44882e-19)
(1.37628 -0.273464 1.10084e-19)
(1.01966 -0.0184238 -4.1919e-22)
(0.315351 -0.29588 1.35504e-19)
(0.296047 0.291503 0)
(-0.0808062 0.036994 0)
(-0.169044 -0.34259 7.69603e-20)
(1.46857 0.190727 1.52778e-19)
(-0.220156 -0.124 -5.66244e-20)
(0.131626 0.123225 0)
(1.0318 -0.0144023 4.88092e-19)
(1.46747 -1.0333 3.47024e-20)
(-0.0015254 -0.0019328 3.05971e-19)
(-0.0975257 0.0106843 -2.66929e-19)
(0.251487 -0.321078 1.72256e-19)
(-0.034637 -0.0325176 2.24095e-19)
(1.84691 0.134976 0)
(0.383489 -0.356757 -2.89245e-19)
(1.06519 -0.0259906 -5.62428e-20)
(1.00888 -0.00498974 -2.0844e-19)
(1.11973 0.367776 1.40199e-20)
(1.3991 -0.0202088 -8.15439e-21)
(1.02556 0.0251488 -1.64572e-19)
(1.85707 0.328077 0)
(-0.062669 -0.0630062 -2.02007e-19)
(0.169116 -0.0198482 -9.57343e-19)
(-0.209738 -0.226595 8.59532e-20)
(0.323985 0.305442 -1.34682e-19)
(0.0248975 -0.0366957 0)
(-0.0566106 0.0404799 0)
(1.75929 -0.835552 -1.27031e-19)
(0.996181 0.076017 1.5889e-20)
(0.0913723 -0.360466 2.86417e-19)
(-0.139296 -0.162816 -2.39611e-19)
(1.01901 0.0111131 -4.8409e-22)
(0.756879 -0.716219 -5.26316e-20)
(1.16942 -0.0587055 1.45577e-20)
(1.0176 -0.0107053 -7.82092e-20)
(-0.0303019 -0.0280118 0)
(0.926006 0.624739 3.77474e-19)
(0.78785 -0.24784 0)
(0.394997 -0.365672 0)
(-0.0335094 -0.0336748 2.39726e-19)
(1.03107 -0.0246043 2.63952e-19)
(0.523791 -0.492837 0)
(0.766847 0.700311 4.59434e-21)
(-0.303698 -0.157284 -1.60915e-19)
(0.000629682 -0.0172386 8.35906e-20)
(0.31145 0.0713546 2.1092e-19)
(1.48689 -0.241836 -2.46589e-20)
(1.5588 0.150043 -1.915e-19)
(1.72957 -0.30386 -1.93436e-21)
(0.931934 0.550108 1.27436e-19)
(1.01249 0.205343 1.83253e-19)
(-0.213187 -0.224059 -6.67956e-20)
(-0.442674 -0.2791 2.45448e-19)
(1.71386 0.574793 0)
(0.153577 0.0765846 8.36356e-20)
(1.32414 -0.482329 1.34993e-19)
(-0.00606171 0.0381971 0)
(1.29028 0.34056 1.77836e-19)
(1.02067 -0.00843582 3.44631e-20)
(-0.183767 0.218171 0)
(1.01648 0.0978082 -1.45717e-20)
(0.661742 -0.256979 0)
(0.577374 -0.554969 -4.17064e-20)
(0.997658 0.177961 1.96431e-19)
(0.798809 0.422737 2.5338e-19)
(0.745384 0.37641 3.63056e-20)
(1.01791 -0.0121454 0)
(-0.569821 -0.161682 -1.53132e-19)
(1.62262 -1.03515 1.0967e-19)
(0.989454 0.76975 2.88647e-20)
(-0.146955 -0.125177 2.01307e-19)
(1.8325 -0.264742 1.55024e-19)
(-0.0337481 0.0264401 7.70597e-20)
(0.801098 0.236871 0)
(0.817091 0.465292 0)
(-0.172766 -0.187937 2.24354e-19)
(1.05685 -0.177815 0)
(-0.0750621 -0.0673985 2.65843e-21)
(0.188359 -0.707608 -5.73392e-19)
(-0.0651437 0.0321504 6.76664e-22)
(1.37644 -0.00182391 2.30269e-20)
(1.42149 -0.396934 -4.99188e-21)
(0.327214 -0.251954 0)
(1.02186 -0.000797154 -4.01086e-19)
(0.736892 0.663733 1.67538e-19)
(0.13887 0.353989 -3.44576e-19)
(1.13043 -0.877203 8.8182e-20)
(0.583137 0.0168792 2.57498e-21)
(0.195147 -0.375073 -2.41644e-19)
(0.866009 0.145758 -2.26822e-19)
(0.476786 -0.12553 1.58785e-19)
(-0.0307145 0.068561 0)
(0.551001 0.167322 0)
(0.974463 -0.0885024 -2.89438e-19)
(1.04718 0.597508 0)
(0.868371 -0.366714 2.78495e-19)
(-0.341668 -0.312545 0)
(1.88454 0.289637 1.06417e-19)
(-0.017204 -0.125529 -1.46735e-19)
(1.7757 0.73653 0)
(-0.195534 -0.214364 0)
(2.2427 0.136414 1.41803e-19)
(-0.41337 0.0710491 0)
(-0.0830895 -0.265126 -3.64201e-19)
(0.904258 0.587918 -1.25543e-19)
(2.18966 -0.375276 -2.60546e-20)
(0.228789 -0.228395 1.56271e-19)
(-0.198 0.143201 1.07609e-19)
(1.96711 -0.46462 0)
(0.11428 -0.12879 -2.52986e-19)
(-0.0587733 0.0396175 0)
(1.1102 -0.18469 -1.18056e-19)
(-0.0535711 -0.15805 -3.70748e-19)
(-0.365711 -0.281381 2.66109e-19)
(0.852279 -0.146326 7.83213e-20)
(2.04351 -0.274509 7.09716e-20)
(0.413732 0.396241 0)
(0.721548 -0.331845 -8.8304e-20)
(-0.3711 0.0603488 6.82795e-19)
(1.8804 0.414174 0)
(1.01403 0.562948 0)
(-0.117751 -0.0601406 -2.11593e-19)
(1.54124 -0.282105 -1.83586e-19)
(0.890875 -0.266614 -9.67534e-20)
(1.31715 0.213003 2.96034e-19)
(1.34122 0.208914 -9.16651e-20)
(0.86798 0.0876296 -1.19745e-19)
(1.04295 0.636018 -1.90367e-19)
(2.02282 -0.448459 8.52508e-20)
(-0.168064 -0.178572 -1.47055e-19)
(1.02425 -0.00294314 2.84506e-19)
(1.58125 0.170862 9.13569e-21)
(1.29559 0.14462 -2.06316e-19)
(1.00605 0.0379574 7.93595e-21)
(-0.127541 -0.0774907 1.46466e-19)
(-0.586532 0.0616732 0)
(-0.2338 0.193389 0)
(0.648264 0.212193 0)
(1.89185 -0.273233 1.31908e-19)
(-0.235525 -0.250076 -2.51639e-19)
(0.465807 0.354192 0)
(-0.0674152 -0.0747892 1.366e-19)
(1.67354 -0.39149 -3.08362e-20)
(-0.0855163 -0.0626538 -2.1708e-19)
(0.988517 0.659014 2.30791e-19)
(1.12415 0.223912 9.18117e-20)
(-0.251485 -0.154543 1.02067e-19)
(0.86458 0.768581 -2.0834e-19)
(1.25328 -0.29345 6.43373e-20)
(0.963454 -0.0125386 -2.64812e-19)
(1.08924 -0.0527109 -9.50024e-20)
(0.761156 0.254554 0)
(0.132065 -0.0361236 0)
(1.21225 -0.173605 5.27955e-20)
(1.43294 -0.306758 -1.22639e-19)
(-0.360733 0.0802886 3.04605e-21)
(1.03918 0.237144 2.10212e-19)
(1.26071 1.00547 0)
(0.711752 -0.00619059 -1.00888e-19)
(-6.82731e-05 -0.278778 -5.31581e-20)
(0.773817 -0.333417 3.69043e-19)
(0.797843 -0.30618 -1.22574e-19)
(1.4968 0.143338 2.081e-19)
(-0.217257 -0.113759 1.1041e-19)
(-0.403814 -0.259865 -1.1798e-19)
(0.47712 0.463801 4.48271e-19)
(-0.15253 -0.0185207 -3.44001e-19)
(1.51495 0.05118 -5.81715e-20)
(0.980024 -0.194925 3.06659e-19)
(-0.0862164 0.0474734 -3.02085e-19)
(0.545999 0.361682 -3.27941e-19)
(0.86251 0.469518 0)
(0.0428013 -0.0427407 -9.91418e-20)
(-0.000583195 0.00735487 -2.28046e-19)
(0.0167618 -0.00160958 -1.74408e-19)
(0.0332739 -0.040566 -1.02452e-19)
(1.07044 0.0310119 -8.16754e-20)
(-0.00491828 0.0633062 -1.05208e-19)
(0.879944 0.505149 1.14124e-19)
(1.37948 0.808624 3.90455e-20)
(0.696842 0.643764 0)
(0.966006 0.621265 0)
(-0.0633215 0.0650341 -1.44039e-19)
(-0.235809 -0.0709591 0)
(0.921056 0.513368 -1.14316e-19)
(-0.0640078 0.0524015 0)
(1.3615 0.623129 1.30731e-19)
(0.679498 -0.0443727 6.14014e-19)
(-0.0861902 -0.0994496 1.2159e-22)
(0.0212091 -0.0502093 0)
(0.531918 0.503167 0)
(-0.314332 0.134989 1.57658e-19)
(0.00491387 0.00483786 8.88806e-20)
(1.94467 -0.342764 -3.56777e-20)
(-0.247701 -0.249851 2.45711e-19)
(0.564595 -0.0989233 -5.15609e-19)
(2.24417 -0.472044 4.75092e-20)
(1.7518 -0.218174 -2.56787e-20)
(0.0474455 -0.0462433 -8.82133e-20)
(0.382503 -0.372741 -3.40901e-19)
(0.0432718 -0.0383844 1.50428e-19)
(-0.0171429 0.0234537 0)
(0.749566 0.684109 2.3133e-20)
(1.0252 -0.116435 -3.64042e-19)
(-0.0920135 -0.0767925 1.92326e-22)
(0.583351 -0.183122 0)
(0.607111 0.570161 -2.70153e-20)
(0.484963 -0.472005 2.49683e-19)
(0.00710676 0.00989163 -4.34843e-22)
(0.375293 0.360102 -3.56791e-19)
(1.46536 -0.0744339 0)
(2.24217 -0.314842 4.52784e-19)
(0.0142042 -0.00567268 0)
(-0.00415063 0.0469976 -1.18128e-19)
(0.0434775 -0.0349758 6.77144e-20)
(0.39285 0.366911 2.79334e-19)
(0.779601 0.713154 -2.50939e-19)
(-0.186263 -0.231266 2.85615e-19)
(0.0471399 -0.0416523 -1.54325e-19)
(-0.173283 -0.184726 -2.60985e-19)
(0.810868 0.294795 0)
(-0.0153085 -0.00867395 -1.07991e-19)
(0.468981 -0.431746 2.772e-19)
(-0.0679632 -0.0619496 -2.59683e-19)
(1.24562 0.229794 -1.72371e-19)
(0.0138709 -0.0277759 5.11391e-20)
(0.763846 0.703889 0)
(0.687134 0.641911 0)
(0.83274 0.748841 -2.1032e-19)
(0.867952 0.77865 6.78841e-20)
(1.45867 -0.843631 -3.49115e-20)
(-0.0271916 0.0199849 7.67842e-22)
(0.888547 0.43045 0)
(0.0214474 -0.0143735 -5.16052e-20)
(1.45677 0.957702 -2.45392e-19)
(1.16041 -0.214447 1.81993e-19)
(1.55305 -0.486733 0)
(0.433451 -0.403859 4.14318e-21)
(1.96859 -0.339028 -2.25874e-19)
(-0.0254775 0.0572301 -1.56296e-19)
(0.0108564 0.0386309 0)
(0.0168811 -0.0372154 -2.27074e-19)
(0.843842 0.753726 8.99109e-20)
(0.776081 0.425182 1.1944e-19)
(0.00270965 -0.026228 -2.82097e-19)
(0.562476 -0.54727 0)
(1.61905 -0.447354 0)
(0.0407453 -0.0443406 8.55655e-20)
(0.343975 -0.322477 -5.1044e-19)
(-0.193636 -0.206825 -1.69581e-19)
(-0.640916 0.0705676 -3.79771e-19)
(0.543882 -0.15683 2.8723e-19)
(0.0291885 -0.043261 9.30317e-20)
(0.910228 0.801559 0)
(-0.053722 -0.0271712 1.83306e-19)
(-0.0408238 0.0290122 -9.44742e-20)
(-0.0120525 -0.0140963 4.28626e-20)
(0.411374 -0.36674 1.66536e-19)
(0.0179317 -0.0396512 -1.78113e-19)
(0.676404 -0.205337 2.76414e-19)
(-0.0107473 -0.00756858 -4.74129e-20)
(-0.196458 -0.0217371 -2.1612e-19)
(0.750895 0.291356 0)
(1.95414 -0.1795 4.97474e-20)
(-0.0672807 0.0494996 1.5601e-19)
(0.954472 0.800727 2.69634e-19)
(-0.241268 -0.245946 3.61771e-19)
(0.964183 0.847815 -5.575e-21)
(2.04881 -0.346952 -6.95618e-21)
(-0.0113917 -0.0341022 1.39689e-19)
(1.19167 -0.299293 -4.17274e-21)
(-0.118745 -0.319304 2.36388e-19)
(0.00211272 -0.0394806 1.38146e-19)
(-0.0438697 0.0307751 1.6757e-19)
(-0.0610524 0.0311012 -1.67211e-19)
(-0.110364 -0.0617089 2.76904e-19)
(1.16489 -0.298529 7.8048e-20)
(1.06904 0.920171 3.16347e-21)
(2.04798 -0.258201 2.55516e-20)
(0.0453087 -0.0472355 1.87964e-19)
(0.635843 -0.168549 0)
(1.31028 -0.463661 0)
(-0.00246169 0.0183155 0)
(1.06766 0.796946 1.98689e-19)
(1.73761 -0.807663 5.23196e-20)
(0.0105074 0.0860569 -1.05773e-19)
(-0.0336554 -0.00284182 1.58937e-19)
(0.0384773 -0.0473987 0)
(1.7624 -0.223773 -8.21317e-20)
(0.430629 0.404103 -5.06021e-19)
(0.031777 -0.00301365 -1.27794e-19)
(-0.132994 -0.0828292 -2.52818e-19)
(-0.244732 0.242199 1.66402e-19)
(2.07327 -0.295634 0)
(1.32474 0.996698 -2.45157e-21)
(-0.129121 -0.0638053 -1.23842e-19)
(0.486513 -0.14471 0)
(0.611272 -0.091476 -2.96236e-19)
(1.0444 0.854297 0)
(-0.274022 -0.0773164 1.90836e-19)
(-0.11245 -0.064259 2.42012e-19)
(0.92389 0.803425 -1.0933e-19)
(-0.116847 -0.0572653 1.18354e-19)
(0.461632 -0.102289 -1.80887e-19)
(0.991024 0.853087 0)
(0.501549 -0.474929 -6.24711e-20)
(0.858916 0.731554 1.41037e-19)
(0.519814 -0.458915 -2.52849e-19)
(1.05703 0.905545 0)
(0.278549 0.0746954 -4.61624e-20)
(-0.317885 -0.125778 1.79197e-19)
(1.13455 0.937837 6.65202e-21)
(0.00706569 0.020254 -2.06915e-19)
(1.31772 0.987699 1.99975e-20)
(1.72936 -0.664558 -4.05089e-20)
(-0.0334379 -0.0141617 1.81959e-19)
(0.651824 -0.124053 -1.22384e-19)
(1.83611 -0.149452 0)
(1.14875 0.940378 5.30394e-20)
(2.04299 -0.152193 0)
(0.868709 -0.25741 3.75174e-19)
(-0.296141 -0.0415157 -3.33221e-19)
)
;

boundaryField
{
    frontback
    {
        type            empty;
    }
    Top
    {
        type            noSlip;
    }
    outlet
    {
        type            zeroGradient;
    }
    bottom
    {
        type            noSlip;
    }
    Inlet
    {
        type            fixedValue;
        value           uniform (1 0 0);
    }
    rectangle
    {
        type            noSlip;
    }
}


// ************************************************************************* //
