/*--------------------------------*- C++ -*----------------------------------*\
| =========                 |                                                 |
| \\      /  F ield         | OpenFOAM: The Open Source CFD Toolbox           |
|  \\    /   O peration     | Version:  2306                                  |
|   \\  /    A nd           | Website:  www.openfoam.com                      |
|    \\/     M anipulation  |                                                 |
\*---------------------------------------------------------------------------*/
FoamFile
{
    version     2.0;
    format      ascii;
    arch        "LSB;label=32;scalar=64";
    class       volVectorField;
    location    "18.4";
    object      U;
}
// * * * * * * * * * * * * * * * * * * * * * * * * * * * * * * * * * * * * * //

dimensions      [0 1 -1 0 0 0 0];

internalField   nonuniform List<vector> 
2186
(
(1.34249 -0.0737877 2.11844e-19)
(1.63945 -0.964657 -7.47783e-20)
(1.48462 -0.939926 2.72349e-21)
(0.763898 -0.606552 -1.40153e-19)
(-0.347857 0.384191 -1.53059e-19)
(1.38638 -0.15997 0)
(0.744172 -0.688212 0)
(-0.290927 -0.460416 1.1048e-19)
(1.46798 -0.267047 1.8129e-19)
(0.572488 -0.342783 -2.38696e-21)
(0.659409 0.593543 0)
(0.798108 -0.285501 -1.27049e-19)
(-0.355208 -0.550756 -4.48001e-20)
(1.19888 0.0226598 -3.59329e-19)
(1.82701 -0.711713 -8.29632e-20)
(1.01183 -0.00662813 1.69657e-19)
(0.985875 0.0122806 0)
(-0.62767 0.398579 0)
(1.31416 -0.0176772 0)
(-0.0779609 0.200284 -5.69544e-20)
(0.480435 0.051386 -1.11582e-19)
(-0.198773 0.157155 7.7624e-20)
(1.18564 0.026536 2.9664e-19)
(-0.219109 -0.0159575 5.77934e-21)
(1.0327 0.00595741 -2.33379e-19)
(0.814649 -0.581881 0)
(0.763376 -0.05475 1.40298e-19)
(0.631914 -0.611532 -1.61387e-19)
(1.18567 0.694898 0)
(0.966275 0.0225623 -3.18552e-19)
(-0.0345802 0.050506 0)
(1.02485 -0.0148279 1.1035e-20)
(-0.0623182 0.189929 0)
(2.67561 0.145859 2.48153e-19)
(-0.123797 -0.197218 3.06977e-21)
(1.50578 0.762091 8.09997e-20)
(1.9186 0.12458 1.53208e-19)
(0.503012 0.100169 -3.32974e-19)
(1.86553 0.30858 -2.75038e-19)
(1.12575 -0.0477619 1.75368e-20)
(-0.406055 -0.603967 0)
(-0.15596 0.114396 0)
(1.90436 -0.909881 8.46449e-20)
(-0.382399 0.12032 0)
(1.09393 0.268109 1.50885e-19)
(0.614672 -0.324266 2.71733e-19)
(0.944647 -0.806692 0)
(1.21429 -0.812192 1.02962e-19)
(2.34553 -0.146907 0)
(-0.309786 0.527861 1.6229e-19)
(-0.0250637 0.0975038 8.41698e-20)
(0.613644 0.566104 7.98996e-20)
(2.10378 -0.796435 9.99453e-20)
(0.580629 0.238838 -2.68584e-19)
(-0.246417 0.0184166 2.93948e-20)
(0.788219 -0.6739 0)
(1.68534 -0.992778 1.84775e-20)
(0.601694 -0.561597 0)
(2.26346 0.279446 8.94261e-20)
(1.15456 -0.175136 -3.4296e-19)
(2.02773 -0.117539 1.76295e-19)
(1.33428 0.301102 -1.76743e-19)
(1.31892 0.5209 0)
(0.759652 -0.0219773 -1.92085e-20)
(1.33887 0.382765 -1.08328e-19)
(1.27565 -0.753984 -1.42456e-19)
(1.14487 0.64566 5.2744e-20)
(0.674622 0.0423911 -5.4024e-19)
(0.816683 0.0356381 0)
(2.12553 -0.247201 -6.61235e-20)
(-0.282686 -0.517256 -1.28717e-19)
(2.12808 -0.144418 -1.75133e-19)
(0.727968 -0.0669972 -2.37411e-19)
(0.897541 -0.540747 0)
(0.8169 0.158222 -8.812e-20)
(0.569937 -0.531777 -2.84266e-19)
(2.62709 -0.148312 0)
(1.00528 0.00866058 3.49214e-19)
(-0.117708 -0.263528 0)
(1.93032 0.407089 0)
(0.709064 0.381973 1.09494e-19)
(0.895689 -0.0962114 -3.04524e-20)
(1.02833 0.00485053 3.87635e-20)
(1.29939 0.414764 2.72791e-20)
(0.970729 0.0238997 4.06488e-19)
(1.04426 0.0287133 -9.6406e-21)
(0.658101 0.144775 -3.23382e-19)
(1.33068 -0.0519157 -1.36915e-22)
(0.863539 -0.177463 0)
(-0.06605 -0.0421394 9.24628e-20)
(0.885786 -0.646156 -1.5582e-19)
(-0.0726061 0.339258 -1.18948e-21)
(1.12696 -0.0848206 2.37299e-19)
(0.83054 -0.20647 0)
(0.976002 0.0217349 3.88372e-20)
(1.33718 0.633301 0)
(1.6546 -0.98049 0)
(1.28314 0.217731 0)
(-0.37368 0.489736 0)
(0.817863 -0.691285 2.76812e-19)
(0.295611 0.299583 -3.29612e-19)
(0.654336 0.255674 2.10582e-19)
(1.53803 0.193675 0)
(1.15661 -0.10711 -2.16928e-19)
(1.11756 0.0227202 1.7282e-19)
(-0.0356021 0.461888 1.05239e-19)
(0.616089 0.479386 0)
(2.23492 -0.191842 -1.31116e-19)
(0.985383 -0.49939 7.76435e-20)
(-1.41209 0.31368 2.73223e-19)
(1.69331 0.317502 1.01112e-19)
(-0.228296 0.535399 -2.33555e-19)
(0.838949 -0.763571 0)
(0.546042 0.315427 1.63204e-19)
(1.68178 -0.271398 -5.22571e-19)
(-0.47969 -0.453956 -4.27129e-19)
(1.31523 0.292306 1.58814e-20)
(1.94209 -0.19488 0)
(-0.0884336 -0.0515645 -2.76913e-19)
(0.714355 -0.102007 7.49573e-20)
(1.52658 0.865028 0)
(-0.279278 0.612938 -2.54571e-19)
(0.864555 0.741953 -2.68695e-19)
(-0.820404 0.301281 3.89492e-19)
(1.02796 -0.0247708 0)
(1.49643 0.343778 -2.00122e-20)
(-0.302887 0.476897 0)
(0.721334 -0.521108 -1.01905e-19)
(-0.750533 0.349994 -2.07612e-19)
(0.812178 -0.742083 0)
(0.456399 -0.315276 3.95468e-19)
(0.565385 -0.483422 2.66191e-19)
(0.422897 -0.383119 0)
(1.01086 -0.806326 -1.1837e-19)
(0.654064 0.315174 0)
(-0.142442 0.609344 -1.27275e-19)
(0.837341 -0.722672 1.3219e-19)
(2.46283 -0.276196 2.9255e-19)
(2.27793 0.193721 0)
(-0.0994582 -0.171407 0)
(0.667469 0.620238 -3.35681e-19)
(1.81184 -0.649999 7.09605e-21)
(-0.180606 -0.240186 0)
(1.01202 -0.832228 -1.28933e-20)
(1.1583 -0.104076 0)
(1.09838 -0.131996 3.7638e-19)
(2.16876 -0.202355 -1.22296e-19)
(-0.382773 0.3853 0)
(1.24633 -0.57086 -5.12274e-20)
(-0.256442 0.272927 -3.66903e-20)
(-0.190507 0.410324 0)
(1.12092 -0.838291 1.24511e-20)
(1.007 0.00392014 -5.83328e-19)
(0.675056 -0.507112 -1.00204e-20)
(0.840885 -0.540898 0)
(1.22723 -0.752264 -8.67944e-20)
(0.641933 0.205574 2.51703e-19)
(1.21146 0.115887 0)
(1.47108 0.0947273 -2.45907e-19)
(1.22489 -0.880487 -1.83032e-19)
(-0.0900394 -0.15361 -1.0266e-19)
(-0.0994324 -0.41047 -1.89514e-19)
(1.06443 0.00532141 2.19342e-19)
(0.940204 -0.48704 -9.76357e-20)
(1.39147 -0.0549361 1.26762e-22)
(1.27211 -0.0706817 -1.15877e-20)
(0.711692 -0.11252 1.12454e-19)
(-0.185248 -0.0672086 -2.48761e-19)
(1.67378 -0.480177 0)
(1.74755 -0.51015 6.19531e-20)
(1.41797 0.637171 1.37508e-19)
(0.834096 -0.638923 -2.01929e-19)
(0.99495 0.00808113 1.19512e-20)
(0.745965 -0.556854 2.80136e-19)
(1.27505 0.784714 1.26022e-19)
(1.83018 0.113595 1.58373e-20)
(-0.423738 0.293245 0)
(1.07948 0.048783 -2.27417e-19)
(-0.770363 -0.231866 -2.64988e-19)
(1.05214 0.476539 7.7752e-20)
(0.0392917 -0.118067 1.50339e-19)
(1.15462 0.0270682 -4.1403e-20)
(-0.144566 0.144661 -1.38116e-19)
(1.26837 0.572254 -7.65509e-20)
(1.11125 0.866648 0)
(-0.479674 0.287864 -8.17107e-20)
(-0.222167 -0.235181 0)
(0.633235 0.540792 -2.6983e-19)
(2.01644 0.237597 -1.96671e-20)
(-0.453891 -0.580469 1.51523e-19)
(-0.776271 0.0985026 -5.70696e-19)
(0.72069 0.0449662 2.37317e-19)
(2.05177 0.141257 -5.38751e-20)
(1.0006 -0.366923 -2.86829e-20)
(-0.0389563 -0.0534013 0)
(-0.980999 0.346527 4.12948e-19)
(1.2961 0.950687 -2.35036e-20)
(0.834853 0.0528934 -1.30152e-19)
(0.539323 0.505343 1.87914e-19)
(0.423465 0.188878 0)
(-0.0731736 -0.546826 -2.17682e-19)
(-0.618439 0.462198 2.40456e-19)
(1.32474 -0.982121 3.48645e-22)
(0.99287 -0.0450378 -1.81215e-19)
(-0.184851 -0.143581 7.27747e-21)
(-0.135703 0.174109 1.27516e-19)
(-0.294912 -0.155285 -1.79548e-19)
(1.95263 -0.265088 0)
(1.12998 0.0392727 -3.05589e-19)
(2.2461 0.145196 2.45172e-19)
(1.29971 -0.639183 9.19387e-20)
(0.41659 -0.155588 4.89586e-21)
(0.575325 0.29477 0)
(0.920128 0.730229 -1.59198e-20)
(0.665654 0.611752 1.796e-19)
(0.921675 -0.587079 1.40906e-19)
(0.663042 0.474661 0)
(1.02351 -0.00181301 7.78397e-21)
(0.908247 -0.687925 2.00604e-19)
(0.81832 0.39805 -4.41935e-19)
(1.26913 -0.1129 0)
(-0.212979 -0.245683 -2.90593e-19)
(0.0126528 0.304008 -8.42361e-20)
(1.55408 0.709786 0)
(1.38059 -0.964856 -2.98411e-22)
(-0.633135 0.430398 0)
(-0.319226 0.439161 9.70785e-20)
(0.714857 0.631488 -9.52347e-20)
(0.862211 -0.240341 0)
(-0.204881 -0.184454 0)
(1.60706 -0.480815 0)
(-1.25361 -0.0425422 5.82935e-19)
(1.24254 -0.909457 1.1988e-19)
(1.20201 -0.624668 5.68832e-20)
(1.07893 -0.178749 -1.55682e-19)
(0.906255 -0.718694 -1.5814e-19)
(0.193374 -0.197855 0)
(-1.04432 0.127489 0)
(1.02583 -0.532479 1.654e-19)
(-0.141832 -0.23911 0)
(-0.305367 0.531046 0)
(-0.456055 -0.425946 3.64372e-19)
(0.770241 0.649078 8.26185e-20)
(0.988144 0.774154 0)
(0.674616 0.52836 -8.22689e-20)
(0.833781 -0.0658676 -2.13773e-19)
(0.723386 0.537545 -2.20071e-19)
(0.573565 0.532161 -1.61857e-19)
(-0.24239 -0.505679 1.75908e-21)
(0.74175 -0.666439 0)
(0.8965 0.156199 -3.09947e-19)
(-0.336898 -0.607045 5.86935e-20)
(0.586406 0.5432 3.65305e-19)
(0.933003 0.77679 0)
(-1.08261 0.000869479 4.06663e-19)
(-0.106863 -0.385933 3.09711e-19)
(-0.027546 -0.270804 -1.599e-19)
(0.642557 0.546146 -1.42981e-20)
(0.969219 -0.00818236 5.64876e-20)
(-0.421056 -0.606623 0)
(2.41879 -0.0743916 -3.23809e-19)
(1.86249 -0.553688 -2.66333e-19)
(0.674627 -0.625679 -7.11216e-20)
(-0.485898 0.263674 1.34765e-20)
(1.17246 0.452336 1.75617e-19)
(0.868534 0.390101 0)
(1.06265 -0.18336 1.82611e-19)
(0.0754265 -0.429594 -5.43154e-21)
(-0.0669156 0.0869978 3.20457e-19)
(0.929797 0.0181476 -5.01938e-20)
(1.10914 0.140908 0)
(1.99235 -0.075226 -2.99884e-19)
(1.89608 0.127736 0)
(0.532109 0.218512 -4.41072e-19)
(-0.146778 0.205766 0)
(-0.261516 -0.463559 2.52632e-19)
(0.706505 0.106245 0)
(0.64537 -0.540945 -1.72311e-19)
(1.13534 0.0166713 1.99333e-19)
(-0.416513 0.426662 3.6082e-20)
(2.18736 -0.0947645 4.58591e-21)
(2.1346 -0.28712 -1.31724e-19)
(1.09936 0.218409 -2.10422e-19)
(-0.354574 -0.630968 -1.15734e-19)
(1.10336 -0.876395 0)
(0.811468 0.0151289 -1.45095e-19)
(0.946073 -0.399179 -2.74074e-19)
(1.75991 -0.597457 -5.79685e-21)
(1.77747 0.0320771 2.63467e-19)
(1.0773 -0.0072958 3.65855e-19)
(0.0966295 -0.432293 -1.54476e-19)
(1.01609 -0.459025 -1.18914e-19)
(0.203941 -0.196444 2.43203e-19)
(1.00668 -0.00794195 0)
(1.00539 -0.00673195 0)
(1.01108 -0.447763 1.25496e-19)
(-0.0677482 0.579515 -8.626e-20)
(0.170582 -0.121693 -1.34705e-19)
(2.04326 -0.0473551 5.85868e-21)
(1.1441 -0.0691939 0)
(1.91706 0.122302 -1.58144e-19)
(0.967468 -0.843829 -7.28032e-20)
(1.82282 -0.586771 -7.5493e-20)
(1.07863 0.816841 0)
(0.491262 -0.473968 0)
(0.583769 0.493433 -1.71136e-19)
(1.08208 0.272586 -3.88307e-19)
(2.32274 -0.282499 4.1547e-22)
(0.852473 0.141085 1.33013e-19)
(0.0895879 -0.483516 -4.63135e-19)
(1.08115 -0.421951 -1.48023e-20)
(-0.206376 -0.454634 0)
(-0.110031 -0.185284 0)
(-0.502853 -0.531776 0)
(1.36758 -0.74554 -7.62736e-20)
(-0.189965 0.417479 -1.86729e-19)
(-0.062823 0.145171 0)
(1.25777 0.952765 -3.46589e-20)
(1.0993 0.136017 -4.03385e-19)
(1.98544 0.525056 -4.36965e-20)
(1.05239 0.899533 8.31495e-20)
(-0.193213 0.539587 1.20056e-19)
(0.682278 -0.181889 0)
(-0.504476 -0.471301 -3.14836e-19)
(-0.255862 0.512109 2.2567e-19)
(0.773218 0.00811498 1.7513e-19)
(1.49822 0.928217 -9.31709e-21)
(1.75624 0.53198 5.97152e-21)
(-0.101808 0.313001 -2.09434e-21)
(0.768261 -0.701938 -3.45691e-20)
(1.09976 -0.0128034 0)
(1.70708 -0.0859042 0)
(1.06016 0.0523156 0)
(-1.20165 0.59777 -2.47301e-19)
(-0.447333 -0.528713 1.15481e-19)
(1.02069 0.822775 0)
(1.00278 -0.0124819 4.86934e-19)
(0.745126 0.580369 -2.20768e-19)
(-1.67753 0.379178 -2.43166e-19)
(0.85901 3.79279e-06 -3.92794e-20)
(0.737368 -0.673899 -2.05068e-19)
(1.35417 0.69264 -3.20458e-20)
(0.58698 -0.480207 -2.76631e-19)
(1.12814 -0.00253596 -4.39024e-19)
(0.818006 0.041501 4.26564e-20)
(1.56849 -0.186561 5.93931e-20)
(1.46797 -0.144388 -5.62251e-20)
(-0.0587858 -0.07875 -4.96188e-23)
(1.06129 0.452989 -2.58486e-19)
(1.28582 0.596353 6.49429e-20)
(-0.0994324 -0.335449 0)
(0.0483689 -0.455608 1.72173e-19)
(-0.299925 -0.347507 1.21909e-19)
(-0.190246 -0.097698 -1.28238e-19)
(0.455685 0.27884 0)
(1.35504 -0.553235 0)
(0.00288496 0.000237054 -1.16674e-19)
(-0.276628 -0.631975 -6.53165e-20)
(1.04567 -0.0313456 1.73982e-19)
(-0.358591 0.276054 -3.69927e-20)
(1.4573 0.0066403 -5.34201e-19)
(-0.0784773 0.602244 0)
(0.857874 -0.761735 -2.79808e-19)
(1.08259 -0.162455 6.57195e-20)
(-0.394788 -0.309419 1.65627e-19)
(0.708981 0.131102 3.15087e-19)
(0.614489 0.101989 1.01963e-19)
(0.520682 -0.494141 1.91196e-19)
(-0.203134 -0.301664 -1.34532e-19)
(1.43934 0.471928 0)
(0.372876 0.311962 -1.87579e-19)
(1.02695 -0.016981 -2.76886e-19)
(-0.836492 0.100967 2.22159e-19)
(1.39051 0.477325 -1.1764e-19)
(-0.164977 -0.302042 -5.07884e-20)
(0.703514 -0.64302 -4.26123e-20)
(0.802292 0.163459 -1.98064e-19)
(0.9608 0.408133 2.2053e-20)
(1.1655 -0.145334 3.27813e-20)
(0.62174 -0.262087 -2.85126e-19)
(2.05064 -0.385581 -1.59717e-19)
(1.70877 -0.13315 0)
(1.5551 0.408948 -2.98011e-20)
(1.93714 0.0964816 -1.801e-20)
(0.834808 -0.266847 1.29927e-19)
(0.900598 0.339426 -1.59879e-19)
(0.936039 -0.180251 4.86862e-20)
(0.40037 0.36497 -2.43363e-19)
(-0.212859 0.291937 2.33346e-19)
(1.95645 -0.220383 0)
(0.929452 0.00222 0)
(0.897086 -0.794905 5.38099e-20)
(-0.103442 -0.451848 -3.3889e-19)
(-0.807114 0.097981 -2.6324e-19)
(-0.0800159 -0.116869 -2.1871e-19)
(-0.431069 0.556026 -1.50997e-19)
(-0.281865 -0.393363 0)
(-0.0924538 -0.146088 3.87448e-20)
(0.190271 0.455237 -8.03748e-20)
(-0.153242 0.19305 -2.90893e-19)
(0.812642 -0.135128 0)
(1.63063 -0.610684 1.09769e-19)
(-0.267917 -0.332504 0)
(0.995727 0.0243818 3.51279e-19)
(-0.0385875 -0.464747 2.14942e-20)
(0.562495 -0.452273 3.70764e-19)
(-0.809689 -0.211989 4.39097e-19)
(-1.56178 0.0231086 0)
(0.205636 0.551302 9.60383e-20)
(1.00814 0.021134 -1.0561e-20)
(-0.144232 -0.150809 0)
(1.00542 -0.00823053 -5.47236e-20)
(0.886304 -0.750125 -2.68068e-19)
(1.4908 -0.465826 0)
(0.94859 -0.290972 1.96172e-19)
(0.0592491 0.578489 2.12578e-19)
(-0.0247331 -0.023038 0)
(-0.112937 -0.509687 -6.30017e-21)
(0.750165 -0.65689 -3.98715e-19)
(0.965003 -0.030937 -2.5292e-19)
(-0.0806288 -0.492252 4.18563e-19)
(-0.209227 -0.42142 1.54803e-19)
(-0.252286 -0.444528 0)
(0.939152 0.454954 0)
(-0.299035 -0.459812 2.09771e-19)
(1.85279 -0.0459068 -2.48573e-19)
(1.04828 0.874599 1.83588e-20)
(1.05871 0.19942 -1.18316e-19)
(1.15761 0.000829328 -2.09612e-19)
(1.06671 -0.0765486 -7.39796e-20)
(-0.0667926 -0.528806 -3.84868e-19)
(2.00747 0.10909 4.72859e-19)
(0.668609 0.0264364 1.9863e-19)
(2.0576 -0.110697 1.63218e-19)
(1.06889 -0.152877 0)
(-0.0505245 0.487002 5.53849e-19)
(1.13591 0.0251973 -4.7598e-19)
(1.71128 0.610523 1.2899e-20)
(0.763506 -0.480362 -1.52086e-19)
(-0.0748642 -0.0475829 2.07055e-19)
(0.821597 -0.722413 3.52564e-19)
(1.22227 0.190448 7.13347e-20)
(1.00606 -0.00778581 2.42444e-19)
(0.119683 -0.501864 -1.70028e-19)
(1.01958 0.0150392 0)
(1.68668 0.145302 -2.34941e-19)
(-0.0389258 -0.0326834 0)
(1.01879 0.0126752 -1.42816e-19)
(-1.55993 0.0357917 -6.53779e-19)
(1.66587 0.311734 3.44912e-20)
(-0.423615 -0.386471 1.51078e-19)
(1.59883 -0.00631718 -5.60053e-21)
(1.01255 -0.0190499 5.0211e-20)
(1.36493 -0.0900982 0)
(1.47245 -0.627029 -1.22159e-19)
(1.0192 0.0298697 -1.48577e-19)
(1.40958 0.772216 -5.93403e-20)
(1.41543 -0.0623863 0)
(0.712036 0.0273834 -1.3898e-20)
(0.000905121 0.000569494 0)
(1.38397 0.0495962 0)
(-0.432298 -0.57086 0)
(1.22127 0.432717 0)
(1.82013 0.308323 4.35607e-20)
(0.719289 0.59386 3.86973e-19)
(0.30219 -0.304148 -2.26295e-19)
(-0.252283 -0.585588 -3.70729e-19)
(-0.0421057 -0.0565744 0)
(1.90991 -0.40644 1.13e-19)
(1.29948 0.50715 0)
(1.42871 0.296067 0)
(-0.53009 -0.432765 1.39028e-19)
(0.787411 0.695257 1.25123e-19)
(1.72529 -0.0257095 0)
(-0.363042 -0.495173 8.56262e-20)
(0.902319 0.203241 1.81938e-19)
(2.03884 -0.415731 -5.15259e-20)
(1.21279 0.907162 4.49144e-20)
(0.94404 -0.850459 -3.04352e-20)
(1.42424 -0.186319 -1.30848e-20)
(0.7739 0.699153 1.28646e-19)
(1.15065 0.905404 0)
(2.50584 -0.233615 1.94463e-19)
(1.00508 0.743887 0)
(1.44353 -0.65355 3.32837e-20)
(0.920111 0.0957023 1.62477e-19)
(1.00476 -0.00621909 0)
(0.208 0.498111 5.09873e-19)
(0.899266 -0.191415 4.54274e-20)
(0.651721 -0.436075 0)
(0.689489 -0.409125 2.00652e-19)
(1.21503 0.543849 -3.26853e-20)
(0.459636 0.432395 2.67978e-19)
(-0.180214 0.251855 3.43937e-20)
(0.0169581 -0.0206484 8.20526e-20)
(0.761907 0.0652701 0)
(1.35063 -0.924408 -6.20685e-20)
(1.03122 -0.0441128 3.86258e-19)
(1.45771 0.331585 1.26725e-19)
(-0.398947 -0.537546 7.42169e-20)
(-0.893494 -0.274227 0)
(1.24754 -0.257278 -1.06018e-19)
(-0.0238436 -0.0248597 -1.78399e-19)
(0.0118505 -0.0747879 -6.18295e-20)
(-0.124922 0.0419507 -6.31994e-22)
(-0.194688 0.0874272 2.62854e-19)
(1.41051 -0.190486 -6.62161e-21)
(2.4308 -0.072986 4.33564e-19)
(1.17092 0.452228 -2.83194e-19)
(0.846699 -0.0481685 0)
(1.90822 -0.141025 2.40525e-19)
(1.89956 0.111815 1.26289e-19)
(0.936944 -0.788689 1.30819e-19)
(1.18062 -0.997755 -3.1057e-20)
(0.464373 0.430255 1.79908e-19)
(1.48636 0.390194 0)
(1.72248 0.571279 2.33701e-20)
(-0.0319071 -0.039824 -3.63592e-19)
(0.86291 0.752615 0)
(1.35567 0.416468 0)
(0.303722 -0.303675 -3.83023e-21)
(0.306371 0.273803 0)
(-1.16265 -0.169368 -4.12588e-19)
(-0.250991 0.377549 -1.0181e-19)
(1.75579 -0.446734 0)
(1.23496 0.104233 1.76665e-19)
(-0.59689 0.143276 2.19785e-19)
(0.552646 -0.525325 -4.35995e-19)
(2.03959 -0.0992175 -5.61118e-20)
(0.631754 -0.57464 0)
(1.02166 0.118783 0)
(1.36085 -0.263437 0)
(1.10154 0.215027 -2.2452e-19)
(1.32888 0.103487 3.17932e-19)
(-1.32952 -0.0570325 0)
(0.894164 -0.0648399 0)
(2.15161 -0.129653 -3.91834e-21)
(-0.0655895 0.146267 8.86493e-20)
(2.6043 -0.0125113 -3.22175e-19)
(1.07364 -0.524707 1.84877e-19)
(2.02912 0.0252112 -3.41302e-19)
(-0.994055 0.197505 -1.72211e-19)
(1.97253 0.130604 -2.03974e-19)
(1.01701 -0.0282995 3.95935e-19)
(1.4874 0.593598 0)
(-0.290404 0.473098 2.72755e-20)
(1.03013 -0.852547 1.59537e-19)
(0.859171 -0.0342609 4.59132e-20)
(0.656512 -0.458382 0)
(1.93282 -0.560127 6.19211e-21)
(1.2266 -0.202993 1.38478e-19)
(1.74334 -0.61694 0)
(0.62616 -0.582157 4.12286e-19)
(0.688609 0.080382 -2.13221e-20)
(2.4075 0.00118168 5.46986e-19)
(-0.0964882 0.236776 -1.82951e-19)
(1.30644 0.60505 1.46852e-19)
(1.13068 0.396458 3.55618e-21)
(0.89246 0.353749 2.16841e-19)
(1.95254 0.0245492 -2.79026e-19)
(-0.0744028 -0.557323 -4.89842e-21)
(0.786795 -0.214758 0)
(-0.154654 -0.10088 3.40533e-19)
(1.11299 -0.970307 0)
(1.08805 -0.673022 2.00861e-20)
(1.18558 -0.154413 -7.34256e-19)
(1.44233 0.0722864 -1.50468e-20)
(-0.591921 -0.255809 -3.93308e-19)
(0.969785 0.465616 1.69615e-19)
(-0.181551 0.743874 2.73526e-19)
(0.690644 -0.0383758 0)
(1.924 -0.0923533 0)
(1.57952 0.168584 2.50804e-20)
(0.779724 -0.0129213 0)
(1.39088 -0.224233 -1.42492e-19)
(-1.44666 0.073796 5.26705e-19)
(1.89035 0.494546 5.18313e-21)
(1.04014 -0.0318442 0)
(0.572589 -0.379154 9.88481e-20)
(1.01039 0.0260423 1.88446e-19)
(0.278592 0.715227 -2.3456e-19)
(-0.443 0.54137 0)
(1.13065 -0.494088 4.5363e-19)
(1.79791 -0.127979 -5.10069e-22)
(1.1202 -0.51517 -1.97538e-19)
(2.30366 0.270875 1.56649e-19)
(1.261 0.772978 0)
(0.860854 0.0178778 0)
(-0.459012 -0.557642 -1.86933e-19)
(0.00160523 1.92817e-05 1.31265e-19)
(0.937469 0.353184 -2.00409e-19)
(0.275991 -0.410292 -1.51685e-19)
(0.628516 0.380813 2.33894e-19)
(0.941781 0.0422229 0)
(0.555506 -0.516778 0)
(0.8083 -0.266863 5.38728e-21)
(1.25144 -0.524934 -9.11282e-20)
(0.654994 -0.0497948 1.31579e-20)
(0.739689 -0.181048 1.12617e-19)
(-0.0481203 0.0791437 -2.34895e-19)
(1.17604 0.160935 2.65743e-19)
(0.643746 0.599657 0)
(1.24398 0.679773 0)
(1.58982 0.261771 0)
(-0.379917 -0.406482 -1.72234e-19)
(1.22331 0.542574 1.7892e-19)
(2.06499 0.0645046 5.47255e-20)
(0.919248 -0.00797508 0)
(1.67441 -0.507968 0)
(2.19772 -0.0968186 -3.60319e-19)
(0.519035 0.47342 2.68866e-19)
(1.00535 0.00298894 -1.88569e-19)
(1.46545 0.462142 0)
(-0.32708 0.542119 0)
(1.22853 0.315741 2.78491e-19)
(1.00292 0.510032 -1.26044e-19)
(1.06659 0.0210521 0)
(1.72681 0.111095 0)
(1.93411 0.662406 -2.61773e-19)
(-0.0826485 0.420618 -2.12722e-21)
(0.997274 0.0115887 0)
(0.688243 0.447171 -3.22336e-20)
(0.959014 -0.846742 0)
(1.00681 0.0146159 4.37782e-20)
(0.779704 -0.571572 1.32357e-20)
(0.918676 -0.341981 2.88429e-19)
(0.912287 -0.398222 -7.79995e-20)
(2.23802 -0.157515 3.65556e-19)
(1.33801 0.135266 9.67148e-20)
(0.793949 -0.0258561 0)
(1.01939 0.0103397 0)
(-0.615284 -0.341681 0)
(0.648797 0.621031 -1.83782e-19)
(-0.025581 0.043884 1.58464e-19)
(1.15155 0.338914 -4.46355e-19)
(-0.541868 0.31288 0)
(0.80736 0.621071 1.6284e-19)
(1.02434 -0.35264 0)
(1.00557 -0.000895365 1.1035e-19)
(0.339628 0.0934055 7.72281e-20)
(1.01925 0.393292 2.48714e-19)
(1.31873 0.213285 0)
(2.13875 0.190821 -8.20729e-20)
(0.831315 -0.131488 -3.46072e-19)
(-1.16767 -0.185075 -5.81938e-19)
(1.11922 0.253718 0)
(0.87279 0.224144 1.68551e-19)
(2.0428 -0.193148 0)
(0.755181 0.497401 3.50669e-19)
(-1.49014 -0.029257 2.31653e-19)
(-0.0363317 0.0838356 0)
(0.574776 0.545951 -6.8523e-20)
(1.05004 -0.661091 -1.40914e-19)
(0.49714 -0.281939 -1.15925e-19)
(1.0197 -0.0194882 0)
(-0.411868 0.266321 -2.15048e-19)
(0.659587 -0.590049 7.656e-20)
(0.899041 0.272145 0)
(1.69052 -0.517994 1.42467e-19)
(0.959957 0.817834 2.37906e-20)
(0.983399 -0.577249 -1.48802e-20)
(0.19646 -0.192056 -2.52807e-19)
(0.242111 -0.0929086 -5.2696e-19)
(-0.127272 -0.232861 9.45102e-21)
(0.798996 0.333908 2.38173e-19)
(-0.211812 0.440982 -4.62551e-21)
(1.43625 -0.667057 3.52514e-21)
(1.02357 0.00401852 -3.27111e-19)
(-0.458395 -0.351549 0)
(1.0279 0.029456 -3.87226e-19)
(2.20565 0.189207 2.31985e-19)
(0.865186 0.668743 2.73733e-19)
(1.1401 -0.0756329 1.51457e-19)
(1.00601 -0.0352068 1.51381e-19)
(1.51029 0.0904515 1.36039e-20)
(-0.354926 -0.42462 -5.95121e-22)
(1.75505 -0.895774 1.53817e-20)
(1.16939 -0.141194 -7.07148e-20)
(0.807539 0.0474079 8.10472e-20)
(0.922611 -0.311572 8.48743e-20)
(0.969913 0.215403 0)
(0.938888 0.713758 0)
(0.855855 0.186745 -9.206e-20)
(2.07208 0.189022 -2.40702e-20)
(-1.06953 -0.107708 1.91273e-19)
(1.0498 -0.557742 -4.80104e-19)
(0.638448 -0.556392 3.67798e-19)
(1.159 0.236364 -1.33186e-19)
(0.257992 -0.410409 1.75113e-20)
(1.43546 -0.579624 0)
(0.746497 0.089571 -6.45796e-21)
(1.52114 -0.611218 -5.84034e-20)
(1.01571 0.741396 0)
(1.27781 -0.691348 0)
(0.400029 0.108918 0)
(-0.198939 -0.333247 -6.12836e-20)
(-0.116668 0.163603 0)
(1.61353 0.65676 3.28447e-19)
(1.20805 0.175785 6.14324e-21)
(-1.23844 0.0797262 2.52147e-19)
(1.82563 0.590501 1.10029e-20)
(1.78958 0.463069 -5.56756e-20)
(2.1864 -0.34715 -3.82649e-20)
(-0.166633 0.010914 -1.84356e-19)
(-0.128226 -0.494651 4.69461e-21)
(1.01502 0.105166 0)
(0.673941 -0.0333374 0)
(1.00157 0.000727474 2.4695e-22)
(-0.41415 -0.390162 0)
(1.56471 -0.00599888 -1.1682e-19)
(0.676393 -0.0312969 0)
(1.06306 0.00587757 1.21347e-19)
(0.994138 0.016333 -4.28504e-20)
(1.06122 0.217793 1.66404e-19)
(1.06073 -0.0192028 -8.84478e-22)
(0.961443 -0.207479 -5.13211e-20)
(1.02444 -0.0345736 3.51178e-19)
(0.693579 -0.632054 1.7276e-19)
(-1.07737 0.106413 -2.76257e-19)
(1.14794 0.39798 1.70016e-20)
(0.000513174 0.00641039 0)
(1.10043 0.775095 0)
(1.02909 -0.00985054 0)
(1.02707 -0.796491 -9.70165e-20)
(1.06153 -0.911021 3.34481e-20)
(0.92672 0.228449 -2.34404e-20)
(0.0655763 0.18598 -1.08696e-18)
(1.29105 -0.485649 2.00093e-20)
(0.606005 -0.411155 -5.9771e-19)
(1.27652 0.405503 -3.79316e-20)
(0.884812 -0.188838 -1.0015e-19)
(2.10743 -0.348125 1.13979e-19)
(0.436433 0.0900387 -1.61094e-20)
(-0.325305 -0.493153 -1.28493e-19)
(1.0933 0.536147 1.9191e-19)
(-0.102434 -0.341474 0)
(0.237785 -0.44669 3.84443e-19)
(-0.100102 -0.136995 -7.90422e-23)
(1.02854 -0.0434962 3.1652e-19)
(1.02504 -0.00157501 -8.12075e-21)
(1.1083 -0.0115232 -8.75078e-20)
(1.46179 0.0824926 4.21823e-21)
(1.59986 0.318436 5.7787e-20)
(0.415844 -0.391153 -2.96516e-19)
(0.8283 0.160341 4.29376e-20)
(1.03571 -0.00158338 -2.31595e-19)
(1.10639 0.280118 -1.7502e-20)
(1.41959 0.134217 0)
(1.08709 0.574844 -3.6008e-19)
(1.00242 -0.00346444 9.01127e-20)
(0.655773 0.583903 2.50593e-19)
(1.30546 -0.373194 -4.02002e-22)
(1.06367 -0.0114544 -2.8812e-20)
(1.12935 0.0120528 8.17018e-22)
(2.50525 0.0773734 1.96684e-20)
(0.37709 0.110601 0)
(1.04704 -0.0397034 0)
(1.05355 -0.0346298 5.54459e-19)
(1.00266 -0.00334833 0)
(-0.0661749 -0.0918155 0)
(0.961483 -0.590804 0)
(1.0008 -0.00121921 -5.23899e-19)
(1.18013 -0.702061 7.66813e-20)
(1.02168 -0.00481702 1.0975e-20)
(1.31354 0.936867 -2.77109e-20)
(1.49334 0.984861 1.61488e-20)
(1.15045 -0.28656 -3.00691e-20)
(1.5728 0.176863 2.59347e-19)
(1.38638 0.256387 0)
(0.0195195 0.498693 0)
(2.1921 -0.107588 5.38823e-19)
(1.246 -0.743442 0)
(0.999465 -0.00599266 -1.62344e-19)
(1.00978 -0.000888676 3.15401e-19)
(1.42538 0.139179 -6.68939e-20)
(-0.00502793 -0.123414 2.63519e-19)
(0.969409 -0.00158042 1.71544e-19)
(0.164046 0.000375288 2.50363e-20)
(0.210609 -0.0685472 -2.59202e-20)
(1.55381 0.108145 -3.97746e-23)
(0.927168 0.0163055 -1.72196e-19)
(1.00242 0.00355516 2.03462e-19)
(1.00055 -0.00072274 1.20244e-20)
(0.789809 -0.0131307 0)
(0.72807 -0.0264237 0)
(0.724225 -0.0267943 6.60375e-22)
(0.699897 -0.0288128 0)
(1.08954 -0.172721 0)
(0.362742 -0.0690253 0)
(-0.059143 -0.0816515 5.19504e-20)
(0.197843 0.0685484 -2.89455e-20)
(1.20192 0.0440066 0)
(1.28928 -0.0081997 5.97206e-21)
(1.54212 0.07379 0)
(0.0154636 0.0649084 0)
(-0.0567471 -0.00144772 0)
(0.110966 0.0413906 -3.40626e-21)
(0.685026 0.143902 3.65581e-20)
(0.79047 0.0236156 0)
(0.792975 0.0205863 0)
(0.964798 0.0194694 -2.12349e-19)
(0.818139 0.00863075 3.96708e-19)
(1.00698 -0.00147139 0)
(0.999848 -0.000386622 3.76059e-19)
(0.999919 -0.000737997 -3.77435e-22)
(0.795213 0.021944 3.37023e-19)
(0.990235 -0.00749193 -1.96914e-19)
(0.14615 0.0401837 0)
(-0.0124728 -0.000672372 2.59387e-20)
(1.00137 -0.00215772 -1.90175e-19)
(1.00001 0.000308174 -3.26187e-19)
(1.25111 0.012909 0)
(0.999443 0.00179272 0)
(0.99936 0.000319381 0)
(1.48269 -0.506031 1.05166e-20)
(0.810921 -0.150355 2.78765e-20)
(0.971382 0.296236 0)
(-0.321857 0.282468 1.72758e-19)
(-0.53038 0.571082 -4.97681e-19)
(1.01907 -0.0159419 -2.53344e-19)
(-0.343873 -0.60379 -1.1939e-19)
(1.01868 0.000193554 -2.03812e-19)
(1.19061 -0.228396 -9.21785e-20)
(0.81879 -0.495093 2.85329e-19)
(-0.0652446 -0.0907643 -8.84498e-20)
(1.02939 0.0086994 0)
(1.0507 -0.0134809 -5.54707e-20)
(0.859451 0.0229211 0)
(-0.0411708 0.0466906 2.31758e-19)
(1.17425 -0.630775 0)
(-0.47251 -0.463915 -3.01952e-19)
(0.237277 0.0437307 -1.95043e-20)
(1.62247 0.673408 -1.62894e-20)
(-0.057261 -0.022029 0)
(1.05773 -0.0382936 1.71411e-19)
(1.2005 -0.281004 3.7432e-21)
(0.925848 -0.0223537 2.69127e-19)
(1.01216 -0.00893331 -1.72659e-19)
(1.63978 0.847776 2.93401e-20)
(0.505849 0.472982 0)
(0.427051 0.374412 1.96146e-19)
(1.59592 -0.487121 -2.06305e-21)
(1.13981 0.118925 1.86518e-19)
(1.11067 -0.732047 0)
(1.02025 0.00130532 0)
(0.998321 -0.0187531 -3.97911e-19)
(1.01791 0.0149747 -3.86985e-19)
(-0.169288 -0.352427 0)
(1.1952 0.8028 -1.28654e-19)
(1.46309 -0.351877 4.28017e-22)
(1.01506 0.00468381 1.49133e-19)
(1.01176 0.0120991 -1.86897e-19)
(-0.561919 -0.398645 -2.95909e-20)
(1.16096 -0.133812 -8.21311e-20)
(1.01694 -0.0162572 6.36526e-19)
(1.2557 -0.212975 0)
(1.8195 0.643917 -3.70651e-20)
(1.01546 -0.0143229 -1.98177e-19)
(2.04871 0.0982211 -1.48204e-19)
(1.05982 0.00543105 -4.57689e-22)
(1.01015 -0.011561 3.96731e-20)
(2.10987 -0.272377 -3.07187e-19)
(1.01602 0.00474537 1.92057e-19)
(1.04625 0.195747 2.62999e-21)
(1.0177 -0.000230599 0)
(0.92977 0.136569 4.75653e-20)
(-1.22684 -0.0841036 6.58303e-21)
(0.998745 0.021311 1.90786e-19)
(1.03991 0.0191804 -5.91942e-22)
(1.30223 -0.209546 -5.35074e-21)
(1.23575 0.309802 3.99335e-19)
(0.999846 0.0153238 1.31047e-19)
(1.01576 -0.0155359 4.67638e-22)
(1.70695 0.262416 -2.28177e-20)
(1.72837 0.918696 -9.33702e-20)
(0.795537 -0.714962 5.40408e-20)
(0.469524 -0.355248 -2.8961e-19)
(1.0073 -0.0114493 0)
(1.01916 0.00226406 4.771e-20)
(1.01253 -0.00994955 1.00721e-19)
(1.06332 0.032294 5.26063e-21)
(1.01411 0.00501332 -1.99979e-19)
(1.0297 -0.0298653 2.28544e-19)
(1.00926 -0.00875216 -1.88373e-19)
(1.01646 0.00337664 -4.84074e-22)
(1.0127 0.000432837 -3.40099e-22)
(1.02404 0.0142487 1.91383e-19)
(0.894437 0.0723122 4.879e-19)
(1.72959 0.657055 0)
(0.547249 -0.228393 2.89889e-19)
(1.01218 -0.00432671 0)
(1.02086 -0.021617 -5.55568e-20)
(1.51326 0.445629 -8.02644e-20)
(1.93245 -0.0120267 0)
(2.30423 -0.317367 -1.18032e-19)
(1.21653 0.579969 -5.32008e-20)
(0.752862 -0.0131864 0)
(1.92453 -0.145161 0)
(0.0338004 0.322975 -1.71733e-19)
(1.32272 -0.000184141 -1.44857e-20)
(1.01907 -0.0056713 -2.0161e-19)
(1.13832 -0.581193 -5.58652e-20)
(1.24122 -0.114924 -2.41606e-20)
(1.37686 0.440758 0)
(1.35051 -0.517778 0)
(1.86855 0.484887 0)
(0.122049 0.465289 8.20822e-20)
(1.15365 0.131173 8.53032e-20)
(-0.153353 0.42747 0)
(-0.0928318 0.483068 -2.73435e-19)
(1.66364 0.950686 -4.31134e-20)
(1.00737 -0.00271179 -3.9397e-19)
(1.12138 0.0217979 2.08439e-20)
(1.01989 0.00574556 2.60793e-19)
(0.683977 -0.0396191 0)
(-0.151144 -0.310309 -2.69748e-20)
(0.595146 0.4067 -3.29735e-19)
(1.76619 0.630868 8.30554e-20)
(0.0591385 0.560435 0)
(0.796324 0.0834901 7.25386e-20)
(0.504802 0.48142 5.01092e-20)
(1.16061 0.866417 -3.50004e-20)
(-0.0433303 -0.0341554 1.31619e-19)
(1.01959 0.00904448 0)
(1.26865 0.249661 4.85496e-20)
(1.01247 -0.00472692 1.47935e-19)
(2.3927 0.169109 0)
(1.00939 0.00730685 2.48034e-19)
(0.300029 -0.447826 -1.81606e-19)
(1.02074 0.0108664 -1.5353e-19)
(1.3298 0.264242 0)
(2.05486 -0.302905 5.5167e-22)
(1.01022 0.00432889 -1.02991e-19)
(0.995012 -0.0380855 2.71935e-19)
(1.0843 0.0848995 -2.52073e-21)
(1.09349 0.322772 -4.71158e-20)
(-0.147226 -0.0803752 3.44831e-19)
(1.94066 0.316893 1.63351e-19)
(0.561775 0.116607 5.45996e-20)
(0.804194 0.015306 -3.71941e-19)
(0.795299 0.0246325 0)
(0.648002 -0.0454548 5.40633e-20)
(1.0212 -0.0189765 -2.98543e-20)
(0.97246 0.0151205 0)
(1.04951 -0.000123892 -1.89665e-19)
(0.283935 -0.525467 -3.67133e-20)
(-1.45274 -0.135431 2.63907e-19)
(2.18835 -0.613907 0)
(-1.10106 -0.0681526 -7.4702e-19)
(1.53923 -0.356461 0)
(1.03926 -0.0181539 5.56361e-20)
(1.10424 0.0632175 1.57765e-21)
(1.01513 -0.00328997 1.59931e-19)
(-0.97325 0.0435195 4.56072e-19)
(1.01736 0.00322468 0)
(0.991809 0.00387353 -3.85745e-19)
(1.00703 0.0076901 2.03428e-19)
(0.835054 0.104357 0)
(0.713662 -0.0629544 -8.76829e-21)
(0.95795 -0.00166912 -1.7399e-19)
(-0.246542 -0.605901 4.0482e-19)
(1.00599 -0.00292804 -1.98395e-19)
(1.00093 0.018992 -4.66792e-19)
(1.67118 -0.6227 -7.26422e-21)
(-0.20375 -0.255566 -1.01043e-19)
(0.788787 0.676273 -1.70023e-19)
(0.784694 0.331439 0)
(1.02279 -0.0105808 4.18307e-19)
(1.03622 -0.0149124 2.20163e-19)
(0.408844 0.53645 -6.05738e-20)
(-0.708374 0.072362 -4.79364e-22)
(1.07709 0.00412243 -1.10454e-19)
(1.13584 -0.918351 5.08924e-20)
(1.00647 0.000332011 2.07239e-19)
(0.952999 -0.694502 1.90035e-19)
(-0.511444 0.208232 3.24069e-19)
(-0.168806 -0.236248 -7.80268e-20)
(0.774155 0.0119667 -6.15767e-20)
(0.721531 -0.187083 -6.49536e-19)
(1.0198 -0.0123948 0)
(1.3528 -0.829274 9.16495e-20)
(1.37138 0.698755 1.4195e-19)
(0.501908 0.0268872 0)
(-0.314299 -0.209142 0)
(-0.551473 0.581614 0)
(1.02732 0.00895695 8.84355e-20)
(2.21992 0.0545059 0)
(1.05477 -0.0246237 3.51115e-21)
(-1.03032 0.163227 -2.05381e-19)
(-0.0492703 -0.0777514 2.19878e-19)
(-0.236293 0.331652 -1.07805e-21)
(1.42553 0.372863 9.61874e-20)
(0.092013 -0.457899 4.85672e-19)
(1.02172 0.438051 0)
(-1.03206 -0.111445 -2.25607e-20)
(1.02044 0.0149761 5.4339e-20)
(-0.114967 -0.100142 -1.34853e-19)
(0.857175 0.692794 -5.42148e-20)
(-0.069293 -0.0918928 5.19522e-20)
(1.35992 -0.994017 -6.05441e-21)
(0.197813 -0.0551027 5.5648e-20)
(1.16241 -0.0170856 1.45897e-20)
(-0.05953 0.156116 -1.05838e-19)
(0.891981 0.00947945 0)
(0.378929 -0.265852 7.63825e-20)
(0.756348 -0.304939 -1.05431e-19)
(0.266362 -0.310948 3.55293e-20)
(2.02476 0.272872 0)
(1.05174 0.0233996 2.14721e-19)
(-1.25905 0.270458 0)
(1.26113 -0.0696654 2.55483e-20)
(-0.392247 0.299508 0)
(0.86748 0.312558 -2.13198e-19)
(1.40699 0.683846 -8.44545e-20)
(-0.125335 -0.206596 -1.59968e-20)
(0.942928 0.0231548 -4.29977e-19)
(1.03138 -0.0017294 0)
(1.11751 0.00817944 1.10431e-19)
(1.46939 -0.278738 0)
(1.90276 -0.440046 0)
(1.01672 -0.00106438 -3.80434e-20)
(0.985885 0.03126 -1.84342e-19)
(1.82269 0.572623 -3.61088e-19)
(-0.123654 0.231592 0)
(1.02259 -0.0186709 1.21397e-22)
(0.956726 -0.774824 -1.20963e-19)
(0.629378 0.321109 0)
(1.07167 -0.0265935 -2.72911e-19)
(1.99829 -0.316837 1.47215e-19)
(-0.332795 0.188697 -1.93112e-19)
(-0.134164 0.478895 1.61759e-19)
(-0.635134 -0.265653 2.34091e-20)
(-0.69517 0.23055 -1.56616e-19)
(-0.0739639 -0.0849309 2.95487e-19)
(1.34678 -0.614738 8.30218e-21)
(0.248238 -0.358277 2.75536e-19)
(0.974591 -0.729972 2.107e-19)
(1.10014 -0.908202 0)
(1.01519 0.00296612 -4.48206e-19)
(0.747649 0.185108 -7.13008e-20)
(1.01849 -0.0047575 -1.68933e-19)
(-0.144701 -0.0874547 -9.57324e-20)
(-0.0753873 -0.528147 3.13183e-19)
(1.01999 0.0163723 -2.15763e-19)
(0.001382 -0.477983 3.24715e-19)
(0.79622 -0.861985 5.95483e-21)
(1.03898 -0.016733 -3.60993e-19)
(1.73712 -0.0185098 0)
(-0.376283 0.13582 -1.04371e-19)
(-1.16846 -0.0202064 -4.02094e-19)
(1.16824 0.444293 0)
(1.10684 0.0781226 0)
(1.05167 0.0215351 2.48854e-19)
(1.56107 0.547141 -2.89933e-19)
(1.23498 -0.0270412 -2.16824e-20)
(1.1322 0.611686 1.63977e-19)
(-1.12322 -0.063145 -2.17197e-19)
(1.05608 0.010076 1.25601e-19)
(0.073061 -0.460353 -2.46437e-20)
(1.20869 0.148767 -3.69003e-19)
(-0.110869 0.242901 0)
(1.01752 -0.279596 -1.78211e-19)
(-0.9715 -0.0413575 2.24937e-19)
(1.39295 -0.574087 -1.57952e-19)
(1.01992 -0.0233997 -2.52515e-19)
(0.449051 0.433413 -1.3732e-19)
(0.870158 0.296311 -2.97465e-19)
(-1.17585 -0.0698506 3.2268e-19)
(0.877828 0.0335863 -3.00746e-19)
(0.526909 0.00208432 -1.92856e-19)
(1.00918 -0.00626967 -2.10418e-19)
(0.786804 0.580811 -2.30979e-19)
(-1.44892 0.113417 -2.73775e-19)
(0.46777 -0.452066 -1.29914e-20)
(0.127715 -0.0848621 9.67519e-20)
(0.533626 -0.422898 8.01846e-20)
(1.85311 -0.563343 0)
(1.12053 -0.874173 0)
(0.502325 0.201235 -1.18914e-20)
(0.895297 0.0379362 0)
(0.749203 -0.423966 1.80294e-19)
(-0.0890175 -0.117685 0)
(1.94377 0.330349 3.65224e-19)
(1.02055 0.00395542 0)
(2.33673 0.161843 -7.24909e-20)
(1.10633 -0.407251 3.13078e-19)
(0.977921 -0.00906559 1.85032e-19)
(1.05657 0.0751947 -1.8827e-19)
(0.953526 0.0883806 1.51226e-19)
(1.01779 0.0191484 2.63737e-19)
(1.14918 0.0222981 0)
(0.981743 0.00904699 2.14633e-19)
(1.07887 0.036658 -1.44577e-21)
(-0.159078 -0.0192097 4.59413e-22)
(1.38666 1.02946 -1.2991e-21)
(1.01628 -0.0233429 2.87398e-19)
(1.15031 -0.342579 4.81826e-20)
(1.87599 0.62124 0)
(1.10352 0.810535 0)
(1.01111 -0.145234 -4.09005e-19)
(-0.936137 0.196939 0)
(0.674205 0.401546 6.86715e-20)
(1.23365 -0.949846 0)
(0.488831 0.324572 0)
(0.612835 0.556044 -5.17069e-19)
(2.04362 0.280206 3.25463e-20)
(1.03662 -0.0344934 -1.20585e-19)
(-0.0875698 0.22195 8.61449e-20)
(1.04997 0.049324 0)
(1.03447 -0.0402592 0)
(0.832664 -0.651498 -5.87883e-20)
(-0.0829194 0.0953257 0)
(0.733954 0.452158 3.4734e-20)
(1.04155 -0.0127577 5.19722e-22)
(0.595053 0.433427 1.34698e-19)
(1.14103 0.0225514 2.86171e-20)
(1.59075 -0.62064 -3.44001e-20)
(1.07909 0.0318543 1.6657e-19)
(1.05323 -0.00916524 -1.80436e-19)
(1.12543 0.203519 1.95409e-19)
(1.00968 0.0220312 -4.26017e-19)
(0.18327 -0.249822 0)
(-0.485054 0.416233 -3.71834e-20)
(-0.795119 -0.0713686 -3.11471e-19)
(0.908641 -0.161535 -2.35889e-19)
(2.3063 0.151622 0)
(-0.0400698 -0.196025 1.37116e-19)
(-0.0684592 0.137414 9.42141e-20)
(2.04615 0.408276 -2.39016e-19)
(0.839532 0.32183 2.3531e-20)
(1.41628 0.284271 3.78867e-21)
(0.831627 0.693818 4.13516e-19)
(0.723775 0.867009 -2.60007e-21)
(1.11431 -0.0357407 0)
(1.02266 -0.100758 -1.20748e-19)
(-0.152483 0.293199 9.06486e-20)
(1.75922 -0.262574 -1.18816e-19)
(2.26594 0.179537 0)
(2.41276 -0.141086 0)
(1.53092 0.323552 1.39989e-19)
(-0.0391378 0.092929 0)
(1.01381 0.0190768 -1.6611e-19)
(-0.336756 0.104251 0)
(1.00139 -0.0205064 1.22492e-19)
(0.682688 -0.350219 -2.07871e-19)
(0.959787 -0.0366989 4.02985e-19)
(1.81035 0.3404 2.0385e-20)
(1.05916 -0.0242098 -4.45528e-19)
(0.824553 0.0202925 5.32594e-20)
(2.43159 0.0411652 -2.20421e-19)
(1.08306 -0.0445184 0)
(1.04663 -0.0097785 1.33291e-19)
(-0.573739 0.165757 -1.69216e-19)
(1.11785 0.000329324 -2.09705e-19)
(0.852511 0.614947 -4.54307e-19)
(1.30706 -0.272405 -1.27272e-20)
(2.24153 0.189191 0)
(0.313887 -0.122601 5.06774e-19)
(1.30942 -0.125888 0)
(-1.02567 0.0254883 1.12551e-19)
(-0.364297 -0.574938 2.27653e-19)
(1.11293 -0.926118 0)
(0.751968 0.0271236 1.07955e-19)
(-0.97057 0.214684 0)
(1.97792 0.594157 0)
(-0.0360155 -0.0167364 1.1288e-19)
(0.861031 0.0842739 -2.39749e-19)
(-0.701081 -0.295459 3.24173e-19)
(0.911212 0.668913 -3.67241e-19)
(1.0012 0.0344422 -6.04252e-21)
(1.0327 -0.0473067 1.37417e-19)
(2.5058 -0.0224437 0)
(1.06587 -0.108342 -5.1985e-20)
(0.56387 0.126238 6.3083e-19)
(1.01892 -0.016005 2.7911e-19)
(1.08021 -0.0124822 1.07285e-19)
(1.84359 0.362706 0)
(1.00406 -0.0102469 0)
(0.967075 0.842447 -3.30562e-20)
(1.04501 -0.0275889 -1.67439e-19)
(1.19748 -0.477284 -9.35106e-20)
(-0.534529 0.0976208 2.57249e-20)
(1.24214 0.00381764 0)
(1.56799 0.0972551 0)
(1.20397 -0.484162 4.90768e-21)
(0.679453 0.250011 -2.40913e-19)
(0.4922 0.0188905 -1.3306e-20)
(0.982639 0.0556949 2.43712e-19)
(0.427612 0.182505 -1.47724e-19)
(2.21031 0.415828 0)
(0.258076 0.0845364 5.87197e-21)
(1.0994 0.0103931 -1.11823e-19)
(-0.0365915 0.00323746 0)
(0.803284 -0.00316573 0)
(0.179491 -0.0664188 -1.72187e-20)
(-0.0357969 -0.0115767 9.25756e-21)
(0.774362 0.000942953 1.12329e-19)
(1.13071 -0.0104864 0)
(0.838467 -0.77463 0)
(0.15882 -0.488957 -2.28812e-20)
(0.988667 0.692721 -2.27721e-19)
(0.218321 0.0804213 -8.79654e-20)
(-0.127743 0.569353 6.82998e-21)
(1.87667 0.794471 1.74014e-19)
(0.991502 0.025182 1.75038e-19)
(1.03554 -0.067526 9.67891e-20)
(0.340782 -0.254599 -6.67938e-19)
(-0.0704563 -0.0522796 0)
(-0.243835 -0.0632017 -1.13785e-19)
(0.603177 -0.577823 -3.25956e-19)
(-0.498949 -0.422684 3.3358e-19)
(0.931738 0.100102 -1.78993e-19)
(0.961037 0.328963 3.57262e-19)
(1.02466 -0.0948977 1.17745e-21)
(1.02196 0.00164461 -3.19951e-20)
(1.00136 -0.00808257 1.31479e-19)
(-1.03757 -0.151895 -2.76497e-19)
(-0.111605 -0.168863 -1.57912e-19)
(-0.391987 -0.338762 0)
(1.16204 0.255439 1.37342e-19)
(1.10522 0.0164941 0)
(-1.05493 0.242451 -3.13959e-19)
(-0.0707233 0.136358 -1.21331e-19)
(-0.192176 -0.441977 0)
(1.00988 0.0086489 1.85078e-19)
(0.994428 -0.0518104 0)
(2.32249 0.251347 -3.42804e-19)
(-1.24837 -0.0308466 2.37214e-21)
(0.977926 -0.0110276 -3.85545e-19)
(0.0140436 -0.191003 5.9584e-21)
(1.58441 0.392924 -3.46318e-21)
(0.51325 0.500372 0)
(0.744208 0.649928 1.7063e-19)
(1.49525 0.368053 7.77386e-20)
(-0.387233 -0.474502 2.20072e-19)
(1.92139 0.211803 -4.40615e-21)
(-0.451039 -0.541779 -1.60256e-19)
(1.25132 0.417705 -2.50824e-19)
(1.24489 -0.0395126 4.34007e-19)
(0.839527 -0.31665 -6.25718e-21)
(0.136973 -0.136567 1.78301e-19)
(0.124189 0.117864 0)
(-0.0849892 0.0858414 0)
(-0.160177 -0.191598 9.4189e-20)
(1.0019 0.00218694 -2.05316e-19)
(1.02503 -0.00262562 -1.73903e-19)
(-0.605317 0.304098 -1.60425e-19)
(1.71899 -0.519995 4.58363e-21)
(1.37708 -1.04721 4.37797e-20)
(1.07353 0.724601 0)
(0.909391 0.042393 -5.35397e-19)
(1.54776 -0.258747 -1.0675e-19)
(1.01139 -0.0218842 -5.16941e-20)
(1.39983 -0.460077 1.13816e-19)
(-0.361235 -0.512594 0)
(2.3071 0.276977 -3.06286e-20)
(-0.922221 0.130765 5.75249e-20)
(-0.156763 0.0331991 -2.52174e-19)
(1.03238 -0.0613402 1.85163e-19)
(-0.116283 -0.136402 0)
(1.5692 -0.181063 -1.13305e-19)
(0.464812 0.235386 1.17116e-19)
(-0.105774 -0.122979 1.03585e-19)
(1.01709 -0.0147251 2.28579e-19)
(0.67296 0.296209 0)
(-0.0858445 0.163214 1.14268e-19)
(0.465898 -0.454745 0)
(0.138801 -0.139463 -3.3415e-19)
(-0.0559048 0.0640404 8.77509e-20)
(0.133 0.131219 1.71974e-19)
(-0.0801962 -0.0928349 -1.12232e-19)
(-0.257704 -0.519069 0)
(0.942515 0.279696 1.62486e-21)
(0.584368 0.249265 2.5011e-21)
(0.706051 -0.637189 2.21913e-19)
(1.01244 -0.0115835 0)
(-0.0708544 -0.0816595 0)
(0.963825 -0.0933168 2.1628e-19)
(1.51395 -0.730417 -4.95938e-21)
(-1.09937 -0.151362 -4.96271e-19)
(0.966335 0.0332387 -2.42103e-19)
(0.647868 -0.594084 3.95665e-19)
(1.37646 -0.707733 -1.06333e-19)
(-0.470047 -0.319032 -4.41933e-19)
(1.0836 0.0642101 0)
(1.01416 -0.00972185 -2.64525e-19)
(-0.0343618 -0.0437449 0)
(-0.177901 0.134305 -3.90133e-19)
(0.143097 0.141615 1.64042e-19)
(-0.0605075 -0.0745601 0)
(1.13618 0.0989829 -1.62602e-19)
(1.68937 0.439172 0)
(1.09472 -0.0832554 0)
(-0.153543 -0.148519 1.4391e-19)
(-0.391762 0.15173 -1.75563e-19)
(-0.0155692 -0.0198933 -1.06601e-19)
(-0.0688446 0.0764528 8.45958e-20)
(0.120021 0.10969 0)
(0.981551 -0.113169 -2.65738e-19)
(0.140639 -0.141926 -1.65023e-19)
(0.138669 0.134228 -3.28422e-19)
(0.194778 0.188432 1.23882e-19)
(0.948503 0.00735131 6.47096e-19)
(0.17953 0.171411 -1.35029e-19)
(-0.0123986 -0.0158665 1.00991e-19)
(0.143413 0.143841 -3.13929e-19)
(0.191429 -0.190815 -2.56524e-19)
(-0.0272443 0.0347301 0)
(-0.0406201 -0.0492212 2.24532e-19)
(-0.631856 0.162972 4.21216e-19)
(0.145154 0.140153 0)
(0.63369 -0.160179 0)
(-0.227771 -0.538853 0)
(0.89351 -0.461136 8.83648e-21)
(0.212516 0.209357 2.31227e-21)
(-0.0302064 0.0346839 -5.13513e-20)
(-0.0864525 0.0707373 7.66654e-20)
(0.187396 0.182472 -1.30161e-19)
(0.160003 -0.15484 0)
(-0.0199847 -0.0241164 1.1303e-19)
(-0.00944917 0.0140081 2.056e-22)
(-0.270255 -0.600624 -2.07544e-19)
(1.21402 -0.0374585 -2.9161e-20)
(-0.810953 -0.0555834 3.59679e-19)
(-0.0484867 0.0568399 -8.604e-20)
(-0.00853939 -0.0119672 0)
(0.209974 0.20946 0)
(0.176994 -0.176084 -6.07714e-20)
(-0.000371682 0.00263822 -8.49294e-20)
(2.18418 0.551561 1.38822e-19)
(1.4812 -0.607657 -4.13777e-19)
(0.193272 0.196307 2.38902e-19)
(-0.261116 -0.346335 8.5919e-20)
(-0.0758143 0.08116 8.47471e-20)
(-0.00602609 -0.00826322 -2.94425e-19)
(0.210445 -0.209541 2.23561e-19)
(-0.121417 -0.492687 2.32461e-20)
(-0.0147106 0.0200757 0)
(0.141076 -0.140417 -3.42004e-19)
(0.97066 -0.0741753 0)
(1.56296 -0.367775 0)
(0.582827 -0.521681 -3.63188e-19)
(0.353478 -0.296795 4.12468e-20)
(0.183703 -0.176796 1.2358e-19)
(1.00472 0.0107575 1.79612e-19)
(0.886031 -0.119486 2.52958e-19)
(0.422773 -0.410309 5.05356e-19)
(1.62944 0.514419 1.96747e-20)
(0.217417 0.20636 9.94653e-20)
(0.814358 0.546494 0)
(0.634665 -0.553431 2.32311e-20)
(-0.00437396 -0.0061376 9.63283e-20)
(0.406749 0.0112113 2.14744e-20)
(1.06223 -0.131717 7.7273e-20)
(1.09746 -0.266391 0)
(0.947448 -0.148889 6.28556e-19)
(-0.0208316 0.0268794 0)
(0.693009 -0.426393 0)
(1.18381 -0.228301 1.72824e-19)
(1.13243 0.352692 2.08311e-19)
(1.11696 0.00278728 0)
(-0.928645 -0.285732 3.04227e-19)
(-1.41686 -0.123313 2.12894e-20)
(1.03964 0.00161797 -2.52441e-19)
(-0.158574 -0.363966 0)
(1.19568 -0.220556 0)
(1.42328 0.585923 0)
(0.102959 0.0973765 4.34458e-19)
(-0.0030671 -0.00350385 0)
(0.188794 0.179724 1.15575e-19)
(0.175319 -0.161248 0)
(0.00276613 -0.00198118 -8.33027e-20)
(-0.0029692 -0.0027456 0)
(0.766441 0.337076 2.14174e-19)
(0.860121 -0.441709 -5.15985e-19)
(0.00213847 -0.000964497 1.42631e-22)
(-0.127486 -0.133547 -2.65578e-19)
(0.261444 -0.252178 0)
(0.236554 0.225037 0)
(-0.820632 -0.142002 3.0483e-19)
(0.935583 0.04663 3.8816e-21)
(1.11653 -0.379039 -1.84356e-19)
(0.00120095 0.000755663 2.49575e-19)
(-0.0445079 -0.00633126 1.43868e-19)
(1.05157 0.130205 2.40643e-19)
(-0.0785558 -0.250851 0)
(-0.00434242 -0.00377777 -1.23508e-22)
(-0.172256 -0.609875 7.48647e-21)
(-0.0838072 0.0260222 0)
(2.335 -0.102872 -1.98884e-19)
(1.01931 0.131105 0)
(1.00374 -0.079032 3.0651e-19)
(-1.34328 -0.0101412 0)
(0.236901 -0.220377 -3.8648e-21)
(1.01114 -0.0266041 1.5826e-19)
(0.552029 0.127618 3.88452e-19)
(1.37894 -0.797458 1.73484e-19)
(0.299222 0.280149 1.7764e-22)
(1.5992 0.52517 0)
(0.974027 -0.597216 6.75056e-20)
(1.84592 -0.946421 1.57511e-19)
(0.00289853 -0.00295034 1.61636e-19)
(1.65592 -0.321612 5.59998e-20)
(2.31044 0.477125 7.94161e-20)
(0.00283584 -0.00261413 -4.7592e-20)
(1.01511 0.026687 2.30741e-19)
(-0.094246 0.219423 -1.67203e-19)
(0.32354 0.301483 0)
(-0.00605302 -0.00491301 0)
(0.249833 0.236845 8.65756e-20)
(0.304258 -0.283917 -2.08429e-19)
(0.00412091 -0.00362216 1.69563e-19)
(1.0954 -0.786819 -6.93251e-20)
(1.00094 -0.0117233 2.06711e-19)
(0.343331 -0.327029 0)
(0.00201588 -0.00419297 0)
(0.268317 0.254501 0)
(-0.0157745 0.0224865 -9.85733e-20)
(0.280857 -0.278228 0)
(-0.0156993 -0.0106928 -1.68633e-19)
(0.286956 0.270583 -6.35344e-20)
(-0.00476949 -0.00263006 0)
(0.2651 -0.260078 0)
(-0.203597 -0.444199 0)
(-0.0193923 0.00681386 0)
(-0.035641 0.0217129 -4.8711e-20)
(-0.140031 -0.254802 0)
(1.00227 -0.00174807 2.43123e-19)
(0.478482 -0.448774 4.60778e-20)
(-0.0778784 0.0513395 -8.46866e-20)
(-0.0365087 -0.0256413 3.11804e-19)
(0.360381 0.331328 -5.51523e-20)
(1.64484 0.393638 0)
(-0.154019 0.156375 0)
(-0.146653 -0.31381 2.62422e-20)
(-0.12243 0.0939829 0)
(0.368257 -0.347016 0)
(-0.0565626 -0.0410436 0)
(0.408058 0.369897 0)
(-0.0910483 -0.0716514 1.90896e-19)
(0.48201 0.445788 1.75098e-20)
(-0.156248 0.145226 -3.88304e-19)
(0.546378 -0.505695 -6.52912e-20)
(1.14847 0.130403 0)
(0.858428 -0.299262 -3.32463e-20)
(-0.604882 -0.293799 -3.05484e-19)
(1.03442 0.0531813 -2.24407e-19)
(1.42577 0.0406026 0)
(1.39624 -0.515168 -9.40086e-21)
(1.3783 -0.516621 1.44917e-19)
(0.963382 0.0140337 0)
(0.123233 0.364831 4.78715e-19)
(-1.45401 -0.113816 1.00705e-20)
(-0.0242119 -0.0179292 -1.58956e-22)
(-1.03311 -0.0540769 0)
(1.12949 -0.182875 -2.12955e-19)
(0.356228 0.175535 4.19062e-19)
(2.36974 0.279578 -1.58661e-19)
(1.52356 0.597481 -1.91029e-20)
(1.58243 -0.765064 8.66036e-21)
(-0.385712 -0.468731 -9.14429e-20)
(1.91815 0.273495 1.49016e-20)
(1.90977 -0.751537 1.49773e-19)
(1.03686 0.0772751 -3.03706e-20)
(-0.417581 0.132902 1.62473e-19)
(1.11512 -0.00890765 0)
(2.14977 0.155949 -2.75302e-20)
(0.118666 0.0702463 -2.04043e-21)
(1.31063 -0.240278 0)
(0.132966 -0.129081 -5.668e-19)
(-0.00564566 0.00891908 0)
(0.534617 -0.497557 0)
(1.89136 0.62847 -6.66344e-20)
(0.914163 -0.443927 0)
(2.35448 -0.155872 2.3938e-19)
(-0.0142368 -0.010835 1.73111e-19)
(0.267471 -0.272112 8.33252e-20)
(1.01857 -0.0550274 0)
(-0.604598 0.0168842 0)
(-0.0848408 -0.0702267 1.43271e-19)
(-0.093042 -0.0859878 1.56811e-19)
(1.00176 0.247674 -2.14412e-19)
(0.433079 0.410175 -3.38966e-19)
(1.02453 0.0114418 -8.46426e-21)
(2.23285 0.219653 0)
(-0.150009 -0.580661 2.22716e-19)
(-0.099797 -0.136747 0)
(0.631899 0.0566784 3.27815e-19)
(0.95444 0.15038 -4.71827e-20)
(0.699798 -0.602142 -1.8341e-19)
(0.981587 0.118246 3.30775e-19)
(0.995322 0.0106489 0)
(1.23392 0.587924 -2.22557e-20)
(2.11272 -0.223363 0)
(0.52258 0.472251 0)
(0.74335 -0.29511 0)
(-0.379167 -0.425519 -3.87081e-20)
(0.306136 0.225275 2.40662e-19)
(-0.113774 0.40169 0)
(1.1232 0.071384 1.43151e-19)
(1.04376 -0.244831 0)
(0.523183 -0.0412971 1.57231e-19)
(0.38127 -0.201567 2.05847e-19)
(-0.102169 0.484149 2.37505e-19)
(0.496788 -0.407815 -3.4318e-19)
(0.984032 -0.0328007 1.80593e-21)
(1.51098 -0.610763 1.76582e-19)
(1.57044 -1.07645 -1.93326e-20)
(0.0831036 0.0802505 1.18547e-19)
(1.97317 0.526736 0)
(-0.50477 -0.028424 0)
(-0.105996 0.220095 0)
(1.40522 -0.121542 1.61634e-19)
(-1.04873 0.034844 -1.13297e-19)
(0.288498 -0.266724 -1.65408e-19)
(2.3925 0.114141 1.02375e-19)
(0.796717 0.503175 -6.92383e-20)
(0.818077 0.241428 4.58687e-21)
(0.942972 0.216872 6.45176e-20)
(1.33128 0.253242 -5.90788e-20)
(-0.111841 -0.384398 1.02981e-19)
(-0.603859 -0.316572 0)
(0.922632 -0.020228 0)
(-0.560104 -0.310626 1.50703e-19)
(0.155198 0.153402 0)
(1.91277 0.510971 0)
(-0.767824 -0.0413217 1.19113e-19)
(0.539866 0.449806 -2.2502e-19)
(0.496046 -0.411915 2.88237e-19)
(-0.228139 -0.0465436 0)
(1.37603 0.916181 -2.56623e-20)
(1.07642 0.00870193 0)
(-0.77169 -0.170907 -6.11533e-19)
(-0.766913 0.219719 -1.82685e-19)
(1.29349 -0.409832 7.88197e-20)
(0.443217 0.405906 5.0738e-19)
(0.734999 -0.250961 2.14086e-19)
(-0.381862 0.523147 0)
(1.12943 0.0574463 1.51631e-19)
(0.990091 0.557717 -9.28944e-20)
(-0.164026 -0.0883655 0)
(0.709323 -0.273514 0)
(1.29374 0.83581 6.66241e-20)
(-0.00282873 0.00583768 -1.68995e-19)
(1.96681 -0.459071 -3.09557e-19)
(1.23057 0.210366 0)
(1.28806 -0.393767 -1.42021e-20)
(0.759008 0.421278 0)
(-0.448842 -0.304591 -2.14525e-19)
(1.26063 0.903975 -8.43204e-20)
(1.71675 0.349985 1.58517e-20)
(1.19571 -0.632157 -1.02939e-20)
(-0.292873 -0.289008 -3.74805e-21)
(-0.129029 -0.327666 -1.08463e-19)
(1.01929 0.0651852 2.2942e-19)
(-0.19376 0.133997 0)
(0.967668 0.176402 3.24368e-21)
(1.70555 0.446327 -7.02363e-21)
(1.52766 -0.873064 1.00786e-19)
(1.2916 -0.318145 -1.17272e-19)
(1.71033 -0.339393 5.29622e-20)
(-0.198634 -0.119843 5.81387e-20)
(0.59291 0.533707 1.1097e-19)
(0.138871 -0.0806693 2.35404e-19)
(1.27161 0.329423 -1.0837e-20)
(1.57777 0.186134 -6.89023e-21)
(1.99668 0.220818 6.31723e-20)
(0.873011 0.58827 1.31436e-19)
(-0.577865 -0.421196 6.89163e-19)
(1.28368 -0.177117 -2.2818e-19)
(0.962377 0.250886 -1.41574e-19)
(-0.50404 -0.356796 -1.22626e-19)
(-0.197066 0.29064 0)
(1.00184 0.00367079 5.07618e-19)
(0.724218 -0.188161 0)
(0.856146 0.548599 -1.3474e-19)
(1.32032 0.144773 -1.95603e-21)
(-0.15974 -0.460603 -1.52222e-20)
(1.92864 -0.455164 0)
(1.17732 -0.384142 0)
(1.50091 -0.310929 1.1074e-19)
(0.832975 -0.338125 3.14292e-19)
(1.09756 -0.336937 0)
(-0.208575 -0.59315 -2.20911e-19)
(0.939121 -0.0984855 -2.43325e-19)
(0.756143 -0.638321 -4.20927e-20)
(-0.686579 -0.187561 2.7618e-19)
(-0.215206 -0.266408 -1.03421e-19)
(-0.0968258 -0.0631857 -2.29187e-19)
(0.135665 -0.0968651 -1.81826e-19)
(-1.3101 -0.0650185 -5.03367e-21)
(0.834454 -0.316085 -1.412e-19)
(1.35003 0.15538 -3.14985e-20)
(0.685632 0.0120238 0)
(0.792333 0.0963527 3.03161e-19)
(1.21911 -0.382681 3.91324e-21)
(0.999758 -0.145465 -4.95553e-21)
(0.580791 0.511538 1.74628e-19)
(1.84662 0.234873 4.04036e-21)
(1.54195 -0.00511201 1.65602e-19)
(1.07207 -0.0297199 4.04604e-20)
(0.841264 -0.398118 1.42497e-19)
(0.511655 -0.241697 0)
(-0.1925 -0.224172 1.05407e-19)
(0.957283 0.0877991 1.53352e-19)
(1.0774 0.686252 9.20195e-20)
(-0.162183 -0.19008 2.25079e-19)
(1.05973 -0.628279 2.78334e-19)
(0.126289 -0.114007 0)
(1.76378 0.881461 0)
(0.225878 0.217735 3.40357e-19)
(1.57191 0.572655 0)
(-0.143639 0.14068 0)
(0.995426 -0.644028 -2.44342e-19)
(-0.140395 -0.161321 3.37058e-19)
(-0.0872786 -0.0146494 1.23791e-19)
(1.10895 -0.0279448 4.78658e-20)
(1.53477 1.03788 -1.62596e-23)
(0.960508 -0.0522611 -1.70689e-19)
(0.128027 -0.124798 8.52322e-20)
(1.03845 0.130334 -1.67659e-19)
(-0.135962 0.148826 2.51381e-19)
(1.03308 0.353682 0)
(0.233656 0.232862 -1.73374e-19)
(-0.618243 0.356112 1.46264e-19)
(1.93949 0.382285 0)
(-0.886648 0.0463625 -2.35182e-19)
(0.0208272 0.0658753 1.16946e-19)
(-0.645344 -0.266235 0)
(-0.062396 -0.0599859 -4.8084e-20)
(0.234429 -0.235113 0)
(1.0164 -0.742125 0)
(-0.110912 0.127532 1.76048e-19)
(0.573418 -0.543723 4.4373e-19)
(-0.12218 -0.143081 -2.04863e-19)
(-0.534015 -0.247597 -1.79324e-19)
(0.242005 -0.244007 -1.68425e-19)
(0.241357 0.236697 5.07848e-19)
(-0.284753 0.24568 -2.46989e-19)
(-0.703983 -0.240328 -1.32298e-19)
(-0.0069932 -0.00506778 0)
(-0.190062 -0.536819 1.81335e-19)
(1.05059 -0.146858 -3.1602e-19)
(-0.0961272 0.111516 8.4002e-20)
(1.638 -0.54105 2.1865e-20)
(1.31338 0.186319 0)
(2.16508 0.33332 -1.55687e-20)
(0.953442 -0.0522542 0)
(-0.0813232 -0.0899631 0)
(0.200059 0.196025 0)
(0.961937 0.0606151 0)
(1.11682 -0.270705 0)
(0.977105 0.0934755 -3.05957e-19)
(0.233101 0.231406 -1.64616e-19)
(-0.832094 -0.0463057 -1.7207e-19)
(-0.0933951 -0.113137 2.26506e-19)
(0.984752 -0.208294 1.61654e-19)
(0.784184 -0.387073 0)
(-0.16312 -0.128579 -2.16986e-19)
(1.01826 -0.027934 -2.01795e-19)
(-1.54355 -0.089868 7.79283e-19)
(-0.0306337 -0.0374075 0)
(-0.118567 -0.144202 -1.23523e-19)
(0.282862 0.26457 -1.31684e-21)
(0.25511 0.243321 0)
(-0.0388428 -0.0470063 1.11251e-19)
(-0.3338 0.398543 1.79295e-19)
(1.31535 -0.510184 1.73598e-19)
(1.79428 -0.429939 -6.7751e-21)
(0.806143 0.320059 -3.04659e-19)
(1.03413 0.0411524 0)
(0.331892 0.323588 -2.3656e-19)
(-1.00043 -0.0742483 2.83423e-19)
(0.314136 0.305334 -3.9239e-19)
(0.308794 0.300206 1.25399e-19)
(0.514803 -0.353058 0)
(-0.0616122 0.0758591 4.8063e-20)
(-0.126823 0.140489 0)
(-0.0245147 -0.0292542 2.76016e-19)
(-0.099211 -0.12397 2.47694e-19)
(0.5075 -0.405765 6.14073e-19)
(1.15084 -0.657655 -7.32947e-20)
(0.339362 0.33917 0)
(-0.0775308 0.0853416 2.06613e-19)
(0.238178 -0.243182 3.42265e-19)
(1.21969 0.13395 -4.94359e-21)
(0.334985 0.335461 0)
(0.999645 0.324294 -1.07506e-20)
(-0.392541 0.0148224 -7.29236e-21)
(2.46851 0.307024 8.0479e-20)
(-0.0170188 -0.0213992 0)
(1.17016 0.751623 0)
(-0.0273432 0.0338801 -2.58627e-19)
(0.332231 -0.334172 -2.55476e-19)
(0.264172 -0.236061 2.61859e-20)
(1.90247 0.317658 -3.42591e-20)
(1.07946 0.333449 -1.29122e-19)
(0.308631 -0.299969 -2.58203e-19)
(1.03598 -0.0203925 3.40909e-19)
(0.997643 0.0631198 0)
(0.621115 0.112187 -1.64497e-21)
(1.07847 0.0205985 1.2121e-19)
(0.487967 -0.0766207 1.16809e-20)
(1.41283 -0.517167 0)
(1.18402 0.179333 -1.11625e-19)
(1.90663 0.479501 -1.45409e-19)
(-0.0490171 0.0608476 0)
(-0.159517 0.0958626 2.99406e-19)
(1.69834 0.539024 0)
(1.00386 -0.00222411 5.42409e-20)
(0.332541 -0.321284 -1.19849e-19)
(1.00451 0.00465837 5.57577e-19)
(0.806694 -0.396107 0)
(1.16976 -0.90514 0)
(-0.0134857 -0.0150325 9.8782e-20)
(0.0734962 0.0597787 0)
(1.08311 -0.0249882 7.20391e-20)
(0.520355 0.390874 6.18907e-20)
(0.719454 -0.0190995 -4.5965e-19)
(-0.0380601 0.0462202 0)
(-0.443976 -0.122364 1.9739e-19)
(-0.899416 -0.0368605 0)
(1.8048 0.800798 0)
(-0.0324842 -0.0259579 0)
(-0.0402505 -0.0307037 9.75536e-20)
(1.67233 0.762408 3.52627e-22)
(1.01013 0.0497438 0)
(-0.132929 0.0970042 7.69518e-20)
(-0.0022959 0.00437459 0)
(1.4817 0.156334 0)
(1.61712 -0.823916 -9.01085e-21)
(0.382768 0.36017 2.00276e-19)
(-1.0882 0.161016 -5.2743e-19)
(-0.00996239 -0.0106432 -1.04306e-19)
(0.543434 -0.288648 -2.76551e-19)
(1.03084 0.266244 0)
(0.400648 -0.0504076 1.58304e-19)
(1.35253 0.0915051 0)
(0.909453 -0.0781001 3.33276e-19)
(0.217058 0.0427532 -1.63762e-19)
(0.402405 0.380889 -9.87453e-20)
(0.730922 0.224082 1.88272e-19)
(-0.243644 0.37504 1.76072e-19)
(1.42123 0.40596 -7.64684e-21)
(0.223578 -0.228162 1.8594e-19)
(-0.00935323 -0.00746534 2.33424e-19)
(1.49903 -0.47753 -1.01767e-19)
(-0.017804 0.0239715 8.62494e-20)
(-0.0177418 -0.0206964 0)
(-0.0951964 -0.0587734 -7.09443e-20)
(0.00232937 -0.00129819 8.44704e-20)
(1.03792 -0.207248 0)
(0.400332 -0.367281 1.22186e-19)
(0.257886 0.253123 1.50976e-19)
(0.251317 0.251845 -3.34421e-19)
(1.44653 0.0651775 0)
(0.366112 -0.36617 -2.13611e-19)
(1.68633 0.482166 0)
(1.61709 0.14724 -5.83299e-21)
(-0.00870672 -0.00902579 1.15252e-19)
(0.902506 -0.0566734 0)
(0.589228 0.555556 -1.98819e-19)
(1.02151 -0.0145754 -2.51229e-19)
(1.09357 -0.0173611 -1.22702e-19)
(0.0847255 -0.0522071 8.51853e-21)
(0.146318 0.0627726 -3.37255e-20)
(1.04841 0.0190429 -3.31929e-19)
(2.66184 -0.0030815 -8.93091e-20)
(-0.148779 -0.0839151 1.59013e-19)
(0.000744862 0.00144624 -1.68512e-19)
(-0.0901028 0.0201923 -1.643e-19)
(1.33502 -0.385666 7.88933e-20)
(0.0037194 -0.00310541 1.0665e-22)
(1.11444 -0.00240898 -1.45212e-19)
(0.431148 -0.417878 7.79438e-20)
(-0.0513021 -0.0650583 2.87117e-19)
(0.24576 -0.235444 0)
(-0.164397 0.274487 2.39683e-22)
(1.57994 0.979621 0)
(0.86995 0.016255 -1.36453e-19)
(-0.384239 -0.234529 -1.7669e-19)
(-0.55973 -0.358658 -1.75301e-19)
(0.762955 -0.372949 0)
(0.427289 0.402439 -2.67086e-19)
(-0.00565813 0.00980171 8.72339e-20)
(0.460487 0.50618 -2.08049e-19)
(0.540482 0.52591 -1.21312e-19)
(1.03833 -0.028716 0)
(1.38409 -0.629156 4.29105e-20)
(1.78376 -0.396476 -2.01204e-20)
(-0.0480625 -0.253014 0)
(-0.0118635 -0.00997818 -1.00265e-19)
(0.755565 -0.455274 7.94188e-20)
(0.223896 0.407111 2.81401e-19)
(1.85645 -0.445195 2.60672e-21)
(0.480269 -0.441196 -1.5854e-19)
(-0.777372 -0.149876 1.24652e-19)
(0.00309864 -0.00448165 -9.63619e-20)
(0.512144 0.4156 -3.47191e-19)
(0.561945 0.514704 -1.56604e-19)
(0.516738 0.479601 5.96306e-21)
(0.00570824 -0.00343447 4.54046e-20)
(-0.0558018 -0.0609611 -1.42291e-19)
(1.01342 0.0139386 1.65794e-19)
(0.276897 -0.266708 0)
(0.453659 0.426851 0)
(0.510993 -0.479287 1.33411e-19)
(0.0048362 -0.00597876 -1.69257e-19)
(-0.351763 -0.411608 -5.44235e-20)
(1.89603 -0.352587 2.09988e-20)
(0.486296 0.451697 0)
(0.488239 -0.485624 0)
(-0.00176783 -0.00456237 0)
(1.11503 0.0467526 8.50931e-20)
(0.624424 0.559899 0)
(-0.0206131 0.00168596 1.68951e-19)
(0.192066 0.176902 -6.39391e-19)
(-0.0479532 0.0230188 4.78619e-20)
(1.18649 -0.191912 2.65008e-19)
(-0.0436785 -0.0516156 -1.48686e-19)
(1.14037 0.463706 -1.40926e-19)
(0.151302 -0.132278 -2.78824e-19)
(-0.0987912 0.0501619 2.83306e-19)
(-0.199671 0.233036 -2.43809e-19)
(-0.0806138 -0.0502599 -2.15698e-19)
(0.700978 -0.663095 0)
(-0.15622 0.098688 -1.67625e-19)
(0.708066 0.617023 0)
(-0.237732 0.198051 7.2837e-20)
(0.810887 0.117606 -1.50912e-20)
(0.709543 0.368609 -3.69272e-20)
(-0.203303 0.136593 8.82961e-20)
(0.861944 -0.714796 0)
(-0.11889 -0.0710825 2.04357e-19)
(0.823628 0.692626 -9.36199e-21)
(0.35806 0.327195 -2.53166e-19)
(0.38442 -0.313284 4.84624e-19)
(0.517473 0.447226 1.68722e-19)
(1.00744 -0.00117693 0)
(0.460278 0.428647 0)
(1.69627 0.470386 0)
(1.02342 -0.00717446 0)
(-0.10534 0.141194 -7.59255e-20)
(0.767733 -0.626222 4.07938e-19)
(-0.053652 -0.037168 -2.46214e-22)
(1.11911 -0.229232 2.28143e-19)
(0.42972 -0.402505 2.47017e-19)
(2.45854 -0.190547 0)
(1.42547 -0.38955 0)
(0.0508506 0.376781 -4.12733e-19)
(0.448119 -0.18594 0)
(1.78116 0.305557 6.3557e-21)
(0.563693 -0.221735 -2.21837e-20)
(0.688713 0.638267 2.54651e-19)
(1.16314 0.247695 1.04335e-19)
(-0.0121444 0.0153214 0)
(-0.0614484 0.0878687 7.7573e-20)
(-0.0298701 -0.0194648 0)
(0.389501 0.389859 3.70067e-19)
(0.630988 -0.0510421 9.75761e-22)
(0.706701 0.324321 0)
(1.02438 0.00593819 1.5731e-19)
(1.36291 -0.276776 1.33391e-19)
(1.01979 -0.0165297 -4.18516e-22)
(0.309807 -0.290425 1.55392e-19)
(0.29961 0.29528 0)
(-0.071447 -0.0139328 0)
(-0.165013 -0.533671 6.31791e-20)
(1.47288 0.189319 1.68984e-19)
(1.09383 -0.134605 3.77398e-20)
(0.133353 0.124869 0)
(1.03146 -0.0137899 5.30693e-19)
(1.4468 -1.02386 3.91687e-21)
(-0.113467 0.307589 2.82919e-19)
(-0.0824946 -0.0390627 -2.46298e-19)
(0.514657 -0.436324 1.6315e-19)
(-0.0347148 -0.0278813 1.79137e-19)
(2.07406 -0.00877496 0)
(0.375314 -0.347001 -3.12541e-19)
(1.06387 -0.0254632 -6.10563e-20)
(1.00963 -0.00447091 -2.26615e-19)
(0.565076 -0.0494937 1.7022e-20)
(0.642259 0.0551413 -5.42443e-21)
(1.02497 0.0257581 -1.7921e-19)
(2.2088 0.484791 0)
(-0.0293111 -0.0247355 -1.62219e-19)
(0.550867 1.03432e-05 -1.03016e-18)
(-0.369041 -0.454893 7.35957e-20)
(0.327977 0.309219 -1.44501e-19)
(-0.0107799 0.0201534 0)
(-0.00890494 0.016779 0)
(1.73487 -0.833995 -7.46607e-20)
(0.998404 0.0771378 1.71191e-20)
(0.26549 -0.536222 2.85511e-19)
(-0.117788 -0.162024 -1.97957e-19)
(1.01861 0.0128296 -4.83805e-22)
(0.74576 -0.705792 -6.56743e-20)
(1.17405 -0.0661537 1.38792e-20)
(1.02069 -0.00953266 -8.50435e-20)
(-0.0139122 -0.0109809 0)
(0.930941 0.629183 4.0311e-19)
(0.783036 -0.242331 0)
(0.38791 -0.359313 0)
(-0.0204126 -0.0160306 1.91832e-19)
(1.0299 -0.0223475 2.88636e-19)
(0.513512 -0.482587 0)
(0.772289 0.706017 4.67239e-21)
(-0.653186 -0.134321 -1.46141e-19)
(-0.0014222 0.00567298 7.86769e-20)
(0.314279 0.0885634 2.23332e-19)
(1.47022 -0.233331 -2.61486e-20)
(1.62567 0.238589 -2.90295e-19)
(1.68598 -0.294476 -2.58824e-20)
(0.936847 0.553929 1.36049e-19)
(1.0201 0.208019 1.96165e-19)
(-0.410705 -0.474538 -5.64972e-20)
(-0.634655 -0.231382 2.45163e-19)
(1.22313 0.185178 0)
(0.31303 0.203178 9.97725e-20)
(1.28581 -0.479192 1.07036e-19)
(-0.278396 0.328752 0)
(1.40127 0.207913 -1.97223e-20)
(1.02377 -0.00564407 3.74473e-20)
(-0.511747 0.443778 0)
(1.01936 0.0991696 -1.56998e-20)
(0.658067 -0.249879 0)
(0.56929 -0.54706 -4.62961e-20)
(1.00318 0.179412 2.10788e-19)
(0.801999 0.426287 2.69467e-19)
(0.748037 0.380648 3.85487e-20)
(1.02049 -0.0100862 0)
(-0.897378 -0.0924346 -1.69282e-19)
(1.5918 -1.02168 8.37582e-20)
(0.987831 0.770928 2.29765e-20)
(-0.143182 -0.123987 1.6321e-19)
(1.80077 -0.29879 1.2897e-19)
(0.00313498 -0.00540592 7.19647e-20)
(0.8044 0.241106 0)
(0.82059 0.468887 0)
(-0.242609 -0.304264 1.90227e-19)
(1.05262 -0.177621 0)
(-0.302268 -0.0346042 -1.95254e-21)
(0.313343 -0.832987 -7.40347e-20)
(-0.0407133 -0.00329865 7.13236e-22)
(1.82308 0.549394 5.06277e-20)
(1.4159 -0.399984 -4.78666e-21)
(0.452474 -0.29237 0)
(1.02444 -0.000699052 -4.35684e-19)
(0.74322 0.670052 1.78617e-19)
(0.383767 0.520404 -5.71853e-19)
(1.10323 -0.858596 5.61754e-20)
(0.581486 0.0253098 2.94737e-21)
(0.430896 -0.482883 -2.39383e-19)
(1.09411 -0.68911 -1.51861e-19)
(0.490846 -0.178457 1.38848e-19)
(-0.318609 0.350747 0)
(0.538542 0.160141 0)
(0.974213 -0.0856963 -3.15983e-19)
(1.05102 0.601425 0)
(0.86039 -0.361353 3.07248e-19)
(-0.56063 -0.307047 0)
(2.15194 0.39779 1.2524e-19)
(-0.0151976 -0.13553 -1.18576e-19)
(1.77886 0.749509 0)
(-0.287979 -0.375199 0)
(2.22785 0.000253342 1.42956e-19)
(-0.890642 0.233974 0)
(0.0725133 -0.47606 -3.92023e-19)
(0.908846 0.592107 -1.34e-19)
(2.13641 -0.391915 -2.01647e-20)
(0.221237 -0.216638 1.6748e-19)
(-0.197748 0.144903 1.01236e-19)
(1.9419 -0.474266 0)
(0.109413 -0.134911 -2.03806e-19)
(-0.0153859 -0.00446721 0)
(1.10668 -0.182865 -1.31877e-19)
(-0.0524722 -0.15469 -3.01269e-19)
(-0.643359 -0.27746 2.58176e-19)
(0.756833 -0.189162 6.58481e-20)
(1.99228 -0.265994 4.59671e-20)
(0.42003 0.402716 0)
(0.716247 -0.325073 -9.61801e-20)
(-0.33367 -0.0154042 7.62998e-19)
(2.12356 0.415019 0)
(1.01892 0.566742 0)
(-0.119022 -0.0694518 -1.70365e-19)
(1.45815 -0.319348 -1.48118e-19)
(0.883175 -0.261801 -1.0648e-19)
(1.37768 0.276752 4.69505e-19)
(1.53328 0.127272 -1.47332e-19)
(0.916317 0.34269 -1.66257e-19)
(1.0473 0.640124 -2.04647e-19)
(1.99858 -0.460916 5.76786e-20)
(-0.258658 -0.308304 -1.25456e-19)
(1.02594 -0.00158914 3.09112e-19)
(1.61225 0.158425 9.24235e-21)
(1.23962 0.284564 -2.41152e-19)
(1.00786 0.0440848 8.5879e-21)
(-0.396742 -0.0588349 1.17454e-19)
(-1.21499 0.0706286 0)
(-0.564796 0.422257 0)
(0.634211 0.209017 0)
(1.88948 -0.291821 2.68638e-20)
(-0.381249 -0.506912 -2.15078e-19)
(0.472202 0.363631 0)
(-0.0265837 -0.0315339 1.10368e-19)
(1.64632 -0.388335 -6.34881e-20)
(-0.093807 -0.061401 -1.73692e-19)
(0.993313 0.663497 2.47387e-19)
(0.983471 0.284625 8.05477e-20)
(-0.570391 -0.170635 8.69085e-20)
(0.871061 0.775168 -2.25036e-19)
(1.24539 -0.296192 7.50931e-20)
(0.96271 -0.00924776 -2.87884e-19)
(1.08737 -0.0519017 -1.05016e-19)
(0.762898 0.25949 0)
(0.129184 -0.049883 0)
(1.20373 -0.174386 6.02641e-20)
(1.42519 -0.313575 -1.53878e-19)
(-0.844836 0.272411 -5.7204e-21)
(1.04134 0.2387 2.25383e-19)
(1.26194 1.00965 0)
(0.579489 0.122279 -8.85481e-20)
(0.217512 -0.419135 -5.42449e-20)
(0.767759 -0.327817 4.0269e-19)
(0.792385 -0.300656 -1.33526e-19)
(1.42988 0.224758 2.28029e-19)
(-0.525 -0.109932 9.29107e-20)
(-0.726021 -0.227845 -1.09066e-19)
(0.48287 0.469723 4.76494e-19)
(-0.471165 0.0485564 -2.80482e-19)
(1.54045 0.0617866 -5.86591e-20)
(0.988466 -0.251512 2.73631e-19)
(-0.0258691 0.0501845 -2.82802e-19)
(0.551159 0.369578 -3.47028e-19)
(0.866859 0.473148 0)
(-0.0407291 0.0586093 -9.23798e-20)
(-0.215178 0.22182 -1.90171e-19)
(-0.130045 0.308784 -1.62146e-19)
(-0.0161409 0.0278527 -9.59497e-20)
(1.07602 0.0352031 -8.80014e-20)
(-0.247484 0.425047 -1.00506e-19)
(0.884693 0.50876 1.21445e-19)
(1.38359 0.816717 4.64537e-20)
(0.702853 0.65002 0)
(0.970625 0.625525 0)
(-0.0962012 0.0161937 -1.31627e-19)
(-0.586397 -0.0111356 0)
(0.925807 0.517393 -1.21981e-19)
(-0.0173556 0.0151493 0)
(1.5849 0.225371 2.07311e-21)
(0.677814 -0.0380132 6.58044e-19)
(-0.0433935 -0.0585053 3.06712e-22)
(-0.0322258 0.0746506 0)
(0.537723 0.509003 0)
(-0.700077 0.33817 1.81884e-19)
(-0.221061 0.242231 7.76088e-20)
(1.90187 -0.334834 -9.97788e-21)
(-0.47981 -0.510888 2.13183e-19)
(0.562502 -0.0898942 -5.51239e-19)
(2.21131 -0.490084 3.5125e-20)
(1.75597 -0.22755 -2.42012e-20)
(-0.0622095 0.0940121 -8.18842e-20)
(0.37493 -0.364198 -3.69241e-19)
(-0.0877233 0.120602 1.39711e-19)
(-0.262318 0.245997 0)
(0.755599 0.690353 2.49914e-20)
(1.00034 -0.185344 -3.24824e-19)
(-0.101132 -0.0643426 1.05712e-22)
(0.579839 -0.173578 0)
(0.612576 0.57581 -2.91863e-20)
(0.477781 -0.464788 2.80064e-19)
(-0.237534 0.281114 6.47916e-22)
(0.381448 0.366571 -3.77425e-19)
(1.84872 0.617263 0)
(2.20066 -0.342932 3.70464e-19)
(-0.213469 0.258109 0)
(-0.284574 0.360924 -1.08058e-19)
(-0.113791 0.16647 6.2735e-20)
(0.399546 0.374108 2.95433e-19)
(0.785545 0.719478 -2.7289e-19)
(-0.171481 -0.276801 2.35702e-19)
(-0.0856175 0.131576 -1.4324e-19)
(-0.292776 -0.348651 -2.23758e-19)
(0.813396 0.298606 0)
(-0.215449 0.106558 -8.33748e-20)
(0.460691 -0.422707 3.00849e-19)
(-0.0686329 -0.0485858 -2.07603e-19)
(1.25659 0.234351 -1.85323e-19)
(-0.00374334 0.00963476 4.81059e-20)
(0.768759 0.709282 0)
(0.692487 0.647581 0)
(0.83851 0.755047 -2.30594e-19)
(0.873571 0.784839 7.50199e-20)
(1.43966 -0.836531 -9.48636e-20)
(-0.269979 0.179439 -1.93418e-21)
(0.894193 0.434493 0)
(-0.168955 0.200695 -4.68371e-20)
(1.45558 0.962078 -2.25611e-19)
(1.14681 -0.249228 1.57109e-19)
(1.53103 -0.481625 0)
(0.425056 -0.393943 4.0246e-21)
(1.96594 -0.356491 -1.42638e-19)
(-0.312912 0.30988 -1.3467e-19)
(-0.223019 0.397275 0)
(-0.0107225 0.022184 -2.1317e-19)
(0.848614 0.759001 1.03223e-19)
(0.771157 0.424601 1.11887e-19)
(-0.00518305 0.0139134 -2.65313e-19)
(0.553804 -0.538929 0)
(1.5984 -0.450427 0)
(-0.0298172 0.0458708 7.96938e-20)
(0.335829 -0.310917 -5.49042e-19)
(-0.313106 -0.38591 -1.44474e-19)
(-1.17583 0.0538445 -4.5938e-19)
(0.541253 -0.146853 3.07404e-19)
(-0.0168566 0.0349452 8.70819e-20)
(0.914649 0.806627 0)
(-0.2929 0.0502138 1.39133e-19)
(-0.00995311 -0.00497125 -8.77971e-20)
(-0.00268927 0.00783586 4.03809e-20)
(0.402933 -0.355582 1.79302e-19)
(0.00730737 -0.0631425 -1.62893e-19)
(0.673151 -0.197993 2.98331e-19)
(0.00232863 -3.66869e-05 -4.46744e-20)
(-0.534185 0.0543841 -1.88308e-19)
(0.752657 0.295763 0)
(1.95352 -0.201846 3.02619e-20)
(-0.356803 0.186423 1.26145e-19)
(0.960799 0.807135 2.93754e-19)
(-0.461047 -0.514267 3.08738e-19)
(0.967264 0.852182 -9.40383e-21)
(2.05862 -0.365079 -6.25028e-21)
(-0.0169023 0.0357886 1.31272e-19)
(1.18437 -0.302909 -3.97222e-21)
(-0.0352613 -0.529337 1.99611e-19)
(-0.0191221 0.0468715 1.29635e-19)
(-0.00508587 -0.00620165 1.55885e-19)
(-0.0303685 -0.00926537 -1.55054e-19)
(-0.114639 -0.0683907 2.22144e-19)
(1.16049 -0.298392 8.96671e-20)
(1.07138 0.92412 1.33281e-21)
(2.06569 -0.282207 1.91555e-20)
(-0.0425974 0.0713234 1.74743e-19)
(0.632526 -0.160824 0)
(1.25978 -0.459287 0)
(-0.249361 0.268723 0)
(1.06387 0.796429 1.83334e-19)
(1.71506 -0.805428 1.10129e-20)
(0.0098119 0.0823043 -9.89242e-20)
(-0.0548003 -0.0462385 1.46188e-19)
(-0.0284075 0.0500081 0)
(1.71352 -0.209005 -1.16104e-20)
(0.437478 0.411582 -5.35223e-19)
(-0.187435 0.319985 -1.18615e-19)
(-0.142462 -0.0843029 -2.02716e-19)
(-0.525377 0.439514 2.06348e-19)
(2.04062 -0.332023 0)
(1.32697 1.00257 -1.03288e-21)
(-0.130256 -0.07424 -9.95066e-20)
(0.482856 -0.13239 0)
(0.609117 -0.0830617 -3.171e-19)
(1.05044 0.860739 0)
(-0.648745 -0.00171562 1.75906e-19)
(-0.120457 -0.0677635 1.93979e-19)
(0.929153 0.809344 -1.23097e-19)
(-0.1216 -0.0704039 9.50925e-20)
(0.459769 -0.089433 -1.92485e-19)
(0.995972 0.858875 0)
(0.493864 -0.467643 -6.94095e-20)
(0.865461 0.737769 1.52229e-19)
(0.51148 -0.449119 -2.74416e-19)
(1.06126 0.911266 0)
(0.273588 0.0749747 -4.33233e-20)
(-0.696848 -0.0638372 1.63007e-19)
(1.13788 0.943119 1.12198e-20)
(-0.264035 0.333194 -1.8832e-19)
(1.32239 0.993965 3.18009e-20)
(1.7083 -0.664094 -1.1196e-20)
(-0.0129164 0.0233664 1.71181e-19)
(0.64929 -0.116698 -1.31526e-19)
(1.80245 -0.138166 0)
(1.15408 0.946793 6.27965e-20)
(2.0604 -0.175727 0)
(0.837186 -0.251905 3.03468e-19)
(-0.711233 0.0802394 -3.10321e-19)
)
;

boundaryField
{
    frontback
    {
        type            empty;
    }
    Top
    {
        type            noSlip;
    }
    outlet
    {
        type            zeroGradient;
    }
    bottom
    {
        type            noSlip;
    }
    Inlet
    {
        type            fixedValue;
        value           uniform (1 0 0);
    }
    rectangle
    {
        type            noSlip;
    }
}


// ************************************************************************* //
