/*--------------------------------*- C++ -*----------------------------------*\
| =========                 |                                                 |
| \\      /  F ield         | OpenFOAM: The Open Source CFD Toolbox           |
|  \\    /   O peration     | Version:  2306                                  |
|   \\  /    A nd           | Website:  www.openfoam.com                      |
|    \\/     M anipulation  |                                                 |
\*---------------------------------------------------------------------------*/
FoamFile
{
    version     2.0;
    format      ascii;
    arch        "LSB;label=32;scalar=64";
    class       volVectorField;
    location    "31.8";
    object      U;
}
// * * * * * * * * * * * * * * * * * * * * * * * * * * * * * * * * * * * * * //

dimensions      [0 1 -1 0 0 0 0];

internalField   nonuniform List<vector> 
2186
(
(1.32052 -0.0659759 1.90356e-19)
(1.65365 -0.963685 -1.1011e-19)
(1.49436 -0.939354 -1.00184e-22)
(0.763186 -0.604743 -1.29712e-19)
(-0.0834244 0.258062 -1.62756e-19)
(1.41324 -0.140348 0)
(0.748061 -0.691331 0)
(-0.224298 -0.270973 1.22059e-19)
(1.49462 -0.196203 2.03581e-19)
(0.571564 -0.33801 -2.51634e-21)
(0.660716 0.595327 0)
(0.859097 -0.283913 -1.5181e-19)
(-0.246107 -0.256258 -4.81364e-20)
(1.21132 0.0219779 -3.37028e-19)
(1.84344 -0.701656 -1.16315e-19)
(1.01206 -0.00436558 1.60426e-19)
(0.979429 0.0117941 0)
(-0.293725 0.430697 0)
(0.970016 0.23908 0)
(-0.122956 0.17935 -5.84951e-20)
(0.481664 0.0580476 -1.07121e-19)
(-0.160663 0.197929 8.09417e-20)
(1.19716 0.025746 2.78819e-19)
(-0.205247 -0.0701661 6.22939e-21)
(1.03482 0.00516433 -2.19315e-19)
(0.814433 -0.579487 0)
(0.764502 -0.0506014 1.32938e-19)
(0.634572 -0.614018 -1.46418e-19)
(1.19079 0.699831 0)
(0.966419 0.0232001 -2.99429e-19)
(-0.0619457 0.0835298 0)
(1.02716 -0.0137042 1.037e-20)
(-0.205839 0.0287716 0)
(2.02622 0.163195 1.84138e-19)
(-0.124377 -0.189658 1.53143e-21)
(1.51255 0.763796 7.57611e-20)
(1.83253 0.0810437 1.3366e-19)
(0.505139 0.106935 -3.19777e-19)
(1.86067 0.251179 -2.30572e-19)
(1.47567 -0.0107115 2.75542e-21)
(-0.275043 -0.255061 0)
(-0.106963 0.14596 0)
(1.92972 -0.901419 1.01539e-19)
(-0.383055 0.105023 0)
(1.09705 0.272587 1.45458e-19)
(0.613685 -0.319301 2.57876e-19)
(0.951557 -0.810879 0)
(1.2174 -0.810352 8.53152e-20)
(2.19007 0.0472137 0)
(-0.126518 0.454162 1.4524e-19)
(-0.0603551 0.112976 8.64177e-20)
(0.61321 0.565902 7.69042e-20)
(2.12154 -0.776074 1.27387e-19)
(0.584379 0.246264 -2.58086e-19)
(-0.314476 -0.155663 3.15545e-20)
(0.788866 -0.673304 0)
(1.71374 -0.995119 1.95383e-20)
(0.604094 -0.563569 0)
(2.22317 0.230444 6.75689e-20)
(1.15397 -0.176335 -3.08434e-19)
(2.15323 -0.0962173 1.87529e-19)
(1.32962 0.299652 -1.71407e-19)
(1.32705 0.527697 0)
(1.74974 -0.0453069 -3.01948e-21)
(1.34921 0.385659 -1.05636e-19)
(1.28196 -0.75401 -1.13763e-19)
(1.15076 0.65063 5.08015e-20)
(0.678087 0.0487315 -5.16456e-19)
(0.81745 0.0393285 0)
(2.31329 -0.171238 -7.59538e-20)
(-0.229274 -0.291411 -1.44273e-19)
(2.54145 0.0493341 -1.99993e-19)
(0.729395 -0.061026 -2.26419e-19)
(0.898351 -0.538538 0)
(0.820075 0.162082 -8.43161e-20)
(0.570535 -0.531694 -2.65794e-19)
(2.3979 0.0166564 0)
(1.00714 0.00821761 3.29376e-19)
(-0.119272 -0.226109 0)
(1.97392 0.34854 0)
(0.613516 0.320329 6.69449e-20)
(1.50053 -0.0771507 -2.23946e-20)
(1.02356 0.00453199 3.64031e-20)
(1.29777 0.407446 2.65106e-20)
(0.974006 0.0221553 3.81201e-19)
(1.04261 0.0256878 -9.05959e-21)
(0.661592 0.152083 -3.10143e-19)
(1.10749 -0.0327032 5.84183e-21)
(1.33917 -0.226424 0)
(-0.0723842 -0.0673474 1.11544e-19)
(0.886197 -0.644787 -1.41538e-19)
(-0.109788 0.0533711 -1.03531e-21)
(1.12736 -0.0819473 2.1888e-19)
(0.830387 -0.202674 0)
(0.97495 0.022621 3.65326e-20)
(1.34329 0.636071 0)
(1.66446 -0.976679 0)
(1.28895 0.219517 0)
(-0.120487 0.40386 0)
(0.817196 -0.689873 2.54012e-19)
(0.560458 0.33929 -2.2904e-19)
(0.59283 0.379187 1.36588e-19)
(1.55264 0.191669 0)
(1.15947 -0.106761 -2.0009e-19)
(1.12426 0.0228929 1.63011e-19)
(-0.178762 0.204553 1.05051e-19)
(0.619632 0.484595 0)
(2.26085 -0.172832 -1.405e-19)
(0.988273 -0.497744 7.10636e-20)
(-1.16217 0.288721 2.03406e-19)
(1.70938 0.312021 1.08061e-19)
(-0.0801498 0.327888 -2.30071e-19)
(0.843714 -0.76714 0)
(0.549887 0.322664 1.57052e-19)
(1.76539 -0.215425 -5.97279e-19)
(-0.195526 -0.0512135 -4.51156e-19)
(1.66832 0.422138 1.99662e-19)
(1.81701 0.0590356 0)
(-0.0963079 -0.0937222 -3.33464e-19)
(0.71549 -0.0968721 7.13673e-20)
(1.53322 0.86734 0)
(-0.0815775 0.493772 -1.90491e-19)
(0.866973 0.744314 -2.58719e-19)
(-0.465614 0.417261 2.79682e-19)
(1.02841 -0.0263477 0)
(1.60264 0.348171 -2.51578e-19)
(-0.0658375 0.283438 0)
(0.720144 -0.517927 -9.49991e-20)
(-0.346676 0.406785 -1.51562e-19)
(0.815696 -0.744987 0)
(0.454837 -0.309463 3.77021e-19)
(0.564752 -0.481042 2.50553e-19)
(0.428457 -0.388106 0)
(1.01338 -0.805888 -1.00394e-19)
(0.451955 0.244255 0)
(-0.0789388 0.506335 -1.13887e-19)
(0.837868 -0.722226 1.19817e-19)
(2.40776 -0.231183 3.22785e-19)
(2.15816 0.19402 0)
(-0.140215 -0.187948 0)
(0.667662 0.620044 -3.22923e-19)
(1.82774 -0.639328 2.21061e-20)
(-0.167707 -0.189829 0)
(1.01307 -0.831565 -1.11269e-20)
(1.16091 -0.101218 0)
(1.09256 -0.129338 3.47446e-19)
(2.08752 -0.145916 -1.39295e-19)
(-0.115137 0.334134 0)
(1.25116 -0.569535 -4.37892e-20)
(-0.298408 0.188138 -3.93667e-20)
(-0.0217785 0.0807121 0)
(1.12409 -0.838174 1.29676e-20)
(1.0071 0.00413131 -5.50233e-19)
(0.674205 -0.504298 -9.38479e-21)
(0.841355 -0.538599 0)
(1.23124 -0.751609 -7.25432e-20)
(0.645808 0.212601 2.41869e-19)
(1.20334 0.119644 0)
(1.47621 0.0817282 -2.44344e-19)
(1.2294 -0.880423 -1.38769e-19)
(-0.132925 -0.179751 -1.20751e-19)
(-0.376147 -0.139087 -1.9424e-19)
(1.06537 0.00299564 2.08327e-19)
(0.942074 -0.483971 -8.93613e-20)
(0.815194 0.0560015 -5.40799e-21)
(0.373443 0.336386 -4.28014e-20)
(0.766387 -0.124578 1.35406e-19)
(-0.113643 -0.0869796 -3.05846e-19)
(2.02412 -0.330508 0)
(2.56795 -0.447398 1.56564e-19)
(1.42315 0.638243 1.32208e-19)
(0.833846 -0.637244 -1.85296e-19)
(0.995589 0.00803791 1.12735e-20)
(0.74548 -0.554114 2.61135e-19)
(1.28082 0.787019 1.20473e-19)
(1.80728 0.0728543 1.21156e-20)
(-0.143349 0.333725 0)
(1.08041 0.050986 -2.16499e-19)
(-0.637017 -0.0263032 -2.32609e-19)
(1.05394 0.478103 7.50526e-20)
(0.137192 -0.137126 1.84809e-19)
(1.16445 0.0264176 -3.89768e-20)
(-0.211025 0.03676 -1.41752e-19)
(1.27338 0.572745 -7.35762e-20)
(1.11486 0.868927 0)
(-0.17862 0.356285 -8.91488e-20)
(-0.0495436 0.0117265 0)
(0.635368 0.544169 -2.59935e-19)
(2.06985 0.184502 -1.62588e-20)
(-0.257464 -0.197061 1.57836e-19)
(-0.350176 0.222114 -5.46095e-19)
(0.723013 0.0504249 2.26859e-19)
(1.92873 0.170612 -3.8959e-20)
(1.00208 -0.362463 -2.6429e-20)
(-0.0883501 -0.102431 0)
(-1.09695 0.441761 3.49262e-19)
(1.30014 0.952661 -1.96653e-20)
(0.836347 0.0552776 -1.24396e-19)
(0.539164 0.505596 1.81038e-19)
(0.433077 0.1938 0)
(-0.173402 -0.318289 -2.37465e-19)
(-0.937437 0.674449 3.04598e-19)
(1.33288 -0.983954 1.49557e-22)
(0.9932 -0.0424649 -1.70496e-19)
(-0.165907 -0.168377 6.19959e-21)
(0.025981 -0.0165967 1.36819e-19)
(-0.234186 -0.211874 -2.15426e-19)
(1.91048 0.0172732 0)
(1.12405 0.0422611 -2.91448e-19)
(2.45003 0.165817 2.05685e-19)
(1.30577 -0.637012 7.41009e-20)
(1.02104 -0.0870824 2.41253e-20)
(0.578761 0.301606 0)
(0.923389 0.733326 -1.53266e-20)
(0.665727 0.612062 1.72955e-19)
(0.922954 -0.58541 1.28145e-19)
(0.667313 0.480765 0)
(1.02423 -0.00159421 7.32261e-21)
(0.908982 -0.686864 1.82216e-19)
(0.823372 0.404767 -4.25406e-19)
(1.2279 -0.110897 0)
(-0.0725466 -0.0449228 -3.16567e-19)
(-0.126916 0.0648093 -8.88368e-20)
(1.56136 0.710193 0)
(1.3869 -0.963485 -1.28012e-22)
(-0.265941 0.451108 0)
(-0.0497457 0.191232 1.02129e-19)
(0.717464 0.63447 -9.17555e-20)
(0.862526 -0.235624 0)
(-0.202312 -0.171682 0)
(1.66341 -0.468751 0)
(-0.760716 0.460004 4.90426e-19)
(1.24687 -0.908607 9.11624e-20)
(1.20666 -0.623463 4.86233e-20)
(1.07168 -0.177802 -1.38375e-19)
(0.906139 -0.716865 -1.42968e-19)
(0.195667 -0.199958 0)
(-0.667905 0.396494 0)
(1.02812 -0.529736 1.47944e-19)
(-0.164605 -0.216075 0)
(-0.106269 0.467496 0)
(-0.195908 -0.0204541 3.88026e-19)
(0.773541 0.65258 7.96021e-20)
(0.991699 0.776791 0)
(0.6786 0.533625 -7.92479e-20)
(0.835164 -0.0614399 -2.03071e-19)
(0.727542 0.542937 -2.12002e-19)
(0.573976 0.532972 -1.55935e-19)
(-0.206202 -0.308874 4.0606e-22)
(0.744103 -0.667605 0)
(0.893223 0.159137 -2.96813e-19)
(-0.261944 -0.30352 6.45365e-20)
(0.585851 0.543086 3.51926e-19)
(0.93611 0.779416 0)
(-0.161229 0.207542 3.37683e-19)
(-0.118796 -0.235318 3.70897e-19)
(-0.0928107 -0.0897048 -1.93097e-19)
(0.645583 0.55028 -1.37723e-20)
(0.969197 -0.00873457 5.33775e-20)
(-0.283272 -0.211983 0)
(2.18133 0.0232247 -3.13351e-19)
(2.03109 -0.262741 -4.82723e-19)
(0.676828 -0.627276 -6.47806e-20)
(-0.206971 0.464184 9.336e-21)
(1.17429 0.449065 1.6963e-19)
(0.871093 0.396216 0)
(1.07051 -0.18204 1.66898e-19)
(0.00413579 -0.281124 -1.33149e-21)
(-0.120694 0.0314841 3.28983e-19)
(0.924645 0.0174195 -4.69697e-20)
(1.10441 0.142004 0)
(1.85489 0.00391177 -3.20696e-19)
(1.86129 0.087074 0)
(0.535676 0.224898 -4.23858e-19)
(0.0299284 -0.0152347 0)
(-0.22013 -0.287408 2.83498e-19)
(0.709691 0.104138 0)
(0.644056 -0.538293 -1.61211e-19)
(1.14583 0.016701 1.86641e-19)
(-0.135134 0.403255 3.56266e-20)
(2.15777 -0.0438571 9.53005e-21)
(2.15892 -0.229614 -1.52588e-19)
(1.09969 0.220574 -2.02397e-19)
(-0.272155 -0.284235 -1.22675e-19)
(1.10588 -0.876073 0)
(0.81669 0.0177838 -1.35884e-19)
(0.948272 -0.395599 -2.54039e-19)
(1.75504 -0.586905 -9.88336e-21)
(1.7691 -0.0103744 2.97125e-19)
(1.07227 -0.00893585 3.4838e-19)
(0.0159658 -0.290561 -1.77277e-19)
(1.01814 -0.456121 -1.07876e-19)
(0.206014 -0.198475 2.28119e-19)
(1.00785 -0.00863361 0)
(1.00473 -0.0074447 0)
(1.24688 -0.118246 2.1445e-19)
(-0.0589507 0.417315 -7.99396e-20)
(0.188434 -0.118178 -1.60883e-19)
(2.05589 0.039622 -9.24904e-21)
(1.17837 0.144726 0)
(1.77685 0.166602 -1.29306e-19)
(0.974057 -0.84788 -5.55639e-20)
(1.83705 -0.573683 -9.62099e-20)
(1.08245 0.819176 0)
(0.492379 -0.474709 0)
(0.586635 0.497634 -1.64782e-19)
(1.08297 0.270844 -3.74374e-19)
(2.26213 -0.233101 4.87197e-22)
(0.85697 0.143441 1.27263e-19)
(-0.0747825 -0.293586 -5.02577e-19)
(1.65219 -0.348773 -5.17528e-20)
(-0.376847 -0.150595 0)
(-0.140942 -0.196277 0)
(-0.289796 -0.111456 0)
(1.3736 -0.742825 -5.19944e-20)
(-0.0286488 0.0820112 -1.93896e-19)
(0.00676011 -0.0308258 0)
(1.26162 0.9544 -3.21956e-20)
(1.09925 0.142554 -3.8754e-19)
(2.00699 -0.0185735 -3.75573e-20)
(1.05497 0.900725 7.87207e-20)
(-0.0925627 0.269263 1.17295e-19)
(1.25697 -0.16544 0)
(-0.276644 -0.0590283 -3.25173e-19)
(-0.0589694 0.235576 2.24898e-19)
(0.776162 0.012305 1.66773e-19)
(1.50358 0.929149 -4.51161e-21)
(1.39189 -0.0664093 -1.4185e-19)
(-0.12913 0.0356175 -1.46811e-21)
(0.771542 -0.704014 -3.0605e-20)
(1.10579 -0.0216523 0)
(1.69738 -0.0533078 0)
(1.06318 0.0528837 0)
(-1.29613 0.316614 -2.19864e-19)
(-0.320226 -0.10798 1.15732e-19)
(1.02389 0.825274 0)
(1.00184 -0.0101891 4.58143e-19)
(0.748873 0.58539 -2.12702e-19)
(-1.13817 0.33238 -1.86618e-19)
(0.861391 0.00242124 -3.72814e-20)
(0.73879 -0.674884 -1.85217e-19)
(1.36117 0.696428 -3.04545e-20)
(0.585791 -0.477061 -2.6131e-19)
(1.12426 -3.6413e-05 -4.15598e-19)
(0.817103 0.0371673 3.96085e-20)
(1.552 -0.174637 4.18376e-20)
(1.87289 -0.1141 -1.36974e-19)
(-0.101433 -0.117317 -3.77178e-22)
(1.06105 0.454556 -2.49256e-19)
(1.29265 0.600835 6.7771e-20)
(-0.15148 -0.165836 0)
(-0.155847 -0.199726 1.84989e-19)
(-0.0884182 -0.027868 1.33705e-19)
(-0.163146 -0.158966 -1.546e-19)
(0.458619 0.28537 0)
(1.54576 -0.31159 0)
(-0.0242115 0.0192052 -1.19539e-19)
(-0.229503 -0.329852 -6.67017e-20)
(1.04461 -0.0318963 1.64651e-19)
(-0.114876 0.268419 -4.25002e-20)
(1.41406 0.116894 -4.10111e-19)
(-0.139318 0.374964 0)
(0.860099 -0.762777 -2.46492e-19)
(1.59256 -0.138698 2.22113e-19)
(-0.508496 -0.119767 1.56396e-19)
(0.712374 0.137079 3.02181e-19)
(0.617549 0.108772 9.78645e-20)
(0.522064 -0.494983 1.78401e-19)
(-0.184287 -0.216153 -1.48639e-19)
(1.48653 -0.266172 0)
(0.37543 0.316881 -1.80446e-19)
(1.02792 -0.0174349 -2.61822e-19)
(-0.370763 0.225491 2.15895e-19)
(1.39462 0.472502 -1.13107e-19)
(-0.176838 -0.245361 -5.8147e-20)
(0.712558 -0.650417 -1.89488e-20)
(0.806366 0.16877 -1.89958e-19)
(0.960977 0.410542 2.12563e-20)
(1.1671 -0.147969 2.9853e-20)
(0.62122 -0.256476 -2.70527e-19)
(2.05523 -0.354064 -2.04772e-19)
(2.01021 -0.0336342 0)
(1.89246 -0.095804 -4.08353e-20)
(1.56698 0.0609808 -1.13029e-20)
(0.829641 -0.160226 1.41644e-19)
(0.917329 0.354839 -1.69331e-19)
(1.80124 -0.13092 3.55924e-20)
(0.401752 0.367686 -2.34202e-19)
(-0.0520193 0.477001 1.58505e-19)
(2.14848 -0.096377 0)
(0.9357 0.00590907 0)
(0.90134 -0.797758 4.55326e-20)
(-0.109107 -0.270474 -4.06428e-19)
(-0.492841 0.425308 -1.88016e-19)
(-0.121062 -0.146953 -2.54076e-19)
(-0.173437 0.483974 -1.23142e-19)
(-0.416866 -0.137634 0)
(-0.134936 -0.177078 4.60883e-20)
(-0.19568 0.224352 -8.09104e-20)
(0.0236292 -0.0109189 -3.1184e-19)
(0.813551 -0.130039 0)
(1.84797 -0.367193 2.12013e-19)
(-0.105987 -0.0834893 0)
(0.995584 0.0237123 3.30856e-19)
(-0.244875 -0.204182 1.8995e-20)
(0.561538 -0.449191 3.50199e-19)
(-0.594012 -0.0916586 3.85492e-19)
(-0.934089 0.233678 0)
(0.0151722 0.32448 8.00113e-20)
(1.00531 0.0210907 -9.93768e-21)
(-0.0499451 -0.1461 0)
(1.00497 -0.00955323 -5.17192e-20)
(0.886629 -0.749772 -2.39977e-19)
(1.4135 -0.00914409 0)
(0.950678 -0.287417 1.81585e-19)
(0.0289691 0.495643 1.5901e-19)
(-0.0644743 -0.068081 0)
(-0.222901 -0.272148 -6.6834e-21)
(0.749965 -0.656193 -3.67786e-19)
(0.965857 -0.0258186 -2.34583e-19)
(-0.0960499 -0.287662 4.91879e-19)
(-0.192374 -0.285584 1.77026e-19)
(-0.387513 -0.144024 0)
(0.942392 0.459699 0)
(-0.391554 -0.180921 2.03962e-19)
(1.90474 0.11739 -2.00037e-19)
(1.05134 0.876321 1.7552e-20)
(1.06234 0.204369 -1.1347e-19)
(1.1421 0.00646664 -1.91578e-19)
(1.06239 -0.0739891 -6.56067e-20)
(-0.0937146 -0.320434 -4.45848e-19)
(1.9015 0.117976 3.99835e-19)
(0.672198 0.0328718 1.90867e-19)
(1.74618 -0.00582293 1.47659e-19)
(1.06162 -0.159223 0)
(-0.749203 0.293183 3.67351e-19)
(1.1445 0.0249385 -4.48395e-19)
(1.72148 0.610136 1.05812e-20)
(0.762997 -0.476947 -1.4234e-19)
(-0.0961174 -0.0929932 2.49289e-19)
(0.82309 -0.722737 3.17186e-19)
(1.22445 0.192698 6.90058e-20)
(1.00662 -0.00841323 2.29163e-19)
(0.00920297 -0.331047 -1.90853e-19)
(1.02016 0.0128132 0)
(1.65563 0.0460813 -2.22376e-19)
(-0.082955 -0.0842878 0)
(1.01389 0.0120051 -1.34413e-19)
(-0.670932 0.185574 -5.43927e-19)
(1.72127 0.305043 3.45899e-20)
(-0.148668 0.00247823 1.69777e-19)
(1.59306 0.0153402 -8.80765e-22)
(1.01348 -0.019566 4.75145e-20)
(1.30505 -0.0857525 0)
(1.47727 -0.622248 -8.66806e-20)
(1.01953 0.0293715 -1.41125e-19)
(1.41552 0.775537 -5.50073e-20)
(1.31564 -0.0278113 0)
(1.37777 0.54676 6.91288e-21)
(-0.0337718 0.0236442 0)
(1.38696 0.0492861 0)
(-0.316921 -0.175493 0)
(1.22596 0.437998 0)
(1.82926 0.274316 3.97575e-20)
(0.722519 0.597918 3.72832e-19)
(0.304791 -0.306805 -2.11149e-19)
(-0.214673 -0.328392 -4.15815e-19)
(-0.0929759 -0.109694 0)
(2.5753 -0.269764 1.87346e-19)
(1.31125 0.51539 0)
(1.44218 0.290058 0)
(-0.289465 -0.0237329 1.42515e-19)
(0.788762 0.69654 1.20397e-19)
(1.71445 -0.016865 0)
(-0.232589 -0.238382 9.24123e-20)
(0.899209 0.205274 1.74237e-19)
(2.22734 -0.229016 -1.35365e-19)
(1.2168 0.909132 4.27199e-20)
(0.951532 -0.856165 -2.07067e-20)
(1.83628 -0.0876497 -9.54745e-20)
(0.774796 0.699875 1.23725e-19)
(1.15406 0.90684 0)
(2.42345 -0.0278228 2.22011e-19)
(0.894404 0.830161 0)
(1.59007 -0.513561 1.30497e-19)
(1.02007 0.0978968 1.79707e-19)
(1.0053 -0.00627225 0)
(-0.156733 0.820652 3.49836e-19)
(0.901421 -0.187946 4.24501e-20)
(0.650271 -0.431882 0)
(0.688743 -0.404922 1.89226e-19)
(1.21898 0.546372 -3.15151e-20)
(0.459559 0.432793 2.5806e-19)
(0.0199698 0.0111864 3.72459e-20)
(-0.0037407 -0.0973368 8.5795e-20)
(0.764905 0.0605684 0)
(1.35705 -0.923936 -3.09285e-20)
(1.03089 -0.0454054 3.6587e-19)
(1.49084 0.341942 1.3418e-19)
(-0.236855 -0.204108 7.9103e-20)
(-0.665612 -0.00539971 0)
(1.25099 -0.246276 -9.42993e-20)
(-0.0668516 -0.0712048 -2.12444e-19)
(-0.225768 0.473025 -4.21099e-20)
(-0.131172 0.0565207 -7.8373e-22)
(-0.19807 0.0964523 2.71347e-19)
(0.245208 -0.107839 -1.71711e-20)
(2.39092 0.00198153 4.19638e-19)
(1.17341 0.451831 -2.7354e-19)
(0.849535 -0.0551749 0)
(1.87362 -0.11139 1.91959e-19)
(1.88298 0.0733572 1.32089e-19)
(0.938248 -0.788773 1.15384e-19)
(1.19064 -1.00324 -1.22182e-20)
(0.464011 0.430304 1.73325e-19)
(1.61906 0.623962 0)
(1.73119 0.570552 2.47361e-20)
(-0.0794882 -0.0927873 -4.32281e-19)
(0.864862 0.754073 0)
(1.71406 0.0813834 0)
(0.306307 -0.305968 -4.00401e-21)
(0.308044 0.277629 0)
(-0.896725 0.21587 -3.35504e-19)
(-0.00615575 0.0815327 -1.06545e-19)
(1.77813 -0.436804 0)
(1.23272 0.0873859 1.79464e-19)
(-0.485064 0.502804 1.56696e-19)
(0.554444 -0.52705 -4.0282e-19)
(1.85114 -0.0330144 -5.42762e-20)
(0.633822 -0.575905 0)
(1.01949 0.122639 0)
(1.3865 -0.266875 0)
(1.10846 0.219494 -2.15991e-19)
(1.34044 0.104707 3.05831e-19)
(-1.01306 0.40301 0)
(0.890496 -0.0597274 0)
(2.16961 -0.0789636 -1.19465e-20)
(-0.0499421 -0.0091873 9.18891e-20)
(2.37778 0.0899015 -2.68096e-19)
(1.10722 -0.529566 2.23935e-19)
(1.97349 0.0712741 -3.11892e-19)
(-0.506102 0.367856 -1.16043e-19)
(1.92278 0.0907711 -1.63639e-19)
(1.01941 -0.0269679 3.72526e-19)
(1.49394 0.593583 0)
(-0.0600164 0.23776 2.88869e-20)
(1.03274 -0.852936 1.35626e-19)
(0.860136 -0.0315155 4.35776e-20)
(0.655511 -0.454509 0)
(1.95135 -0.544214 1.05571e-20)
(1.22887 -0.199791 1.2149e-19)
(1.8841 -0.434242 0)
(0.629332 -0.584952 3.64959e-19)
(1.55338 0.025639 -6.02474e-20)
(2.25605 0.0979535 4.20554e-19)
(-0.0273714 -0.00673065 -1.92346e-19)
(1.31075 0.607865 1.41149e-19)
(1.1323 0.39742 3.43183e-21)
(0.892182 0.357852 2.08575e-19)
(1.92309 0.359695 -2.24976e-19)
(-0.0948302 -0.33805 -2.79411e-21)
(0.840475 -0.160414 0)
(-0.137925 -0.113229 4.0871e-19)
(1.12566 -0.978936 0)
(1.09136 -0.671933 1.77154e-20)
(0.961966 0.0219413 -6.39183e-19)
(1.04612 1.09665 3.25403e-20)
(-0.463696 -0.0319108 -3.68377e-19)
(0.971817 0.470816 1.6355e-19)
(-0.393902 0.832574 2.42998e-19)
(0.689783 -0.0406409 0)
(2.09049 0.0068466 0)
(1.25498 -0.0147279 8.69456e-21)
(0.786119 -0.00885933 0)
(1.3761 -0.20912 -1.25012e-19)
(-0.736347 0.33157 4.00722e-19)
(1.9022 0.498009 7.6958e-21)
(1.04003 -0.0347335 0)
(0.571728 -0.374382 9.27749e-20)
(1.00949 0.0264017 1.77607e-19)
(-0.115754 0.576133 -1.03799e-19)
(-0.190978 0.513259 0)
(1.13298 -0.490211 4.03676e-19)
(2.0582 -0.107088 -7.0894e-22)
(1.12351 -0.513306 -1.7596e-19)
(2.27506 0.267596 1.28816e-19)
(1.26697 0.776888 0)
(0.867671 0.0204885 0)
(-0.258387 -0.153228 -1.95203e-19)
(-0.0250453 0.0126724 1.34514e-19)
(0.936802 0.354138 -1.92906e-19)
(0.136138 -0.317652 -1.7217e-19)
(0.632872 0.387394 2.25126e-19)
(1.34361 0.578557 0)
(0.558702 -0.519579 0)
(-0.156607 -0.463606 -8.54407e-21)
(1.2574 -0.521534 -7.89001e-20)
(0.768426 -0.0684312 1.6897e-20)
(0.739252 -0.175933 1.06771e-19)
(-0.0727482 0.00107178 -2.41034e-19)
(0.954745 0.194419 1.88177e-19)
(0.64368 0.599667 0)
(1.25012 0.684192 0)
(1.60004 0.258635 0)
(-0.43931 -0.0975758 -1.71489e-19)
(1.23061 0.547384 1.84615e-19)
(1.9969 0.0715706 5.29532e-20)
(0.920685 -0.0114006 0)
(2.59454 -0.489017 0)
(2.12567 -0.0550629 -3.00232e-19)
(-0.113713 0.316939 1.25655e-19)
(1.00524 0.00263519 -1.77908e-19)
(1.47954 0.473657 0)
(-0.0928818 0.493082 0)
(1.22585 0.311489 2.69575e-19)
(1.00697 0.514916 -1.21665e-19)
(1.0676 0.0229993 0)
(1.84009 0.229956 0)
(1.95624 0.661085 -2.71535e-19)
(-0.107566 0.0924721 -2.37601e-22)
(0.99688 0.0119647 0)
(0.692755 0.453766 -3.10405e-20)
(0.96434 -0.850139 0)
(1.00123 0.0148522 4.12129e-20)
(0.333271 -0.81052 -2.59652e-19)
(0.920933 -0.337787 2.66677e-19)
(-0.263543 -0.442463 1.78273e-19)
(2.12573 -0.0794304 4.01175e-19)
(1.58926 -0.00393238 1.06488e-19)
(0.794652 -0.0235388 0)
(1.01877 0.00837218 0)
(-0.506794 -0.17071 0)
(0.648285 0.620401 -1.76933e-19)
(-0.0459232 -0.00774873 1.62793e-19)
(1.15551 0.341913 -4.31826e-19)
(-0.196557 0.380133 0)
(0.811305 0.626012 1.56907e-19)
(1.02621 -0.348293 0)
(1.00551 -0.00213956 1.04195e-19)
(-0.366412 0.194021 5.43893e-20)
(1.01964 0.393286 2.39837e-19)
(1.29997 0.250751 0)
(2.16967 0.147039 -6.46792e-20)
(0.831355 -0.128428 -3.26691e-19)
(-0.81543 0.295301 -4.4751e-19)
(0.759653 0.308139 0)
(0.869793 0.227149 1.61745e-19)
(2.08989 -0.0761759 0)
(0.759814 0.50392 3.37813e-19)
(-0.891596 0.348067 1.75014e-19)
(-0.0203285 -0.0250373 0)
(0.574635 0.545905 -6.60162e-20)
(1.0524 -0.660213 -1.2458e-19)
(0.496501 -0.276356 -1.10765e-19)
(1.02135 -0.0184966 0)
(-0.195271 0.524828 -1.43201e-19)
(0.659676 -0.589449 7.1233e-20)
(0.895559 0.274908 0)
(1.88015 -0.196874 2.42473e-19)
(0.962472 0.819394 2.2865e-20)
(0.145188 -0.829457 2.12446e-19)
(0.226465 -0.0423882 -3.13246e-19)
(0.242193 -0.0865931 -5.06088e-19)
(-0.155446 -0.220061 1.09853e-20)
(0.803099 0.34108 2.2923e-19)
(-0.02173 0.113009 -4.75338e-21)
(1.44451 -0.665013 3.57346e-21)
(1.02477 0.00565365 -3.0775e-19)
(-0.4592 -0.0909411 0)
(1.02928 0.029528 -3.67664e-19)
(2.07222 0.291691 1.8705e-19)
(0.869244 0.673188 2.63773e-19)
(1.14172 -0.0727723 1.40328e-19)
(1.00751 -0.0337388 1.42418e-19)
(0.999052 0.996548 -3.12831e-20)
(-0.185163 -0.165121 3.06213e-23)
(1.77482 -0.891811 1.60511e-20)
(1.14564 -0.134792 -6.09744e-20)
(0.818919 0.0534458 6.95057e-20)
(0.923869 -0.306908 7.91957e-20)
(1.43077 -0.0309786 0)
(0.942718 0.717805 0)
(0.119182 0.212818 -6.48885e-20)
(1.97735 0.184344 -1.8414e-20)
(-0.760822 0.114185 1.52663e-19)
(1.05323 -0.556899 -4.32311e-19)
(0.637913 -0.554854 3.44423e-19)
(1.12298 0.185166 -9.33787e-20)
(0.160995 -0.274422 1.9899e-20)
(1.34251 -0.401061 0)
(0.749541 0.0944891 -6.17581e-21)
(1.61181 -0.510509 -2.42609e-19)
(1.01969 0.745334 0)
(0.889936 -0.657532 0)
(0.511969 0.44333 0)
(-0.189909 -0.246466 -6.93139e-20)
(-0.0996621 0.183056 0)
(1.23735 0.176676 1.52994e-19)
(1.21056 0.177061 5.91559e-21)
(-1.00134 0.349294 2.0327e-19)
(1.56802 -0.0817934 3.6894e-20)
(1.80221 0.450963 -5.77338e-20)
(2.14135 -0.30776 -4.31482e-20)
(-0.170472 0.0263434 -1.90757e-19)
(-0.258123 -0.230548 4.98418e-21)
(1.50003 0.0221832 0)
(0.673274 -0.0355017 0)
(1.00064 -0.000322337 2.24867e-22)
(-0.447916 -0.078862 0)
(1.43056 0.0552711 -1.36006e-19)
(0.675453 -0.031881 0)
(1.05944 0.00431588 1.12605e-19)
(0.988801 0.0145013 -4.03791e-20)
(1.10763 0.236543 1.16511e-19)
(1.05869 -0.0198574 -8.3928e-22)
(0.960894 -0.202781 -4.79575e-20)
(1.0275 -0.0356443 3.29275e-19)
(0.693532 -0.631588 1.59908e-19)
(-0.986202 0.28268 -2.59619e-19)
(1.80451 -0.0591609 5.66151e-20)
(-0.0285883 0.00913843 0)
(1.10458 0.778681 0)
(1.0318 -0.0101928 0)
(1.02844 -0.795739 -8.40631e-20)
(1.07015 -0.9163 1.31589e-20)
(2.07388 0.325726 -4.59478e-20)
(-0.659418 -0.0693669 -7.24631e-19)
(0.143382 0.00990388 -2.51695e-20)
(0.605476 -0.407222 -5.65664e-19)
(1.90672 -0.136464 -8.09037e-20)
(-0.386749 -0.45301 2.23209e-19)
(2.11556 -0.305848 1.40161e-19)
(1.56044 0.0712767 -5.08619e-20)
(-0.241188 -0.256245 -1.41443e-19)
(1.09568 0.540052 1.8525e-19)
(-0.163787 -0.268927 0)
(-0.0476771 -0.231886 4.05398e-19)
(-0.139582 -0.172825 -2.16327e-22)
(1.02589 -0.0460422 2.99583e-19)
(1.02566 -0.00187283 -7.63942e-21)
(1.10519 -0.0113325 -8.27559e-20)
(1.19012 0.978178 -6.65359e-20)
(1.60651 0.315802 5.731e-20)
(0.417106 -0.391943 -2.79263e-19)
(1.71625 0.398874 7.19361e-20)
(1.03768 -0.00126811 -2.17209e-19)
(2.21018 0.144467 -5.83142e-20)
(1.30726 0.924875 0)
(1.09137 0.578787 -3.47489e-19)
(1.00254 -0.00517154 8.50133e-20)
(0.657756 0.586583 2.41396e-19)
(1.21548 -0.371068 2.34002e-21)
(1.06189 -0.0124879 -2.7392e-20)
(1.12188 0.0134436 7.75268e-22)
(2.30836 0.128489 1.4548e-20)
(1.55269 0.0564072 0)
(1.04254 -0.0412249 0)
(1.04882 -0.0353075 5.2444e-19)
(1.00254 -0.00327717 0)
(-0.114798 -0.140603 0)
(0.988496 -0.601572 0)
(1.00105 -0.00128434 -4.94334e-19)
(1.18481 -0.701605 6.40915e-20)
(1.02444 -0.0049316 1.03272e-20)
(1.31821 0.938508 -2.56309e-20)
(1.49913 0.985964 4.2304e-21)
(-0.111624 -0.466674 4.25095e-20)
(1.47883 0.325832 1.76817e-19)
(1.38794 -0.0234443 0)
(-0.163524 0.222342 0)
(2.19727 0.11783 4.55309e-19)
(1.32722 -0.614196 0)
(0.999901 -0.00529219 -1.5346e-19)
(1.01067 -0.00119028 2.98046e-19)
(1.4408 0.139449 -6.47101e-20)
(0.00329655 -0.116009 3.16132e-19)
(0.975456 0.000630423 1.62334e-19)
(1.20242 0.155525 1.62275e-20)
(0.848273 -0.0208976 -4.16347e-20)
(1.17125 0.998869 -5.2757e-22)
(0.93221 0.0171962 -1.61809e-19)
(1.00372 0.00351938 1.91948e-19)
(1.00026 -0.00072544 1.13479e-20)
(0.788899 -0.0134442 0)
(0.726047 -0.0272311 0)
(0.721362 -0.0276265 6.11523e-22)
(0.696964 -0.029892 0)
(1.50479 -0.177986 0)
(0.934083 -0.128347 0)
(0.657563 -0.00959723 4.63913e-20)
(0.808595 0.0407559 -2.73583e-20)
(1.39576 0.0955289 0)
(1.15068 0.828278 3.53261e-20)
(1.03621 0.940269 0)
(0.77402 0.107171 0)
(1.08667 0.188175 0)
(1.43193 0.166394 1.36038e-20)
(1.5245 -0.00466215 1.08372e-19)
(0.778749 0.0230046 0)
(0.786657 0.0200739 0)
(0.969587 0.0198841 -1.99676e-19)
(0.814336 0.00795004 3.74111e-19)
(1.00809 -0.0013012 0)
(1.00022 -0.000589812 3.5485e-19)
(1.00019 -0.00074642 -3.83125e-22)
(0.786246 0.022185 3.16787e-19)
(0.995463 -0.00592745 -1.86329e-19)
(0.841326 0.189174 0)
(0.698319 -0.0542391 4.16651e-20)
(1.00067 -0.00165343 -1.79626e-19)
(0.999485 0.000582171 -3.0779e-19)
(0.873006 0.641457 0)
(0.999072 0.00149512 0)
(0.99969 0.000104555 0)
(1.6516 -0.321164 2.14747e-20)
(0.149093 0.200014 -4.77808e-20)
(1.84466 0.141195 0)
(-0.0845874 0.202728 1.97012e-19)
(-1.05084 0.297031 -3.40475e-19)
(1.01893 -0.0174936 -2.39157e-19)
(-0.311899 -0.253813 -1.21875e-19)
(1.01945 0.000371564 -1.91945e-19)
(1.18819 -0.223457 -7.63377e-20)
(0.818932 -0.492065 2.65014e-19)
(-0.110261 -0.132442 -1.03575e-19)
(1.03214 0.0100667 0)
(1.05087 -0.0134526 -5.2813e-20)
(0.857719 0.0199104 0)
(-0.0974994 0.0362607 2.37646e-19)
(1.25329 -0.479827 0)
(-0.3581 -0.0812231 -2.99626e-19)
(1.46065 0.116957 -2.88433e-20)
(1.63007 0.674574 -1.03667e-20)
(-0.0703985 0.0192064 0)
(1.05218 -0.0386247 1.62151e-19)
(-0.43591 -0.068624 -5.87316e-21)
(0.927197 -0.0193126 2.54984e-19)
(1.01142 -0.00979944 -1.63134e-19)
(1.64719 0.847915 3.33285e-20)
(0.506575 0.474257 0)
(0.429268 0.378581 1.88716e-19)
(2.43945 -0.416022 -1.13381e-20)
(1.13807 0.121953 1.79435e-19)
(1.11354 -0.731765 0)
(1.02193 0.00138942 0)
(0.999548 -0.0189982 -3.76056e-19)
(1.01942 0.0142662 -3.64636e-19)
(-0.168137 -0.26171 0)
(1.19981 0.806298 -1.22988e-19)
(1.06891 -0.179379 -2.4914e-21)
(1.01598 0.00284571 1.40779e-19)
(1.01229 0.0123414 -1.76212e-19)
(-0.33632 -0.0166444 -2.93117e-20)
(-0.446101 -0.0338926 1.50001e-19)
(1.01755 -0.0159289 6.01291e-19)
(1.35701 -0.151587 0)
(1.8297 0.6374 -3.92327e-20)
(1.01524 -0.0128728 -1.87073e-19)
(1.96715 0.106641 -1.35173e-19)
(1.05941 0.00665459 -4.3385e-22)
(1.00912 -0.0107001 3.74945e-20)
(2.09742 -0.18039 -3.35094e-19)
(1.01655 0.00581039 1.80995e-19)
(0.219489 -0.138718 2.03479e-20)
(1.01865 0.000961259 0)
(0.927251 0.139347 4.55122e-20)
(-0.852261 0.428683 4.67626e-21)
(1.00113 0.0215021 1.79714e-19)
(1.04158 0.0204228 -6.38878e-22)
(0.839894 -0.371173 -3.48999e-21)
(1.24451 0.311513 3.86836e-19)
(0.997702 0.0146111 1.23307e-19)
(1.0164 -0.0153041 4.35501e-22)
(1.72147 0.250546 -2.2882e-20)
(1.73795 0.923204 -9.60008e-20)
(0.798813 -0.717113 4.74854e-20)
(0.468537 -0.350502 -2.75423e-19)
(1.00692 -0.0111947 0)
(1.02116 0.00202416 4.49842e-20)
(1.01086 -0.0100897 9.51068e-20)
(0.33079 0.258632 1.67957e-20)
(1.01491 0.00410444 -1.88429e-19)
(1.03151 -0.0267999 2.145e-19)
(1.00762 -0.00929269 -1.77887e-19)
(1.01385 0.00406123 -4.7504e-22)
(1.01294 0.000975997 -3.23356e-22)
(1.02629 0.0126721 1.8024e-19)
(0.898144 0.0735271 4.65111e-19)
(1.25047 -0.040401 0)
(0.295538 0.310611 2.06981e-19)
(1.01191 -0.00493364 0)
(1.02052 -0.0208282 -5.24254e-20)
(1.51161 0.436195 -7.97008e-20)
(1.64256 0.0569266 0)
(2.35705 -0.119217 -1.95696e-19)
(0.757923 0.12351 -2.34191e-20)
(0.751202 -0.0172473 0)
(2.03186 0.0220391 0)
(-0.769 0.325371 -1.17501e-19)
(1.01672 0.879112 7.12098e-21)
(1.01753 -0.00598372 -1.90135e-19)
(1.14233 -0.580064 -4.94221e-20)
(-0.292293 -0.342963 5.60855e-21)
(0.218523 -0.281401 0)
(1.58019 -0.374024 0)
(1.7379 -0.0685476 0)
(-0.159133 0.0983793 6.71764e-20)
(0.534564 0.410964 -2.74223e-19)
(-0.634869 0.682385 0)
(0.02334 0.512555 -1.8593e-19)
(1.67193 0.951333 -4.89731e-20)
(1.00821 -0.00416692 -3.71367e-19)
(0.48525 0.646779 -3.49236e-20)
(1.02174 0.00508468 2.45608e-19)
(0.683917 -0.0424292 0)
(-0.155004 -0.241559 -3.21021e-20)
(0.599325 0.413061 -3.17378e-19)
(1.17617 0.00365802 4.27591e-20)
(0.0853488 0.425928 0)
(0.806071 0.0776167 6.43283e-20)
(0.504843 0.481897 4.827e-20)
(1.16485 0.868377 -3.32898e-20)
(-0.0797181 -0.0811436 1.57796e-19)
(1.01962 0.00930625 0)
(0.531166 0.0498809 -1.78537e-19)
(1.0119 -0.00377244 1.39543e-19)
(2.26852 0.176754 0)
(1.01231 0.00637643 2.33802e-19)
(0.0125813 -0.292121 -1.93966e-19)
(1.01863 0.00883106 -1.4477e-19)
(1.38808 0.409522 0)
(2.59487 -0.0953096 7.66734e-22)
(1.00903 0.00209931 -9.71607e-20)
(0.995407 -0.0353914 2.56655e-19)
(1.08379 0.0914342 -2.19599e-21)
(0.165152 -0.685291 1.47575e-19)
(-0.125596 -0.127254 4.15729e-19)
(1.96441 0.240601 1.36689e-19)
(-0.182425 -0.735697 -1.61658e-19)
(0.799476 0.0147823 -3.50439e-19)
(0.802802 0.026556 0)
(-0.0253306 -0.206468 -8.06816e-20)
(1.02042 -0.0178816 -2.81947e-20)
(0.972495 0.0193873 0)
(1.04937 0.000195092 -1.79492e-19)
(0.135682 -0.859843 1.601e-19)
(-0.930932 0.344981 2.04127e-19)
(2.20319 -0.587171 0)
(-0.820126 0.345299 -6.12384e-19)
(1.54258 -0.352078 0)
(1.03929 -0.0187197 5.25812e-20)
(1.1469 0.668614 -5.28743e-22)
(1.01449 -0.00378302 1.50694e-19)
(-0.759808 0.44951 3.3894e-19)
(1.01873 0.000784071 0)
(0.994051 0.00361478 -3.64884e-19)
(1.00872 0.00643631 1.91773e-19)
(1.55377 0.00598353 0)
(0.643894 0.270806 7.26696e-21)
(0.956253 -0.0012533 -1.64215e-19)
(-0.252521 -0.314701 4.38297e-19)
(1.00415 -0.0024234 -1.87134e-19)
(1.00023 0.0206469 -4.40363e-19)
(1.684 -0.615257 9.01813e-22)
(-0.171921 -0.184863 -1.08399e-19)
(0.791302 0.679295 -1.6378e-19)
(0.78937 0.338164 0)
(1.02229 -0.0111912 3.94504e-19)
(1.03739 -0.0156522 2.08251e-19)
(-0.185992 -0.805646 1.94172e-19)
(-0.291911 -0.83799 -2.39339e-19)
(1.07777 0.00548103 -1.03365e-19)
(1.14008 -0.919439 3.88423e-20)
(1.00726 -0.00236818 1.95538e-19)
(0.954016 -0.693668 1.70697e-19)
(-0.18965 0.317341 3.54547e-19)
(-0.168678 -0.200848 -8.78902e-20)
(0.779883 0.0141082 -5.89926e-20)
(0.721712 -0.181007 -6.15703e-19)
(1.0186 -0.0105261 0)
(1.35768 -0.826239 6.96665e-20)
(0.878604 0.211114 9.66115e-20)
(-0.346143 -0.918759 0)
(0.423284 0.216942 0)
(-1.16024 0.370646 0)
(1.02972 0.0104412 8.28249e-20)
(2.53015 0.146377 0)
(1.05225 -0.0266728 3.327e-21)
(-0.533103 0.263498 -1.54752e-19)
(-0.10095 -0.123887 2.58537e-19)
(-0.000182704 0.0497708 2.87295e-22)
(1.4203 0.368197 9.38873e-20)
(0.000898377 -0.314557 5.52519e-19)
(-0.11198 -0.185407 0)
(-0.134387 -0.374229 -2.80514e-20)
(1.01932 0.0148776 5.12959e-20)
(-0.142806 -0.148879 -1.61621e-19)
(0.861024 0.696983 -5.22301e-20)
(-0.10652 -0.12286 6.01419e-20)
(1.37325 -0.997734 -4.41145e-20)
(-0.231117 -1.60919 -1.89389e-19)
(0.517362 0.620844 -7.93751e-21)
(-0.43874 -0.0657023 -3.45866e-19)
(0.899305 0.0129422 0)
(-0.413458 -0.834657 -1.78231e-19)
(0.889795 -0.279736 -1.34019e-19)
(0.0444527 -0.880813 3.088e-19)
(1.96482 0.234228 0)
(1.04942 0.0237543 2.01278e-19)
(-0.882066 0.136687 0)
(0.64509 0.351207 4.12206e-20)
(0.452221 0.368686 0)
(0.866923 0.316407 -2.05068e-19)
(0.919177 -0.268676 -4.34625e-20)
(-0.154689 -0.204217 -1.85879e-20)
(0.943144 0.0268656 -4.07082e-19)
(1.0261 -0.00128009 0)
(1.12321 0.00886076 1.03306e-19)
(1.47242 -0.274392 0)
(1.95777 -0.41384 0)
(1.01448 -0.00132385 -3.59864e-20)
(0.985788 0.0323968 -1.75331e-19)
(1.3918 0.37398 -1.79547e-19)
(0.0318103 -0.0186235 0)
(1.02233 -0.0173449 2.18346e-22)
(0.957108 -0.773853 -1.07213e-19)
(0.633732 0.32823 0)
(1.07162 -0.0273076 -2.5816e-19)
(2.0511 -0.065012 1.77578e-19)
(-0.590795 0.338259 -3.91949e-19)
(-0.062501 0.127419 1.67797e-19)
(-0.475359 -0.060754 2.43266e-20)
(-0.275402 0.319498 -1.58804e-19)
(-0.120786 -0.139774 3.52918e-19)
(0.600866 -0.324703 9.05988e-20)
(0.0563388 -0.260595 3.06844e-19)
(0.975684 -0.728748 1.87688e-19)
(1.11128 -0.91418 0)
(1.01473 0.00237862 -4.21703e-19)
(0.751673 0.190729 -6.83712e-20)
(1.01725 -0.00473122 -1.59818e-19)
(-0.12396 -0.11251 -1.15348e-19)
(-0.157792 -0.328339 3.42314e-19)
(1.01725 0.0163849 -2.03572e-19)
(0.507607 0.218253 4.4637e-19)
(0.520141 -0.565782 2.09881e-20)
(1.03683 -0.0137245 -3.38253e-19)
(1.71423 -0.0252125 0)
(-0.139192 0.274065 -1.25279e-19)
(-0.755056 0.401316 -2.99787e-19)
(0.17165 -0.332506 0)
(1.10563 0.0798702 0)
(1.05314 0.0186196 2.37464e-19)
(1.31654 0.352532 -1.36613e-19)
(1.21833 -0.0240653 -1.9745e-20)
(1.13814 0.61668 1.58142e-19)
(0.0153176 0.140443 -2.06325e-19)
(1.05321 0.0112678 1.17533e-19)
(-0.301857 -0.15707 -2.4014e-20)
(1.20552 0.14909 -3.5496e-19)
(-0.380479 0.0752318 0)
(1.01673 -0.273871 -1.64958e-19)
(0.044027 0.239487 2.13689e-19)
(1.39946 -0.572101 -1.24704e-19)
(1.0193 -0.0218892 -2.38341e-19)
(0.448154 0.432637 -1.32282e-19)
(0.957677 0.221461 -2.18717e-19)
(-0.788839 0.161536 2.68993e-19)
(0.877466 0.0316447 -2.88992e-19)
(0.528774 0.00927628 -1.84738e-19)
(1.00922 -0.00695935 -1.98811e-19)
(0.791105 0.586219 -2.22561e-19)
(-0.561186 0.154912 -3.46823e-19)
(0.468434 -0.452003 -1.22542e-20)
(0.203142 -0.0748539 1.22183e-19)
(0.614572 -0.797483 4.71892e-19)
(1.87723 -0.549946 0)
(1.12425 -0.874153 0)
(0.745127 0.215418 -6.3411e-21)
(0.895161 0.0402078 0)
(0.748918 -0.419899 1.6874e-19)
(-0.118572 -0.137644 0)
(1.69289 0.393952 1.816e-19)
(1.02208 0.00538824 0)
(2.21257 0.174331 -5.69893e-20)
(1.10829 -0.402815 2.82815e-19)
(0.976633 -0.00830075 1.74994e-19)
(1.0558 0.0764067 -1.79664e-19)
(0.914002 0.230071 1.12579e-19)
(1.0151 0.019484 2.48933e-19)
(1.52572 -0.0601867 0)
(0.977473 0.0081286 2.02574e-19)
(1.10326 0.635436 4.84363e-22)
(-0.616219 -0.631351 2.29397e-19)
(1.3913 1.03113 5.26206e-21)
(1.01579 -0.0233587 2.71509e-19)
(1.96333 -0.284653 9.07962e-20)
(1.88281 0.622136 0)
(-0.0737838 0.274722 0)
(1.01131 -0.14021 -3.8081e-19)
(-1.1377 -0.131525 0)
(0.67883 0.408294 6.60979e-20)
(1.23953 -0.951127 0)
(0.491871 0.33057 0)
(0.612703 0.5565 -4.98135e-19)
(2.01531 0.24047 2.48948e-20)
(1.03412 -0.0313732 -1.1284e-19)
(-0.0641793 -0.00156852 9.03022e-20)
(1.0499 0.0492298 0)
(1.03367 -0.0428309 0)
(0.830904 -1.03764 -3.11099e-19)
(-1.04599 0.262017 0)
(0.738885 0.459092 3.34486e-20)
(1.04175 -0.0126811 4.92652e-22)
(0.598584 0.439251 1.29657e-19)
(1.1339 0.0245829 2.72066e-20)
(1.60082 -0.61508 -1.16567e-20)
(1.07812 0.0305346 1.58956e-19)
(1.05008 -0.0078199 -1.68788e-19)
(1.12963 0.207328 1.87797e-19)
(1.00763 0.021734 -4.02513e-19)
(0.0476818 -0.197305 0)
(-0.17678 0.426936 -3.67193e-20)
(-0.566691 0.341494 -4.28144e-19)
(0.908562 -0.158339 -2.20956e-19)
(2.14538 0.250893 0)
(0.213506 -0.32879 4.01027e-19)
(-0.0885915 0.00272378 9.72511e-20)
(1.68854 0.435945 -1.62965e-19)
(-1.06771 -0.370794 7.86031e-20)
(1.67617 0.574064 1.01459e-19)
(0.834168 0.696615 3.98149e-19)
(-0.64396 -0.102583 1.59321e-20)
(1.11457 -0.0328974 0)
(1.02239 -0.0983515 -1.12538e-19)
(0.0206341 0.0043727 9.60799e-20)
(1.81504 -0.204402 -1.30949e-19)
(2.31347 0.159146 0)
(2.42108 -0.0414722 0)
(1.51498 0.240813 1.06814e-19)
(0.015314 -0.0363302 0)
(1.01427 0.0168283 -1.57467e-19)
(0.471551 0.172768 0)
(1.00228 -0.0203737 1.15823e-19)
(0.681954 -0.345341 -1.96023e-19)
(0.961183 -0.032334 3.80906e-19)
(1.86424 0.310504 1.58813e-20)
(1.06 -0.0247641 -4.21387e-19)
(0.831432 0.0225656 5.07077e-20)
(2.35731 0.167385 -1.86834e-19)
(1.08157 -0.0409745 0)
(1.04793 -0.0100942 1.26479e-19)
(-0.226382 0.309358 -1.78218e-19)
(1.11166 0.00214479 -1.98693e-19)
(0.856764 0.620233 -4.37817e-19)
(1.71243 -0.176573 -9.16687e-21)
(2.35331 0.157843 0)
(0.314057 -0.115654 4.86478e-19)
(1.2159 0.112217 0)
(-0.514847 0.150629 9.61562e-20)
(-0.328972 -0.199699 2.36806e-19)
(1.12083 -0.930047 0)
(0.73752 0.0261761 1.01146e-19)
(-0.437354 0.294478 0)
(1.48863 0.11649 0)
(-0.058587 0.0231447 1.16473e-19)
(0.864188 0.0864205 -2.28835e-19)
(0.0336468 0.019861 6.47719e-19)
(0.915448 0.673392 -3.53901e-19)
(1.00187 0.0340384 -5.74081e-21)
(1.03132 -0.0435711 1.28466e-19)
(2.4401 0.0874598 0)
(1.06341 -0.107002 -4.81641e-20)
(0.718089 0.255298 4.78691e-19)
(1.02224 -0.0144336 2.64021e-19)
(1.08236 -0.0120678 1.01518e-19)
(1.87229 0.33058 0)
(1.00372 -0.0103339 0)
(0.969139 0.84341 -3.17398e-20)
(1.04449 -0.0249281 -1.56345e-19)
(1.20039 -0.474116 -8.31658e-20)
(-0.212998 0.44828 2.03706e-20)
(0.965933 0.977285 0)
(1.06399 1.09559 0)
(0.639719 -0.417773 -1.03544e-20)
(0.683841 0.256836 -2.31423e-19)
(1.58475 0.422898 -9.70648e-21)
(0.984401 0.0582594 2.31744e-19)
(0.429792 0.189045 -1.42013e-19)
(2.26416 0.106012 0)
(0.865774 0.0335519 4.60346e-21)
(1.10096 0.0107047 -1.05633e-19)
(0.519158 0.0210739 0)
(0.799167 -0.00329241 0)
(0.478249 0.0674523 8.02466e-21)
(0.54283 0.091471 -5.05148e-21)
(0.773828 0.000393771 1.06332e-19)
(1.13194 -0.0102314 0)
(0.844259 -0.779392 0)
(-0.182983 -0.230874 -2.38873e-20)
(0.993111 0.697245 -2.19403e-19)
(0.268603 0.12058 -9.19487e-20)
(-0.117023 0.272207 -2.22826e-22)
(1.88805 0.792496 1.80519e-19)
(0.990818 0.0248838 1.65755e-19)
(1.03617 -0.0656445 8.99328e-20)
(0.340292 -0.249544 -6.38917e-19)
(-0.109021 -0.108107 0)
(0.298021 -0.110568 -2.20817e-19)
(0.606811 -0.581247 -2.87596e-19)
(-0.371145 -0.045883 3.28644e-19)
(0.930207 0.103943 -1.70814e-19)
(0.959392 0.329409 3.4375e-19)
(1.02575 -0.0922239 1.0317e-21)
(1.02225 0.00268442 -3.0284e-20)
(1.00037 -0.00703003 1.22735e-19)
(-0.890672 0.343598 -2.12681e-19)
(-0.141348 -0.188058 -1.88361e-19)
(-0.484826 -0.0937405 0)
(1.16047 0.254525 1.32732e-19)
(1.09889 0.0161865 0)
(-0.0072361 0.376352 -2.39304e-19)
(0.0268467 -0.0390349 -1.2751e-19)
(-0.176076 -0.294527 0)
(1.01162 0.00683859 1.74497e-19)
(0.995214 -0.0482208 0)
(2.16428 0.226887 -2.51612e-19)
(-0.80925 0.357693 1.09432e-20)
(0.981401 -0.00909563 -3.65265e-19)
(0.602104 0.0571528 6.51083e-21)
(1.60545 0.397968 -3.35449e-21)
(0.512387 0.499065 0)
(0.746051 0.65208 1.64381e-19)
(2.02318 -0.09566 1.3898e-19)
(-0.383987 -0.117531 2.18783e-19)
(1.86033 0.220073 -5.69065e-21)
(-0.224803 -0.153709 -1.69134e-19)
(1.31653 0.407478 -2.72721e-19)
(1.05467 0.34864 3.87422e-19)
(0.84326 0.183867 -6.83828e-21)
(0.138307 -0.137457 1.70182e-19)
(0.123544 0.11771 0)
(-0.00567866 0.0152145 0)
(-0.0690744 -0.0600231 9.88816e-20)
(1.00239 0.00178915 -1.93668e-19)
(1.02512 -0.00281979 -1.63861e-19)
(-0.239306 0.372164 -1.50097e-19)
(1.73013 -0.506945 -2.56178e-20)
(1.39289 -1.05372 6.47559e-20)
(1.07826 0.72859 0)
(0.913974 0.0438679 -5.09681e-19)
(1.59796 -0.194125 -1.14019e-19)
(1.01266 -0.022454 -4.88892e-20)
(1.50316 -0.0506168 1.47047e-19)
(-0.365912 -0.160837 0)
(2.25569 0.237473 -2.33393e-20)
(-0.441674 0.198727 5.21802e-20)
(-0.161097 0.0411355 -2.5987e-19)
(1.03305 -0.060566 1.72894e-19)
(-0.0625385 -0.0607454 0)
(1.79269 0.0300706 -1.18946e-19)
(0.467548 0.24206 1.12575e-19)
(-0.0683179 -0.0685962 1.08416e-19)
(1.01676 -0.0152098 2.16097e-19)
(0.677827 0.303388 0)
(0.0329716 -0.0336675 1.20124e-19)
(0.468394 -0.45718 0)
(0.140584 -0.141351 -3.15676e-19)
(0.00800789 -0.00408297 9.56113e-20)
(0.131859 0.130072 1.65504e-19)
(-0.0615872 -0.0627932 -1.18906e-19)
(-0.326808 -0.196348 0)
(0.939904 0.279871 1.47171e-21)
(-0.817639 -1.05952 -1.53288e-20)
(0.706381 -0.636749 2.04473e-19)
(1.01242 -0.0110224 0)
(-0.062504 -0.0642173 0)
(0.963088 -0.0892027 2.02755e-19)
(1.52241 -0.72652 -5.09919e-21)
(-0.845294 0.428397 -3.62371e-19)
(0.968575 0.0360531 -2.2991e-19)
(0.648576 -0.594415 3.65529e-19)
(1.4081 -0.714247 -1.30888e-19)
(-0.470875 -0.144502 -4.23921e-19)
(1.08226 0.0665761 0)
(1.01369 -0.0108311 -2.49922e-19)
(-0.0482203 -0.0529703 0)
(0.313964 0.313735 -3.27028e-19)
(0.142016 0.140679 1.57846e-19)
(-0.0616471 -0.0658924 0)
(1.13663 0.100839 -1.55697e-19)
(1.19911 0.154863 0)
(1.09574 -0.0840478 0)
(-0.148086 -0.134261 1.74968e-19)
(-0.558962 0.315709 -1.21639e-19)
(-0.0329627 -0.0364089 -1.22406e-19)
(0.00558047 0.000891743 9.43755e-20)
(0.119025 0.108638 0)
(0.983126 -0.109471 -2.4896e-19)
(0.142436 -0.143628 -1.56282e-19)
(0.137471 0.133031 -3.16177e-19)
(0.193446 0.187105 1.19352e-19)
(0.953568 0.0110853 6.14271e-19)
(0.178231 0.170113 -1.30104e-19)
(-0.031293 -0.0342956 1.17041e-19)
(0.142184 0.142536 -3.0233e-19)
(0.193662 -0.192905 -2.40142e-19)
(0.0146261 -0.0123555 0)
(-0.0495025 -0.0534511 2.46667e-19)
(-0.257614 0.295276 4.32561e-19)
(0.144253 0.139632 0)
(0.869311 0.0727441 0)
(-0.295613 -0.250685 0)
(0.354497 -0.667934 -5.40181e-20)
(0.211195 0.207981 2.23336e-21)
(0.0101314 -0.00904406 -5.46157e-20)
(-0.0165947 0.0310988 9.73768e-20)
(0.186122 0.181179 -1.25411e-19)
(0.162039 -0.156894 0)
(-0.0353396 -0.0384696 1.28575e-19)
(0.0170948 -0.0171215 3.96742e-22)
(-0.2743 -0.287979 -2.22479e-19)
(0.631632 0.478319 5.09952e-20)
(-0.520896 0.45121 3.03826e-19)
(0.0100799 -0.00743663 -9.30952e-20)
(-0.0279654 -0.0309099 0)
(0.208597 0.20813 0)
(0.179279 -0.178291 -5.47344e-20)
(0.0118452 -0.0139871 -8.76939e-20)
(2.20516 0.542487 1.42926e-19)
(1.5217 -0.606786 -5.0558e-19)
(0.192009 0.195063 2.30036e-19)
(-0.200619 -0.217625 9.40194e-20)
(0.000856863 0.00547245 9.73417e-20)
(-0.0252116 -0.0274225 -3.46308e-19)
(0.212888 -0.21202 2.04185e-19)
(-0.337429 -0.189828 2.26305e-20)
(0.0173596 -0.0166292 0)
(0.142764 -0.141841 -3.25155e-19)
(0.97025 -0.0700386 0)
(1.5528 -0.35345 0)
(0.582275 -0.519912 -3.41741e-19)
(0.163038 -1.31769 -1.1059e-19)
(0.186035 -0.179102 1.13332e-19)
(1.00345 0.00998489 1.70266e-19)
(0.886939 -0.116326 2.39063e-19)
(0.424361 -0.41173 4.7578e-19)
(1.49056 -0.290596 3.53321e-20)
(0.216425 0.205301 9.55896e-20)
(0.81911 0.552692 0)
(0.6422 -0.559717 1.5634e-20)
(-0.0232104 -0.0255071 1.14049e-19)
(0.408591 0.0182545 2.0609e-20)
(1.06154 -0.128367 7.21901e-20)
(1.09507 -0.26237 0)
(0.948449 -0.145519 5.88801e-19)
(0.0162418 -0.0150211 0)
(0.190252 -0.104481 0)
(1.18324 -0.221168 1.57488e-19)
(1.13294 0.347833 2.01025e-19)
(1.11784 -0.000323808 0)
(-0.639532 0.193075 2.34017e-19)
(-0.855318 0.41611 1.02855e-20)
(1.04139 0.00400344 -2.36929e-19)
(-0.155263 -0.261937 0)
(1.19639 -0.213591 0)
(0.103182 -0.4175 0)
(0.102964 0.0979993 4.17842e-19)
(-0.0180699 -0.0194526 0)
(0.187802 0.178601 1.11195e-19)
(0.177462 -0.163455 0)
(0.00173071 -0.00467703 -8.50772e-20)
(-0.0150829 -0.0154554 0)
(0.36878 0.195186 1.30471e-19)
(0.861165 -0.437939 -4.79693e-19)
(0.00495063 -0.00801271 2.37124e-22)
(-0.149859 -0.167491 -3.19362e-19)
(0.264472 -0.25505 0)
(0.235628 0.22403 0)
(-0.511548 0.0134797 2.78012e-19)
(0.939067 0.0501068 4.02185e-21)
(1.11825 -0.372881 -1.66167e-19)
(0.00873133 -0.0115095 2.56415e-19)
(-0.0325892 0.0563928 2.0307e-19)
(1.05282 0.135065 2.30631e-19)
(-0.565554 0.219981 0)
(-0.0167793 -0.0172178 4.92762e-23)
(-0.179458 -0.348739 4.1997e-21)
(-0.0888985 0.0639396 0)
(2.33122 -0.066181 -2.04993e-19)
(1.02017 0.137841 0)
(1.00674 -0.0769353 2.86839e-19)
(-0.935265 0.259361 0)
(0.239977 -0.223279 -4.05384e-21)
(1.01129 -0.0257346 1.49268e-19)
(0.555116 0.134984 3.73196e-19)
(1.38637 -0.796911 1.22543e-19)
(0.29894 0.27968 1.78731e-22)
(1.60879 0.518554 0)
(0.975702 -0.595742 6.07723e-20)
(1.86084 -0.939223 2.24819e-19)
(-0.00265295 -0.00122349 1.65098e-19)
(1.54517 0.100334 6.12899e-20)
(2.33558 0.44801 7.90737e-20)
(-0.00355314 0.00236694 -4.86916e-20)
(1.01517 0.0253085 2.19169e-19)
(-0.136973 0.0199772 -1.73016e-19)
(0.32349 0.301192 0)
(-0.0175361 -0.0173998 0)
(0.249034 0.235932 8.30211e-20)
(0.30801 -0.287378 -1.74037e-19)
(-0.00486592 0.00443763 1.74041e-19)
(1.09748 -0.785902 -5.75921e-20)
(0.472933 0.215328 1.57683e-19)
(0.347596 -0.330624 0)
(-0.00714503 0.00561569 0)
(0.267653 0.253705 0)
(-0.0532612 0.0146021 -1.01e-19)
(0.284728 -0.281924 0)
(-0.0239326 -0.0237551 -2.03247e-19)
(0.28649 0.269952 -6.03951e-20)
(-0.0118477 0.00696005 0)
(0.268084 -0.262684 0)
(-0.457775 -0.130611 0)
(-0.0234855 0.0135951 0)
(-0.0375481 0.0248688 -5.05828e-20)
(-0.154431 -0.213722 0)
(1.00189 -0.00419827 2.29712e-19)
(0.485001 -0.454104 2.04911e-20)
(-0.0783529 0.0531326 -8.77689e-20)
(-0.0341975 -0.0237554 3.76169e-19)
(0.36068 0.331278 -4.9526e-20)
(1.63506 0.385159 0)
(-0.23041 -0.0205814 0)
(-0.1531 -0.233742 3.1237e-20)
(-0.122544 0.0945764 0)
(0.373884 -0.353041 0)
(-0.0563216 -0.0394862 0)
(0.408803 0.370281 0)
(-0.092916 -0.0717935 2.28454e-19)
(0.483351 0.446804 2.25719e-20)
(-0.157055 0.146052 -3.98822e-19)
(0.555677 -0.514911 -1.10849e-19)
(1.15454 0.133097 0)
(1.59892 -0.198475 -5.37484e-20)
(-0.648486 0.0315712 -2.64865e-19)
(1.03349 0.0543745 -2.13994e-19)
(1.42473 0.0092163 0)
(1.84408 -0.424851 -3.88796e-20)
(1.38721 -0.511782 1.14413e-19)
(0.964024 0.0138218 0)
(0.201511 0.48459 3.11518e-19)
(-0.908371 0.359812 1.38877e-20)
(-0.0229915 -0.0195416 -1.36504e-22)
(-0.703889 0.0819661 0)
(1.12412 -0.177411 -1.94061e-19)
(0.358406 0.182506 4.02884e-19)
(2.34797 0.18163 -1.22725e-19)
(0.775578 -0.256285 -3.43061e-20)
(1.58943 -0.761253 -1.07501e-21)
(-0.197046 -0.158531 -9.70152e-20)
(1.96418 0.234244 1.30367e-20)
(1.91955 -0.737327 2.1692e-19)
(1.03626 0.0829069 -2.90707e-20)
(-0.158089 0.290315 1.90514e-19)
(1.11452 -0.00547008 0)
(2.04918 0.176952 -2.03653e-20)
(0.119745 0.0730146 -1.96867e-21)
(1.31426 -0.23919 0)
(0.133824 -0.129037 -5.42462e-19)
(0.0162661 -0.0168836 0)
(0.534912 -0.497089 0)
(1.90476 0.615696 -6.82602e-20)
(0.916387 -0.440713 0)
(2.21004 -0.0551723 2.46746e-19)
(-0.0162887 -0.0159113 2.0925e-19)
(0.270243 -0.275095 7.74376e-20)
(1.0221 -0.0543683 0)
(-0.108063 0.53293 0)
(-0.125881 -0.127581 1.71781e-19)
(-0.094417 -0.0634828 1.62274e-19)
(1.00155 0.249596 -2.06085e-19)
(0.154193 0.0246867 -2.85836e-19)
(1.02543 0.0138089 -8.01907e-21)
(2.17924 0.201585 0)
(-0.158338 -0.338679 2.47356e-19)
(-0.130738 -0.156836 0)
(0.634773 0.0633051 3.13828e-19)
(0.953679 0.154762 -4.51461e-20)
(0.698437 -0.600133 -1.70597e-19)
(0.9821 0.123988 3.16088e-19)
(0.997048 0.010744 0)
(0.659747 -0.278643 -7.43643e-20)
(2.13867 -0.217486 0)
(0.524519 0.475174 0)
(0.012803 0.0592864 0)
(-0.151139 -0.092225 -4.0851e-20)
(0.308159 0.230864 2.31496e-19)
(-0.0648279 0.0706088 0)
(1.11937 0.0711539 1.37093e-19)
(1.04457 -0.238636 0)
(0.524245 -0.0347401 1.50247e-19)
(0.380629 -0.19481 1.97081e-19)
(-0.139463 0.183232 2.39345e-19)
(0.139818 -0.22226 -3.68705e-19)
(0.983209 -0.0299361 1.58571e-21)
(1.51924 -0.609101 1.17068e-19)
(1.5897 -1.07979 -3.07687e-20)
(0.0966703 0.0918564 1.23298e-19)
(1.52298 0.129614 0)
(-0.733487 0.173401 0)
(0.0249176 -0.0190262 0)
(1.38274 -0.10275 1.38519e-19)
(-0.573098 0.127314 -9.67941e-20)
(0.290894 -0.26894 -1.55584e-19)
(2.25313 0.206771 8.55977e-20)
(0.801515 0.509778 -6.67022e-20)
(0.821322 0.245573 4.28873e-21)
(0.940187 0.218998 6.1889e-20)
(1.14122 0.219635 -4.12416e-20)
(-0.132553 -0.239489 1.25132e-19)
(-0.348356 0.0252524 0)
(0.922951 -0.0174417 0)
(-0.265177 0.0625462 1.58164e-19)
(0.153905 0.152205 0)
(1.94494 0.490265 0)
(-0.359869 0.152297 1.16183e-19)
(0.542751 0.454425 -2.16596e-19)
(0.494912 -0.408217 2.73696e-19)
(-0.197568 -0.0985663 0)
(1.38155 0.917994 -2.40202e-20)
(1.07415 0.00756671 0)
(-0.49306 -0.00712009 -5.62339e-19)
(-0.326666 0.298215 -1.63624e-19)
(1.28911 -0.404258 6.99962e-20)
(0.444627 0.408821 4.88303e-19)
(0.734286 -0.245534 2.0268e-19)
(-0.150659 0.488024 0)
(1.12403 0.0589049 1.45201e-19)
(0.995144 0.56326 -8.95663e-20)
(-0.167269 -0.14366 0)
(0.708962 -0.268337 0)
(1.29878 0.838814 6.30303e-20)
(0.01466 -0.0161531 -1.75378e-19)
(2.00994 -0.112363 -3.77707e-19)
(1.59978 0.669299 0)
(1.56637 -0.259511 -2.89981e-20)
(0.764339 0.428481 0)
(-0.171206 0.0789676 -2.38315e-19)
(1.26519 0.905882 -7.97703e-20)
(0.983674 0.431687 -2.3211e-19)
(0.949802 -0.745456 -1.12319e-19)
(-0.0818015 0.0967887 -8.42859e-22)
(-0.130104 -0.271938 -1.31839e-19)
(1.01999 0.0654694 2.18774e-19)
(0.0992936 0.485294 0)
(0.96603 0.18038 3.11058e-21)
(1.71931 0.424878 -8.99879e-21)
(1.53499 -0.86898 5.16536e-20)
(1.29424 -0.307378 -1.01801e-19)
(1.69435 -0.317076 3.16241e-20)
(-0.180349 -0.147558 7.06526e-20)
(0.595126 0.535486 1.16362e-19)
(0.147739 -0.0781565 2.76449e-19)
(2.15211 -0.0400418 -3.63064e-20)
(0.90012 0.757825 3.79121e-20)
(1.90789 0.192786 4.40984e-20)
(0.877617 0.594111 1.26672e-19)
(-0.470048 -0.10204 5.97938e-19)
(1.34217 0.00848132 -2.36828e-19)
(0.959609 0.251889 -1.3609e-19)
(-0.406969 -0.0492517 -1.19788e-19)
(0.0195773 0.0124645 0)
(1.00227 0.00219921 4.78894e-19)
(0.760312 -0.124299 0)
(0.860815 0.554818 -1.29851e-19)
(1.40754 0.870499 -6.78386e-20)
(-0.141477 -0.283951 -1.80555e-20)
(1.90918 -0.437857 0)
(1.17427 -0.378128 0)
(1.5472 -0.269863 1.40794e-19)
(0.608586 -0.241476 3.31239e-19)
(1.09585 -0.330825 0)
(-0.177799 -0.336964 -2.53311e-19)
(0.939336 -0.0947676 -2.29126e-19)
(0.772452 -0.649615 -5.80325e-20)
(-0.329617 0.0920555 2.7386e-19)
(-0.105189 -0.102955 -1.08694e-19)
(-0.121908 -0.119018 -2.75492e-19)
(0.135678 -0.0945647 -1.74549e-19)
(-0.910464 0.455701 7.78307e-21)
(0.835425 -0.311578 -1.32455e-19)
(1.14387 0.723201 1.22399e-19)
(0.689683 0.0124423 0)
(0.794907 0.100356 2.8986e-19)
(1.22274 -0.373834 4.08717e-21)
(0.99853 -0.140736 -5.02707e-21)
(0.582972 0.514692 1.68143e-19)
(1.85014 0.203794 3.69256e-21)
(1.40952 0.144078 1.3326e-19)
(1.07133 -0.0267191 3.76535e-20)
(0.842364 -0.394064 1.32308e-19)
(0.511288 -0.235949 0)
(-0.109707 -0.110414 1.10918e-19)
(0.95808 0.0912458 1.46344e-19)
(1.08245 0.69112 8.86855e-20)
(-0.108594 -0.112906 2.36951e-19)
(1.06246 -0.627655 2.47432e-19)
(0.127821 -0.115685 0)
(1.77199 0.883305 0)
(0.2254 0.217809 3.27436e-19)
(1.57692 0.575269 0)
(-0.027519 0.0443822 0)
(0.997349 -0.643139 -2.18399e-19)
(-0.107628 -0.11105 3.58338e-19)
(-0.0993314 0.0128574 1.28122e-19)
(1.10383 -0.0228372 4.44528e-20)
(1.542 1.04047 -1.70739e-23)
(0.960041 -0.0482293 -1.60599e-19)
(0.129747 -0.126606 7.90902e-20)
(1.03756 0.136825 -1.60779e-19)
(-0.0124245 0.0233412 2.96642e-19)
(1.03225 0.353492 0)
(0.232563 0.231694 -1.66851e-19)
(-0.251551 0.399898 1.36855e-19)
(1.94171 0.386226 0)
(-0.560284 0.364523 -1.8623e-19)
(0.0193434 0.0663034 1.19734e-19)
(-0.312383 0.0652136 0)
(-0.110533 -0.117819 -5.7346e-20)
(0.236126 -0.236367 0)
(1.01787 -0.741392 0)
(0.004146 0.000752531 1.93557e-19)
(0.57605 -0.546196 4.03301e-19)
(-0.105718 -0.112454 -2.2134e-19)
(-0.230205 0.0994057 -1.95136e-19)
(0.244104 -0.246322 -1.59159e-19)
(0.240113 0.235416 4.88857e-19)
(0.237295 0.46431 -1.60218e-19)
(-0.540862 -0.0855133 -1.17584e-19)
(-0.0156376 -0.014706 0)
(-0.167514 -0.319232 2.0709e-19)
(1.05007 -0.144221 -2.92722e-19)
(0.0112911 -0.00745277 9.09488e-20)
(1.64188 -0.539709 5.99196e-21)
(1.36844 0.169264 0)
(2.15366 0.33537 -1.36202e-20)
(0.952702 -0.0492065 0)
(-0.0898567 -0.0970984 0)
(0.200031 0.197085 0)
(0.962391 0.0642213 0)
(1.11571 -0.262203 0)
(0.977744 0.0987078 -2.92373e-19)
(0.232277 0.230751 -1.58398e-19)
(-0.406808 0.128462 -1.6514e-19)
(-0.0946889 -0.103697 2.4759e-19)
(0.985923 -0.204163 1.50419e-19)
(0.783515 -0.38249 0)
(-0.0771333 0.127055 -2.77205e-19)
(1.02078 -0.0251913 -1.88979e-19)
(-0.960728 0.3369 5.72012e-19)
(-0.0587992 -0.0641023 0)
(-0.131021 -0.144884 -1.40888e-19)
(0.281321 0.263167 -1.25767e-21)
(0.253803 0.241676 0)
(-0.0634479 -0.0699144 1.27751e-19)
(-0.060661 0.202254 1.93966e-19)
(1.32088 -0.50826 1.46127e-19)
(1.80051 -0.428061 1.34154e-20)
(0.425298 0.177401 -1.95948e-19)
(1.03476 0.039761 0)
(0.330436 0.321998 -2.27914e-19)
(-0.647103 0.0654901 2.45273e-19)
(0.312559 0.303849 -3.78039e-19)
(0.307408 0.298706 1.20823e-19)
(0.369007 -0.26956 0)
(0.0205481 -0.0167188 5.11212e-20)
(-0.00269471 0.00896629 0)
(-0.0543779 -0.059115 3.21229e-19)
(-0.118708 -0.135308 2.8054e-19)
(0.506063 -0.40151 5.83187e-19)
(1.31018 -0.398747 -1.71905e-19)
(0.337795 0.337622 0)
(0.0150582 -0.0144314 2.21356e-19)
(0.240255 -0.24506 3.24829e-19)
(1.21486 0.133867 -4.74335e-21)
(0.33354 0.333794 0)
(0.998525 0.324879 -1.03452e-20)
(-0.947755 0.325841 -1.84604e-20)
(1.98776 0.217913 5.65797e-20)
(-0.0474285 -0.0520206 0)
(1.17546 0.75488 0)
(0.0282135 -0.0275365 -2.71536e-19)
(0.335388 -0.337372 -2.32293e-19)
(0.267785 -0.2398 1.80021e-20)
(1.92253 0.272662 -3.12687e-20)
(1.07974 0.334005 -1.24708e-19)
(0.31176 -0.302839 -2.37778e-19)
(1.03403 -0.0201312 3.22528e-19)
(0.99822 0.0657072 0)
(1.57106 0.0100145 -2.0084e-21)
(1.0826 0.019976 1.145e-19)
(0.731879 0.247973 -9.67758e-21)
(1.41981 -0.516868 0)
(1.18411 0.180978 -1.07685e-19)
(1.92135 0.467802 -1.44785e-19)
(0.024867 -0.0220813 0)
(-0.164335 0.100328 3.08155e-19)
(1.71029 0.548325 0)
(1.00404 -0.00155819 5.11976e-20)
(0.335564 -0.3244 -1.0991e-19)
(1.00512 0.00495789 5.2595e-19)
(0.373049 -0.171761 0)
(1.19338 -0.920743 0)
(-0.0435458 -0.0462399 1.16281e-19)
(0.0891501 0.075385 0)
(1.08118 -0.0239508 6.81199e-20)
(0.523997 0.396781 5.95666e-20)
(0.719002 -0.0194039 -4.34851e-19)
(0.0271672 -0.0254252 0)
(-0.168593 0.177646 2.33255e-19)
(-0.468951 0.0994412 0)
(1.81723 0.803205 0)
(-0.063317 -0.0621942 0)
(-0.0642586 -0.0649685 1.17347e-19)
(1.68035 0.762918 -3.78413e-21)
(1.0113 0.0497907 0)
(-0.0452292 0.0790775 1.01267e-19)
(0.016202 -0.0200557 0)
(1.22971 0.894588 0)
(1.62736 -0.818594 -3.61465e-20)
(0.381632 0.358926 1.92605e-19)
(-1.05538 0.169616 -3.92578e-19)
(-0.0376348 -0.0407734 -1.23501e-19)
(0.499583 -0.206395 -3.13961e-19)
(1.0282 0.267817 0)
(0.400914 -0.0435373 1.51565e-19)
(0.932418 0.892411 0)
(0.909931 -0.0748062 3.13895e-19)
(0.218893 0.048978 -1.57386e-19)
(0.401364 0.379733 -9.48977e-20)
(0.735606 0.230888 1.80856e-19)
(0.00195121 0.0642021 1.85026e-19)
(1.3375 -0.0797864 1.8166e-19)
(0.224665 -0.228458 1.77628e-19)
(-0.0344975 -0.0339087 2.77917e-19)
(1.50853 -0.469296 -6.84761e-20)
(0.0275172 -0.0279603 9.01563e-20)
(-0.0294457 -0.0313822 0)
(-0.0915004 -0.0254411 -7.37958e-20)
(0.00423403 -0.00849396 8.64331e-20)
(1.03669 -0.202195 0)
(0.404322 -0.370844 1.07486e-19)
(0.256566 0.25182 1.45358e-19)
(0.249871 0.25032 -3.22044e-19)
(1.08043 1.02946 0)
(0.369743 -0.36998 -1.89507e-19)
(1.68898 0.488089 0)
(1.3425 1.13423 9.38387e-20)
(-0.0318125 -0.0340778 1.37832e-19)
(0.902973 -0.0537982 0)
(0.588645 0.554823 -1.91202e-19)
(1.02079 -0.0151797 -2.37458e-19)
(1.09502 -0.0166303 -1.16152e-19)
(0.676784 0.0688495 -3.20151e-21)
(0.788127 0.0224542 -2.80349e-20)
(1.0499 0.0197202 -3.13101e-19)
(2.1531 0.0499322 -7.8992e-20)
(-0.157862 -0.141814 1.91098e-19)
(0.00955301 -0.0152375 -1.7276e-19)
(-0.0998822 0.0382116 -1.70222e-19)
(1.33973 -0.376535 6.76615e-20)
(-0.00255759 -0.0035513 1.23327e-22)
(1.11654 -0.00172543 -1.35555e-19)
(0.435717 -0.421878 6.70391e-20)
(-0.101242 -0.121248 3.41325e-19)
(0.247838 -0.237933 0)
(0.0273289 -0.00181436 3.11966e-22)
(1.586 0.981534 0)
(0.872929 0.017273 -1.27847e-19)
(-0.137486 0.119039 -2.0754e-19)
(-0.255957 0.0230235 -1.84227e-19)
(0.297899 0.0345512 0)
(0.426468 0.40142 -2.56196e-19)
(0.0210138 -0.0245194 9.00694e-20)
(0.192671 0.423424 -1.50226e-19)
(0.53979 0.525105 -1.16829e-19)
(1.03564 -0.0279645 0)
(1.50792 -0.440262 1.92508e-19)
(1.7767 -0.376229 1.94561e-21)
(-0.315425 0.0514769 0)
(-0.033739 -0.0337192 -1.20099e-19)
(0.877336 -0.458651 1.86311e-19)
(0.211234 0.416317 1.76949e-19)
(1.85694 -0.423468 9.23967e-21)
(0.48524 -0.445637 -1.34466e-19)
(-0.394143 0.075492 1.12669e-19)
(-0.00875434 0.0023259 -9.8455e-20)
(0.514728 0.420188 -3.34145e-19)
(0.562457 0.514738 -1.47304e-19)
(0.516775 0.479305 5.88223e-21)
(-0.00858288 0.00914214 4.64556e-20)
(-0.0724642 -0.0774901 -1.6009e-19)
(1.01322 0.0150054 1.56269e-19)
(0.279704 -0.269481 0)
(0.453066 0.42604 0)
(0.516381 -0.483936 1.11341e-19)
(-0.0114448 0.00975457 -1.74032e-19)
(-0.164109 -0.136675 -5.71586e-20)
(1.92146 -0.323066 2.59937e-20)
(0.486026 0.451116 0)
(0.494117 -0.490945 0)
(-0.0158117 0.011929 0)
(1.11731 0.0448344 8.18536e-20)
(0.625623 0.560366 0)
(-0.0307401 0.0162678 1.75051e-19)
(0.192989 0.179509 -6.15038e-19)
(-0.0541493 0.0323048 4.97002e-20)
(1.18455 -0.0355022 2.75969e-19)
(-0.0642921 -0.0701683 -1.69142e-19)
(1.14622 0.469341 -1.45403e-19)
(0.153153 -0.134143 -2.50642e-19)
(-0.101473 0.0560342 2.93724e-19)
(-0.00459759 0.0233413 -2.69504e-19)
(-0.078527 -0.0456077 -2.59707e-19)
(0.711717 -0.672194 0)
(-0.157348 0.101406 -1.73183e-19)
(0.710158 0.618154 0)
(-0.0689264 0.120045 8.96702e-20)
(1.75172 0.467351 -2.97246e-20)
(0.71477 0.375881 -3.55404e-20)
(-0.20488 0.137493 9.07834e-20)
(0.876511 -0.724749 0)
(-0.120052 -0.0680132 2.45352e-19)
(0.826773 0.694497 -1.19753e-20)
(0.359594 0.330379 -2.43589e-19)
(0.383627 -0.308715 4.63363e-19)
(0.519604 0.450867 1.62415e-19)
(1.00908 -0.00149794 0)
(0.460867 0.429921 0)
(1.73046 0.467704 0)
(1.02213 -0.00537269 0)
(0.0360745 -0.0281325 -8.03595e-20)
(0.767213 -0.624238 3.76817e-19)
(-0.0496026 -0.036853 -2.16339e-22)
(1.16754 -0.197193 2.74964e-19)
(0.43057 -0.402427 2.33681e-19)
(2.37787 -0.113914 0)
(1.42773 -0.381288 0)
(0.232855 0.373695 -2.58958e-19)
(0.44793 -0.180025 0)
(1.76708 0.312059 6.07979e-21)
(0.563085 -0.215965 -2.11031e-20)
(0.688706 0.637889 2.44259e-19)
(1.17071 0.251438 1.00652e-19)
(0.0253629 -0.026948 0)
(0.0407178 -0.0393158 8.13955e-20)
(-0.0368071 -0.0348185 0)
(-0.0763807 0.167453 2.65096e-19)
(0.632363 -0.0448828 7.1841e-22)
(0.711547 0.3313 0)
(1.02401 0.00793323 1.49008e-19)
(1.36396 -0.268961 1.14888e-19)
(1.01945 -0.0148064 -4.22916e-22)
(0.312857 -0.293634 1.40551e-19)
(0.298224 0.293603 0)
(-0.077867 0.0307286 0)
(-0.143949 -0.313752 7.3236e-20)
(1.48178 0.19424 1.63664e-19)
(0.0316897 0.28745 -9.30888e-21)
(0.132507 0.123931 0)
(1.03208 -0.0139892 5.01543e-19)
(1.4563 -1.02387 2.85403e-20)
(-0.0285457 0.0160689 2.98279e-19)
(-0.0921377 -0.00206112 -2.54933e-19)
(0.172177 -0.256113 1.72938e-19)
(-0.0355119 -0.0337982 2.16278e-19)
(1.90707 0.13541 0)
(0.375617 -0.345394 -2.97162e-19)
(1.0653 -0.0259382 -5.77604e-20)
(1.00891 -0.0039444 -2.14241e-19)
(0.83487 0.238453 -8.46811e-21)
(1.43719 -0.00214472 -3.55201e-21)
(1.02558 0.0250198 -1.6903e-19)
(1.75312 0.167586 0)
(-0.0664457 -0.0674688 -1.94513e-19)
(-0.0869705 0.183933 -7.77336e-19)
(-0.20136 -0.189865 7.74513e-20)
(0.326668 0.307827 -1.39025e-19)
(0.0169099 -0.0292758 0)
(-0.0490698 0.0421439 0)
(1.7477 -0.82575 -1.16852e-19)
(0.999951 0.0812008 1.63434e-20)
(-0.16441 -0.175364 2.81777e-19)
(-0.139247 -0.165812 -2.25587e-19)
(1.01855 0.0140611 -4.85948e-22)
(0.750295 -0.709899 -5.55744e-20)
(1.15648 -0.0555539 1.45224e-20)
(1.01798 -0.00969805 -8.04214e-20)
(-0.032688 -0.0307033 0)
(0.9355 0.634589 3.88515e-19)
(0.783185 -0.237466 0)
(0.391555 -0.362519 0)
(-0.0356477 -0.0362476 2.3117e-19)
(1.03042 -0.0226327 2.71241e-19)
(0.519513 -0.48869 0)
(0.772952 0.706111 4.589e-21)
(-0.299939 0.13325 -1.50909e-19)
(-0.00326212 -0.0103132 8.0738e-20)
(0.315797 0.0956663 2.14754e-19)
(1.47207 -0.23958 -2.50052e-20)
(1.58512 0.178213 -2.057e-19)
(1.71282 -0.296418 -6.37522e-21)
(0.941031 0.559902 1.31173e-19)
(1.01907 0.211573 1.88547e-19)
(-0.181035 -0.126655 -5.91025e-20)
(-0.528439 -0.0931767 2.27562e-19)
(1.53047 0.718742 0)
(0.13178 0.118235 8.09048e-20)
(1.31967 -0.475594 1.29897e-19)
(-0.0356474 0.10852 0)
(1.42692 0.651843 1.40735e-19)
(1.02146 -0.00647566 3.54445e-20)
(-0.187931 0.436412 0)
(1.01991 0.103075 -1.49885e-20)
(0.657274 -0.244161 0)
(0.570769 -0.547935 -4.30035e-20)
(1.00333 0.184407 2.0214e-19)
(0.806989 0.433275 2.59449e-19)
(0.752988 0.387609 3.71008e-20)
(1.0184 -0.0106451 0)
(-0.571267 0.00388212 -1.42777e-19)
(1.61326 -1.02579 1.04879e-19)
(0.992121 0.77363 2.54631e-20)
(-0.145505 -0.124481 1.94914e-19)
(1.82475 -0.247155 1.4867e-19)
(-0.0251328 0.0205919 7.39548e-20)
(0.807346 0.246826 0)
(0.825643 0.475815 0)
(-0.17725 -0.189133 2.05691e-19)
(1.0515 -0.172116 0)
(-0.113482 0.193634 2.44417e-22)
(0.229646 -0.953523 -5.85903e-19)
(-0.0573646 0.0222323 6.43757e-22)
(1.55203 -0.180129 4.35395e-20)
(1.40987 -0.391844 -5.05593e-21)
(0.323278 -0.27506 0)
(1.02341 0.0011743 -4.12501e-19)
(0.744914 0.671692 1.72041e-19)
(0.247519 0.452164 -3.54084e-19)
(1.12373 -0.870623 8.21203e-20)
(0.583316 0.0318172 2.70172e-21)
(0.0110965 -0.208027 -2.38696e-19)
(1.03267 -0.184257 -2.59563e-19)
(0.511161 -0.139566 1.5684e-19)
(-0.0656844 0.172351 0)
(0.543805 0.16685 0)
(0.973375 -0.0820854 -2.97083e-19)
(1.05681 0.606902 0)
(0.861808 -0.3571 2.86271e-19)
(-0.415051 -0.0201383 0)
(1.8582 0.117892 9.31007e-20)
(-0.0113902 -0.124 -1.41536e-19)
(1.78705 0.748336 0)
(-0.197468 -0.208967 0)
(2.17662 0.120572 1.22773e-19)
(-0.403078 0.293999 0)
(-0.341679 -0.0846303 -3.40456e-19)
(0.91359 0.597772 -1.29165e-19)
(2.17048 -0.362095 -2.49638e-20)
(0.221614 -0.214855 1.60376e-19)
(-0.199842 0.145178 1.03873e-19)
(1.95591 -0.453683 0)
(0.122767 -0.127779 -2.4452e-19)
(-0.0462018 0.032875 0)
(1.10464 -0.179236 -1.21451e-19)
(-0.0448449 -0.157282 -3.57661e-19)
(-0.38666 0.0117519 2.46214e-19)
(0.860055 -0.132056 7.50116e-20)
(2.01468 -0.265486 6.48039e-20)
(0.419867 0.402956 0)
(0.715339 -0.320002 -9.0616e-20)
(-0.528792 0.395082 5.59101e-19)
(1.73947 0.220906 0)
(1.02332 0.572535 0)
(-0.116433 -0.0605862 -2.0456e-19)
(1.53988 -0.265792 -1.7552e-19)
(0.885495 -0.257329 -9.93541e-20)
(1.34549 0.24959 3.16902e-19)
(1.45839 0.202866 -1.05437e-19)
(0.857573 0.145223 -1.19079e-19)
(1.05271 0.645278 -1.97179e-19)
(2.00707 -0.439088 7.99713e-20)
(-0.171583 -0.174885 -1.33846e-19)
(1.02511 0.00027335 2.92603e-19)
(1.59876 0.174966 9.356e-21)
(1.28233 0.178065 -2.05729e-19)
(1.008 0.0434879 8.1591e-21)
(-0.155683 0.207918 1.39948e-19)
(-0.601203 0.214988 0)
(-0.230294 0.429163 0)
(0.639925 0.213361 0)
(1.87409 -0.268001 1.13739e-19)
(-0.237378 -0.21723 -2.28094e-19)
(0.475368 0.368996 0)
(-0.0712527 -0.0793726 1.31017e-19)
(1.65606 -0.385064 -3.72724e-20)
(-0.0857069 -0.0637551 -2.0958e-19)
(0.998126 0.668636 2.38347e-19)
(1.09094 0.249062 8.71429e-20)
(-0.245566 0.140111 9.2716e-20)
(0.872377 0.775861 -2.16141e-19)
(1.24391 -0.288747 6.65723e-20)
(0.962908 -0.00581154 -2.71768e-19)
(1.08618 -0.0493933 -9.76294e-20)
(0.767035 0.26574 0)
(0.127413 -0.0416324 0)
(1.2062 -0.169484 5.45337e-20)
(1.42203 -0.301524 -1.2896e-19)
(-0.348567 0.325498 1.22895e-21)
(1.04427 0.243666 2.16789e-19)
(1.26638 1.01225 0)
(0.675818 0.0259152 -9.57661e-20)
(-0.174672 -0.11091 -5.15132e-20)
(0.767425 -0.322711 3.78718e-19)
(0.791802 -0.295823 -1.25772e-19)
(1.49068 0.17593 2.04703e-19)
(-0.21995 0.177355 1.02953e-19)
(-0.419916 0.0224192 -1.08999e-19)
(0.482159 0.468952 4.59065e-19)
(-0.180747 0.254953 -3.30836e-19)
(1.5357 0.0541528 -6.38818e-20)
(0.997829 -0.21578 3.09109e-19)
(-0.0773316 0.0584909 -2.90057e-19)
(0.55464 0.375845 -3.33951e-19)
(0.871041 0.479673 0)
(0.0377026 -0.039244 -9.67086e-20)
(-0.0388932 0.0686881 -2.24652e-19)
(-0.00652228 0.0162553 -1.70355e-19)
(0.0257454 -0.0343943 -9.94418e-20)
(1.07721 0.0325441 -8.42489e-20)
(-0.0224804 0.111026 -1.03716e-19)
(0.88874 0.515301 1.17012e-19)
(1.38976 0.818302 4.32374e-20)
(0.703016 0.649672 0)
(0.975551 0.630805 0)
(-0.0719838 0.0576605 -1.37259e-19)
(-0.240049 0.220537 0)
(0.929941 0.523215 -1.17657e-19)
(-0.0518061 0.050224 0)
(1.44488 0.898296 7.46366e-20)
(0.679185 -0.0319684 6.27907e-19)
(-0.0892051 -0.102915 -4.59424e-23)
(0.00563932 -0.0359452 0)
(0.536925 0.507959 0)
(-0.305113 0.375679 1.56379e-19)
(-0.0237838 0.0486145 8.73463e-20)
(1.91877 -0.336088 -3.09199e-20)
(-0.227388 -0.0829492 2.20409e-19)
(0.563242 -0.0831606 -5.27042e-19)
(2.22232 -0.460396 4.51468e-20)
(1.734 -0.212526 -2.55975e-20)
(0.0400457 -0.0414434 -8.61413e-20)
(0.375687 -0.36418 -3.50431e-19)
(0.0395723 -0.0341659 1.47501e-19)
(-0.0660906 0.124583 0)
(0.756074 0.690286 2.40021e-20)
(1.06551 -0.104085 -3.66991e-19)
(-0.0920736 -0.0786532 2.13587e-22)
(0.579971 -0.167537 0)
(0.612179 0.575094 -2.80308e-20)
(0.480404 -0.467401 2.57913e-19)
(-0.0174556 0.0563796 -4.0304e-22)
(0.381453 0.366866 -3.63305e-19)
(1.68395 -0.12052 0)
(2.2185 -0.300945 4.31486e-19)
(-0.00170462 0.0245815 0)
(-0.030061 0.111719 -1.16059e-19)
(0.0384998 -0.0276364 6.65107e-20)
(0.400226 0.37565 2.84365e-19)
(0.786175 0.719372 -2.61569e-19)
(-0.178967 -0.227171 2.69052e-19)
(0.0411638 -0.0362278 -1.51322e-19)
(-0.169688 -0.168557 -2.34995e-19)
(0.817467 0.304127 0)
(-0.0859684 0.153639 -1.05646e-19)
(0.461008 -0.421509 2.8493e-19)
(-0.0688829 -0.0641072 -2.50646e-19)
(1.2551 0.234595 -1.7933e-19)
(0.00744362 -0.0205196 4.94805e-20)
(0.769587 0.709447 0)
(0.692663 0.647242 0)
(0.839574 0.755309 -2.20421e-19)
(0.874806 0.785133 7.15143e-20)
(1.44738 -0.834377 -4.69671e-20)
(-0.0881189 0.170062 7.23293e-22)
(0.896555 0.440197 0)
(0.0103594 0.00377271 -5.0766e-20)
(1.46135 0.965325 -2.34004e-19)
(1.14174 -0.23123 1.79216e-19)
(1.53794 -0.481007 0)
(0.424985 -0.392334 4.25816e-21)
(1.9496 -0.330659 -2.07424e-19)
(-0.0663857 0.165268 -1.53534e-19)
(-0.00423321 0.0731583 0)
(0.00681856 -0.0279415 -2.19641e-19)
(0.849902 0.759557 9.69919e-20)
(0.773517 0.427653 1.15178e-19)
(-0.00346601 -0.0156119 -2.72563e-19)
(0.557252 -0.542252 0)
(1.60615 -0.439702 0)
(0.0335858 -0.0393423 8.33633e-20)
(0.33556 -0.30832 -5.24043e-19)
(-0.193457 -0.192357 -1.53854e-19)
(-0.675175 0.216074 -3.59564e-19)
(0.541541 -0.140823 2.9374e-19)
(0.0193131 -0.0338387 9.02947e-20)
(0.916592 0.80759 0)
(-0.115156 0.209085 1.75372e-19)
(-0.0318647 0.0210015 -9.05298e-20)
(-0.0144074 -0.00622145 4.13292e-20)
(0.402512 -0.352516 1.70998e-19)
(0.00984362 -0.0488068 -1.69426e-19)
(0.673107 -0.19234 2.83109e-19)
(-0.0105338 -0.00288794 -4.57162e-20)
(-0.216875 0.256128 -2.08813e-19)
(0.757447 0.302632 0)
(1.93457 -0.166927 4.57207e-20)
(-0.122628 0.254234 1.51828e-19)
(0.962752 0.808511 2.81414e-19)
(-0.217963 -0.119289 3.23152e-19)
(0.970048 0.853779 -7.729e-21)
(2.02153 -0.338958 -7.14493e-21)
(-0.0208777 -0.0171755 1.34974e-19)
(1.18387 -0.292946 -4.18535e-21)
(-0.0804097 -0.330155 2.26498e-19)
(-0.0117748 -0.0230121 1.33632e-19)
(-0.0336839 0.023616 1.60617e-19)
(-0.0516349 0.0212415 -1.60035e-19)
(-0.110338 -0.062106 2.6747e-19)
(1.15715 -0.293157 8.06331e-20)
(1.07481 0.926265 2.11636e-21)
(2.02514 -0.250409 2.40905e-20)
(0.0367629 -0.041146 1.83393e-19)
(0.632562 -0.155227 0)
(1.31144 -0.457281 0)
(-0.0380631 0.0828586 0)
(1.06884 0.799881 1.89808e-19)
(1.7242 -0.798127 4.41788e-20)
(0.00639418 0.0863782 -1.01826e-19)
(-0.0399222 -0.0143576 1.51675e-19)
(0.0278425 -0.0402572 0)
(1.74891 -0.220204 -7.01747e-20)
(0.438256 0.413118 -5.15183e-19)
(0.0211284 0.0184688 -1.2564e-19)
(-0.131023 -0.0826819 -2.44071e-19)
(-0.194559 0.458052 1.67933e-19)
(2.06031 -0.287852 0)
(1.33211 1.00441 -1.64018e-21)
(-0.12809 -0.0639214 -1.19605e-19)
(0.483256 -0.125977 0)
(0.610188 -0.0768349 -3.02869e-19)
(1.05287 0.862162 0)
(-0.276927 0.212468 1.82375e-19)
(-0.112081 -0.0648936 2.33657e-19)
(0.930861 0.810037 -1.16543e-19)
(-0.114187 -0.0567063 1.14305e-19)
(0.460361 -0.0829074 -1.84709e-19)
(0.998166 0.859777 0)
(0.49606 -0.469343 -6.44402e-20)
(0.866737 0.73905 1.46254e-19)
(0.510372 -0.445997 -2.59904e-19)
(1.06421 0.91244 0)
(0.273994 0.076012 -4.4488e-20)
(-0.313738 0.165504 1.67948e-19)
(1.14146 0.944681 9.22137e-21)
(-0.0131949 0.0666049 -2.03625e-19)
(1.32627 0.995749 2.66054e-20)
(1.71613 -0.656077 -3.48773e-20)
(-0.036295 -0.000295364 1.75387e-19)
(0.649994 -0.110565 -1.25227e-19)
(1.82207 -0.157017 0)
(1.15739 0.948279 5.83335e-20)
(2.01751 -0.12513 0)
(0.869844 -0.255681 3.62043e-19)
(-0.298563 0.237355 -3.1952e-19)
)
;

boundaryField
{
    frontback
    {
        type            empty;
    }
    Top
    {
        type            noSlip;
    }
    outlet
    {
        type            zeroGradient;
    }
    bottom
    {
        type            noSlip;
    }
    Inlet
    {
        type            fixedValue;
        value           uniform (1 0 0);
    }
    rectangle
    {
        type            noSlip;
    }
}


// ************************************************************************* //
