/*--------------------------------*- C++ -*----------------------------------*\
| =========                 |                                                 |
| \\      /  F ield         | OpenFOAM: The Open Source CFD Toolbox           |
|  \\    /   O peration     | Version:  2306                                  |
|   \\  /    A nd           | Website:  www.openfoam.com                      |
|    \\/     M anipulation  |                                                 |
\*---------------------------------------------------------------------------*/
FoamFile
{
    version     2.0;
    format      ascii;
    arch        "LSB;label=32;scalar=64";
    class       volVectorField;
    location    "23.5";
    object      U;
}
// * * * * * * * * * * * * * * * * * * * * * * * * * * * * * * * * * * * * * //

dimensions      [0 1 -1 0 0 0 0];

internalField   nonuniform List<vector> 
2186
(
(1.29613 -0.0719803 2.63907e-19)
(1.56385 -0.915216 1.39255e-20)
(1.41621 -0.892314 9.89491e-21)
(0.715918 -0.55569 -1.69018e-19)
(-0.363234 0.300686 -1.67798e-19)
(1.62266 -0.565094 0)
(0.698235 -0.644792 0)
(-0.0817369 -0.0994541 6.18145e-20)
(1.34186 -0.24178 6.99567e-20)
(0.531949 -0.274861 -2.04217e-21)
(0.708932 0.64095 0)
(0.77129 -0.267094 -6.5791e-20)
(-0.09969 -0.127517 -2.55574e-20)
(1.20171 0.0262334 -4.12922e-19)
(1.74408 -0.674714 2.27616e-21)
(1.01588 -0.00119818 1.92368e-19)
(0.979831 0.0133757 0)
(-0.515247 -0.195325 0)
(1.61909 -0.433375 0)
(-0.0888822 0.292049 -7.15155e-20)
(0.491944 0.144258 -1.21662e-19)
(-0.151747 0.216195 9.77043e-20)
(1.19028 0.0293446 3.39984e-19)
(-0.190884 -0.0157528 4.70927e-21)
(1.02953 0.011015 -2.67707e-19)
(0.766663 -0.533052 0)
(0.759909 -0.000977736 1.58912e-19)
(0.589561 -0.569227 -2.01792e-19)
(1.25146 0.741546 0)
(0.961317 0.0248921 -3.65075e-19)
(-0.0422375 0.109976 0)
(1.02222 -0.006975 1.26539e-20)
(-0.0890291 0.214797 0)
(2.70343 -0.0584133 2.27521e-19)
(-0.147888 -0.124093 1.92026e-21)
(1.59006 0.800943 7.43878e-20)
(2.10857 0.0983205 1.39972e-19)
(0.522358 0.191646 -3.6176e-19)
(2.02203 0.176234 -3.19273e-19)
(1.27979 -0.386353 -1.2412e-20)
(-0.136984 -0.177609 0)
(-0.0914288 0.195706 0)
(1.8122 -0.858269 4.33718e-20)
(-0.428559 0.232375 0)
(1.13462 0.296815 1.63418e-19)
(0.579332 -0.25763 3.10572e-19)
(0.889616 -0.758893 0)
(1.1546 -0.768178 1.48108e-19)
(2.28334 -0.0156406 0)
(-0.235013 0.271068 1.79522e-19)
(-0.033872 0.168598 1.05709e-19)
(0.65915 0.608352 8.34957e-20)
(2.00352 -0.749842 2.83996e-20)
(0.613718 0.314944 -2.90086e-19)
(-0.282821 -0.0128129 3.82548e-20)
(0.738989 -0.627304 0)
(1.60082 -0.935429 1.68416e-20)
(0.559994 -0.52087 0)
(2.31566 0.174771 9.21203e-20)
(1.11906 -0.160414 -4.26659e-19)
(1.91504 -0.0863351 1.42891e-19)
(1.38981 0.318206 -1.89138e-19)
(1.38108 0.559126 0)
(1.06844 -0.370865 1.35929e-20)
(1.39478 0.403547 -1.14555e-19)
(1.21836 -0.711045 -2.15271e-19)
(1.20857 0.688632 5.50246e-20)
(0.682748 0.104711 -5.97058e-19)
(0.823901 0.082951 0)
(1.88961 -0.254783 -2.51951e-20)
(-0.116073 -0.135737 -6.96229e-20)
(2.26891 0.0335699 -1.51239e-19)
(0.722934 -0.0054234 -2.64845e-19)
(0.852014 -0.49473 0)
(0.839313 0.207568 -9.69499e-20)
(0.525669 -0.485091 -3.36808e-19)
(2.28248 -0.0188551 0)
(1.00665 0.0101583 3.97834e-19)
(-0.143461 -0.158196 0)
(2.10386 0.344978 0)
(0.478645 -0.166124 7.72893e-20)
(1.04941 -0.358814 2.33724e-20)
(1.02393 0.00894144 4.44856e-20)
(1.35975 0.431072 2.88997e-20)
(0.965374 0.024509 4.67194e-19)
(1.03497 0.0316247 -1.10549e-20)
(0.6802 0.213065 -3.53122e-19)
(1.54031 -0.447123 3.24065e-21)
(1.33344 -0.270704 0)
(-0.0674441 -0.040859 4.77514e-20)
(0.837005 -0.599679 -1.93946e-19)
(-0.107081 0.356972 -7.37474e-22)
(1.09974 -0.0653535 2.81445e-19)
(0.805214 -0.157283 0)
(0.97091 0.0236015 4.44447e-20)
(1.40969 0.668015 0)
(1.57555 -0.929497 0)
(1.33818 0.233732 0)
(-0.324559 0.290882 0)
(0.766266 -0.640596 3.38957e-19)
(-0.449174 0.177901 -2.10951e-19)
(0.143577 0.0112236 1.22791e-19)
(1.60265 0.195348 0)
(1.13638 -0.0938373 -2.57292e-19)
(1.12157 0.0244246 1.96916e-19)
(-0.00571038 0.340041 1.33318e-19)
(0.668554 0.540542 0)
(2.1465 -0.215119 -5.22162e-20)
(0.942484 -0.455451 9.49434e-20)
(-1.10138 0.0183972 2.20177e-19)
(1.83426 0.293655 1.29974e-19)
(-0.207387 0.382939 -2.70779e-19)
(0.789667 -0.717594 0)
(0.593064 0.388783 1.74302e-19)
(1.53276 -0.237826 -2.02777e-19)
(-0.117614 -0.142728 -2.81817e-19)
(1.2575 0.505016 2.19771e-20)
(1.69629 0.0421727 0)
(-0.0889843 -0.0465759 -1.43039e-19)
(0.702941 -0.0399334 8.42477e-20)
(1.61474 0.910925 0)
(-0.165354 0.11889 -2.45789e-19)
(0.921475 0.793592 -2.81878e-19)
(-0.509057 -0.28419 2.60998e-19)
(1.03163 -0.0219562 0)
(1.58613 0.559723 -2.76971e-20)
(-0.317429 0.360347 0)
(0.675571 -0.468495 -1.21191e-19)
(-0.520355 -0.261369 -1.47371e-19)
(0.763577 -0.696206 0)
(0.412215 -0.231607 4.50056e-19)
(0.516751 -0.427159 3.11739e-19)
(0.396473 -0.358698 0)
(0.954857 -0.759005 -1.64974e-19)
(0.0711702 -0.0491153 0)
(-0.133893 0.23008 -1.40659e-19)
(0.785657 -0.673307 1.65369e-19)
(2.30705 -0.286449 1.1596e-19)
(2.23252 0.139287 0)
(-0.0447431 -0.0591692 0)
(0.715354 0.665023 -3.50163e-19)
(1.72795 -0.615971 -3.07804e-20)
(-0.0268625 -0.0351235 0)
(0.956464 -0.782957 -1.74977e-20)
(1.13258 -0.0916796 0)
(1.07307 -0.113793 4.45992e-19)
(2.04215 -0.198434 -3.51847e-20)
(-0.36541 0.265362 0)
(1.19336 -0.53771 -7.0215e-20)
(-0.216012 0.304329 -4.77327e-20)
(-0.230609 0.435199 0)
(1.06606 -0.791013 1.13625e-20)
(1.00601 0.00555672 -6.64518e-19)
(0.627694 -0.451639 -1.1822e-20)
(0.794655 -0.490994 0)
(1.1699 -0.70997 -1.23414e-19)
(0.676273 0.273313 2.72005e-19)
(1.25328 0.13721 0)
(1.5362 0.0667698 -2.53253e-19)
(1.16694 -0.832533 -2.95726e-19)
(-0.04417 -0.0572475 -5.3394e-20)
(-0.0882552 -0.480954 -8.70952e-20)
(1.0788 0.0130766 2.46987e-19)
(0.895828 -0.441696 -1.19402e-19)
(1.59917 -0.491395 -2.99999e-21)
(1.32768 -0.333778 -4.24042e-20)
(0.681051 -0.10717 5.8799e-20)
(-0.184165 -0.0420698 -1.28744e-19)
(1.84097 -0.259606 0)
(2.2613 -0.351455 7.10923e-20)
(1.48994 0.673747 1.3957e-19)
(0.785496 -0.59075 -2.47209e-19)
(0.995597 0.00927823 1.36154e-20)
(0.696953 -0.506185 3.33246e-19)
(1.34705 0.827634 1.27504e-19)
(1.86848 0.0443967 1.60518e-20)
(-0.371032 0.16999 0)
(1.09209 0.0592554 -2.55344e-19)
(-0.323852 -0.478143 -1.51422e-19)
(1.10307 0.512012 8.26678e-20)
(0.0573061 -0.101941 7.78091e-20)
(1.15924 0.0298453 -4.73059e-20)
(-0.197131 0.195614 -1.72438e-19)
(1.33636 0.605194 -7.87322e-20)
(1.17743 0.918076 0)
(-0.371198 0.0913312 -7.84945e-20)
(-0.033487 0.00313954 0)
(0.684546 0.591637 -2.85605e-19)
(2.07473 0.126691 -2.08311e-20)
(-0.113815 -0.164156 8.94615e-20)
(-0.431352 -0.248154 -4.32883e-19)
(0.730395 0.109085 2.62296e-19)
(1.98854 -0.0064959 -3.00344e-20)
(0.961485 -0.328271 -3.45186e-20)
(-0.00863674 -0.010013 0)
(-1.16629 -0.124464 3.95219e-19)
(1.3774 1.00615 -1.49337e-20)
(0.847628 0.101724 -1.4385e-19)
(0.582309 0.547016 1.98817e-19)
(0.486246 0.203413 0)
(-0.157187 -0.286932 -1.03297e-19)
(-0.987269 -0.138679 3.15244e-19)
(1.2583 -0.931253 8.55382e-22)
(0.98451 -0.0197066 -2.07838e-19)
(-0.160061 -0.132746 6.37273e-21)
(-0.206 0.247269 1.44923e-19)
(-0.279587 -0.137633 -9.57485e-20)
(1.85628 -0.0693045 0)
(1.14405 0.0481106 -3.42357e-19)
(2.23274 0.0520546 1.75412e-19)
(1.2433 -0.602418 1.3722e-19)
(0.841238 -0.113606 -8.36149e-21)
(0.617151 0.36943 0)
(0.977699 0.779573 -1.66646e-20)
(0.713467 0.657351 1.88564e-19)
(0.874343 -0.541154 1.7468e-19)
(0.715213 0.533602 0)
(1.02075 0.00564908 8.90598e-21)
(0.857981 -0.641099 2.49622e-19)
(0.863963 0.451144 -4.73291e-19)
(1.19966 -0.101421 0)
(-0.0275205 -0.0285013 -2.0362e-19)
(0.00425136 0.276772 -1.05936e-19)
(1.63858 0.743525 0)
(1.311 -0.914416 -7.31951e-22)
(-0.411906 -0.110409 0)
(-0.344886 0.404942 1.08062e-19)
(0.767124 0.682381 -1.0055e-19)
(0.839345 -0.194975 0)
(-0.188432 -0.0530463 0)
(1.5299 -0.45077 0)
(-0.563575 0.0219586 4.18959e-19)
(1.17804 -0.860633 1.93247e-19)
(1.14834 -0.585223 7.79893e-20)
(1.03412 -0.166758 -1.97406e-19)
(0.852743 -0.670775 -1.98643e-19)
(0.177694 -0.181123 0)
(-0.628171 -0.304292 0)
(0.978227 -0.492251 2.10008e-19)
(-0.0512341 -0.0672413 0)
(-0.299235 0.216815 0)
(-0.134049 -0.144329 2.42911e-19)
(0.823519 0.699762 8.72598e-20)
(1.04744 0.823414 0)
(0.726828 0.584938 -8.73098e-20)
(0.828273 -0.0168533 -2.40489e-19)
(0.775612 0.592436 -2.33826e-19)
(0.618927 0.577145 -1.71105e-19)
(-0.128103 -0.163597 5.21346e-22)
(0.696062 -0.624011 0)
(0.91212 0.197149 -3.39864e-19)
(-0.155873 -0.188004 3.10535e-20)
(0.630966 0.585638 3.84974e-19)
(0.991576 0.827656 0)
(-0.746751 0.284905 2.91013e-19)
(-0.132986 -0.20926 1.54981e-19)
(-0.100675 -0.103685 -7.46182e-20)
(0.694651 0.601218 -1.51456e-20)
(0.968673 -0.00709918 6.41638e-20)
(-0.145867 -0.205801 0)
(2.30184 -0.202149 -1.63018e-19)
(1.82645 -0.24246 -2.75975e-19)
(0.628794 -0.581048 -8.83351e-20)
(-0.495738 -0.238054 8.64916e-21)
(1.22671 0.47944 1.86178e-19)
(0.911259 0.439762 0)
(1.03008 -0.159016 2.20775e-19)
(-0.0501325 -0.218742 -4.43404e-21)
(-0.117749 0.161397 3.99308e-19)
(0.913938 0.0198485 -5.8107e-20)
(1.14931 0.160217 0)
(1.91765 -0.0863466 -9.91577e-20)
(1.90731 0.0537506 0)
(0.563076 0.297519 -4.76371e-19)
(-0.219661 0.286127 0)
(-0.101586 -0.122245 1.36036e-19)
(0.674934 0.103326 0)
(0.596188 -0.486084 -2.038e-19)
(1.13429 0.0194982 2.30024e-19)
(-0.371969 0.206938 3.70325e-20)
(2.01328 -0.0650258 4.18507e-21)
(1.99061 -0.276274 -4.80622e-20)
(1.13746 0.243677 -2.29726e-19)
(-0.163289 -0.204645 -6.16198e-20)
(1.04529 -0.827231 0)
(0.807894 0.0173447 -1.67259e-19)
(0.908003 -0.354802 -3.26084e-19)
(1.68414 -0.566981 4.66747e-21)
(1.69517 0.0287017 4.34899e-20)
(1.09317 -0.00180578 4.10609e-19)
(-0.0542931 -0.22161 -6.95969e-20)
(0.975023 -0.417869 -1.47131e-19)
(0.186625 -0.179298 2.86538e-19)
(1.00847 -0.00656885 0)
(1.0047 -0.00463786 0)
(0.316554 0.0567809 1.07835e-19)
(-0.0746653 0.319484 -1.00152e-19)
(0.175507 -0.116641 -7.45029e-20)
(1.91407 0.0643468 -4.5135e-22)
(0.937728 0.181121 0)
(1.76787 0.00961368 -1.12736e-19)
(0.912508 -0.793967 -1.17283e-19)
(1.73786 -0.5536 -2.1447e-20)
(1.14177 0.866104 0)
(0.450958 -0.431283 0)
(0.635521 0.55051 -1.81454e-19)
(1.12167 0.294556 -4.20317e-19)
(2.20517 -0.292354 1.17275e-22)
(0.874322 0.18111 1.46312e-19)
(-0.0841421 -0.315651 -1.99906e-19)
(1.41751 -0.420433 2.10734e-20)
(-0.16054 -0.39348 0)
(-0.0715 -0.0816346 0)
(-0.166482 -0.243833 0)
(1.30541 -0.705944 -1.37195e-19)
(-0.224493 0.446601 -2.22628e-19)
(-0.130363 0.226769 0)
(1.33433 1.00804 -3.21515e-20)
(1.13547 0.161282 -4.42212e-19)
(2.50356 0.545545 -8.86261e-20)
(1.11908 0.955698 8.18166e-20)
(-0.168812 0.425889 1.39562e-19)
(1.11854 -0.120629 0)
(-0.166418 -0.244156 -1.95669e-19)
(-0.255984 0.43742 2.61123e-19)
(0.780443 0.0591081 1.95697e-19)
(1.586 0.974914 4.70894e-21)
(1.98392 0.822813 -2.11163e-20)
(-0.129621 0.345968 -3.68184e-22)
(0.720159 -0.657008 -4.50038e-20)
(1.1538 -0.0380646 0)
(1.70468 -0.0252883 0)
(0.992328 0.0478411 0)
(-1.19476 -0.0071827 -3.48266e-19)
(-0.185645 -0.293474 6.47261e-20)
(1.08264 0.874006 0)
(0.995021 0.00811651 5.57718e-19)
(0.798442 0.634975 -2.33609e-19)
(-1.53733 -0.04039 -2.23356e-19)
(0.865795 0.0399906 -4.41618e-20)
(0.691554 -0.629316 -2.58237e-19)
(1.42808 0.731714 -3.14101e-20)
(0.537845 -0.418268 -3.21846e-19)
(1.13503 0.00216285 -4.97073e-19)
(0.796477 0.0472954 5.01368e-20)
(1.49951 -0.183779 1.04737e-19)
(1.63739 -0.0903167 -6.90121e-20)
(-0.00991818 -0.0127163 2.16462e-22)
(1.10881 0.49295 -2.7638e-19)
(1.39373 0.644846 8.38531e-20)
(-0.150642 -0.164762 0)
(-0.0687289 -0.371906 7.516e-20)
(-0.0529899 -0.0475684 8.65019e-20)
(-0.188218 -0.0830457 -6.65511e-20)
(0.506513 0.363111 0)
(1.06069 -0.42508 0)
(-0.0358474 0.0421718 -1.45446e-19)
(-0.172608 -0.215364 -3.2553e-20)
(1.052 -0.0271787 1.97063e-19)
(-0.338804 0.230189 -3.84946e-20)
(1.07841 0.301672 -2.90061e-19)
(0.00313223 0.328065 0)
(0.806971 -0.714827 -3.67406e-19)
(1.40585 -0.104405 9.23382e-20)
(-0.176845 -0.525971 9.33922e-20)
(0.733479 0.193336 3.44093e-19)
(0.634423 0.180913 1.11004e-19)
(0.479867 -0.452503 2.27353e-19)
(-0.0333671 -0.051651 -7.49551e-20)
(1.64853 0.762094 0)
(0.422875 0.390398 -1.99501e-19)
(1.02889 -0.0116091 -3.13958e-19)
(-0.459056 -0.26049 1.70758e-19)
(1.46381 0.494912 -1.19427e-19)
(-0.066115 -0.090588 -2.71802e-20)
(0.660084 -0.602776 -1.02466e-19)
(0.834269 0.211832 -2.15676e-19)
(1.00281 0.448799 2.36465e-20)
(1.13501 -0.126437 3.98307e-20)
(0.592554 -0.194244 -3.26035e-19)
(1.94645 -0.359372 -2.23693e-20)
(1.85568 -0.0451763 0)
(1.94025 0.451052 -4.63613e-20)
(2.2443 -0.0402611 3.86244e-23)
(0.567184 -0.257323 5.23161e-20)
(1.04237 0.372253 -2.01007e-19)
(1.28346 -0.38982 -4.13773e-20)
(0.446954 0.421732 -2.58534e-19)
(-0.350017 -0.115609 1.91373e-19)
(1.66746 -0.256418 0)
(0.940358 0.00629851 0)
(0.844551 -0.74687 7.52897e-20)
(-0.135536 -0.226014 -1.69782e-19)
(-0.594558 -0.221876 -1.63191e-19)
(-0.017732 -0.0257022 -1.14894e-19)
(-0.290366 0.051583 -1.37046e-19)
(-0.199218 -0.475352 0)
(-0.0598391 -0.0653529 1.99668e-20)
(0.136164 0.341495 -1.01861e-19)
(-0.228435 0.264852 -3.29581e-19)
(0.792452 -0.0842882 0)
(1.59929 -0.349096 1.14255e-19)
(-0.0401705 -0.0447515 0)
(0.993205 0.0242011 4.01e-19)
(-0.0868814 -0.449913 1.43849e-20)
(0.514247 -0.389741 4.31515e-19)
(-0.42989 -0.495688 2.50466e-19)
(-1.08092 0.0546723 0)
(0.131322 0.263614 1.15061e-19)
(1.00081 0.0262073 -1.20913e-20)
(-0.161654 -0.0720439 0)
(1.00494 -0.00857182 -6.20794e-20)
(0.834518 -0.70244 -3.42654e-19)
(1.17511 -0.318788 0)
(0.919858 -0.250033 2.32835e-19)
(-0.0259064 0.095585 2.04903e-19)
(-0.0126585 -0.0057598 0)
(-0.157882 -0.307955 -2.9455e-21)
(0.701391 -0.60875 -4.84391e-19)
(0.941395 -0.0257322 -2.97435e-19)
(-0.144399 -0.227227 2.01467e-19)
(-0.105992 -0.14053 8.19417e-20)
(-0.168709 -0.422258 0)
(0.985079 0.49938 0)
(-0.156415 -0.549252 1.05505e-19)
(1.60044 -0.317428 -1.50527e-19)
(1.11221 0.928792 1.86556e-20)
(1.08663 0.226528 -1.30926e-19)
(1.12635 0.0105804 -2.53428e-19)
(1.02692 -0.0654945 -9.44249e-20)
(-0.13881 -0.241911 -1.87974e-19)
(1.87582 0.093772 3.77448e-19)
(0.694714 0.0342816 2.19582e-19)
(2.07834 -0.172177 1.08504e-19)
(1.03018 -0.144233 0)
(0.063212 0.238057 4.62535e-19)
(1.14084 0.0268049 -5.43292e-19)
(1.79924 0.634543 4.55641e-21)
(0.718 -0.42746 -1.79069e-19)
(-0.0744763 -0.0400215 1.07001e-19)
(0.771622 -0.675634 4.46971e-19)
(1.27013 0.208629 7.76004e-20)
(1.00768 -0.00779798 2.7484e-19)
(-0.0755327 -0.288014 -7.85834e-20)
(1.02917 0.0244383 0)
(2.03172 0.133997 -2.51814e-19)
(-0.0275617 -0.0118336 0)
(1.0145 0.0144879 -1.63381e-19)
(-1.20806 0.0348929 -4.94031e-19)
(1.73677 0.295024 3.29077e-20)
(-0.124257 -0.0953438 1.12747e-19)
(1.63508 0.0218336 -7.9958e-21)
(1.01512 -0.0164635 5.68558e-20)
(1.29549 -0.0832254 0)
(1.40824 -0.596324 -2.10977e-19)
(1.0268 0.0442443 -1.67221e-19)
(1.48776 0.815222 -5.2457e-20)
(1.34881 -0.0583054 0)
(0.681944 0.167737 -2.40712e-20)
(-0.041611 0.0481127 0)
(1.30224 0.0390605 0)
(-0.182086 -0.263541 0)
(1.27006 0.466826 0)
(1.97575 0.247079 5.34354e-20)
(0.772404 0.645595 4.09473e-19)
(0.278196 -0.279216 -2.69196e-19)
(-0.159152 -0.203645 -1.94196e-19)
(-0.0143647 -0.0114773 0)
(2.2636 -0.237853 1.15744e-19)
(1.42446 0.541368 0)
(1.49922 0.299476 0)
(-0.193493 -0.275549 8.54626e-20)
(0.840557 0.743059 1.30712e-19)
(1.63369 -0.0386984 0)
(-0.0729296 -0.0932089 4.92426e-20)
(0.926054 0.244531 1.99329e-19)
(2.03891 -0.176266 -6.05711e-20)
(1.28376 0.958574 4.48315e-20)
(0.888687 -0.799802 -5.53231e-20)
(1.70993 -0.0863521 -2.80336e-20)
(0.827136 0.747545 1.34033e-19)
(1.22027 0.958075 0)
(2.30593 -0.0308138 1.67891e-19)
(0.944229 -0.0062793 0)
(1.52471 -0.40373 5.32971e-20)
(1.12573 0.119295 2.19989e-19)
(1.00577 -0.0033913 0)
(-0.0969073 -0.0563751 4.87663e-19)
(0.876078 -0.147804 5.28817e-20)
(0.606812 -0.376951 0)
(0.647641 -0.349237 2.32722e-19)
(1.27636 0.579972 -3.42541e-20)
(0.501021 0.474019 2.83736e-19)
(-0.257039 0.319049 3.84278e-20)
(0.246688 -0.0598475 1.09555e-19)
(0.739277 0.0652712 0)
(1.28757 -0.876246 -1.41119e-19)
(1.03549 -0.0420691 4.36991e-19)
(1.58974 0.353971 1.59143e-19)
(-0.0832296 -0.120275 4.23667e-20)
(-0.497323 -0.449651 0)
(1.20446 -0.232703 -1.34116e-19)
(-0.00927409 -0.00439319 -9.18095e-20)
(0.0472625 -0.601493 -4.74022e-20)
(-0.150177 0.0695697 -9.51275e-22)
(-0.222246 0.116407 3.29277e-19)
(1.41816 -0.437579 -1.57695e-20)
(2.34448 -0.176232 2.18296e-19)
(1.22746 0.478169 -3.00246e-19)
(0.887547 -0.0629518 0)
(1.82505 -0.0662835 2.12756e-19)
(1.8333 0.0808856 4.99877e-20)
(0.883657 -0.740931 1.7143e-19)
(1.1173 -0.941915 -7.89411e-20)
(0.504846 0.469704 1.90407e-19)
(1.27093 -0.11822 0)
(1.82444 0.587466 3.48529e-20)
(-0.0138661 -0.00883218 -1.8735e-19)
(0.918164 0.802037 0)
(1.40161 0.65733 0)
(0.278293 -0.277529 -3.45622e-21)
(0.354903 0.349008 0)
(-0.508196 -0.412534 -2.49941e-19)
(-0.308345 0.404332 -1.16135e-19)
(1.67917 -0.422162 0)
(1.27683 0.0995388 1.85323e-19)
(-0.523891 -0.318139 1.36667e-19)
(0.512092 -0.484945 -5.28065e-19)
(1.99239 -0.103557 -3.02758e-20)
(0.588131 -0.532264 0)
(1.05975 0.13527 0)
(1.31659 -0.231143 0)
(1.13963 0.243472 -2.46116e-19)
(1.37764 0.111211 3.49819e-19)
(-0.886654 -0.0936462 0)
(0.873383 -0.0568385 0)
(1.96851 -0.0859326 -1.69646e-21)
(-0.125763 0.22381 1.0936e-19)
(2.2916 0.00980877 -2.28011e-19)
(1.01957 -0.487595 9.13673e-20)
(1.89471 0.0728497 -2.70814e-19)
(-0.592392 -0.274955 -1.10665e-19)
(1.93393 0.0432839 -1.82431e-19)
(1.01481 -0.0142477 4.53452e-19)
(1.56996 0.620221 0)
(-0.305774 0.40024 3.12619e-20)
(0.97296 -0.803538 2.21736e-19)
(0.855409 0.00833038 5.16183e-20)
(0.609677 -0.400682 0)
(1.84066 -0.529788 -4.98437e-21)
(1.18214 -0.181503 1.79504e-19)
(1.65502 -0.342344 0)
(0.585236 -0.542661 5.36891e-19)
(1.0102 0.15398 -2.2635e-20)
(2.39384 -0.000417008 3.33904e-19)
(-0.151072 0.305793 -2.22469e-19)
(1.3758 0.642907 1.51088e-19)
(1.17962 0.426217 3.79576e-21)
(0.930325 0.400415 2.33649e-19)
(1.70757 -0.250446 -2.01271e-19)
(-0.150653 -0.244366 -4.96546e-22)
(0.481721 -0.226388 0)
(-0.147969 -0.0953083 1.77322e-19)
(1.05105 -0.914628 0)
(1.03395 -0.631146 2.62566e-20)
(0.987274 -0.367845 -4.25552e-19)
(1.3586 0.13502 -5.08331e-20)
(-0.278606 -0.432668 -2.21217e-19)
(1.0197 0.509665 1.80369e-19)
(-0.515419 0.0703004 3.8485e-19)
(0.700777 -0.0391096 0)
(1.93763 0.0217422 0)
(1.99731 0.0883162 1.86e-20)
(0.773799 -0.0133995 0)
(1.33697 -0.204168 -1.84707e-19)
(-0.607978 -0.313522 3.25175e-19)
(1.97557 0.507399 2.01469e-20)
(1.05093 -0.0315303 0)
(0.527887 -0.31237 1.16128e-19)
(1.00792 0.026997 2.15025e-19)
(0.480699 0.168786 -3.79086e-19)
(-0.282446 -0.0820358 0)
(1.08327 -0.46104 5.81392e-19)
(1.82572 -0.0920319 -4.97695e-22)
(1.07369 -0.476017 -2.52736e-19)
(2.33252 0.204217 1.7415e-19)
(1.32991 0.820892 0)
(0.879576 0.0223239 0)
(-0.121198 -0.182129 -1.10666e-19)
(-0.0391051 0.0433761 1.63695e-19)
(0.9755 0.3904 -2.16027e-19)
(0.059651 -0.274027 -6.02054e-20)
(0.674996 0.445686 2.49589e-19)
(0.877851 0.225424 0)
(0.516428 -0.47993 0)
(0.329947 -0.0301441 3.76374e-21)
(1.1997 -0.489974 -1.22185e-19)
(0.609534 0.0291592 5.74698e-21)
(0.725855 -0.119486 1.27949e-19)
(-0.104342 0.152873 -2.91191e-19)
(1.13768 -0.0539685 1.78935e-19)
(0.691986 0.645864 0)
(1.3127 0.721909 0)
(1.65881 0.266232 0)
(-0.216262 -0.400375 -8.98429e-20)
(1.32989 0.593738 2.25237e-19)
(2.04867 -0.00220969 2.95267e-20)
(0.951574 -0.0137125 0)
(2.28668 -0.444974 0)
(2.04464 -0.0567092 -2.88276e-19)
(0.665379 0.278013 4.46034e-19)
(1.00511 0.00643882 -2.1463e-19)
(1.52845 0.495213 0)
(-0.285274 0.0233021 0)
(1.27883 0.333289 3.00032e-19)
(1.05579 0.553923 -1.33967e-19)
(1.0776 0.0299887 0)
(1.50674 -0.243348 0)
(2.08796 0.685482 -3.28138e-19)
(-0.113482 0.425093 -2.07283e-21)
(0.995408 0.0157011 0)
(0.738255 0.508405 -3.43456e-20)
(0.903328 -0.796274 0)
(1.00137 0.0178931 5.00197e-20)
(-0.222059 -0.237399 -1.40711e-20)
(0.88393 -0.299413 3.4472e-19)
(0.421732 -0.343136 -5.93662e-20)
(2.10993 -0.178699 1.31202e-19)
(1.77256 0.168079 1.17361e-19)
(0.781661 -0.026619 0)
(1.00485 0.0128232 0)
(-0.319408 -0.52508 0)
(0.696015 0.666892 -1.92514e-19)
(-0.0828698 0.11448 1.96036e-19)
(1.19465 0.367184 -4.81447e-19)
(-0.415824 0.0411287 0)
(0.861523 0.673874 1.72228e-19)
(0.987364 -0.312482 0)
(1.00567 -0.000458074 1.25489e-19)
(0.385642 -0.378303 6.59322e-20)
(1.06321 0.426569 2.65853e-19)
(1.42165 0.109964 0)
(2.15245 0.0848714 -7.1957e-20)
(0.820343 -0.0836322 -3.9435e-19)
(-0.705051 -0.382759 -3.56285e-19)
(1.05454 -0.00811797 0)
(0.897207 0.266607 1.83234e-19)
(1.85973 -0.285531 0)
(0.806459 0.55396 3.72586e-19)
(-0.694027 -0.270035 1.42301e-19)
(-0.0986362 0.161947 0)
(0.619944 0.590486 -7.24158e-20)
(0.998926 -0.618116 -1.83063e-19)
(0.45464 -0.199736 -1.31581e-19)
(1.01872 -0.0087583 0)
(-0.322753 -0.214109 -1.4788e-19)
(0.612775 -0.542489 9.14807e-20)
(0.927796 0.313966 0)
(1.62466 -0.309377 1.47331e-19)
(1.01988 0.869615 2.46806e-20)
(0.73291 -0.339297 3.37051e-21)
(0.0747294 -0.0713158 -1.09796e-19)
(0.209306 0.0481702 -5.8374e-19)
(-0.0632932 -0.0840313 4.96617e-21)
(0.844678 0.387704 2.55461e-19)
(-0.249403 0.447758 -5.40514e-21)
(1.3741 -0.630799 3.20679e-21)
(1.02024 0.0175909 -3.74608e-19)
(-0.251934 -0.457683 0)
(1.03746 0.0424646 -4.36273e-19)
(2.11986 -0.153771 1.6735e-19)
(0.920404 0.72003 2.88431e-19)
(1.12318 -0.063891 1.77957e-19)
(1.00138 -0.0180288 1.73369e-19)
(1.37694 0.168765 4.62416e-20)
(-0.0495233 -0.0705528 -4.28834e-23)
(1.67368 -0.848128 1.40879e-20)
(1.11301 -0.121847 -9.43984e-20)
(0.766985 0.0495398 1.09128e-19)
(0.892311 -0.270853 9.94431e-20)
(1.43088 0.263278 0)
(0.996175 0.764615 0)
(0.835638 -0.277497 -7.85679e-20)
(2.09363 0.188721 -2.43968e-20)
(-0.520614 -0.426235 1.19833e-19)
(1.00346 -0.515858 -6.03709e-19)
(0.591116 -0.505716 4.34392e-19)
(1.43824 0.106349 -1.28856e-19)
(0.0542124 -0.234349 7.21891e-21)
(1.47238 -0.457723 0)
(0.761662 0.1487 -7.12514e-21)
(1.57956 -0.371952 -9.70717e-20)
(1.07521 0.790903 0)
(1.06734 -0.376324 0)
(-0.287038 -0.0576104 0)
(-0.0660518 -0.0762281 -3.26072e-20)
(-0.0899579 0.174682 0)
(1.80304 0.406655 5.2057e-19)
(1.24944 0.192988 6.73689e-21)
(-1.03439 -0.189127 2.04593e-19)
(2.12527 0.852252 2.28211e-20)
(1.90421 0.457385 -7.71659e-20)
(2.08264 -0.337587 -1.42106e-20)
(-0.191644 0.0341015 -2.32085e-19)
(-0.167051 -0.373277 2.19443e-21)
(1.42919 0.163698 0)
(0.682749 -0.0339107 0)
(1.00125 0.000777182 1.6361e-22)
(-0.213997 -0.430863 0)
(1.50519 -0.0126783 -7.04236e-21)
(0.683643 -0.0307414 0)
(1.0468 0.0131282 1.42865e-19)
(0.989431 0.0160087 -4.88896e-20)
(1.15324 -0.0310579 9.94074e-20)
(1.07236 -0.0133778 -9.98117e-22)
(0.934924 -0.17252 -5.9744e-20)
(1.01873 -0.0216219 4.04184e-19)
(0.645591 -0.582294 2.08374e-19)
(-0.884573 -0.00270046 -2.71438e-19)
(1.25335 0.554174 1.87258e-20)
(-0.0459171 0.0578537 0)
(1.16357 0.824256 0)
(1.02237 0.00447402 0)
(0.974374 -0.749627 -1.30564e-19)
(1.00221 -0.860392 8.49873e-20)
(1.02433 0.341894 -1.16845e-20)
(-0.0669411 -0.0866015 -9.09659e-19)
(0.918041 -0.264305 1.69432e-20)
(0.559092 -0.345374 -6.90965e-19)
(1.57443 0.526993 -6.1518e-20)
(0.311471 -0.101004 -9.24765e-20)
(1.98767 -0.323742 2.51785e-20)
(0.647228 0.115295 -1.41934e-20)
(-0.0794509 -0.0983455 -7.13978e-20)
(1.14696 0.578766 2.02738e-19)
(-0.169641 -0.213576 0)
(0.0749292 -0.420661 1.63461e-19)
(-0.0830608 -0.0714396 -3.53707e-23)
(1.02843 -0.0427017 3.58449e-19)
(1.02058 0.00845382 -9.29139e-21)
(1.11351 -0.00931679 -9.91728e-20)
(1.45695 0.123977 1.69503e-20)
(1.67525 0.328513 5.90976e-20)
(0.376305 -0.35041 -3.46715e-19)
(0.713317 0.287304 2.08051e-20)
(1.03004 0.0107454 -2.66411e-19)
(1.35541 0.432865 -1.92813e-20)
(1.42182 0.253867 0)
(1.14509 0.617346 -3.79708e-19)
(1.0024 -0.00291452 1.02436e-19)
(0.707203 0.635477 2.65172e-19)
(1.31807 -0.447249 -2.8677e-21)
(1.07866 -0.00483165 -3.24282e-20)
(1.13655 0.0171705 9.2199e-22)
(2.25116 0.00485607 1.28805e-20)
(0.621638 0.18059 0)
(1.04416 -0.0386229 0)
(1.04818 -0.0339051 6.28408e-19)
(1.00277 -0.00140624 0)
(-0.0372728 -0.0331557 0)
(0.913844 -0.550168 0)
(1.00075 0.000920999 -5.958e-19)
(1.12466 -0.660125 1.09029e-19)
(1.02019 -0.000198101 1.25653e-20)
(1.39034 0.987442 -2.52368e-20)
(1.58098 1.03657 -1.95454e-20)
(0.866014 -0.247552 -2.9007e-20)
(1.49739 -0.194083 2.33107e-19)
(1.86569 0.259311 0)
(0.0113652 0.381149 0)
(1.9197 -0.23327 3.1653e-19)
(0.94299 -0.321751 0)
(0.999485 -0.00408502 -1.84003e-19)
(1.01084 -0.000741442 3.57728e-19)
(1.48123 0.143964 -7.27709e-20)
(0.0066139 -0.121468 1.4023e-19)
(0.977267 0.0001308 1.94265e-19)
(0.116243 0.0399555 9.85465e-21)
(0.557909 -0.119929 3.58588e-20)
(1.58313 0.14294 3.54083e-24)
(0.924298 0.0182043 -1.97465e-19)
(1.00347 0.00492105 2.31764e-19)
(1.00018 0.00047015 1.36723e-20)
(0.791143 -0.0125346 0)
(0.730848 -0.0260613 0)
(0.727187 -0.0266674 8.46345e-22)
(0.70398 -0.0286422 0)
(1.48302 -0.1482 0)
(0.957155 -0.178474 0)
(0.377284 -0.149323 -4.4599e-20)
(0.270142 -0.117029 2.81521e-20)
(1.37613 -0.368673 0)
(1.38932 -0.255633 2.76602e-20)
(1.55955 0.0525354 0)
(0.00182011 0.143099 0)
(0.0888402 0.0285919 0)
(0.335507 0.0957754 -3.02222e-21)
(1.03336 0.207293 3.62693e-20)
(0.776441 0.0236507 0)
(0.787437 0.0201296 0)
(0.96325 0.0217261 -2.43129e-19)
(0.816522 0.00817055 4.52086e-19)
(1.00777 -0.00149638 0)
(1.00007 -0.00065623 4.27911e-19)
(1.00019 -0.000778218 -2.8173e-22)
(0.785625 0.0225845 3.862e-19)
(0.99609 -0.00627454 -2.23102e-19)
(-0.0462052 0.145098 0)
(0.616024 -0.130396 -3.58814e-20)
(1.0009 -0.000249289 -2.15997e-19)
(1.00006 0.00246658 -3.71162e-19)
(1.3002 0.0661905 0)
(0.998721 0.00185358 0)
(0.999506 0.000276086 0)
(1.70002 -0.572536 -1.9615e-20)
(0.213221 0.0357763 4.22689e-20)
(0.932185 0.398053 0)
(-0.343597 0.264995 1.82102e-19)
(-0.483187 -0.103852 -4.79235e-19)
(1.02132 -0.0119333 -2.88175e-19)
(-0.190376 -0.258686 -6.26715e-20)
(1.01749 0.00880097 -2.32547e-19)
(1.14093 -0.205217 -1.32259e-19)
(0.7747 -0.444564 3.4043e-19)
(-0.0175176 -0.0191746 -4.60828e-20)
(1.02835 0.0167642 0)
(1.06613 -0.00902542 -6.22716e-20)
(0.844988 0.0275876 0)
(-0.097706 0.114826 2.89115e-19)
(0.653168 -0.352774 0)
(-0.214632 -0.347868 -1.69128e-19)
(0.306893 0.0919382 -5.8948e-21)
(1.71472 0.702601 6.31366e-21)
(-0.0741691 0.0177197 0)
(1.05242 -0.0371878 1.94348e-19)
(0.75944 -0.188146 4.46311e-21)
(0.929591 0.00991594 3.03792e-19)
(1.01322 -0.00474979 -1.96088e-19)
(1.73427 0.886703 4.61425e-20)
(0.551339 0.520054 0)
(0.477424 0.44253 2.08506e-19)
(2.12756 -0.490122 -5.91583e-22)
(1.17686 0.135812 2.04476e-19)
(1.0569 -0.688458 0)
(1.02318 0.00906581 0)
(0.99942 -0.0166065 -4.51207e-19)
(1.01755 0.0189607 -4.41707e-19)
(-0.103458 -0.143027 0)
(1.26254 0.851463 -1.30146e-19)
(1.52946 -0.535353 3.05352e-21)
(1.0168 0.0086838 1.69653e-19)
(1.01117 0.016014 -2.13061e-19)
(-0.232449 -0.328778 -1.72744e-20)
(0.804731 -0.171266 -1.14036e-19)
(1.0201 -0.0118844 7.22931e-19)
(1.47068 -0.470212 0)
(1.93068 0.660714 -5.52815e-20)
(1.01672 -0.00828898 -2.25421e-19)
(2.10692 0.0262482 -9.82128e-20)
(1.06743 0.0124396 -5.17607e-22)
(1.00992 -0.0078853 4.5007e-20)
(1.96817 -0.290974 -1.22093e-19)
(1.01464 0.00877186 2.19157e-19)
(1.00065 0.530698 3.94712e-21)
(1.01938 0.00786072 0)
(0.948013 0.170534 5.24123e-20)
(-1.08949 -0.354178 4.4516e-21)
(0.996741 0.0226193 2.17791e-19)
(1.03841 0.0213628 -5.44715e-22)
(1.26883 -0.420067 -1.57697e-20)
(1.28716 0.330282 4.28461e-19)
(0.995021 0.0182016 1.49994e-19)
(1.01828 -0.0108841 5.02316e-22)
(1.79154 0.246496 -2.17683e-20)
(1.86072 0.98433 -1.15294e-19)
(0.74723 -0.670164 7.131e-20)
(0.422015 -0.278171 -3.32077e-19)
(1.00828 -0.00827815 0)
(1.01902 0.0051187 5.44176e-20)
(1.01146 -0.00560901 1.14502e-19)
(0.768719 0.331356 5.14264e-21)
(1.01361 0.00988117 -2.28139e-19)
(1.02368 -0.0160689 2.62499e-19)
(1.0091 -0.00434636 -2.13968e-19)
(1.01389 0.0100432 -5.26173e-22)
(1.0131 0.00642415 -3.87736e-22)
(1.02357 0.0173958 2.18608e-19)
(0.911812 0.111312 5.42584e-19)
(1.9232 0.69662 0)
(0.593802 -0.69766 2.05082e-19)
(1.01016 0.000866659 0)
(1.02279 -0.0121874 -6.32031e-20)
(1.58609 0.454658 -8.22898e-20)
(2.07592 -0.120422 0)
(2.22142 -0.096719 -1.20902e-19)
(1.4016 0.374847 -9.14873e-20)
(0.775599 -0.0177877 0)
(1.71105 -0.310555 0)
(0.44195 0.351525 -4.04337e-19)
(1.14566 -0.00950645 -3.79533e-20)
(1.01787 0.000279029 -2.29621e-19)
(1.0885 -0.543414 -7.23891e-20)
(1.19344 -0.335336 -4.91287e-20)
(1.14763 0.637032 0)
(1.5458 -0.469925 0)
(2.182 0.438444 0)
(0.0280748 0.164767 1.03826e-19)
(0.875745 0.32102 1.12009e-19)
(-0.50865 -0.0555277 0)
(-0.0832124 0.0514477 -2.23904e-19)
(1.7604 0.99767 -6.778e-20)
(1.00801 -0.000572372 -4.49028e-19)
(0.710956 0.176787 4.71465e-20)
(1.02104 0.0154755 2.97561e-19)
(0.699464 -0.0427773 0)
(-0.110818 -0.151434 -1.38273e-20)
(0.643766 0.471944 -3.52014e-19)
(1.84648 0.584336 2.11267e-19)
(0.102087 0.143283 0)
(0.762187 0.0677792 9.25623e-20)
(0.547577 0.525253 5.30142e-20)
(1.22745 0.916415 -3.49264e-20)
(-0.0388564 -0.0213618 6.77584e-20)
(1.02341 0.0190847 0)
(1.07768 0.405935 3.96664e-20)
(1.01097 0.00212703 1.68437e-19)
(2.27545 0.0289144 0)
(1.01131 0.0112826 2.82715e-19)
(0.0899413 -0.376553 -7.55144e-20)
(1.01949 0.0148146 -1.74952e-19)
(1.41687 0.5799 0)
(2.31841 -0.11264 5.38282e-22)
(1.00891 0.00693388 -1.17354e-19)
(0.996111 -0.0139729 3.09395e-19)
(1.1147 0.107298 -3.63202e-21)
(1.14849 0.627516 -2.37033e-20)
(-0.145978 -0.0718112 1.7887e-19)
(2.11097 0.22753 1.90955e-19)
(0.192037 0.261499 2.48413e-20)
(0.801004 0.0150535 -4.24429e-19)
(0.820838 0.0279689 0)
(0.0747233 0.0771766 5.32406e-20)
(1.02432 -0.00828674 -3.39423e-20)
(0.973664 0.0421474 0)
(1.05481 0.00420818 -2.14827e-19)
(-0.27755 0.299544 5.79572e-21)
(-0.750647 -0.231687 1.61742e-19)
(2.08227 -0.575825 0)
(-0.91714 0.161568 -5.16997e-19)
(1.47459 -0.336007 0)
(1.04246 -0.0157467 6.31063e-20)
(1.07675 0.120673 1.88244e-21)
(1.01234 0.00285468 1.82451e-19)
(-0.633948 -0.230137 2.7794e-19)
(1.01939 0.00749108 0)
(0.994204 0.00379701 -4.36711e-19)
(1.00809 0.0108136 2.31827e-19)
(0.827392 -0.189454 0)
(0.661103 0.00905754 -1.1833e-20)
(0.957503 -0.001006 -1.98135e-19)
(-0.188196 -0.251797 2.06324e-19)
(1.00422 0.000919548 -2.26055e-19)
(1.00076 0.0366622 -5.31622e-19)
(1.59491 -0.590454 -2.80469e-20)
(-0.027114 -0.0308608 -5.68392e-20)
(0.842614 0.727638 -1.7908e-19)
(0.824229 0.38624 0)
(1.02311 -0.00451325 4.76485e-19)
(1.04074 -0.00955084 2.49535e-19)
(0.221489 0.728743 3.69393e-20)
(-0.561661 0.583755 -1.26642e-19)
(1.06787 0.0139086 -1.27906e-19)
(1.07534 -0.867991 8.202e-20)
(1.00676 0.00189912 2.36003e-19)
(0.902906 -0.648994 2.41005e-19)
(-0.361538 0.0678465 3.06683e-19)
(-0.0300033 -0.0366981 -4.22668e-20)
(0.798812 0.0135022 -6.85071e-20)
(0.700088 -0.126242 -7.38574e-19)
(1.02353 -3.79016e-05 0)
(1.28811 -0.785535 1.47479e-19)
(1.48007 0.706243 3.40682e-19)
(0.0421192 0.235406 0)
(-0.49654 0.026279 0)
(-0.117943 0.489297 0)
(1.01943 0.0151772 1.02098e-19)
(2.21843 0.0505826 0)
(1.06272 -0.022658 3.97045e-21)
(-0.578541 -0.331538 -1.35325e-19)
(-0.0125413 -0.019821 1.14239e-19)
(-0.305877 0.385803 -2.1953e-21)
(1.48719 0.387981 1.01661e-19)
(-0.0695165 -0.235059 2.18486e-19)
(1.17332 0.548268 0)
(-1.3824 0.112834 3.0879e-20)
(1.01954 0.0236612 6.18279e-20)
(-0.11816 -0.0626196 -6.94631e-20)
(0.913779 0.74423 -5.70788e-20)
(-0.0106552 -0.0131157 2.73577e-20)
(1.28954 -0.941109 8.99739e-20)
(0.272525 0.880649 -4.11131e-20)
(0.852249 -0.029497 3.91232e-20)
(-0.323919 0.143323 -2.0847e-19)
(0.907016 0.0134189 0)
(0.103802 0.334743 5.84346e-20)
(0.720615 -0.269982 -4.45523e-20)
(-0.122876 0.487527 1.04405e-19)
(2.1477 0.0919077 0)
(1.04039 0.0316369 2.47357e-19)
(-1.47318 0.0367823 0)
(1.23984 -0.286131 6.80806e-20)
(-0.681777 -0.110163 0)
(0.900056 0.358589 -2.29687e-19)
(1.63695 0.866277 -2.14824e-19)
(-0.0463926 -0.0613926 -8.41685e-21)
(0.944397 0.0536174 -4.85967e-19)
(1.02466 0.00204917 0)
(1.11223 0.0123493 1.27957e-19)
(1.40779 -0.261459 0)
(1.81043 -0.405809 0)
(1.0192 0.0133864 -4.31163e-20)
(0.994199 0.0549209 -2.06616e-19)
(1.94463 0.126649 -4.42762e-19)
(-0.195599 0.313793 0)
(1.02289 -0.00782621 8.9106e-23)
(0.902897 -0.726157 -1.57061e-19)
(0.672141 0.388368 0)
(1.07401 -0.026044 -3.09402e-19)
(1.98493 -0.0508032 1.34531e-19)
(-0.787232 -0.308414 -2.56584e-19)
(-0.165064 0.463436 1.9286e-19)
(-0.310583 -0.44159 1.32194e-20)
(-0.42743 -0.10381 -1.35153e-19)
(-0.0560805 -0.0393531 1.52105e-19)
(0.98058 -0.444574 1.04807e-20)
(0.0537309 -0.20882 1.12692e-19)
(0.922818 -0.684089 2.71285e-19)
(1.0383 -0.857447 0)
(1.00956 0.0185654 -5.13373e-19)
(0.774621 0.245346 -7.78546e-20)
(1.02072 0.00181279 -1.91376e-19)
(-0.144006 -0.0841264 -4.95556e-20)
(-0.150589 -0.275037 1.42391e-19)
(1.01796 0.0260002 -2.45764e-19)
(-0.535188 -0.479997 3.96196e-19)
(-0.530481 -0.338363 8.05656e-21)
(1.03301 -0.00684795 -4.16242e-19)
(1.65009 -0.0260878 0)
(-0.302938 0.12653 -1.04923e-19)
(-0.725844 -0.0809519 -2.45244e-19)
(1.23577 0.811425 0)
(1.12348 0.0916465 0)
(1.06976 0.0256986 2.78668e-19)
(1.76192 0.200993 -4.51353e-19)
(1.20042 -0.0291812 -2.63463e-20)
(1.19336 0.655021 1.72179e-19)
(-1.1431 -0.118142 -2.18156e-19)
(1.04287 0.0203838 1.4495e-19)
(0.04083 -0.533397 -1.15834e-20)
(1.24529 0.165084 -4.06326e-19)
(-0.204322 0.160711 0)
(0.983974 -0.242257 -2.11505e-19)
(-1.19662 0.0455625 2.25936e-19)
(1.33455 -0.544277 -2.41406e-19)
(1.02144 -0.0114515 -2.87227e-19)
(0.48703 0.47073 -1.45283e-19)
(0.930322 -0.192659 -1.7173e-19)
(-0.601742 -0.364106 1.90872e-19)
(0.907895 0.032612 -3.3247e-19)
(0.53402 0.089517 -2.12421e-19)
(1.0096 -0.00562185 -2.38928e-19)
(0.840628 0.633697 -2.44411e-19)
(-1.68202 -0.257959 -3.58934e-19)
(0.423796 -0.402491 -1.51658e-20)
(0.0472452 -0.00867079 4.09485e-20)
(-1.00774 0.415515 1.68574e-19)
(1.76919 -0.532807 0)
(1.06066 -0.825552 0)
(-0.188073 0.264739 1.38844e-20)
(0.898427 0.0747021 0)
(0.707398 -0.36921 2.12294e-19)
(-0.015073 -0.0156122 0)
(2.03349 0.0250593 4.47963e-19)
(1.02535 0.0131668 0)
(2.27006 0.0728296 -6.13872e-20)
(1.06246 -0.37308 3.89738e-19)
(0.976351 -0.00755851 2.0957e-19)
(1.07288 0.0920215 -2.10262e-19)
(0.708581 0.0434053 7.69412e-20)
(1.01682 0.028512 2.99996e-19)
(1.30979 -0.419237 0)
(0.978075 0.00875562 2.44418e-19)
(1.07197 0.103921 -1.725e-21)
(0.505665 0.637812 1.21363e-19)
(1.47316 1.09022 1.93037e-20)
(1.01953 -0.0103754 3.26408e-19)
(1.60417 -0.425895 -5.46115e-20)
(1.9815 0.636949 0)
(1.05252 0.940897 0)
(0.990053 -0.116695 -4.77829e-19)
(-0.52763 0.593323 0)
(0.721142 0.4641 7.33892e-20)
(1.17081 -0.899627 0)
(0.537807 0.405634 0)
(0.658929 0.600141 -5.4474e-19)
(2.15021 0.154751 3.10763e-20)
(1.02721 -0.0213766 -1.39162e-19)
(-0.142575 0.292544 1.05075e-19)
(1.06229 0.0619777 0)
(1.04056 -0.0397452 0)
(0.228265 -0.262793 -1.13203e-19)
(0.494222 0.561894 0)
(0.783941 0.509522 3.70108e-20)
(1.04817 -0.00540841 5.87762e-22)
(0.647109 0.495885 1.43128e-19)
(1.15104 0.0296511 3.22089e-20)
(1.5216 -0.588007 -9.15995e-20)
(1.09767 0.0411738 1.86031e-19)
(1.03843 0.00315017 -2.08592e-19)
(1.16357 0.224952 2.13884e-19)
(1.01095 0.0342416 -4.83725e-19)
(0.0470875 -0.104781 0)
(-0.385111 0.120603 -3.81171e-20)
(-1.04922 -0.300313 -3.79989e-19)
(0.892014 -0.12254 -2.72848e-19)
(2.22738 -0.0764723 0)
(-0.639714 -0.302317 1.92595e-19)
(-0.12311 0.213531 1.17451e-19)
(1.97931 -0.0544198 -2.14811e-19)
(0.996035 0.633195 1.3529e-19)
(1.46148 0.466907 5.90516e-21)
(0.886098 0.742929 4.33466e-19)
(0.569636 0.99586 1.11927e-20)
(1.099 -0.0236548 0)
(1.00308 -0.0728218 -1.40356e-19)
(-0.221453 0.370275 1.06496e-19)
(1.56914 -0.26779 -4.65778e-20)
(2.251 0.0791785 0)
(2.19503 -0.224829 0)
(1.72329 0.0990827 1.51655e-19)
(-0.107389 0.171637 0)
(1.01936 0.0299626 -1.87538e-19)
(-1.0175 0.457964 0)
(1.00722 -0.00267669 1.38875e-19)
(0.645588 -0.288436 -2.41154e-19)
(0.962971 -0.00882449 4.56583e-19)
(1.911 0.296625 3.36133e-20)
(1.06144 -0.0235048 -5.04987e-19)
(0.847738 0.0251406 5.97896e-20)
(2.3154 -0.144109 -1.49569e-19)
(1.06323 -0.0272108 0)
(1.05664 -0.0013393 1.50344e-19)
(-0.368224 -0.0568802 -1.55763e-19)
(1.12359 0.00501157 -2.37165e-19)
(0.907545 0.666151 -4.79769e-19)
(1.61409 -0.547268 1.36094e-20)
(2.18861 0.0394114 0)
(0.299683 0.00235836 5.60737e-19)
(1.07608 0.266831 0)
(-0.477316 -0.357049 7.4543e-20)
(-0.191548 -0.289136 1.20324e-19)
(1.05228 -0.874246 0)
(0.733097 0.0256082 1.2442e-19)
(-0.534499 -0.290243 0)
(2.09663 0.444436 0)
(-0.0637547 0.0271087 1.41633e-19)
(0.877968 0.121986 -2.65925e-19)
(-1.32915 -0.454103 4.19657e-19)
(0.96761 0.719048 -3.86662e-19)
(1.01032 0.0513505 -6.79274e-21)
(1.02015 -0.0335904 1.59042e-19)
(2.42423 -0.163793 0)
(1.04823 -0.0856242 -6.11097e-20)
(0.295085 -0.0139273 3.11848e-19)
(1.02214 -0.0147516 3.16199e-19)
(1.08196 -0.0120986 1.21424e-19)
(1.96812 0.326461 0)
(1.00452 -0.00791888 0)
(1.02933 0.895939 -3.40594e-20)
(1.03075 -0.0107426 -1.94307e-19)
(1.14927 -0.443617 -1.19418e-19)
(-0.507294 0.0280004 1.47767e-20)
(1.03095 -0.0560595 0)
(1.47823 0.125654 0)
(0.861755 -0.244009 6.83141e-21)
(0.714762 0.316391 -2.6067e-19)
(0.327991 0.208422 -8.103e-21)
(0.995782 0.0802984 2.73282e-19)
(0.45875 0.274806 -1.59067e-19)
(2.79159 0.346396 0)
(0.0307668 0.0427117 1.2533e-21)
(1.10021 0.0105676 -1.2707e-19)
(0.0195895 0.030316 0)
(0.80116 -0.00317098 0)
(-0.103486 -0.109606 -2.45042e-20)
(-0.225464 -0.086192 1.43395e-20)
(0.775267 0.000637915 1.26954e-19)
(1.13114 -0.0102951 0)
(0.788734 -0.727512 0)
(0.068439 -0.499797 -9.82573e-21)
(1.04762 0.741241 -2.38826e-19)
(0.432703 0.161968 -1.1746e-19)
(-0.0993724 0.428488 3.90182e-21)
(1.99731 0.82687 2.18251e-19)
(0.995219 0.0428982 1.97913e-19)
(1.02135 -0.0442927 1.13165e-19)
(0.294397 -0.157792 -7.55799e-19)
(-0.0671451 -0.0345342 0)
(-0.919505 -0.475457 -1.40215e-19)
(0.564032 -0.539164 -4.27104e-19)
(-0.221497 -0.363776 1.87811e-19)
(0.943225 0.136662 -1.98792e-19)
(0.997429 0.365923 3.85815e-19)
(1.00848 -0.0733686 1.75122e-21)
(1.0283 0.00928839 -3.62556e-20)
(0.983923 -0.00560166 1.52724e-19)
(-0.573037 -0.502493 -1.63766e-19)
(-0.0905578 -0.0892143 -8.1303e-20)
(-0.205281 -0.492436 0)
(1.20713 0.276545 1.48471e-19)
(1.12627 0.023259 0)
(-0.558296 -0.28472 -1.65152e-19)
(-0.14139 0.21873 -1.45827e-19)
(-0.123332 -0.170366 0)
(1.01087 0.00842851 2.10987e-19)
(0.981683 -0.0257728 0)
(2.57447 0.0298024 -3.22068e-19)
(-0.632058 -0.255174 3.0301e-21)
(0.987382 0.0135488 -4.35426e-19)
(-0.674563 -0.123964 6.09835e-21)
(1.64576 0.407573 -3.3793e-21)
(0.552342 0.538428 0)
(0.796627 0.698575 1.79802e-19)
(1.94157 0.568031 1.24529e-19)
(-0.211212 -0.367337 1.14745e-19)
(1.98957 0.241135 -7.07899e-21)
(-0.0936297 -0.145421 -1.00397e-19)
(1.46058 0.406114 -3.30855e-19)
(1.00871 -0.41375 2.47248e-19)
(0.468102 -0.230838 -6.40337e-21)
(0.118407 -0.112439 2.03923e-19)
(0.143119 0.140555 0)
(-0.104368 0.106031 0)
(-0.0149303 -0.0203313 6.03842e-20)
(1.00231 0.00333035 -2.33766e-19)
(1.02248 0.00663494 -1.9847e-19)
(-0.43271 -0.0525849 -1.44202e-19)
(1.64228 -0.492606 8.17748e-20)
(1.30556 -0.991279 -8.57227e-21)
(1.13559 0.771845 0)
(0.92432 0.0751476 -5.97372e-19)
(1.33758 -0.275955 -4.70625e-20)
(1.01414 -0.01984 -5.85978e-20)
(1.11034 -0.119545 1.16558e-19)
(-0.21031 -0.343413 0)
(2.30695 0.120119 -2.93803e-20)
(-0.5182 -0.314936 4.26579e-20)
(-0.18006 0.0549494 -3.14714e-19)
(1.01955 -0.0459807 2.14876e-19)
(-0.00759904 -0.0111952 0)
(1.21306 -0.273301 -5.4555e-20)
(0.503251 0.324518 1.26225e-19)
(-0.00474718 -0.00793626 6.266e-20)
(1.01881 -0.0124107 2.59468e-19)
(0.714584 0.361669 0)
(-0.156902 0.247391 1.36597e-19)
(0.430077 -0.419287 0)
(0.126274 -0.126047 -3.89375e-19)
(-0.0837605 0.090756 9.71314e-20)
(0.145851 0.144367 1.82227e-19)
(-0.00139436 -0.0034932 -6.51484e-20)
(-0.198078 -0.345597 0)
(0.974149 0.315158 2.4945e-21)
(0.797009 0.594941 -1.07665e-20)
(0.657833 -0.589758 2.69865e-19)
(1.01299 -0.00737953 0)
(1.83541e-05 -0.00135674 0)
(0.948381 -0.0606196 2.49086e-19)
(1.44637 -0.692976 -4.49349e-21)
(-1.02891 -0.532178 -3.34427e-19)
(0.975048 0.0572319 -2.71766e-19)
(0.603007 -0.548357 4.7909e-19)
(1.30385 -0.660917 -4.72006e-20)
(-0.285041 -0.525413 -2.35162e-19)
(1.10739 0.0805509 0)
(1.01659 -0.00589623 -3.00329e-19)
(0.00374414 0.000430278 0)
(-0.540729 0.154974 -2.38481e-19)
(0.15832 0.15811 1.73889e-19)
(0.000989364 -0.000694581 0)
(1.16 0.115057 -1.80664e-19)
(1.83884 0.752981 0)
(1.07659 -0.0667458 0)
(-0.170591 -0.0975897 7.32224e-20)
(-0.355327 -0.128834 -1.29163e-19)
(0.00281069 0.0028279 -5.64015e-20)
(-0.0952597 0.100934 9.21822e-20)
(0.130005 0.118537 0)
(0.967335 -0.0844048 -3.06625e-19)
(0.126622 -0.126375 -1.91527e-19)
(0.151426 0.146815 -3.47957e-19)
(0.211017 0.204219 1.30657e-19)
(0.96151 0.0382287 7.27148e-19)
(0.194762 0.185978 -1.42779e-19)
(0.00308171 0.00296038 5.30485e-20)
(0.156026 0.157016 -3.32264e-19)
(0.175332 -0.17432 -3.03365e-19)
(-0.054634 0.0624042 0)
(0.00276557 0.00181046 1.24014e-19)
(-0.388529 -0.0816894 3.62967e-19)
(0.163265 0.160824 0)
(0.197657 0.272002 0)
(-0.194036 -0.305341 0)
(0.0880848 0.0217908 4.43716e-21)
(0.230153 0.226764 2.51744e-21)
(-0.0534784 0.057846 -5.84804e-20)
(-0.105407 0.103314 8.06657e-20)
(0.203344 0.198093 -1.37497e-19)
(0.147659 -0.142842 0)
(0.00249014 0.00313766 6.04295e-20)
(-0.0312543 0.036901 -2.24934e-22)
(-0.190848 -0.268761 -1.049e-19)
(0.867079 0.0510852 -6.20787e-20)
(-0.524944 0.0763048 2.19977e-19)
(-0.0774719 0.0858613 -9.59537e-20)
(0.00365076 0.00314619 0)
(0.22741 0.227033 0)
(0.164062 -0.162886 -7.69963e-20)
(-0.017956 0.0206216 -1.03411e-19)
(2.30578 0.543454 1.86557e-19)
(1.40646 -0.570238 -1.90554e-19)
(0.209363 0.213014 2.50366e-19)
(-0.0456693 -0.0499807 4.80835e-20)
(-0.0983212 0.101231 9.10464e-20)
(0.00349596 0.00361208 -1.52677e-19)
(0.194858 -0.193631 2.76087e-19)
(-0.0064616 -0.581541 1.09284e-20)
(-0.0388727 0.0453567 0)
(0.125373 -0.122101 -3.94194e-19)
(0.937758 -0.0659423 0)
(1.50142 -0.349174 0)
(0.535259 -0.467304 -4.25455e-19)
(-0.52438 0.391436 -1.78888e-21)
(0.169896 -0.163193 1.51621e-19)
(1.00987 0.0291323 2.02784e-19)
(0.872222 -0.0783873 2.87622e-19)
(0.384858 -0.370857 5.91769e-19)
(1.88644 0.748161 6.49236e-20)
(0.23525 0.223299 1.03104e-19)
(0.867791 0.600593 0)
(0.593817 -0.517255 4.25662e-20)
(0.00307966 0.00349531 4.97071e-20)
(0.42147 0.123984 2.35859e-20)
(1.04176 -0.10827 8.97064e-20)
(1.06281 -0.23302 0)
(0.929691 -0.114182 7.26676e-19)
(-0.0467391 0.0540548 0)
(0.459548 -0.593962 0)
(1.14557 -0.206368 2.10277e-19)
(1.17752 0.374267 2.24531e-19)
(1.1056 0.0091586 0)
(-0.673775 -0.642883 1.80218e-19)
(-0.847999 -0.256134 2.25245e-20)
(1.03491 0.013144 -2.89947e-19)
(-0.1215 -0.170004 0)
(1.15594 -0.197081 0)
(1.26492 0.72972 0)
(0.124492 0.126507 4.61788e-19)
(0.00138576 0.00270978 0)
(0.203931 0.194118 1.20482e-19)
(0.162889 -0.149878 0)
(-0.0113347 0.0127771 -1.03288e-19)
(-7.16394e-05 0.00113109 0)
(0.421221 -0.00636101 1.85252e-19)
(0.818408 -0.391084 -6.14148e-19)
(-0.0134376 0.0151972 -7.64152e-23)
(-0.126599 -0.0770866 -1.36022e-19)
(0.243193 -0.23459 0)
(0.25578 0.243426 0)
(-0.387734 -0.414308 1.85646e-19)
(0.949169 0.0771636 3.38731e-21)
(1.07367 -0.343386 -2.30214e-19)
(-0.015627 0.01784 3.06395e-19)
(-0.0995778 0.0873629 1.5238e-19)
(1.07281 0.154645 2.66304e-19)
(0.000909632 -0.73768 0)
(-0.00245087 -0.000427683 -6.67235e-23)
(-0.17934 -0.254275 8.86637e-22)
(-0.079232 0.0640465 0)
(2.2463 -0.16457 -8.691e-20)
(1.04185 0.162471 0)
(0.992829 -0.0587489 3.53867e-19)
(-1.24762 -0.173595 0)
(0.220376 -0.204933 -3.46219e-21)
(1.01031 -0.0093861 1.80347e-19)
(0.575391 0.208076 4.21462e-19)
(1.31683 -0.755163 3.01538e-19)
(0.323561 0.302779 1.94381e-22)
(1.69084 0.537364 0)
(0.926178 -0.553654 8.47239e-20)
(1.75949 -0.897342 -1.11087e-20)
(-0.0106728 0.0113589 2.01004e-19)
(1.35899 0.00677857 5.31691e-20)
(2.44151 0.443703 1.00613e-19)
(-0.00755751 0.00817192 -5.94142e-20)
(1.02692 0.0391474 2.59698e-19)
(-0.126892 0.278033 -2.07302e-19)
(0.349857 0.325996 0)
(-0.00511234 -0.00280202 0)
(0.270127 0.25609 8.88934e-20)
(0.283499 -0.264066 -2.97283e-19)
(-0.00736295 0.00816295 2.12204e-19)
(1.04073 -0.7416 -9.93467e-20)
(1.03122 -0.403846 1.38436e-19)
(0.319555 -0.304843 0)
(-0.00929895 0.00791518 0)
(0.289984 0.275174 0)
(-0.0681846 0.085047 -1.22226e-19)
(0.261541 -0.259011 0)
(-0.0167985 -0.0107022 -8.67967e-20)
(0.310331 0.292453 -6.32427e-20)
(-0.0146702 0.00905596 0)
(0.245774 -0.240901 0)
(-0.0714205 -0.589178 0)
(-0.0282392 0.016829 0)
(-0.0437547 0.029773 -6.15331e-20)
(-0.123489 -0.142079 0)
(1.00243 -0.00210656 2.76065e-19)
(0.448084 -0.420834 1.10761e-19)
(-0.0879041 0.0614472 -1.0664e-19)
(-0.037397 -0.0271242 1.62722e-19)
(0.389761 0.358703 -4.55777e-20)
(1.71175 0.400418 0)
(-0.187427 0.208224 0)
(-0.131136 -0.167921 1.34563e-20)
(-0.132661 0.105514 0)
(0.346761 -0.3249 0)
(-0.0557025 -0.0414601 0)
(0.440938 0.400957 0)
(-0.0868368 -0.0708457 1.04113e-19)
(0.52085 0.484331 3.55988e-20)
(-0.169838 0.159611 -4.77112e-19)
(0.514118 -0.473673 4.77596e-20)
(1.18044 0.148037 0)
(1.17194 -0.38183 3.6277e-20)
(-0.22873 -0.581574 -1.59917e-19)
(1.05091 0.0705845 -2.50832e-19)
(1.47405 0.00235456 0)
(1.71192 -0.369868 -1.45481e-20)
(1.32111 -0.485873 2.21484e-19)
(0.948125 0.0166619 0)
(-0.15999 -0.224879 3.33321e-19)
(-0.985113 -0.203343 1.57245e-20)
(-0.0256888 -0.0193948 -2.32624e-22)
(-0.4793 -0.410567 0)
(1.09322 -0.159197 -2.59129e-19)
(0.394121 0.284281 4.51021e-19)
(2.86874 0.126576 -1.84003e-19)
(1.50174 0.682423 -6.30544e-20)
(1.51201 -0.725603 3.34561e-20)
(-0.0573636 -0.0922619 -5.52311e-20)
(2.00621 0.198552 1.79816e-20)
(1.82273 -0.711385 -2.15055e-20)
(1.05978 0.10251 -3.36725e-20)
(-0.313108 0.0821476 1.5242e-19)
(1.09847 0.000623623 0)
(2.06544 0.0610763 -1.80257e-20)
(0.159786 0.138329 -3.69748e-21)
(1.25727 -0.21457 0)
(0.107909 -0.0939707 -6.43551e-19)
(-0.0256688 0.0296347 0)
(0.489059 -0.449239 0)
(2.0148 0.637307 -8.75057e-20)
(0.873222 -0.397495 0)
(2.23034 -0.225973 1.04633e-19)
(-0.015513 -0.0117637 8.92849e-20)
(0.247321 -0.250825 9.98542e-20)
(1.01118 -0.039143 0)
(-0.305474 -0.126898 0)
(-0.0802903 -0.0412653 7.38171e-20)
(-0.105232 -0.0699059 1.97416e-19)
(1.03319 0.277137 -2.33756e-19)
(0.477253 0.102325 -4.26436e-19)
(1.03202 0.0234548 -9.5723e-21)
(2.22764 0.082815 0)
(-0.16979 -0.239324 1.10221e-19)
(-0.0248367 -0.0242018 0)
(0.644656 0.132641 3.6097e-19)
(0.976497 0.185423 -5.19918e-20)
(0.650325 -0.548912 -2.19147e-19)
(1.00564 0.150413 3.66299e-19)
(0.99684 0.0131118 0)
(1.39122 0.892911 -1.27952e-19)
(2.02419 -0.22467 0)
(0.572429 0.527572 0)
(0.576307 -0.688682 0)
(-0.0813083 -0.0968721 -2.52651e-20)
(0.357787 0.316496 2.56393e-19)
(-0.152241 0.423935 0)
(1.14382 0.0790077 1.59473e-19)
(1.01046 -0.213628 0)
(0.516192 0.0482564 1.74862e-19)
(0.347309 -0.08897 2.32113e-19)
(-0.0830699 0.413482 2.88117e-19)
(0.306383 -0.41198 -1.41069e-19)
(0.975295 -0.0102494 2.16493e-21)
(1.44821 -0.58001 3.2598e-19)
(1.49152 -1.01856 9.30811e-21)
(0.12578 0.0877354 1.50516e-19)
(2.12534 0.43313 0)
(-0.556254 -0.472548 0)
(-0.177294 0.304732 0)
(1.34541 -0.108139 2.19347e-19)
(-0.51394 -0.378067 -7.51416e-20)
(0.262652 -0.242346 -1.93974e-19)
(2.44224 -0.0865303 7.23641e-20)
(0.848615 0.557459 -7.36226e-20)
(0.849355 0.293017 5.35795e-21)
(0.967691 0.251913 7.04887e-20)
(1.40756 -0.0359817 -4.4886e-20)
(-0.138073 -0.210508 5.12519e-20)
(-0.263775 -0.342162 0)
(0.91721 0.0151435 0)
(-0.228086 -0.230116 1.0065e-19)
(0.169373 0.167767 0)
(2.06179 0.492502 0)
(-0.405869 -0.277844 8.85501e-20)
(0.59195 0.513394 -2.39089e-19)
(0.445831 -0.345284 3.32162e-19)
(-0.217038 -0.037069 0)
(1.45411 0.966377 -2.40726e-20)
(1.06189 0.0136731 0)
(-0.356647 -0.409061 -3.70791e-19)
(-0.451411 -0.186001 -1.45211e-19)
(1.24446 -0.379269 1.00724e-19)
(0.491803 0.464206 5.39117e-19)
(0.709878 -0.192821 2.44213e-19)
(-0.311624 0.101075 0)
(1.15777 0.0685745 1.68473e-19)
(1.04532 0.604467 -9.83684e-20)
(-0.167172 -0.0608807 0)
(0.680922 -0.212493 0)
(1.36635 0.883516 6.51761e-20)
(-0.0219094 0.0254087 -2.04751e-19)
(1.89607 -0.178086 -2.96834e-19)
(1.15432 0.401014 0)
(1.56604 -0.480944 2.64867e-20)
(0.80687 0.47884 0)
(-0.176614 -0.0969416 -1.56944e-19)
(1.33203 0.954902 -8.24677e-20)
(1.81593 0.611739 1.4571e-20)
(0.731736 -0.402839 -1.29927e-20)
(-0.11069 0.0511035 7.48101e-22)
(-0.164721 -0.192801 -5.39996e-20)
(1.03274 0.0825194 2.56435e-19)
(-0.428484 -0.131659 0)
(0.993579 0.211193 3.55771e-21)
(1.8064 0.434788 -1.5181e-20)
(1.45561 -0.827455 2.25309e-19)
(1.24238 -0.290386 -1.55298e-19)
(1.64269 -0.325184 1.08569e-19)
(-0.204944 -0.0857044 2.98413e-20)
(0.644842 0.579097 1.4223e-19)
(0.136497 -0.0771638 1.42755e-19)
(1.61218 0.542701 -2.24774e-20)
(1.59524 0.36712 -1.11472e-20)
(2.07273 0.0178845 4.80025e-20)
(0.927433 0.640386 1.38634e-19)
(-0.26535 -0.654021 3.55502e-19)
(1.01417 -0.395202 -1.10362e-19)
(0.992435 0.28621 -1.53762e-19)
(-0.253325 -0.40169 -6.89907e-20)
(-0.268793 0.360294 0)
(1.00139 0.00450454 5.77412e-19)
(0.57402 -0.0635743 0)
(0.909701 0.600901 -1.43294e-19)
(1.27611 0.245463 -8.95275e-22)
(-0.144074 -0.211069 -7.69839e-21)
(1.8462 -0.433789 0)
(1.13306 -0.350335 0)
(1.43241 -0.267531 4.67902e-20)
(0.597213 -0.442579 1.41093e-19)
(1.05773 -0.301157 0)
(-0.165427 -0.222193 -1.13252e-19)
(0.927587 -0.0641366 -2.7824e-19)
(0.711345 -0.59966 -3.25242e-21)
(-0.31714 -0.290385 1.85415e-19)
(-0.0239681 -0.0322259 -6.64051e-20)
(-0.0960281 -0.049167 -1.18506e-19)
(0.0930565 -0.0303943 -2.06001e-19)
(-0.699037 -0.128509 -6.76504e-21)
(0.804025 -0.265341 -1.64268e-19)
(1.41621 0.432583 -3.99021e-20)
(0.683332 0.00772364 0)
(0.810267 0.147232 3.34547e-19)
(1.17061 -0.35172 3.97737e-21)
(0.976664 -0.113626 -5.0336e-21)
(0.631447 0.565746 1.85115e-19)
(1.91941 0.18595 -1.28803e-21)
(1.24236 -0.125488 9.98762e-20)
(1.05685 -0.0147106 4.72175e-20)
(0.802139 -0.347313 1.70227e-19)
(0.478461 -0.156919 0)
(-0.0174542 -0.0224034 6.46278e-20)
(0.973027 0.117975 1.70311e-19)
(1.13807 0.73478 9.66173e-20)
(-0.0112248 -0.0155641 1.32882e-19)
(1.0096 -0.584957 3.58651e-19)
(0.115695 -0.104625 0)
(1.87729 0.925744 0)
(0.256818 0.253433 3.61303e-19)
(1.64967 0.60312 0)
(-0.171102 0.176086 0)
(0.945234 -0.600384 -3.12507e-19)
(-0.0073512 -0.0106024 1.95164e-19)
(-0.116178 0.0160028 1.55794e-19)
(1.08805 -0.0143467 5.61038e-20)
(1.64268 1.10194 -2.0832e-23)
(0.950599 -0.0215724 -1.95275e-19)
(0.118016 -0.115247 1.02537e-19)
(1.06636 0.159872 -1.84216e-19)
(-0.17061 0.177981 2.67686e-19)
(1.07384 0.386538 0)
(0.257773 0.257747 -1.83718e-19)
(-0.466072 -0.0863118 1.31333e-19)
(1.99725 0.377791 0)
(-0.637136 0.0566312 -1.42908e-19)
(0.0150084 0.0656065 1.40719e-19)
(-0.276002 -0.28681 0)
(-0.0495631 -0.028253 -2.47395e-20)
(0.206108 -0.200667 0)
(0.964427 -0.696677 0)
(-0.154698 0.168895 1.93468e-19)
(0.533613 -0.505074 5.53086e-19)
(-0.00553699 -0.00800639 -1.16281e-19)
(-0.233673 -0.16535 -1.32614e-19)
(0.218505 -0.219218 -1.96052e-19)
(0.265038 0.260165 5.38205e-19)
(-0.202925 -0.37823 -1.43883e-19)
(-0.360461 -0.492719 -7.8486e-20)
(-0.00712877 -0.00450484 0)
(-0.152961 -0.215143 9.30825e-20)
(1.02784 -0.118616 -3.72153e-19)
(-0.142338 0.157451 9.36532e-20)
(1.57147 -0.516052 6.18071e-20)
(1.50221 0.178185 0)
(2.20406 0.303518 -1.87871e-20)
(0.94716 -0.0199978 0)
(-0.00248738 -0.00272517 0)
(0.234668 0.23989 0)
(0.972626 0.0911544 0)
(1.07721 -0.240781 0)
(0.996821 0.126536 -3.38822e-19)
(0.259885 0.260609 -1.74484e-19)
(-0.395747 -0.333202 -1.14706e-19)
(-0.00324318 -0.00428921 1.26111e-19)
(0.960467 -0.1739 1.89259e-19)
(0.744002 -0.333426 0)
(-0.158992 0.123738 -2.00733e-19)
(1.00909 -0.00765071 -2.32671e-19)
(-0.866929 0.0159116 4.91716e-19)
(0.00104934 0.000730182 0)
(-0.0130223 -0.0141214 -6.64933e-20)
(0.307976 0.287468 -1.41678e-21)
(0.276647 0.264492 0)
(0.000569117 0.000608494 5.88616e-20)
(-0.36348 0.358585 1.95968e-19)
(1.26245 -0.478528 2.42886e-19)
(1.72112 -0.413695 -5.7982e-20)
(0.843495 -0.0072339 -2.61774e-19)
(1.04621 0.0518536 0)
(0.359141 0.350215 -2.4914e-19)
(-0.468018 -0.42042 1.7417e-19)
(0.340409 0.330874 -4.14015e-19)
(0.334889 0.325752 1.3246e-19)
(0.276722 -0.29043 0)
(-0.10688 0.121118 5.4737e-20)
(-0.166003 0.176173 0)
(0.00172815 0.00143578 1.44447e-19)
(-0.0114332 -0.0126415 1.33967e-19)
(0.45959 -0.333644 7.06296e-19)
(0.729248 -0.0733539 -5.96431e-20)
(0.366543 0.366473 0)
(-0.121048 0.130683 2.33371e-19)
(0.212839 -0.214668 3.95639e-19)
(1.24701 0.148418 -5.48905e-21)
(0.360975 0.36219 0)
(1.0364 0.359603 -1.16065e-20)
(-0.336176 -0.358111 9.03773e-21)
(2.56643 0.0607559 8.2886e-20)
(0.00267505 0.00269237 0)
(1.23667 0.79706 0)
(-0.0653192 0.0745429 -3.07092e-19)
(0.308849 -0.31008 -3.18226e-19)
(0.248009 -0.22081 4.7213e-20)
(2.03408 0.254474 -4.20244e-20)
(1.11939 0.363282 -1.38744e-19)
(0.285042 -0.276669 -3.14594e-19)
(1.03376 -0.0197446 3.85802e-19)
(1.01363 0.0895013 0)
(0.698621 -0.218046 -2.47293e-21)
(1.08075 0.0205661 1.37736e-19)
(0.385155 0.0140291 1.57594e-20)
(1.35624 -0.488088 0)
(1.22862 0.195025 -1.21195e-19)
(2.03349 0.470114 -1.84196e-19)
(-0.0927362 0.107152 0)
(-0.183962 0.116389 3.72049e-19)
(1.81578 0.558644 0)
(1.00327 0.000681288 6.17381e-20)
(0.308121 -0.297079 -1.47041e-19)
(1.00434 0.00751268 6.35192e-19)
(0.559168 -0.443593 0)
(1.10589 -0.851432 0)
(0.00227433 0.00341969 5.11809e-20)
(0.112253 0.0582403 0)
(1.08574 -0.0216932 8.16642e-20)
(0.571607 0.46145 6.58699e-20)
(0.722689 -0.018735 -5.2059e-19)
(-0.0789615 0.0898849 0)
(-0.24038 -0.0291615 1.63426e-19)
(-0.439169 -0.353911 0)
(1.92328 0.836715 0)
(-0.0297983 -0.0187458 0)
(-0.0393941 -0.0259059 5.03178e-20)
(1.77154 0.795947 -1.62858e-20)
(1.02525 0.0668573 0)
(-0.165659 0.164321 8.07e-20)
(-0.0319344 0.0352039 0)
(1.46433 0.3284 0)
(1.54382 -0.781352 5.95549e-20)
(0.413809 0.38916 2.08388e-19)
(-1.17067 -0.0913359 -4.25197e-19)
(0.00136793 0.00361656 -5.3822e-20)
(0.313399 -0.171949 -1.04561e-19)
(1.06736 0.29702 0)
(0.387459 0.0632082 1.75186e-19)
(1.3413 0.294221 0)
(0.899696 -0.040867 3.80775e-19)
(0.25321 0.182554 -1.78724e-19)
(0.434722 0.411393 -1.02351e-19)
(0.76662 0.28586 2.03755e-19)
(-0.310622 0.423 2.00337e-19)
(1.61958 0.754172 2.70376e-20)
(0.189953 -0.181303 2.11875e-19)
(-0.00121873 0.00198694 1.20135e-19)
(1.43655 -0.451728 -1.85227e-19)
(-0.0530061 0.061428 1.03024e-19)
(0.00380276 0.00333839 0)
(-0.102236 -0.03569 -8.96014e-20)
(-0.0233775 0.025932 1.04301e-19)
(1.00959 -0.174034 0)
(0.371731 -0.341244 1.60878e-19)
(0.282213 0.277172 1.59958e-19)
(0.273605 0.274662 -3.54144e-19)
(1.35887 -0.0054726 0)
(0.341324 -0.340001 -2.77245e-19)
(1.76679 0.505808 0)
(1.61493 0.211167 -2.36951e-20)
(-0.00301382 -0.00139424 5.9213e-20)
(0.897874 -0.0193433 0)
(0.632838 0.596726 -2.06981e-19)
(1.02234 -0.0137481 -2.84889e-19)
(1.09435 -0.0166649 -1.38679e-19)
(-0.267536 0.0674113 1.08261e-20)
(0.00630857 -0.13429 2.44412e-20)
(1.04846 0.0204061 -3.78113e-19)
(2.63269 -0.117249 -5.98361e-20)
(-0.149785 -0.0658773 8.22334e-20)
(-0.0268381 0.0304559 -2.07294e-19)
(-0.117339 0.0466226 -2.06996e-19)
(1.28082 -0.358805 1.07354e-19)
(-0.020616 0.0227646 -4.4638e-23)
(1.10579 0.00574006 -1.68674e-19)
(0.401354 -0.389139 1.06477e-19)
(-0.0304454 -0.0225193 1.47963e-19)
(0.223722 -0.213714 0)
(-0.237152 0.351047 -5.33837e-22)
(1.67763 1.03252 0)
(0.864693 0.0175628 -1.57263e-19)
(-0.17719 -0.0223523 -1.46189e-19)
(-0.196337 -0.219092 -1.17256e-19)
(0.639861 -0.554291 0)
(0.461427 0.43443 -2.74611e-19)
(-0.0367944 0.042605 1.0622e-19)
(0.198729 0.157348 -2.18762e-19)
(0.58117 0.566719 -1.27523e-19)
(1.03545 -0.027394 0)
(1.48836 -0.498127 6.93317e-20)
(1.70816 -0.377992 -7.80795e-20)
(0.0251774 -0.721965 0)
(-0.00817867 -0.00447189 -5.15097e-20)
(-0.807429 0.0144374 6.46913e-20)
(0.0361772 0.0132835 2.40622e-19)
(1.77225 -0.420795 -1.47282e-20)
(0.447305 -0.410456 -2.21186e-19)
(-0.361922 -0.342443 7.89752e-20)
(-0.0188033 0.0182093 -1.19937e-19)
(0.563727 0.47956 -3.68935e-19)
(0.608393 0.556039 -1.50778e-19)
(0.55876 0.517634 6.64375e-21)
(-0.0151158 0.0184109 5.66835e-20)
(0.000332659 0.00136958 -7.70232e-20)
(1.01195 0.0282185 1.89207e-19)
(0.254694 -0.245933 0)
(0.490015 0.460699 0)
(0.477409 -0.447651 1.90453e-19)
(-0.0159678 0.0150992 -2.12033e-19)
(-0.0562451 -0.0744185 -3.32416e-20)
(1.79841 -0.323502 7.69481e-21)
(0.525303 0.487336 0)
(0.455687 -0.453727 0)
(-0.020312 0.0157796 0)
(1.14706 0.0515865 9.40308e-20)
(0.676898 0.605678 0)
(-0.0376886 0.0204975 2.12998e-19)
(0.234132 0.243904 -6.81841e-19)
(-0.0645713 0.0394293 6.04634e-20)
(0.894642 -0.289699 1.31768e-19)
(0.00251806 0.000934758 -7.94882e-20)
(1.24746 0.509541 -1.77289e-19)
(0.140732 -0.123301 -3.54595e-19)
(-0.116322 0.0669242 3.57055e-19)
(-0.263023 0.284096 -2.668e-19)
(-0.0803459 -0.0520863 -1.13208e-19)
(0.656753 -0.620686 0)
(-0.172691 0.117534 -2.10157e-19)
(0.76839 0.66795 0)
(-0.262454 0.241783 7.58227e-20)
(0.81246 0.213885 -4.89565e-21)
(0.755018 0.430192 -3.95677e-20)
(-0.221487 0.152841 1.08936e-19)
(0.807735 -0.669856 0)
(-0.11447 -0.0713697 1.09235e-19)
(0.894806 0.749082 -1.87364e-20)
(0.405296 0.392344 -2.68612e-19)
(0.336547 -0.221143 5.49313e-19)
(0.568691 0.504645 1.79069e-19)
(1.00901 0.00307816 0)
(0.504949 0.475405 0)
(1.85957 0.487238 0)
(1.02759 0.00299635 0)
(-0.17373 0.216197 -8.83463e-20)
(0.716829 -0.576413 4.93473e-19)
(-0.0553823 -0.0393432 -3.13549e-22)
(1.0514 -0.151433 9.92133e-20)
(0.386309 -0.355139 2.87278e-19)
(2.31144 -0.244461 0)
(1.36838 -0.364563 0)
(0.0278913 -0.177718 -2.91182e-19)
(0.420939 -0.0919221 0)
(1.85463 0.319924 2.82854e-21)
(0.535291 -0.145345 -2.51906e-20)
(0.738037 0.683936 2.61846e-19)
(1.20996 0.271314 1.13278e-19)
(-0.0455219 0.0502636 0)
(-0.124042 0.157448 9.18233e-20)
(-0.0314698 -0.0200653 0)
(0.176028 0.0804463 3.98803e-19)
(0.630421 0.0229949 2.50269e-21)
(0.747835 0.387115 0)
(1.03078 0.0201485 1.77929e-19)
(1.31094 -0.257544 1.7896e-19)
(1.01721 -0.00255557 -4.98102e-22)
(0.288016 -0.26951 1.95405e-19)
(0.32265 0.318635 0)
(-0.0714778 0.0195936 0)
(-0.151722 -0.224906 3.21966e-20)
(1.55936 0.204617 1.67819e-19)
(0.662427 -0.114681 7.68297e-20)
(0.144128 0.134547 0)
(1.03508 -0.0118533 6.01741e-19)
(1.37464 -0.970755 -5.82365e-20)
(-0.166081 0.368358 3.41966e-19)
(-0.104196 -0.00418534 -3.10025e-19)
(0.295327 -0.432977 6.84682e-20)
(-0.0367561 -0.0295664 9.26759e-20)
(1.92613 0.0849283 0)
(0.32986 -0.287492 -3.59644e-19)
(1.06569 -0.0251769 -6.91077e-20)
(1.01097 -0.000241334 -2.57238e-19)
(0.539814 0.0841322 2.94799e-20)
(0.766461 -0.286506 9.87375e-22)
(1.02524 0.0250869 -2.04222e-19)
(2.34107 0.260564 0)
(-0.0223177 -0.0122534 -8.35019e-20)
(0.598935 -0.402612 -6.94765e-19)
(-0.0552015 -0.0747549 4.35378e-20)
(0.355389 0.334003 -1.5065e-19)
(-0.0608273 0.0749649 0)
(-0.0563957 0.0748027 0)
(1.65622 -0.790566 3.23938e-20)
(1.01956 0.102336 1.9055e-20)
(0.195277 -0.569346 1.29063e-19)
(-0.0241004 -0.0244495 -1.06137e-19)
(1.01708 0.0251985 -5.27895e-22)
(0.700117 -0.66106 -9.18419e-20)
(1.12544 -0.0551928 1.16166e-20)
(1.02207 -0.00236495 -9.64776e-20)
(-0.0126327 -0.00821927 0)
(0.986861 0.679506 4.24855e-19)
(0.755521 -0.188746 0)
(0.359674 -0.333335 0)
(-0.020954 -0.0147093 9.87378e-20)
(1.02469 -0.0156255 3.31094e-19)
(0.480591 -0.449635 0)
(0.826607 0.75549 5.19414e-21)
(-0.324113 -0.230237 -1.07672e-19)
(-0.0454308 0.0536575 9.71343e-20)
(0.339279 0.208756 2.4182e-19)
(1.40645 -0.218678 -2.62752e-20)
(1.80318 0.0591291 -2.54919e-19)
(1.61005 -0.282886 -7.96216e-20)
(0.990277 0.603304 1.44042e-19)
(1.05153 0.238312 2.13855e-19)
(-0.0780177 -0.104785 -3.55577e-20)
(-0.30803 -0.475205 1.3867e-19)
(1.19853 0.328763 0)
(0.448917 0.130809 1.27652e-19)
(1.22207 -0.448416 5.15999e-20)
(-0.334119 0.348423 0)
(1.39103 0.406741 -2.04021e-20)
(1.02795 0.000946159 4.24337e-20)
(-0.368839 0.0801386 0)
(1.03747 0.125213 -1.74753e-20)
(0.632191 -0.184783 0)
(0.526237 -0.502871 -5.55293e-20)
(1.03038 0.21333 2.31616e-19)
(0.849529 0.480248 2.88321e-19)
(0.792882 0.439316 4.13036e-20)
(1.02251 -0.00325456 0)
(-0.422921 -0.42414 -1.07563e-19)
(1.51381 -0.965757 3.24557e-20)
(1.07141 0.832407 3.37582e-20)
(-0.132958 -0.11795 9.02648e-20)
(1.69683 -0.269638 5.49291e-20)
(-0.0319484 0.0332334 9.02222e-20)
(0.839857 0.291411 0)
(0.871134 0.52313 0)
(-0.029603 -0.0364989 1.08182e-19)
(1.02591 -0.151324 0)
(-0.215521 0.119877 -5.22078e-21)
(-1.0096 0.15877 -2.00169e-19)
(-0.0686456 0.028023 6.85245e-22)
(2.11106 0.661266 1.02664e-19)
(1.361 -0.374372 -4.4075e-21)
(0.205235 -0.213707 0)
(1.03139 0.00965216 -4.93139e-19)
(0.795052 0.718692 1.8779e-19)
(0.156061 0.0569579 -4.918e-19)
(1.04045 -0.806987 -7.51549e-21)
(0.583583 0.104434 4.41456e-21)
(0.266622 -0.524154 -1.07318e-19)
(0.245924 -0.657532 -1.30552e-19)
(0.278937 -0.109334 5.15957e-20)
(-0.352659 0.341329 0)
(0.602058 0.187336 0)
(0.965159 -0.0574722 -3.61812e-19)
(1.11021 0.647677 0)
(0.826702 -0.311844 3.62652e-19)
(-0.275248 -0.411731 0)
(2.41193 0.245158 1.48501e-19)
(-0.000638053 -0.131577 -6.21012e-20)
(1.88056 0.77856 0)
(-0.0395449 -0.0548222 0)
(2.09925 -0.240861 9.31413e-20)
(-0.512997 -0.271316 0)
(0.120991 -0.685764 -1.99402e-19)
(0.96367 0.642678 -1.41458e-19)
(2.01667 -0.358878 -7.38772e-21)
(0.177691 -0.143612 1.89855e-19)
(-0.218291 0.154614 1.23789e-19)
(1.84773 -0.439038 0)
(0.127218 -0.130787 -1.08474e-19)
(-0.047143 0.0445801 0)
(1.07709 -0.159409 -1.57147e-19)
(-0.0221846 -0.146614 -1.61058e-19)
(-0.298174 -0.378161 1.58075e-19)
(0.641517 -0.147257 2.36449e-20)
(1.90705 -0.257887 -1.30599e-20)
(0.460222 0.444013 0)
(0.68133 -0.264826 -1.11353e-19)
(-0.262567 -0.543766 5.24068e-19)
(2.21176 0.204726 0)
(1.07677 0.613445 0)
(-0.113365 -0.072771 -9.1067e-20)
(1.36416 -0.271936 -6.02182e-20)
(0.854201 -0.215008 -1.24727e-19)
(1.53329 0.0974257 4.07616e-19)
(1.18209 0.0899908 -7.6831e-20)
(1.10706 0.10708 -1.85456e-19)
(1.10685 0.68636 -2.14265e-19)
(1.90312 -0.435396 -4.12186e-21)
(-0.0291623 -0.0371559 -7.22725e-20)
(1.03223 0.00958144 3.49995e-19)
(1.67849 0.193414 1.10585e-20)
(1.4532 0.154416 -2.8445e-19)
(1.01971 0.0640076 9.65423e-21)
(-0.258917 0.0302953 1.06756e-19)
(-0.55493 -0.361031 0)
(-0.41029 -0.0166474 0)
(0.704757 0.237844 0)
(1.8002 -0.286335 -2.05702e-19)
(-0.0703996 -0.0968915 -1.25328e-19)
(0.523225 0.436979 0)
(-0.00556932 -0.00240062 5.69202e-20)
(1.57764 -0.372203 -1.31777e-19)
(-0.0949943 -0.0633528 -9.02922e-20)
(1.05058 0.712885 2.59416e-19)
(1.24423 0.220885 1.19989e-19)
(-0.276381 -0.169685 6.07763e-20)
(0.928611 0.826167 -2.32663e-19)
(1.20203 -0.270794 9.51899e-20)
(0.95686 0.0215002 -3.26838e-19)
(1.07071 -0.0380755 -1.22818e-19)
(0.798428 0.319622 0)
(0.14393 -0.0391971 0)
(1.16607 -0.154312 7.41117e-20)
(1.36762 -0.28928 -2.1629e-19)
(-0.485675 -0.192355 -6.5545e-21)
(1.07197 0.272412 2.46093e-19)
(1.34686 1.07786 0)
(0.832028 0.128718 -1.31895e-19)
(0.212239 -0.601428 -2.52403e-20)
(0.732293 -0.273767 4.67111e-19)
(0.759337 -0.247519 -1.54602e-19)
(1.74152 0.13855 2.868e-19)
(-0.282493 -0.110598 7.26289e-20)
(-0.337744 -0.377802 -7.00359e-20)
(0.521 0.508012 5.02898e-19)
(-0.308008 0.00542277 -2.60681e-19)
(1.59036 0.0478115 -6.06773e-20)
(0.77071 -0.189341 1.01801e-19)
(-0.0796027 0.116303 -3.52862e-19)
(0.599096 0.439148 -3.70172e-19)
(0.916262 0.524614 0)
(-0.0969558 0.119944 -1.10911e-19)
(-0.259799 0.258406 -2.02247e-19)
(-0.183854 0.369876 -1.95573e-19)
(-0.0665322 0.0824519 -1.1687e-19)
(1.09975 0.0388133 -9.81578e-20)
(-0.289556 0.435428 -1.15689e-19)
(0.936236 0.56041 1.28749e-19)
(1.46222 0.8583 4.29797e-20)
(0.752163 0.69641 0)
(1.02739 0.674512 0)
(-0.0709439 0.0356677 -1.65676e-19)
(-0.329377 -0.118055 0)
(0.977709 0.566498 -1.29839e-19)
(-0.0506207 0.070036 0)
(1.59729 0.375253 9.43254e-22)
(0.678477 0.0288861 7.33157e-19)
(-0.00658008 -0.00836404 3.00786e-22)
(-0.097152 0.151551 0)
(0.579406 0.548852 0)
(-0.486317 -0.165259 1.46943e-19)
(-0.274928 0.282666 8.40806e-20)
(1.82216 -0.323887 4.6517e-20)
(-0.125747 -0.179142 1.32998e-19)
(0.55473 -0.00903851 -6.14133e-19)
(2.09899 -0.460713 6.90709e-21)
(1.67458 -0.229667 -2.06126e-20)
(-0.126555 0.167698 -9.82347e-20)
(0.333874 -0.315463 -4.26907e-19)
(-0.154649 0.19451 1.64552e-19)
(-0.294751 0.277552 0)
(0.80792 0.738504 2.58421e-20)
(0.782471 -0.180493 -1.20789e-19)
(-0.102144 -0.0646151 1.26562e-22)
(0.559609 -0.0938498 0)
(0.656902 0.618143 -3.01845e-20)
(0.443694 -0.430012 3.41169e-19)
(-0.30064 0.323027 1.32068e-21)
(0.420351 0.407277 -4.00034e-19)
(2.20691 0.784994 0)
(2.06236 -0.317263 1.37468e-19)
(-0.282126 0.316785 0)
(-0.338375 0.377252 -1.18967e-19)
(-0.184585 0.247365 7.29483e-20)
(0.443327 0.422143 3.13572e-19)
(0.839774 0.769549 -2.79933e-19)
(-0.0527608 -0.0632658 1.26289e-19)
(-0.154476 0.210132 -1.68674e-19)
(-0.0350983 -0.0450864 -1.315e-19)
(0.850955 0.347673 0)
(-0.232381 0.198403 -8.63422e-20)
(0.41433 -0.368113 3.48748e-19)
(-0.0704498 -0.0492829 -1.07491e-19)
(1.30755 0.249421 -1.99332e-19)
(-0.0484123 0.0584729 5.9113e-20)
(0.823565 0.760154 0)
(0.74193 0.694306 0)
(0.895513 0.806505 -2.34156e-19)
(0.933351 0.838165 7.54978e-20)
(1.37456 -0.790959 -2.15789e-19)
(-0.278628 0.229807 -2.48446e-21)
(0.938793 0.483475 0)
(-0.234373 0.261677 -5.23079e-20)
(1.5542 1.02915 -2.80424e-19)
(1.01576 -0.176767 6.03532e-20)
(1.46894 -0.457862 0)
(0.377366 -0.333416 3.90501e-21)
(1.87112 -0.336425 5.72121e-20)
(-0.350887 0.310769 -1.42889e-19)
(-0.274723 0.436215 0)
(-0.063461 0.0821354 -2.6191e-19)
(0.909586 0.81264 9.90725e-20)
(0.833097 0.468802 1.37408e-19)
(-0.0554063 0.0696698 -3.27231e-19)
(0.51548 -0.501269 0)
(1.53088 -0.427103 0)
(-0.0854826 0.106086 9.60665e-20)
(0.289293 -0.238247 -6.2656e-19)
(-0.0426723 -0.0541203 -8.41067e-20)
(-0.59342 -0.352882 -2.87914e-19)
(0.528253 -0.064304 3.43684e-19)
(-0.0732628 0.097262 1.06035e-19)
(0.980992 0.863464 0)
(-0.253059 0.166814 1.34726e-19)
(-0.0396008 0.0285253 -1.10178e-19)
(-0.049833 0.0608801 5.00794e-20)
(0.354377 -0.284289 2.05027e-19)
(0.0150959 -0.054212 -2.06807e-19)
(0.652571 -0.130807 3.38805e-19)
(-0.0374628 0.0434376 -5.53777e-20)
(-0.331374 -0.0478836 -1.68049e-19)
(0.792404 0.355433 0)
(1.85398 -0.204572 -1.84682e-20)
(-0.318857 0.192767 1.27003e-19)
(1.02234 0.858542 3.00833e-19)
(-0.100082 -0.150574 1.92681e-19)
(1.0368 0.913933 -5.60618e-21)
(1.96856 -0.354228 -6.60401e-21)
(-0.0745234 0.105019 1.61772e-19)
(1.14158 -0.273325 -3.44689e-21)
(-0.147167 -0.252023 9.54199e-20)
(-0.0801681 0.119126 1.59338e-19)
(-0.0398005 0.0351813 1.95475e-19)
(-0.0617034 0.0267452 -1.94601e-19)
(-0.113129 -0.0704844 1.1659e-19)
(1.1213 -0.267618 1.11665e-19)
(1.14767 0.99027 3.87969e-21)
(1.95938 -0.266155 1.87078e-21)
(-0.104988 0.13961 2.09754e-19)
(0.613633 -0.0908466 0)
(1.19591 -0.428527 0)
(-0.300808 0.300223 0)
(1.15048 0.863928 2.26425e-19)
(1.63689 -0.763498 -7.28149e-20)
(-0.00519338 0.0984656 -1.22964e-19)
(-0.0297463 -0.0416318 1.84327e-19)
(-0.0872061 0.115653 0)
(1.62671 -0.197966 1.44398e-19)
(0.483021 0.461555 -5.68046e-19)
(-0.258426 0.387805 -1.38428e-19)
(-0.136983 -0.0833988 -1.05596e-19)
(-0.361087 -0.0393496 1.86667e-19)
(1.91902 -0.304926 0)
(1.41707 1.06576 -3.00872e-21)
(-0.125086 -0.0767813 -5.22835e-20)
(0.463341 -0.0384432 0)
(0.601703 -0.00552326 -3.53414e-19)
(1.11664 0.913685 0)
(-0.358858 -0.168587 1.41197e-19)
(-0.119208 -0.0700216 1.01069e-19)
(0.992557 0.863371 -1.21219e-19)
(-0.113932 -0.0727871 4.99617e-20)
(0.453349 0.00811765 -2.12615e-19)
(1.0639 0.915707 0)
(0.455427 -0.429648 -8.33996e-20)
(0.922493 0.786455 1.57743e-19)
(0.461322 -0.385564 -3.18104e-19)
(1.13335 0.971749 0)
(0.298205 0.0836725 -5.33285e-20)
(-0.361208 -0.226862 1.19959e-19)
(1.21562 1.00569 6.68374e-21)
(-0.32934 0.369866 -2.09339e-19)
(1.40692 1.0522 2.01706e-20)
(1.63252 -0.631127 4.85386e-20)
(-0.067678 0.0871814 2.12399e-19)
(0.637417 -0.0461741 -1.47828e-19)
(1.70793 -0.129042 0)
(1.22624 1.0042 5.82566e-20)
(1.95933 -0.183134 0)
(0.798108 -0.235118 1.58116e-19)
(-0.406063 -0.169446 -2.53682e-19)
)
;

boundaryField
{
    frontback
    {
        type            empty;
    }
    Top
    {
        type            noSlip;
    }
    outlet
    {
        type            zeroGradient;
    }
    bottom
    {
        type            noSlip;
    }
    Inlet
    {
        type            fixedValue;
        value           uniform (1 0 0);
    }
    rectangle
    {
        type            noSlip;
    }
}


// ************************************************************************* //
