/*--------------------------------*- C++ -*----------------------------------*\
| =========                 |                                                 |
| \\      /  F ield         | OpenFOAM: The Open Source CFD Toolbox           |
|  \\    /   O peration     | Version:  2306                                  |
|   \\  /    A nd           | Website:  www.openfoam.com                      |
|    \\/     M anipulation  |                                                 |
\*---------------------------------------------------------------------------*/
FoamFile
{
    version     2.0;
    format      ascii;
    arch        "LSB;label=32;scalar=64";
    class       volVectorField;
    location    "4.6";
    object      U;
}
// * * * * * * * * * * * * * * * * * * * * * * * * * * * * * * * * * * * * * //

dimensions      [0 1 -1 0 0 0 0];

internalField   nonuniform List<vector> 
2186
(
(1.27644 -0.0683277 1.79659e-19)
(1.63255 -0.929544 -9.8897e-20)
(1.46848 -0.905254 6.59348e-22)
(0.732722 -0.585623 -1.24985e-19)
(-0.710435 0.488933 -2.84198e-19)
(1.02697 -0.00660643 0)
(0.715184 -0.658452 0)
(-0.749319 -0.741292 1.74454e-19)
(2.30391 0.130886 3.01005e-19)
(0.554724 -0.325704 -2.35194e-21)
(0.677369 0.606777 0)
(0.962144 -0.261871 -1.39028e-19)
(-0.725989 -0.645442 -6.70764e-20)
(1.07514 -0.00484376 -3.22315e-19)
(1.82729 -0.646664 -9.9811e-20)
(1.01175 -0.0103064 1.50485e-19)
(1.00757 0.0260411 0)
(-0.746227 -0.261745 0)
(1.02802 0.00468405 0)
(-0.184167 0.737386 -8.79562e-20)
(0.48762 0.0901264 -1.00589e-19)
(-0.00704753 0.235619 1.09043e-19)
(1.05758 -0.0216264 2.67055e-19)
(-0.260492 -0.139219 1.48198e-20)
(1.0401 0.0102062 -2.07617e-19)
(0.780663 -0.561662 0)
(0.759464 -0.028073 1.25344e-19)
(0.603241 -0.583531 -1.42138e-19)
(1.19889 0.706804 0)
(0.941712 0.0318339 -2.86562e-19)
(-0.0405143 0.350278 0)
(1.01942 -0.0407598 9.80011e-21)
(0.123437 0.818793 0)
(1.30872 0.174313 1.71866e-20)
(-0.0111345 -0.782002 1.22862e-20)
(1.53745 0.750737 2.47916e-20)
(1.11186 0.0497235 1.54364e-20)
(0.511654 0.139298 -2.98915e-19)
(2.10532 -0.156042 -4.11311e-19)
(1.05851 -0.00772747 -1.51031e-21)
(-0.792744 -0.602993 0)
(0.0118507 0.307558 0)
(1.94096 -0.839276 9.90835e-20)
(-0.0859527 0.431839 0)
(1.08605 0.271268 1.27732e-19)
(0.597708 -0.30677 2.463e-19)
(0.923223 -0.779842 0)
(1.18897 -0.773292 8.61153e-20)
(1.20496 -0.224894 0)
(-0.744174 0.662874 3.81879e-19)
(-0.0606536 0.490741 1.30256e-19)
(0.633706 0.583233 6.52334e-20)
(2.10523 -0.680558 1.10646e-19)
(0.590636 0.273349 -2.38935e-19)
(0.0560788 0.743951 4.81224e-20)
(0.755185 -0.648092 0)
(1.72429 -0.963008 2.00037e-20)
(0.574852 -0.537493 0)
(2.24147 -0.0706322 1.23827e-19)
(1.18876 -0.145877 -2.91682e-19)
(1.02295 -0.0372689 1.00876e-20)
(1.30432 0.275061 -1.40125e-19)
(1.31126 0.528676 0)
(1.04137 -0.00674879 1.65468e-21)
(1.3291 0.374789 -8.18054e-20)
(1.26631 -0.728027 -1.16258e-19)
(1.16389 0.65142 4.10895e-20)
(0.67991 0.0703863 -4.83607e-19)
(0.811403 0.0366994 0)
(2.34398 0.243637 -5.81112e-20)
(-0.758651 -0.751118 -2.15396e-19)
(1.16282 -0.0970589 -2.15485e-21)
(0.731751 -0.0349194 -2.13044e-19)
(0.864123 -0.526081 0)
(0.81136 0.173811 -7.80024e-20)
(0.547015 -0.512873 -2.55133e-19)
(1.21354 -0.143871 0)
(1.00426 0.0208827 3.10373e-19)
(-0.0604374 -0.916133 0)
(2.25799 0.246719 0)
(1.43683 -1.11036 1.17191e-19)
(1.00169 -0.0191679 3.25493e-21)
(1.02631 0.00463987 3.47257e-20)
(1.294 0.386628 2.10402e-20)
(0.947309 0.00115232 3.64679e-19)
(1.05295 0.0212159 -8.56173e-21)
(0.659881 0.176467 -2.88226e-19)
(1.01961 0.00167648 2.49028e-22)
(0.787101 0.0276708 0)
(0.0585643 0.0663939 1.13223e-19)
(0.850328 -0.621733 -1.37651e-19)
(-0.314328 0.928801 -1.4209e-20)
(1.07268 -0.0827111 2.11784e-19)
(0.822932 -0.18081 0)
(0.955057 0.016321 3.43999e-20)
(1.3477 0.636953 0)
(1.63845 -0.926376 0)
(1.3057 0.21783 0)
(-0.777995 0.602083 0)
(0.783802 -0.665578 2.45674e-19)
(0.875866 -1.01147 -7.25737e-20)
(1.07922 -1.19593 9.57394e-20)
(1.41584 0.149266 0)
(1.05952 -0.065837 -1.93629e-19)
(1.04599 0.0135786 1.54491e-19)
(0.00428612 0.685295 2.79491e-19)
(0.631024 0.494409 0)
(2.01114 0.0545018 -9.3438e-20)
(0.954206 -0.48218 6.89853e-20)
(0.808831 0.0788087 -2.08282e-20)
(1.88237 0.412904 1.34812e-19)
(-0.708613 0.563085 -5.3166e-19)
(0.812241 -0.733859 0)
(0.560133 0.342723 1.44684e-19)
(2.18111 0.0113128 -8.74314e-19)
(-0.514426 -0.266428 -5.24411e-19)
(1.03049 -0.0349516 -8.7405e-21)
(1.13257 -0.158291 0)
(0.0283906 0.0287661 -3.41277e-19)
(0.718646 -0.0649132 6.75861e-20)
(1.56822 0.875183 0)
(-0.449211 0.0757161 -5.66934e-19)
(0.885872 0.756667 -2.22035e-19)
(-0.444599 -0.504804 2.46419e-19)
(1.01817 -0.000163727 0)
(1.05022 0.00336154 1.10123e-20)
(-0.756185 0.589685 0)
(0.691694 -0.503175 -9.12923e-20)
(-0.679046 -0.505222 -1.68904e-19)
(0.782255 -0.70974 0)
(0.443234 -0.29494 3.60329e-19)
(0.544324 -0.467968 2.40111e-19)
(0.416904 -0.376146 0)
(0.976817 -0.770392 -1.00159e-19)
(1.02794 -1.09698 0)
(-0.567939 0.199856 -2.99361e-19)
(0.802038 -0.693874 1.1646e-19)
(2.21445 0.23886 2.48038e-19)
(1.95979 -0.0811684 0)
(-0.478883 -0.83153 0)
(0.690074 0.64059 -2.70455e-19)
(1.79629 -0.565282 1.61339e-20)
(-0.597722 -0.625582 0)
(0.975999 -0.795005 -1.10293e-20)
(1.05259 -0.119078 0)
(1.05498 -0.137365 3.32332e-19)
(2.00943 -0.0178269 -1.02112e-19)
(-0.70858 0.495027 0)
(1.23338 -0.551165 -4.36538e-20)
(0.249271 0.701884 -6.01699e-20)
(-0.743131 0.794218 0)
(1.09297 -0.803895 1.20631e-20)
(1.00418 0.0123257 -5.1844e-19)
(0.648229 -0.490507 -9.00782e-21)
(0.80425 -0.522682 0)
(1.21555 -0.723996 -7.3065e-20)
(0.651372 0.239079 2.23884e-19)
(1.23994 0.112836 0)
(1.55689 0.0191592 -1.4041e-19)
(1.20405 -0.846 -1.44126e-19)
(-0.45972 -0.77099 -1.49912e-19)
(-0.647359 0.254286 -3.30402e-19)
(1.06006 0.0189029 1.93528e-19)
(0.905846 -0.478391 -8.67511e-20)
(1.04323 0.00666229 -2.30549e-22)
(1.00466 0.00588925 -1.73965e-21)
(0.76991 -0.0470165 1.19849e-19)
(0.183421 -0.208658 -2.4575e-19)
(1.04568 -0.00343037 0)
(1.05234 -0.0306678 -4.68653e-21)
(1.41736 0.621475 8.9015e-20)
(0.798384 -0.616296 -1.792e-19)
(0.999165 0.00688504 1.0645e-20)
(0.715065 -0.538346 2.50933e-19)
(1.29728 0.789814 8.36302e-20)
(1.72038 -0.0721952 1.62389e-20)
(-0.688955 0.358093 0)
(1.01252 0.0351049 -2.00441e-19)
(-0.493695 0.356451 -1.20927e-19)
(1.07181 0.476408 6.47862e-20)
(0.299612 -0.156574 1.48581e-19)
(1.05887 0.0149971 -3.65388e-20)
(-0.0791233 0.80727 -2.34771e-19)
(1.27912 0.578393 -5.43526e-20)
(1.13788 0.88602 0)
(-0.689337 0.307499 -1.21641e-19)
(-0.182221 -0.0660387 0)
(0.647524 0.550881 -2.33386e-19)
(1.897 -0.077062 -2.26454e-20)
(-0.684433 -0.497326 2.05947e-19)
(-0.6772 0.0111638 -5.85528e-19)
(0.722696 0.0658051 2.12282e-19)
(1.53565 -0.507245 -8.41669e-21)
(0.953603 -0.350168 -2.5594e-20)
(-0.230498 -0.371035 0)
(0.842226 0.062087 -3.08888e-20)
(1.33633 0.970659 1.67797e-20)
(0.837557 0.0611039 -1.15394e-19)
(0.554249 0.517503 1.61679e-19)
(0.565517 0.176447 0)
(-0.750322 -0.430363 -4.67947e-19)
(0.90821 0.0101491 -2.18414e-20)
(1.30636 -0.949615 1.91585e-22)
(0.966354 -0.0234047 -1.59404e-19)
(-0.334391 -0.113453 -1.13866e-21)
(-0.550268 0.571078 2.49045e-19)
(-0.229462 -0.351924 -2.00901e-19)
(1.11287 -0.144261 0)
(1.07884 0.0440081 -2.69427e-19)
(1.44815 -0.313419 3.47752e-20)
(1.29186 -0.613306 7.55341e-20)
(1.04312 -0.0374661 -1.32951e-21)
(0.589412 0.325573 0)
(0.940116 0.740879 -1.30004e-20)
(0.686516 0.629196 1.49734e-19)
(0.882862 -0.566249 1.24924e-19)
(0.677852 0.489636 0)
(0.975974 -0.000647647 6.91832e-21)
(0.870749 -0.661701 1.77183e-19)
(0.826644 0.413556 -3.83115e-19)
(1.27769 -0.112354 0)
(-0.21907 -0.179982 -3.53777e-19)
(0.090382 0.900764 -1.89202e-19)
(1.56903 0.700235 0)
(1.35751 -0.921767 -1.63966e-22)
(-0.525501 -0.190168 0)
(-0.742691 0.640739 1.86938e-19)
(0.731413 0.64284 -8.11049e-20)
(0.846694 -0.218659 0)
(0.404203 -0.683672 0)
(1.73794 -0.406552 0)
(0.783069 -0.158529 -4.72709e-20)
(1.21495 -0.868381 9.46585e-20)
(1.20214 -0.600429 4.84784e-20)
(1.07248 -0.210067 -1.3875e-19)
(0.868663 -0.689108 -1.3913e-19)
(0.184845 -0.189268 0)
(-0.228666 -0.340581 0)
(1.00316 -0.514933 1.45952e-19)
(-0.620325 -0.830437 0)
(-0.883813 0.369919 0)
(-0.493574 -0.22284 4.47832e-19)
(0.786588 0.658885 7.0365e-20)
(1.01028 0.787195 0)
(0.689521 0.540887 -7.13317e-20)
(0.821681 -0.0465959 -1.90943e-19)
(0.737725 0.549118 -1.90092e-19)
(0.588704 0.544034 -1.39226e-19)
(-0.743761 -0.856069 1.07359e-20)
(0.710961 -0.637308 0)
(0.874669 0.167164 -2.71772e-19)
(-0.87009 -0.7207 1.02851e-19)
(0.6039 0.55763 3.09916e-19)
(0.955327 0.792007 0)
(0.739332 -0.204458 -3.27023e-20)
(-0.0635231 -1.03756 5.93253e-19)
(0.420176 -0.750124 -3.64916e-19)
(0.657182 0.557419 -1.24123e-20)
(0.975275 0.00673501 4.97901e-20)
(-0.756811 -0.483481 0)
(1.63745 0.340159 -1.04564e-19)
(1.01577 -0.0333562 1.46495e-20)
(0.644254 -0.598156 -6.28034e-20)
(-0.45416 -0.458159 6.36071e-21)
(1.17135 0.440515 1.40693e-19)
(0.87414 0.407618 0)
(1.04861 -0.131047 1.68788e-19)
(0.321561 -0.710694 -1.70457e-20)
(-0.261893 0.709724 5.477e-19)
(0.98294 0.00610413 -4.44168e-20)
(1.16972 0.146582 0)
(1.65022 0.163848 -1.47093e-19)
(1.67154 -0.0781555 0)
(0.543305 0.253907 -3.94585e-19)
(-0.614809 0.67065 0)
(-0.788137 -0.80692 4.22481e-19)
(0.85863 0.136263 0)
(0.620049 -0.523331 -1.54716e-19)
(1.04116 0.00520986 1.775e-19)
(-0.779182 0.418407 6.20575e-20)
(1.28915 -0.0806445 -5.64226e-21)
(2.16522 0.020334 -1.49274e-19)
(1.089 0.211683 -1.79649e-19)
(-0.818656 -0.610798 -1.89052e-19)
(1.07171 -0.837752 0)
(0.823935 0.0243934 -1.29466e-19)
(0.910701 -0.396702 -2.44834e-19)
(1.69103 -0.560686 -7.66233e-21)
(1.63099 -0.0221311 1.49626e-19)
(1.04599 0.0138623 3.22263e-19)
(0.148432 -0.472479 -3.94748e-19)
(0.985717 -0.439311 -1.05237e-19)
(0.19624 -0.189704 2.18757e-19)
(0.971009 -0.020151 0)
(0.995589 -0.00636602 0)
(1.02769 -0.0626783 -7.19039e-21)
(-0.689984 0.489249 -2.26447e-19)
(0.216008 -0.11576 -1.58341e-19)
(0.862896 -0.0664473 5.52171e-21)
(1.08007 -0.285051 0)
(1.44441 -0.516852 -1.44986e-20)
(0.944836 -0.814118 -5.75497e-20)
(1.81981 -0.546707 -8.35346e-20)
(1.10336 0.832506 0)
(0.47219 -0.457513 0)
(0.597377 0.505435 -1.49622e-19)
(1.06913 0.244532 -3.28344e-19)
(2.09477 0.0199301 3.69244e-22)
(0.845518 0.154505 1.16918e-19)
(-0.185435 -0.00608268 -1.09116e-18)
(1.01154 0.0149102 2.43978e-21)
(-0.925778 -0.165546 0)
(-0.386924 -0.885913 0)
(-0.701919 -0.360645 0)
(1.35507 -0.717005 -5.57839e-20)
(-0.747373 0.851096 -4.2619e-19)
(-0.523525 0.829968 0)
(1.29346 0.973489 -1.24467e-20)
(1.09134 0.150561 -3.44635e-19)
(1.07511 0.0341725 3.37041e-21)
(1.08229 0.924881 4.78283e-20)
(-0.706173 0.780705 2.78983e-19)
(1.023 -0.010835 0)
(-0.673168 -0.258555 -3.93981e-19)
(-0.751742 0.720608 5.00095e-19)
(0.770845 0.0147232 1.56388e-19)
(1.53959 0.929057 4.59103e-20)
(1.03903 -0.00857623 4.79492e-21)
(-0.39179 0.938308 -4.31824e-23)
(0.735875 -0.671015 -3.00162e-20)
(1.30491 -0.0837624 0)
(1.62151 0.0889636 0)
(1.17787 0.0688796 0)
(0.941886 0.0279662 2.12038e-20)
(-0.793912 -0.306836 1.5591e-19)
(1.04494 0.840104 0)
(0.976139 -0.00160976 4.29938e-19)
(0.760047 0.590743 -1.8991e-19)
(0.888762 0.0139659 1.63493e-20)
(0.850938 0.00266233 -3.4902e-20)
(0.706212 -0.646087 -1.80144e-19)
(1.37294 0.690419 -1.70798e-20)
(0.565507 -0.46426 -2.50268e-19)
(1.02622 -0.0087359 -3.8906e-19)
(0.977131 0.0372295 3.8078e-20)
(1.58801 -0.113963 4.82417e-20)
(0.984612 0.00193012 9.2007e-22)
(-0.366924 -0.489276 2.30731e-21)
(1.07746 0.456112 -2.16184e-19)
(1.41216 0.61358 1.04224e-19)
(0.485501 -0.961779 0)
(-0.509487 0.0579174 3.91999e-19)
(-0.291943 -0.209304 1.48381e-19)
(-0.137715 -0.192337 -1.54716e-19)
(0.469191 0.304988 0)
(1.01185 -0.0657102 0)
(0.025855 0.00384975 -1.89092e-19)
(-0.795509 -0.735472 -1.18483e-19)
(1.02503 0.00934365 1.54033e-19)
(-0.601626 0.414898 -6.13146e-20)
(1.09364 -0.330781 6.88251e-21)
(-0.000100198 0.571684 0)
(0.823996 -0.728232 -2.42335e-19)
(0.998668 0.016001 -3.84907e-21)
(-0.599135 0.414936 1.37384e-19)
(0.709556 0.157155 2.80613e-19)
(0.623592 0.140842 9.13563e-20)
(0.499357 -0.475815 1.71307e-19)
(-0.643509 -0.67348 -2.09417e-19)
(1.04149 0.00362237 0)
(0.38365 0.331322 -1.67286e-19)
(1.00567 0.00555957 -2.45567e-19)
(-0.712756 0.0354924 2.37428e-19)
(1.41388 0.462011 -7.61544e-20)
(-0.663082 -0.856241 -8.32741e-20)
(0.697598 -0.632871 -2.3749e-20)
(0.795463 0.181078 -1.74476e-19)
(0.975369 0.418402 1.87008e-20)
(1.12263 -0.136963 2.88852e-20)
(0.60998 -0.242456 -2.58418e-19)
(2.0567 -0.191666 -1.75502e-19)
(0.776079 -0.0152221 0)
(1.00096 0.0130096 2.15718e-21)
(0.840795 0.0235801 -5.76149e-21)
(1.70881 0.966021 1.743e-19)
(1.23134 0.248684 -1.99124e-19)
(1.04241 0.00937272 -5.22813e-21)
(0.410104 0.37688 -2.15478e-19)
(-0.546747 -0.326034 3.66058e-19)
(2.20196 0.585153 0)
(1.00308 0.00429524 0)
(0.86767 -0.761657 4.54808e-20)
(-0.263841 -0.950775 -6.47146e-19)
(-0.101913 -0.502726 -5.96649e-20)
(-0.454835 -0.617383 -3.38969e-19)
(-0.7326 0.148332 -2.51594e-19)
(-0.650915 0.0789549 0)
(-0.346948 -0.769648 5.45754e-20)
(0.571847 0.690403 -2.09994e-19)
(-0.57836 0.577506 -5.64544e-19)
(0.816503 -0.0958732 0)
(1.02881 -0.0476746 -6.3984e-21)
(-0.315953 -0.291316 0)
(0.981231 0.0242724 3.11186e-19)
(-0.146433 0.360316 1.01367e-20)
(0.542336 -0.43715 3.35404e-19)
(-0.436556 0.417034 2.00737e-19)
(0.646918 -0.00189666 0)
(0.18969 0.281381 2.99846e-19)
(1.04349 -0.00582114 -9.36836e-21)
(0.305987 -0.549052 0)
(1.01652 -0.00823883 -4.84836e-20)
(0.85005 -0.719644 -2.34399e-19)
(0.995475 -0.0873741 0)
(0.894926 -0.277327 1.74771e-19)
(-0.28407 -0.0429586 4.72587e-19)
(-0.0230186 -0.0712763 0)
(-0.759064 -0.369845 -1.28679e-20)
(0.719138 -0.633731 -3.54912e-19)
(0.996292 -0.0764992 -2.24261e-19)
(-0.254857 -0.935139 9.57616e-19)
(-0.74142 -0.890563 2.69534e-19)
(-0.832765 0.000489186 0)
(0.950363 0.464267 0)
(-0.123007 0.757338 2.31006e-19)
(1.42577 0.535035 -4.82254e-20)
(1.07613 0.89853 1.28285e-20)
(1.04652 0.196646 -1.03067e-19)
(1.07761 -0.0388041 -1.9374e-19)
(1.14889 -0.128846 -6.77542e-20)
(-0.422762 -0.786841 -8.64026e-19)
(1.20261 -0.130087 1.17952e-19)
(0.854788 0.026173 1.71724e-19)
(1.26042 0.159699 3.44537e-20)
(1.08753 -0.103728 0)
(0.889384 0.232093 -2.86008e-20)
(1.0604 0.0426119 -4.22257e-19)
(1.72221 0.554248 -2.10972e-20)
(0.731702 -0.465336 -1.3661e-19)
(0.0353906 0.0136985 2.55071e-19)
(0.787621 -0.69123 3.09088e-19)
(1.22648 0.213927 5.88448e-20)
(1.00111 0.00971279 2.15792e-19)
(-0.0200001 -0.0853909 -4.19238e-19)
(1.01987 0.0149512 0)
(1.02581 0.0192475 -1.60433e-20)
(-0.00999909 -0.100456 0)
(1.0582 0.0277855 -1.26335e-19)
(0.803757 -0.070067 5.52391e-20)
(1.6696 0.190204 1.14874e-20)
(-0.415661 -0.181065 1.87298e-19)
(1.59442 0.0536788 -1.97908e-20)
(1.01397 -0.0273045 4.4283e-20)
(1.34707 -0.10656 0)
(1.4376 -0.602862 -9.27842e-20)
(1.00174 0.0470928 -1.30667e-19)
(1.42814 0.78155 -1.06888e-20)
(1.31285 -0.0571462 0)
(1.02646 0.00559587 1.53642e-21)
(0.0222353 0.0138841 0)
(1.43457 0.0652423 0)
(-0.829007 -0.459941 0)
(1.19585 0.44843 0)
(2.10341 0.251901 7.236e-20)
(0.734411 0.602992 3.32585e-19)
(0.289411 -0.291795 -2.02794e-19)
(-0.830907 -0.819045 -6.72799e-19)
(-0.216278 -0.373325 0)
(1.10062 0.000224055 -2.59858e-21)
(1.51293 0.464844 0)
(1.45582 0.235627 0)
(-0.668549 -0.207765 1.72939e-19)
(0.810027 0.712457 1.01493e-19)
(1.70085 0.0293551 0)
(-0.680849 -0.608784 1.27417e-19)
(0.886846 0.212178 1.59494e-19)
(1.05788 -0.00597934 4.14538e-21)
(1.24184 0.925982 2.78946e-20)
(0.923721 -0.825751 -2.22905e-20)
(0.790106 -0.00173825 3.0592e-21)
(0.797766 0.719043 1.02929e-19)
(1.18096 0.926563 0)
(1.15128 -0.0685413 2.39225e-21)
(0.986842 0.131736 0)
(1.02613 -0.00365292 -5.86155e-21)
(0.926645 0.27162 1.97257e-19)
(1.0055 0.00023588 0)
(0.909522 0.175918 -3.10382e-20)
(0.885314 -0.157515 4.05073e-20)
(0.626224 -0.420457 0)
(0.664128 -0.395037 1.81146e-19)
(1.21593 0.547537 -2.55247e-20)
(0.470905 0.441953 2.33675e-19)
(-0.61086 0.619699 6.52624e-20)
(0.668183 0.693647 1.60864e-19)
(0.907961 -0.00512433 0)
(1.33026 -0.888773 -3.80457e-20)
(1.06047 -0.0042952 3.42247e-19)
(1.53591 0.278859 1.57615e-19)
(-0.649745 -0.520338 1.08813e-19)
(-0.186531 0.542914 0)
(1.18731 -0.181645 -9.26379e-20)
(-0.0530985 -0.108213 -2.42639e-19)
(0.869065 0.516356 2.89876e-21)
(-0.135463 -0.0160705 4.79296e-22)
(-0.240901 0.0750257 3.87856e-19)
(1.04095 0.00675464 -8.01239e-22)
(1.77934 0.277399 1.40143e-19)
(1.17892 0.451695 -2.26875e-19)
(1.0954 -0.063218 0)
(1.54095 0.0694495 1.2011e-19)
(1.50831 0.0375495 5.62993e-20)
(0.901288 -0.755701 1.13395e-19)
(1.16751 -0.972106 -1.60805e-20)
(0.476683 0.44056 1.55752e-19)
(1.03986 0.252576 0)
(1.77851 0.542066 5.45936e-20)
(-0.0902447 -0.226409 -4.96995e-19)
(0.887152 0.771777 0)
(1.04043 0.00936234 0)
(0.291503 -0.29226 -3.73539e-21)
(0.316476 0.291682 0)
(-0.121917 0.238413 -5.79361e-20)
(-0.696292 0.661275 -2.05563e-19)
(1.78199 -0.400406 0)
(1.24524 0.063482 1.03147e-19)
(-0.00414028 -0.781976 5.42792e-20)
(0.527903 -0.503345 -3.8818e-19)
(1.47638 0.121055 -1.62986e-20)
(0.603884 -0.550365 0)
(1.09014 0.123668 0)
(1.29911 -0.374741 0)
(1.08124 0.225928 -1.92311e-19)
(1.24223 0.0776763 2.71377e-19)
(0.569286 -0.0704313 0)
(1.0081 -0.036508 0)
(1.13919 -0.0202047 6.69385e-21)
(-0.396074 0.817239 1.67329e-19)
(1.41161 -0.248092 -4.27674e-20)
(1.1377 -0.528347 2.18639e-19)
(1.00718 -0.0874476 -5.05914e-20)
(-0.517391 -0.253795 -1.02163e-19)
(1.52285 -0.15447 -9.79217e-20)
(1.02041 -0.0374738 3.5081e-19)
(1.51784 0.587369 0)
(-0.833952 0.639212 5.50253e-20)
(0.995589 -0.815606 1.35265e-19)
(0.836389 -0.0298795 4.07959e-20)
(0.630865 -0.442763 0)
(1.92872 -0.419815 8.18249e-21)
(1.15896 -0.192228 1.23279e-19)
(1.02783 -0.0151463 0)
(0.598919 -0.554895 3.57758e-19)
(0.981513 -0.010841 3.61697e-21)
(1.3666 -0.357297 5.32788e-20)
(-0.552212 0.862438 -3.80693e-19)
(1.30905 0.611548 1.04272e-19)
(1.12888 0.390318 2.93831e-21)
(0.893411 0.369586 1.87879e-19)
(1.27517 0.47501 -1.60373e-20)
(-0.529394 -0.805754 -2.64838e-20)
(1.79937 0.871017 0)
(-0.193064 0.00957554 3.99738e-19)
(1.10879 -0.955835 0)
(1.06313 -0.64659 1.74774e-20)
(1.25924 0.828646 -8.61652e-20)
(1.029 0.0129216 -2.72948e-21)
(-0.885168 0.0331656 -3.97321e-19)
(0.983196 0.472895 1.43292e-19)
(0.937197 0.0808442 -2.34166e-20)
(0.834533 -0.0156284 0)
(0.805421 -0.0244262 0)
(0.755212 0.0239096 2.86594e-21)
(0.768806 -0.0464489 0)
(1.28716 -0.175155 -1.26847e-19)
(-0.169252 -0.167865 8.67396e-20)
(1.8845 0.393315 6.04517e-20)
(1.03299 0.00103832 0)
(0.55365 -0.362899 8.89175e-20)
(1.01932 0.0136279 1.67741e-19)
(0.979648 0.0689352 1.5885e-20)
(-0.361066 -0.56896 0)
(1.12268 -0.468429 3.99185e-19)
(0.993695 0.00909522 -5.58213e-24)
(1.11272 -0.487124 -1.73949e-19)
(2.13286 0.0500048 2.09501e-19)
(1.27054 0.787899 0)
(0.952991 0.00873874 0)
(-0.660999 -0.408492 -2.54041e-19)
(0.0224217 0.0221107 2.12779e-19)
(0.938711 0.359057 -1.72049e-19)
(0.501413 -0.0482986 -3.98476e-19)
(0.642967 0.404135 2.06315e-19)
(1.01047 0.0123287 0)
(0.52898 -0.491983 0)
(1.02056 -0.00511559 6.65472e-22)
(1.24759 -0.499872 -7.83902e-20)
(0.866839 -0.564074 2.26946e-20)
(0.740434 -0.146947 1.01483e-19)
(-0.261526 0.722021 -4.08713e-19)
(1.34119 -0.842498 6.34792e-20)
(0.663507 0.615769 0)
(1.25908 0.685118 0)
(1.50202 0.217996 0)
(-0.94098 -0.23135 -2.48916e-19)
(1.33543 0.565023 2.72922e-19)
(1.48059 0.142208 1.59182e-20)
(1.06114 -0.022318 0)
(1.03427 0.0193637 0)
(1.51915 -0.0778447 -9.88459e-20)
(0.973398 0.115144 -1.87687e-20)
(0.994368 0.0181007 -1.67082e-19)
(1.45819 0.472215 0)
(-0.851952 -0.0113875 0)
(1.20622 0.285696 2.29624e-19)
(1.0237 0.513828 -1.0502e-19)
(1.02656 0.0484946 0)
(1.19261 0.387396 0)
(2.04346 0.603956 -3.88085e-19)
(-0.43971 0.948166 -3.24603e-20)
(1.01864 0.0379779 0)
(0.703204 0.465753 -2.80803e-20)
(0.93116 -0.813143 0)
(1.05654 0.0300659 3.86342e-20)
(1.03697 -0.0210189 1.47781e-20)
(0.878232 -0.335753 2.57451e-19)
(1.0143 0.000899669 -1.08366e-20)
(1.94694 0.150453 2.78737e-19)
(1.01383 -0.00904359 4.21059e-21)
(0.849628 0.00830646 0)
(0.978704 -0.013766 0)
(-0.367576 0.666302 0)
(0.670675 0.640756 -1.51423e-19)
(-0.225892 0.530639 2.76923e-19)
(1.13347 0.348124 -3.69589e-19)
(-0.813633 0.236685 0)
(0.821949 0.62942 1.38779e-19)
(0.970396 -0.332823 0)
(1.0037 0.0250275 9.86451e-20)
(0.939258 0.335245 -2.43274e-21)
(1.03114 0.388125 2.07837e-19)
(1.60181 -0.819213 0)
(1.87257 -0.157353 -5.29448e-20)
(0.830181 -0.0941489 -3.08572e-19)
(0.113949 0.281213 6.93731e-21)
(1.01134 0.194908 0)
(0.865373 0.22918 1.47794e-19)
(2.01964 0.53409 0)
(0.768899 0.511566 3.03054e-19)
(0.112265 -0.100515 -5.09006e-21)
(-0.378831 0.722402 0)
(0.591069 0.559173 -5.85928e-20)
(1.02557 -0.637283 -1.23015e-19)
(0.484232 -0.260175 -1.05883e-19)
(1.00015 -0.0106744 0)
(-0.065819 -0.868459 -1.96297e-19)
(0.632804 -0.569579 6.84771e-20)
(0.894454 0.280172 0)
(1.0856 -0.0541802 -7.50926e-21)
(0.986314 0.839438 1.85686e-20)
(1.0299 -0.00711256 -1.36063e-20)
(0.855734 -0.650961 -5.14619e-19)
(0.23733 -0.0593627 -4.81416e-19)
(-0.572917 -0.916549 1.51979e-20)
(0.807707 0.352171 2.0682e-19)
(-0.76593 0.75473 -1.01078e-20)
(1.40698 -0.639464 2.97858e-21)
(1.01437 -0.00715781 -2.89536e-19)
(-0.823689 0.0620223 0)
(0.973049 0.0306162 -3.41613e-19)
(1.32398 0.294227 1.3336e-20)
(0.880236 0.675522 2.29055e-19)
(1.06034 -0.108558 1.34667e-19)
(0.994411 -0.0457982 1.34832e-19)
(1.0382 -0.0264724 2.54355e-21)
(-0.525461 -0.447744 2.96545e-22)
(1.76575 -0.854495 1.63388e-20)
(1.24765 -0.0643679 -6.76817e-20)
(1.03643 0.0674709 7.68658e-20)
(0.892833 -0.306821 7.57639e-20)
(0.745456 -0.00812644 0)
(0.955823 0.720301 0)
(0.96221 0.398095 2.89937e-21)
(1.91294 0.120479 -2.46837e-20)
(-0.329268 0.122441 5.59249e-20)
(1.02452 -0.536999 -4.24362e-19)
(0.613496 -0.538285 3.30454e-19)
(2.11122 -0.222757 -1.73899e-19)
(0.80654 -0.392824 4.53236e-20)
(1.01509 -0.0166788 0)
(0.744139 0.10728 -5.75781e-21)
(1.03103 -0.0147575 1.23477e-20)
(1.03487 0.749323 0)
(1.02247 -0.0280763 0)
(0.823615 -0.858999 0)
(-0.680812 -0.789303 -1.04192e-19)
(0.134109 0.0993543 0)
(1.03872 0.0891131 -1.44771e-20)
(1.17964 0.170944 5.20119e-21)
(0.735903 -0.0193103 -2.21796e-20)
(1.03343 0.00626046 -2.52823e-21)
(1.86044 0.441786 -9.82179e-20)
(2.03457 -0.221443 -3.13263e-20)
(-0.217835 -0.0604783 -2.72787e-19)
(-0.478948 -0.118892 9.6279e-21)
(1.01639 0.0206305 0)
(0.792666 -0.0129253 0)
(0.990517 0.00575706 1.0647e-21)
(-0.915123 -0.024015 0)
(1.38482 0.0940402 -6.93882e-20)
(0.751944 -0.00876325 0)
(1.05062 -0.00931941 1.06925e-19)
(1.00827 0.034214 -3.80952e-20)
(1.23174 -0.731953 1.82858e-20)
(1.04373 -0.00447735 -7.84145e-22)
(0.925517 -0.191531 -4.57626e-20)
(1.01812 -0.0563489 3.11902e-19)
(0.665206 -0.609627 1.54025e-19)
(0.855492 -0.0607505 2.35171e-20)
(1.02219 0.00847284 -3.84168e-21)
(0.00760448 0.110668 0)
(1.12213 0.786172 0)
(1.02942 -0.00742352 0)
(0.99344 -0.761967 -8.33941e-20)
(1.04522 -0.886988 1.73133e-20)
(1.02892 0.00674823 2.40081e-21)
(0.818456 0.219234 5.62094e-20)
(1.04241 -0.00383419 2.86751e-21)
(0.58485 -0.39543 -5.41282e-19)
(1.00465 0.00857289 4.19211e-21)
(1.03237 -0.0059363 -9.31307e-21)
(2.12475 -0.0865041 1.15801e-19)
(0.995175 -0.0089575 3.54631e-21)
(-0.743674 -0.646892 -2.04009e-19)
(1.10875 0.541446 1.55211e-19)
(0.431573 -0.793927 0)
(0.178424 0.510161 7.5768e-19)
(-0.238045 -0.706766 3.32531e-21)
(1.03171 -0.0166405 2.80567e-19)
(1.0005 0.0253836 -7.21776e-21)
(1.04338 -0.0142367 -7.71134e-20)
(1.0361 -0.0177536 4.00382e-21)
(1.55471 0.289959 3.60493e-20)
(0.400686 -0.37802 -2.67558e-19)
(1.04679 -0.0369955 -4.26067e-21)
(1.01799 -0.00894226 -2.05681e-19)
(1.01804 0.00125221 3.95376e-21)
(1.03273 0.0108035 0)
(1.10643 0.580194 -2.8967e-19)
(1.01337 -0.0219939 8.02487e-20)
(0.671401 0.595038 2.16782e-19)
(1.00477 0.00918392 -3.8757e-22)
(1.05136 -0.00330908 -2.54598e-20)
(1.03746 0.0188398 7.24335e-22)
(1.57304 -0.353893 4.56923e-21)
(0.74848 0.00811377 0)
(1.05971 -0.00664076 0)
(1.04712 -0.0245029 4.96056e-19)
(0.987483 -0.00930812 0)
(-0.249649 -0.548825 0)
(1.00538 -0.60338 0)
(0.998305 -0.00615692 -4.6688e-19)
(1.16581 -0.674875 6.45541e-20)
(1.0231 0.0323641 9.73557e-21)
(1.34722 0.950575 -7.96328e-21)
(1.5322 0.997251 -1.21591e-19)
(1.02305 -0.0181145 -4.77425e-21)
(1.11118 0.335332 -8.91382e-22)
(0.774272 -0.017593 0)
(-0.0771859 0.753065 0)
(1.50257 0.643419 8.77023e-20)
(1.03388 -0.00962647 0)
(1.00338 -0.00276205 -1.44765e-19)
(1.01229 -0.00897612 2.80757e-19)
(1.31408 0.0956185 -5.51837e-20)
(0.0152154 -0.0869437 3.08828e-19)
(1.02393 -0.00441851 1.52034e-19)
(0.959902 -0.00494167 -3.34927e-21)
(0.991485 0.0303987 2.4855e-21)
(1.03366 -0.00144408 1.29815e-23)
(0.92933 0.00295715 -1.53613e-19)
(1.00115 -0.00486757 1.80802e-19)
(1.00359 0.0143787 1.07232e-20)
(0.837375 -0.0211432 0)
(0.750772 0.000856979 0)
(0.765275 0.0121859 4.71983e-22)
(0.750222 -0.0195323 0)
(0.774815 -0.0014918 0)
(0.754631 0.00380917 0)
(0.784001 0.0123672 -4.94529e-21)
(0.950485 0.0107463 3.1181e-21)
(1.04258 -0.00452207 0)
(1.0131 -0.0112415 5.35964e-22)
(1.0274 0.0040304 0)
(0.815561 -0.000872523 0)
(0.770555 0.00796404 0)
(0.731854 0.0206285 -4.05206e-22)
(0.745944 0.00752059 -6.96844e-21)
(0.884018 0.00826117 0)
(0.817464 0.0316323 0)
(0.980645 -0.021437 -1.88057e-19)
(0.835746 -0.00539811 3.53939e-19)
(1.00297 0.00198615 0)
(0.999757 -0.00519498 3.34167e-19)
(1.00471 -0.00312186 -4.61148e-22)
(0.872942 0.0434937 2.99552e-19)
(1.00287 0.0144121 -1.7439e-19)
(0.965218 -0.00976257 0)
(0.76888 -0.0296372 -2.4876e-21)
(1.00606 0.00383492 -1.6886e-19)
(1.00156 0.00876266 -2.89849e-19)
(1.0276 -0.00207921 0)
(0.994767 -0.00348055 0)
(1.00763 -0.00487262 0)
(1.01215 -0.006953 -1.93581e-21)
(1.02322 -0.00771306 3.21569e-21)
(1.02159 0.0320412 0)
(-0.604877 0.437828 2.93188e-19)
(0.904576 0.102024 3.05571e-20)
(1.02801 -0.0187 -2.23856e-19)
(-0.941496 -0.564319 -1.87015e-19)
(0.995871 -0.00452758 -1.80673e-19)
(1.15518 -0.205216 -8.73919e-20)
(0.787267 -0.481987 2.55255e-19)
(-0.379813 -0.549231 -1.33112e-19)
(1.0358 0.00378973 0)
(1.01801 0.00916876 -4.94211e-20)
(0.952266 0.0124785 0)
(-0.101224 0.43309 3.71876e-19)
(1.00828 -0.0114022 0)
(-0.862626 -0.305424 -3.95225e-19)
(0.982175 0.0102411 3.52824e-21)
(1.66633 0.645686 7.18273e-20)
(-0.0869506 0.00763713 0)
(1.07152 -0.0330081 1.51818e-19)
(1.02388 -0.00473851 5.53885e-22)
(0.916818 -0.0256034 2.38505e-19)
(1.03767 0.00205859 -1.52185e-19)
(1.68754 0.828991 8.06373e-20)
(0.518045 0.483078 0)
(0.437742 0.389662 1.7452e-19)
(1.02324 -0.00543786 5.53783e-22)
(1.10188 0.128954 1.59759e-19)
(1.08856 -0.704965 0)
(0.998258 0.0117081 0)
(1.01527 -0.0300149 -3.55293e-19)
(1.0541 0.00807202 -3.41779e-19)
(-0.647316 -0.957745 0)
(1.2161 0.816958 -8.53732e-20)
(1.04143 -0.00856753 4.1263e-22)
(1.01085 -0.00858295 1.31712e-19)
(1.0309 0.00878619 -1.65986e-19)
(-0.72651 -0.202552 -3.58589e-20)
(1.03058 0.0143078 -7.68235e-21)
(1.03729 -0.0262207 5.61126e-19)
(1.02562 -0.0205293 0)
(1.88458 0.640906 -8.6586e-20)
(0.999484 -0.00102356 -1.75776e-19)
(1.28591 0.0795367 -3.27796e-20)
(1.04064 0.00705262 -4.04188e-22)
(1.01326 -0.0231397 3.54593e-20)
(2.06745 0.299432 -2.31823e-19)
(1.03083 -0.0251411 1.69413e-19)
(1.0139 -0.00795872 1.68421e-22)
(1.00696 -0.0184871 0)
(0.901934 0.145179 4.16183e-20)
(0.597608 0.159373 -5.21509e-22)
(1.02662 0.008825 1.69536e-19)
(1.05443 0.0344208 -5.10214e-22)
(1.00742 0.00160775 -9.38209e-22)
(1.22921 0.320298 3.19559e-19)
(1.03669 -0.0100675 1.15869e-19)
(1.05536 -0.00380236 1.17104e-21)
(1.71907 0.196003 -7.59739e-21)
(1.84027 0.932065 -1.34004e-19)
(0.764075 -0.683127 4.67422e-20)
(0.455635 -0.337725 -2.63406e-19)
(1.00924 -0.0490387 0)
(1.0187 0.00569116 4.14851e-20)
(1.0088 -0.00670533 8.98015e-20)
(1.0227 -0.00643848 5.90715e-22)
(0.982705 0.00443647 -1.78339e-19)
(1.01446 -0.0182154 2.03212e-19)
(1.02933 -0.0155129 -1.66219e-19)
(1.01234 -0.010712 2.07547e-22)
(1.00768 0.000496143 -8.84555e-22)
(1.04201 0.0106155 1.70131e-19)
(0.896478 0.0772571 4.30472e-19)
(1.03648 0.0501058 0)
(0.978119 0.826084 -4.59004e-22)
(1.02574 -0.012438 0)
(1.01672 -0.0108042 -4.9293e-20)
(1.53095 0.411043 -4.87616e-20)
(0.934074 0.0981234 0)
(1.08605 -0.0438575 2.71439e-21)
(1.04876 0.0876509 2.89573e-21)
(0.931632 -0.0200807 0)
(1.66343 0.652699 0)
(0.976626 0.0712709 1.64301e-20)
(1.00816 -0.0147594 -1.83595e-21)
(1.00729 -0.000941236 -1.79761e-19)
(1.12685 -0.557623 -4.89374e-20)
(1.01317 0.0003187 -2.65683e-21)
(1.01628 0.0170237 0)
(1.03069 -0.00215909 0)
(1.06101 0.0236874 0)
(0.585829 0.348499 2.70431e-19)
(1.02838 -0.00450603 7.43919e-21)
(0.973926 0.0328381 0)
(0.240561 -0.737811 -4.27573e-19)
(1.70668 0.95546 -1.18473e-19)
(0.998089 0.00829051 -3.49065e-19)
(1.02014 -0.00362264 2.58231e-21)
(1.01152 0.0185513 2.31187e-19)
(0.851708 -0.019577 0)
(-0.49813 -0.979042 -4.46141e-20)
(0.609718 0.427424 -2.90289e-19)
(1.05714 0.040924 -8.6036e-21)
(0.333901 -0.263966 0)
(0.999122 -0.0979759 6.64762e-20)
(0.517494 0.491963 4.35078e-20)
(1.18685 0.885157 -2.1735e-20)
(0.0340316 -0.0250179 1.68377e-19)
(1.00939 0.0300931 0)
(1.02334 0.00732033 4.92643e-21)
(1.02952 -0.0321556 1.31513e-19)
(1.84662 -0.400112 0)
(0.957427 -0.00137242 2.19761e-19)
(0.555106 0.51537 -3.73565e-19)
(1.01441 0.00488746 -1.36855e-19)
(1.03602 0.00962398 0)
(1.12755 -0.0459176 6.03831e-24)
(1.01613 0.0161504 -9.03585e-20)
(0.965541 -0.02009 2.40654e-19)
(1.07259 0.0937207 -3.38685e-21)
(1.0143 -0.0107039 -6.31796e-21)
(-0.0674252 -0.0403518 4.1642e-19)
(2.27614 0.0349855 2.40319e-19)
(1.02911 0.013279 7.00754e-21)
(0.809441 -0.00504009 -3.31488e-19)
(0.938405 0.0189177 0)
(1.02026 0.0109376 4.72095e-21)
(1.02029 -0.0222403 -2.63643e-20)
(0.952232 0.0195507 0)
(1.03669 -0.00873389 -1.67918e-19)
(1.01287 -0.0196446 -7.47427e-21)
(0.195561 0.103069 -4.64549e-21)
(2.18033 -0.467329 0)
(0.624255 -0.198344 5.87088e-20)
(1.47082 -0.343874 0)
(0.987898 -0.0210938 4.89868e-20)
(1.03544 0.00297871 -1.15114e-22)
(1.01677 0.00126302 1.42623e-19)
(0.16047 -0.422024 9.09512e-21)
(1.01203 0.0128797 0)
(1.00033 -0.00527612 -3.41944e-19)
(0.975973 0.0196608 1.80279e-19)
(1.03276 0.00239729 0)
(1.03388 -0.00498143 6.79307e-23)
(0.987141 -0.00339254 -1.55153e-19)
(-0.907974 -0.676292 7.43938e-19)
(1.00374 -0.0174715 -1.76227e-19)
(0.981058 0.0414859 -4.13291e-19)
(1.6375 -0.559358 -2.38835e-21)
(-0.576267 -0.574538 -1.47801e-19)
(0.806158 0.687467 -1.43156e-19)
(0.790993 0.348982 0)
(1.01678 0.000171301 3.71909e-19)
(1.02993 0.0246756 1.94781e-19)
(1.01599 0.00254049 -8.0384e-21)
(1.00267 0.0065746 1.11426e-20)
(1.05956 0.0304772 -9.78283e-20)
(1.10673 -0.881184 4.02435e-20)
(1.02163 0.00264643 1.82921e-19)
(0.918118 -0.667626 1.67034e-19)
(-0.648886 0.267813 4.69789e-19)
(-0.627524 -0.685812 -1.26725e-19)
(0.915427 0.0271771 -5.34773e-20)
(0.720002 -0.15738 -5.85728e-19)
(1.01337 -0.0147189 0)
(1.33062 -0.789354 7.22572e-20)
(1.02743 0.0496649 -1.37159e-20)
(1.0216 -0.00216377 0)
(0.891122 -0.166433 0)
(0.992944 0.0293803 0)
(1.04635 -0.0351285 7.82705e-20)
(1.26871 -0.197916 0)
(1.0287 0.0174273 3.11585e-21)
(-0.461303 -0.233553 -1.02366e-19)
(-0.279219 -0.487008 3.23555e-19)
(-0.679885 0.665165 -6.18819e-21)
(1.4064 0.347494 7.22057e-20)
(-0.113274 -0.44672 1.23312e-18)
(1.02528 0.0363404 0)
(0.997965 -0.00375519 -2.07692e-22)
(1.0051 0.0123886 4.75338e-20)
(-0.121762 -0.524252 -1.72179e-19)
(0.874882 0.70192 -4.55197e-20)
(-0.410149 -0.499922 8.14013e-20)
(1.35662 -0.965172 -3.47205e-20)
(1.01878 0.0130416 7.7134e-21)
(1.02956 0.00592659 1.86077e-21)
(0.990635 0.00533147 1.42972e-20)
(0.981547 0.00973289 0)
(1.02397 -0.000124731 1.06856e-20)
(1.0982 -0.253042 -1.39694e-19)
(1.00517 -0.00666879 -1.10595e-20)
(2.09563 -0.440664 0)
(1.00537 0.00721623 1.91481e-19)
(0.968547 0.00382737 0)
(1.03387 0.0151789 4.06503e-21)
(0.745738 -0.642379 0)
(0.869729 0.323725 -1.84716e-19)
(1.04043 0.0227026 8.74676e-21)
(-0.606666 -0.801568 -2.553e-20)
(0.928346 0.0307497 -3.81141e-19)
(1.04407 -0.0106101 0)
(1.08183 0.00604277 9.81479e-20)
(1.42173 -0.297566 0)
(2.0173 -0.342647 0)
(1.01472 0.0191097 -3.3618e-20)
(0.983704 0.0451398 -1.62493e-19)
(1.066 0.129881 7.58671e-21)
(-0.638675 0.776797 0)
(1.02505 -0.0141829 -2.21411e-22)
(0.919785 -0.741053 -1.05397e-19)
(0.641811 0.348101 0)
(1.06446 -0.0527049 -2.41385e-19)
(1.13036 -0.0813535 -3.85021e-21)
(0.96366 -0.0141858 1.83716e-20)
(-0.622385 0.850038 3.70196e-19)
(-0.79463 0.17591 6.12857e-20)
(-0.743607 0.131973 -1.97789e-19)
(-0.15869 -0.447888 3.93228e-19)
(1.03111 0.00727565 -5.87724e-21)
(0.76238 0.0467522 6.94208e-19)
(0.938574 -0.699821 1.83898e-19)
(1.09077 -0.887901 0)
(0.990974 0.00473737 -3.97602e-19)
(0.746504 0.209409 -6.3278e-20)
(1.02647 0.00450789 -1.49317e-19)
(-0.0770075 0.0208894 -1.1644e-19)
(-0.651144 -0.485096 7.33254e-19)
(1.0025 0.0138248 -1.90595e-19)
(0.990175 -0.0676683 -2.40572e-20)
(1.00593 -0.0113477 -7.04317e-22)
(1.02759 -0.0274098 -3.21484e-19)
(1.67773 0.00169665 0)
(-0.546175 0.273187 -1.63118e-19)
(0.229518 -0.247752 -4.12595e-21)
(1.03058 0.0107035 0)
(1.0461 0.0969159 0)
(1.03743 0.0393895 2.19629e-19)
(1.08074 0.126619 1.21482e-20)
(1.21115 -0.0267342 -1.9109e-20)
(1.14556 0.620117 1.29673e-19)
(0.918123 -0.0663567 1.46396e-20)
(1.01435 0.0159273 1.11888e-19)
(-0.0342113 0.704021 -2.57616e-20)
(1.18031 0.152349 -3.15891e-19)
(0.774263 0.439528 0)
(0.96407 -0.274497 -1.58772e-19)
(0.918343 -0.130352 -1.5167e-20)
(1.35973 -0.556337 -1.27861e-19)
(1.01914 -0.0290076 -2.23781e-19)
(0.461446 0.444284 -1.19164e-19)
(1.00121 -0.486049 -1.19043e-20)
(-0.137708 0.206587 4.43771e-20)
(1.03407 0.0115069 -2.60015e-19)
(0.534565 0.0429036 -1.73931e-19)
(1.01276 -0.00376008 -1.87259e-19)
(0.800888 0.589708 -1.97242e-19)
(0.942877 -0.0193828 2.48941e-20)
(0.45122 -0.437596 -1.17404e-20)
(1.09258 -0.398183 2.29599e-19)
(1.02498 -0.00789174 -1.58183e-20)
(1.8728 -0.477837 0)
(1.08976 -0.836228 0)
(0.947463 -0.419559 3.33962e-21)
(0.892716 0.0436401 0)
(0.721107 -0.413024 1.61958e-19)
(-0.470219 -0.547308 0)
(1.14346 0.169219 -7.67344e-21)
(1.00323 0.00193613 0)
(1.92831 -0.219736 -3.41802e-20)
(1.09198 -0.381084 2.76235e-19)
(0.98455 -0.0106335 1.64001e-19)
(1.00677 0.0658112 -1.6535e-19)
(1.0723 -0.636108 -6.08677e-21)
(1.00314 0.033334 2.33725e-19)
(1.04674 -0.00158906 0)
(1.00068 0.0106717 1.91396e-19)
(1.03776 -0.0156925 1.05492e-22)
(1.01376 0.0085691 -1.06806e-20)
(1.4319 1.05077 7.5267e-20)
(1.01591 -0.00966226 2.53957e-19)
(1.05953 -0.00519326 -2.48878e-21)
(1.916 0.540502 0)
(1.01539 0.022103 0)
(0.998403 -0.11214 -3.61943e-19)
(0.997329 0.01261 0)
(0.687748 0.422877 6.03575e-20)
(1.20976 -0.915094 0)
(0.501695 0.349746 0)
(0.630525 0.570183 -4.38623e-19)
(2.07215 -0.257575 2.89513e-20)
(1.01396 -0.0371094 -1.07421e-19)
(-0.536048 0.966394 1.78812e-19)
(1.02683 0.0736904 0)
(1.06269 0.000889107 0)
(1.01441 -0.0136915 1.03515e-20)
(0.997864 0.0247663 0)
(0.747253 0.468649 3.02588e-20)
(1.03611 -0.00606878 4.58969e-22)
(0.609599 0.45046 1.18595e-19)
(1.08267 0.0513125 2.52869e-20)
(1.55115 -0.567273 -1.95394e-20)
(1.04179 0.0432665 1.46289e-19)
(1.01363 -0.00442986 -1.60318e-19)
(1.10534 0.210074 1.6621e-19)
(0.988782 0.0402708 -3.76559e-19)
(1.06086 -0.36377 0)
(-0.794827 0.389418 -6.3937e-20)
(0.92963 -0.0541021 2.3067e-20)
(0.901465 -0.118721 -2.09869e-19)
(1.28187 0.258446 0)
(1.00355 -0.0208044 -1.51645e-20)
(-0.388752 0.896975 1.81231e-19)
(1.17111 0.194299 8.21475e-22)
(1.01591 0.0246448 -9.55216e-21)
(1.04325 -0.00180313 -3.31417e-21)
(0.850557 0.705474 3.41387e-19)
(1.01343 0.012432 -1.12874e-21)
(1.06991 -0.0618934 0)
(0.999797 -0.0818249 -1.07987e-19)
(-0.682489 0.834026 1.88429e-19)
(2.2294 0.590346 -1.37376e-19)
(1.90293 -0.260617 0)
(1.82626 0.508279 0)
(2.09786 -0.494705 2.62062e-19)
(-0.433382 0.727059 0)
(1.01593 0.0165107 -1.46496e-19)
(0.903695 -0.259955 0)
(0.979115 -0.00967955 1.08313e-19)
(0.660533 -0.33737 -1.87674e-19)
(0.946097 -0.0120584 3.57408e-19)
(1.8701 0.140842 6.55171e-20)
(1.05318 -0.0208017 -3.98324e-19)
(0.939744 0.0259595 4.7452e-20)
(1.41839 0.346397 -2.91072e-20)
(1.01679 -0.0551364 0)
(1.04586 -0.00526131 1.17556e-19)
(-0.664501 0.137117 -2.35747e-19)
(1.0227 -0.0142473 -1.85874e-19)
(0.866929 0.621061 -3.82932e-19)
(1.00966 -0.0283439 1.38417e-21)
(1.64855 -0.378927 0)
(0.311569 -0.0903656 4.62116e-19)
(0.997274 -0.207006 0)
(-0.633001 0.00870919 6.92347e-20)
(-0.875841 -0.41489 3.64316e-19)
(1.09421 -0.896808 0)
(0.901236 0.0172884 9.64747e-20)
(-0.627424 -0.168653 0)
(1.08359 0.0716269 0)
(-0.0226764 0.00198234 1.72761e-19)
(0.864275 0.0904231 -2.11625e-19)
(0.985431 -0.020392 -2.92255e-20)
(0.927491 0.674463 -3.05034e-19)
(0.992233 0.0472089 -5.30497e-21)
(1.01684 -0.0523857 1.22103e-19)
(1.65321 0.344277 0)
(1.03238 -0.10005 -4.59535e-20)
(0.899919 -0.309462 -2.34627e-20)
(1.00644 -0.0216769 2.46142e-19)
(1.04922 -0.031049 9.47486e-20)
(1.99183 0.258624 0)
(1.01603 0.0129025 0)
(0.995342 0.866953 -2.51091e-20)
(1.01301 -0.0118088 -1.48147e-19)
(1.1886 -0.454591 -8.19088e-20)
(0.383539 -0.637883 -3.2722e-23)
(1.02851 -0.022107 0)
(1.03253 0.0218244 0)
(1.03507 0.005954 1.22754e-21)
(0.686118 0.279103 -2.13064e-19)
(1.03004 0.00240714 1.71964e-21)
(0.972841 0.0662334 2.14814e-19)
(0.437087 0.214137 -1.33304e-19)
(1.11367 0.0264116 0)
(0.879606 -0.0141028 -2.76305e-22)
(1.09411 0.0100498 -9.95282e-20)
(0.786566 -0.0264495 0)
(0.818248 -0.0062017 0)
(0.883702 0.0145046 1.2043e-21)
(0.792408 0.0162368 -4.65145e-22)
(0.822403 -0.00544731 9.9848e-20)
(1.10867 -0.014233 0)
(0.815528 -0.747776 0)
(0.370794 0.884775 -3.94804e-20)
(1.00737 0.698405 -1.84603e-19)
(0.856369 0.1765 -1.72733e-19)
(-0.539416 0.708858 2.25178e-20)
(1.95369 0.73996 2.58151e-19)
(0.997169 0.0296361 1.54402e-19)
(1.01907 -0.0851551 8.65564e-20)
(0.331156 -0.232108 -6.10135e-19)
(-0.0152093 -0.125984 0)
(0.98804 -0.0479474 9.2221e-21)
(0.577867 -0.551549 -2.82572e-19)
(-0.826267 -0.161092 4.19366e-19)
(0.906221 0.103799 -1.57448e-19)
(0.966435 0.336584 3.07244e-19)
(1.01237 -0.104412 4.98027e-22)
(1.02721 0.000630907 -2.82894e-20)
(1.03062 -0.011606 1.16075e-19)
(0.230412 0.452016 -4.04602e-21)
(-0.318902 -0.845685 -2.16697e-19)
(-0.915576 0.20989 0)
(1.14637 0.23012 1.1463e-19)
(1.07053 0.0309773 0)
(0.751391 -0.357019 1.40091e-20)
(-0.553723 0.747561 -2.37393e-19)
(-0.658645 -0.949473 0)
(1.0084 0.0131304 1.6437e-19)
(0.962684 -0.0336753 0)
(1.23165 0.108679 -2.15316e-20)
(-0.0943706 -0.0663967 -2.54493e-21)
(0.975746 -0.00123734 -3.40104e-19)
(0.991127 -0.0998465 -3.41018e-22)
(1.5579 0.364058 -3.24141e-21)
(0.53226 0.518329 0)
(0.762758 0.662743 1.44047e-19)
(1.0482 0.00405533 -7.24577e-21)
(-0.887375 -0.234646 3.17938e-19)
(1.88117 0.266663 -1.03402e-20)
(-0.59208 -0.428013 -2.07454e-19)
(1.51629 0.245472 -3.1924e-19)
(1.16392 0.667024 4.97354e-20)
(0.964775 -0.111794 3.5815e-22)
(0.133015 -0.131865 1.62819e-19)
(0.128309 0.122913 0)
(-0.200228 0.196576 0)
(-0.205615 -0.191427 1.18242e-19)
(0.991297 0.00834469 -1.83184e-19)
(1.031 0.00738152 -1.53994e-19)
(-0.78903 0.152049 -2.22643e-19)
(1.68986 -0.398702 -8.65077e-21)
(1.37863 -1.02802 5.97035e-20)
(1.09387 0.73174 0)
(0.915455 0.0414545 -4.72406e-19)
(2.02072 0.891747 -7.73992e-20)
(1.02081 0.00376936 -4.57461e-20)
(1.04133 -0.113314 -4.53967e-21)
(-0.948208 -0.394156 0)
(2.1034 -0.286173 -2.78376e-20)
(-0.630491 -0.105377 5.18694e-20)
(-0.178494 0.0168055 -3.72778e-19)
(1.03146 -0.0403248 1.63831e-19)
(-0.186374 -0.182232 0)
(1.88471 0.891126 -3.22952e-20)
(0.475894 0.266716 1.0441e-19)
(-0.208225 -0.205587 1.37171e-19)
(1.01301 0.00339081 2.01235e-19)
(0.68307 0.323613 0)
(-0.573845 0.792742 2.29832e-19)
(0.444918 -0.435591 0)
(0.134453 -0.135302 -3.02332e-19)
(-0.197277 0.197631 1.62619e-19)
(0.135863 0.133972 1.51733e-19)
(-0.197127 -0.19398 -1.57913e-19)
(-0.898135 -0.259302 0)
(0.935433 0.277917 2.00411e-21)
(1.0167 0.0134045 1.08575e-21)
(0.675775 -0.612234 1.97282e-19)
(1.00026 0.00466557 0)
(-0.209675 -0.205609 0)
(0.936737 -0.0787933 1.92179e-19)
(1.4867 -0.693807 -4.80916e-21)
(0.426035 0.350765 3.33112e-20)
(0.967542 0.0369647 -2.14382e-19)
(0.620881 -0.571317 3.52169e-19)
(1.43544 -0.703119 -1.26269e-19)
(-0.605601 0.563004 -4.29615e-19)
(1.0581 0.0636128 0)
(1.0354 -0.000573261 -2.33936e-19)
(-0.181939 -0.20647 0)
(0.713653 -0.474189 1.27998e-20)
(0.146258 0.144913 1.45343e-19)
(-0.220284 -0.224493 0)
(1.07519 0.0887751 -1.41371e-19)
(1.01821 0.00714652 0)
(1.03948 -0.066115 0)
(-0.122418 -0.747182 1.86802e-19)
(0.70879 0.364907 1.02163e-20)
(-0.109674 -0.131979 -1.68217e-19)
(-0.204476 0.203945 1.51812e-19)
(0.123312 0.112434 0)
(0.945246 -0.114428 -2.36209e-19)
(0.136573 -0.137983 -1.49622e-19)
(0.141747 0.13703 -2.88362e-19)
(0.201398 0.194565 1.0556e-19)
(0.951485 0.0143188 5.71971e-19)
(0.184846 0.176176 -1.16609e-19)
(-0.0860133 -0.112513 1.5694e-19)
(0.147113 0.147412 -2.73244e-19)
(0.183581 -0.183478 -2.30368e-19)
(-0.168434 0.179659 0)
(-0.183622 -0.192805 3.45228e-19)
(-0.662168 0.157074 5.3352e-19)
(0.148898 0.144401 0)
(1.00513 -0.171603 0)
(-0.940848 -0.473763 0)
(1.03207 0.0134199 3.97747e-21)
(0.220035 0.216479 2.3761e-21)
(-0.151802 0.153804 -9.98517e-20)
(-0.196071 0.186909 1.25082e-19)
(0.193399 0.187998 -1.11698e-19)
(0.152517 -0.147941 0)
(-0.128517 -0.141568 1.78983e-19)
(-0.106568 0.129539 1.23846e-21)
(-0.856465 -0.535966 -3.80717e-19)
(1.0225 0.00280932 -3.4827e-21)
(0.504453 -0.454901 -1.19325e-20)
(-0.199274 0.20693 -1.61562e-19)
(-0.0499792 -0.0805743 0)
(0.21793 0.217188 0)
(0.168571 -0.16747 -5.33118e-20)
(-0.0287395 0.0478661 -1.60081e-19)
(2.20755 0.402792 2.19319e-19)
(1.58766 -0.589281 -4.89945e-19)
(0.200891 0.204115 1.97327e-19)
(-0.645995 -0.638729 1.31873e-19)
(-0.197741 0.194855 1.47429e-19)
(-0.0247947 -0.049299 -4.3236e-19)
(0.200438 -0.199375 1.97678e-19)
(0.168209 0.923546 2.42275e-20)
(-0.136687 0.156321 0)
(0.137148 -0.136456 -3.11192e-19)
(1.08562 -0.0867607 0)
(1.43006 -0.321099 0)
(0.561256 -0.505236 -3.27498e-19)
(1.01936 0.00199158 4.70419e-21)
(0.174999 -0.16846 1.0954e-19)
(1.00078 0.00671415 1.58404e-19)
(0.882517 -0.0891803 2.25591e-19)
(0.406936 -0.396338 4.56025e-19)
(1.04539 0.0149185 -3.93906e-21)
(0.22648 0.214985 7.75796e-20)
(0.827271 0.557296 0)
(0.624265 -0.541903 1.68416e-20)
(-0.00105999 -0.0254245 1.3686e-19)
(0.413291 0.0479552 1.94879e-20)
(1.04246 -0.130778 6.82294e-20)
(1.04752 -0.259696 0)
(0.936376 -0.114669 5.5909e-19)
(-0.157417 0.173 0)
(1.24267 1.21814 0)
(1.1134 -0.191664 1.52657e-19)
(1.1257 0.319719 1.73898e-19)
(1.08023 -0.00615026 0)
(0.229761 0.642328 4.45446e-21)
(0.368044 0.0755547 -5.17986e-22)
(1.02515 0.0136007 -2.24461e-19)
(-0.521972 -1.01834 0)
(1.14784 -0.151775 0)
(1.04372 0.00587024 0)
(0.10805 0.104308 3.89986e-19)
(0.0189493 -0.00374432 0)
(0.196383 0.186917 9.30387e-20)
(0.167577 -0.154044 0)
(0.0254594 -0.00850074 -1.42084e-19)
(0.0234368 0.0141434 0)
(1.48966 -0.851283 3.67112e-19)
(0.824844 -0.432526 -4.61808e-19)
(0.00948242 0.00900153 2.21583e-21)
(-0.262585 -0.755322 -3.50086e-19)
(0.250598 -0.241076 0)
(0.246343 0.234473 0)
(-0.685007 0.107291 2.50234e-19)
(0.937613 0.0486849 3.04943e-21)
(1.10935 -0.343166 -1.62397e-19)
(-0.00766147 0.027244 4.52333e-19)
(-0.175379 0.13177 2.24419e-19)
(1.01261 0.137092 2.09631e-19)
(0.571715 0.844573 0)
(0.0312943 0.0217117 -1.82515e-21)
(-0.73419 -0.663717 2.12946e-20)
(-0.0809521 0.292986 0)
(1.90093 0.102937 -1.03004e-19)
(1.02462 0.149556 0)
(0.998384 -0.056204 2.71802e-19)
(0.699902 0.177153 0)
(0.228099 -0.21144 -3.69376e-21)
(0.993089 -0.0283274 1.40332e-19)
(0.561735 0.166511 3.48925e-19)
(1.36554 -0.768852 1.29925e-19)
(0.3117 0.291574 1.85727e-22)
(1.65479 0.499452 0)
(0.942765 -0.576818 5.9763e-20)
(1.8437 -0.881434 2.0343e-19)
(0.0313242 -0.0204792 2.70609e-19)
(1.03771 -0.124417 -2.05427e-21)
(2.38112 0.275474 1.13296e-19)
(0.0329153 -0.0289791 -7.74043e-20)
(1.01501 0.0538599 2.02926e-19)
(-0.274773 0.880071 -3.17997e-19)
(0.337454 0.314123 0)
(0.0362912 0.0292671 0)
(0.260132 0.246719 6.42911e-20)
(0.294129 -0.273112 -1.74784e-19)
(0.0429086 -0.0378958 2.70243e-19)
(1.06592 -0.751969 -5.81252e-20)
(1.05612 0.534997 8.85282e-21)
(0.333105 -0.315707 0)
(0.0422302 -0.0419778 0)
(0.279295 0.265026 0)
(-0.0901008 0.277776 -1.64376e-19)
(0.273775 -0.270126 0)
(0.0507616 0.0501895 -2.0998e-19)
(0.298776 0.281625 -3.95741e-20)
(0.0345868 -0.0430845 0)
(0.252529 -0.247208 0)
(-0.120667 0.739602 0)
(0.00778782 -0.0287017 0)
(-0.0271865 0.00184576 -7.2257e-20)
(-0.238344 -0.917781 0)
(1.00334 0.00227793 2.16363e-19)
(0.473779 -0.44159 2.56783e-20)
(-0.0916458 0.0478199 -1.24224e-19)
(-0.014964 0.0184286 3.65381e-19)
(0.376814 0.34581 3.26098e-22)
(1.5993 0.35862 0)
(-0.25476 0.936621 0)
(-0.322749 -1.06699 4.33429e-20)
(-0.147028 0.111121 0)
(0.368433 -0.346712 0)
(-0.0587577 -0.0266548 0)
(0.427518 0.387508 0)
(-0.101062 -0.0738356 2.23556e-19)
(0.50656 0.469841 7.76106e-20)
(-0.175768 0.168833 -5.57043e-19)
(0.550452 -0.50842 -1.00227e-19)
(1.08172 0.12815 0)
(1.04514 -0.0110907 1.14641e-21)
(-0.0123015 0.701974 -8.33056e-20)
(1.01083 0.0591715 -1.96764e-19)
(1.40205 -0.072502 0)
(1.04897 -0.0276013 2.23017e-21)
(1.34653 -0.493695 1.1731e-19)
(1.01499 0.0156762 0)
(0.466926 -1.00012 4.62031e-19)
(0.4861 0.208071 1.77224e-21)
(0.0223838 0.0381118 1.22667e-21)
(-0.413942 0.1188 0)
(1.08783 -0.161505 -1.88127e-19)
(0.365285 0.205913 3.77072e-19)
(1.15225 0.0489577 -4.58096e-21)
(1.05295 0.0296557 3.82228e-21)
(1.54746 -0.730796 2.84757e-21)
(-0.545514 -0.440107 -1.24801e-19)
(1.90146 0.0230322 2.29322e-20)
(1.8835 -0.670363 1.85166e-19)
(1.02721 0.102139 -2.65115e-20)
(-0.565767 0.250151 2.34078e-19)
(1.07796 -0.03462 0)
(1.66802 -0.541834 -6.39047e-21)
(0.129061 0.0857294 -2.55703e-21)
(1.35162 -0.219529 0)
(0.128064 -0.122065 -5.18684e-19)
(-0.0798191 0.100943 0)
(0.513864 -0.480989 0)
(1.93743 0.590945 -9.74079e-20)
(0.879719 -0.43436 0)
(1.84424 0.282157 1.2403e-19)
(0.0345988 0.0380119 2.10876e-19)
(0.256012 -0.260522 7.44585e-20)
(1.01904 -0.06879 0)
(0.357797 -0.80201 0)
(-0.0859187 -0.283213 1.81895e-19)
(-0.131942 -0.158776 2.31869e-19)
(0.989028 0.244168 -1.84457e-19)
(1.31841 0.0987162 -1.0628e-18)
(1.00627 0.0182889 -7.45872e-21)
(1.92343 -0.526153 0)
(-0.771019 -0.737583 4.60599e-19)
(-0.515021 -0.632083 0)
(0.640956 0.0950158 2.94315e-19)
(0.937675 0.151728 -4.12836e-20)
(0.67179 -0.581941 -1.64049e-19)
(0.976019 0.133257 2.89688e-19)
(0.996014 0.0285206 0)
(1.03301 0.0132533 9.03612e-21)
(1.97571 -0.0562315 0)
(0.534737 0.483384 0)
(1.02355 1.07706 0)
(-0.423152 -0.31715 -4.77823e-20)
(0.317531 0.248426 2.16595e-19)
(-0.616285 0.881562 0)
(1.07659 0.0622112 1.25344e-19)
(1.00572 -0.239834 0)
(0.526436 -0.00344849 1.42092e-19)
(0.374361 -0.172011 1.88079e-19)
(-0.473796 0.930423 6.04249e-19)
(1.00738 0.907026 -4.95112e-19)
(0.942298 -0.00283846 1.92234e-21)
(1.45923 -0.589613 1.3068e-19)
(1.5844 -1.04468 -2.79391e-20)
(0.159657 0.0325886 1.75082e-19)
(1.07758 0.084471 0)
(0.736844 0.344401 0)
(-0.616127 0.833877 0)
(1.3247 -0.0439559 1.50645e-19)
(-0.51184 -0.0457381 -6.97054e-20)
(0.277317 -0.257251 -1.49159e-19)
(1.37298 0.229102 1.06974e-20)
(0.809384 0.515637 -5.97208e-20)
(0.812038 0.257429 4.83559e-21)
(0.931389 0.206619 5.63202e-20)
(1.59271 -0.862228 -3.42355e-20)
(-0.148424 -1.00432 1.75986e-19)
(-0.73205 -0.0769192 0)
(0.901132 -0.0102112 0)
(-0.602437 -0.0883462 1.80628e-19)
(0.158905 0.156868 0)
(1.99004 0.394133 0)
(-0.64706 0.0421497 1.23e-19)
(0.552783 0.464223 -1.98118e-19)
(0.479183 -0.39661 2.61882e-19)
(-0.219895 -0.424966 0)
(1.40686 0.931987 -9.83461e-21)
(1.04003 -0.017196 0)
(-0.732386 0.00376178 -5.24151e-19)
(-0.728203 0.0188669 -1.91926e-19)
(1.23339 -0.398017 6.84421e-20)
(0.453526 0.417642 4.48878e-19)
(0.723971 -0.229529 1.92969e-19)
(-0.77206 0.311093 0)
(1.09569 0.0465798 1.31854e-19)
(1.00959 0.560548 -7.76039e-20)
(-0.183896 -0.465833 0)
(0.694397 -0.256357 0)
(1.31601 0.849538 3.60139e-20)
(-0.0536074 0.0767965 -3.24e-19)
(1.05046 -0.0888686 1.01263e-20)
(1.01619 0.0123085 0)
(1.03595 0.0168897 2.61421e-21)
(0.770263 0.43909 0)
(-0.466426 -0.0625283 -2.64811e-19)
(1.28777 0.923243 -4.55772e-20)
(1.01576 0.00296334 6.74268e-21)
(1.02049 -0.0212656 7.28652e-21)
(-0.317349 0.0223587 -1.18791e-21)
(-0.0313843 -1.0463 -1.8502e-19)
(1.01052 0.0532095 2.01161e-19)
(0.315387 -1.00862 0)
(0.963756 0.169375 2.81097e-21)
(1.76577 0.374312 -3.44927e-20)
(1.50558 -0.826412 6.30677e-20)
(1.21174 -0.291933 -1.04407e-19)
(1.58277 -0.229575 4.31186e-20)
(-0.0710311 -0.526428 6.88657e-20)
(0.632534 0.565251 1.85206e-19)
(0.160237 -0.0792659 2.7296e-19)
(1.03327 0.00470751 2.48918e-21)
(1.04395 0.0172161 -8.26066e-22)
(1.83999 -0.536838 3.6639e-20)
(0.885387 0.595188 1.1054e-19)
(0.147979 0.906748 2.0855e-19)
(1.43259 0.948415 -7.98853e-20)
(0.963709 0.246588 -1.225e-19)
(-0.845352 -0.143251 -1.4813e-19)
(-0.695367 0.710971 0)
(1.00554 -0.00263583 4.51685e-19)
(1.59497 -0.169835 0)
(0.868529 0.557307 -1.14954e-19)
(1.02425 0.00766543 2.41187e-21)
(-0.519248 -0.982975 -2.89486e-20)
(1.82449 -0.391891 0)
(1.15593 -0.345955 0)
(1.80854 -0.318274 1.46843e-19)
(1.4905 1.09255 1.91758e-19)
(1.06767 -0.310942 0)
(-0.69124 -0.853058 -4.28126e-19)
(0.918169 -0.10576 -2.15912e-19)
(0.773094 -0.645432 -5.46307e-20)
(-0.661101 -0.011529 2.8853e-19)
(-0.309831 -0.310389 -1.29804e-19)
(-0.0187526 -0.0982537 -2.83547e-19)
(0.127548 -0.0816511 -1.67146e-19)
(0.371937 -0.204487 2.04626e-21)
(0.807757 -0.309221 -1.26827e-19)
(1.0324 0.0154828 -2.99619e-21)
(0.703544 -0.00481876 0)
(0.79333 0.106323 2.68642e-19)
(1.21533 -0.339452 3.66654e-21)
(0.979103 -0.108592 -5.31922e-21)
(0.594479 0.522591 1.52663e-19)
(1.80902 0.110171 -1.58376e-20)
(1.19892 -0.400412 -8.30207e-21)
(1.02686 -0.0241473 3.5853e-20)
(0.811115 -0.391204 1.27511e-19)
(0.501733 -0.216833 0)
(-0.327871 -0.327087 1.39654e-19)
(0.939031 0.08752 1.34893e-19)
(1.09908 0.692492 7.44637e-20)
(-0.335324 -0.338809 3.0885e-19)
(1.04663 -0.607027 2.43616e-19)
(0.122019 -0.110585 0)
(1.83948 0.857302 0)
(0.232225 0.225335 3.0314e-19)
(1.59161 0.535817 0)
(-0.318676 0.316417 0)
(0.96129 -0.619676 -2.14182e-19)
(-0.349074 -0.346147 4.78289e-19)
(-0.072875 -0.0934789 1.83599e-19)
(1.0443 -0.0542501 4.23054e-20)
(1.60598 1.05594 -2.70388e-23)
(0.938554 -0.04825 -1.51586e-19)
(0.122267 -0.119501 7.61013e-20)
(1.03969 0.142234 -1.44846e-19)
(-0.328766 0.330211 4.27944e-19)
(1.03696 0.348853 0)
(0.238836 0.237989 -1.5297e-19)
(-0.88397 0.0669573 2.02868e-19)
(1.84252 0.334428 0)
(0.524754 -0.308953 1.48322e-20)
(0.0275604 0.0654117 1.61184e-19)
(-0.653972 -0.0807943 0)
(-0.0943893 -0.300446 -6.47798e-20)
(0.22739 -0.227726 0)
(0.983203 -0.711562 0)
(-0.339723 0.347315 3.22285e-19)
(0.546979 -0.519154 3.91236e-19)
(-0.357993 -0.365772 -3.03234e-19)
(-0.536631 -0.0526376 -2.1769e-19)
(0.234172 -0.236623 -1.52433e-19)
(0.246833 0.241832 4.46593e-19)
(0.376739 -1.01152 -1.12019e-19)
(-0.635545 0.331196 -8.47069e-20)
(0.0380935 0.0337617 0)
(-0.714075 -0.892123 3.50444e-19)
(1.01069 -0.129458 -2.78619e-19)
(-0.341781 0.354073 1.57487e-19)
(1.55283 -0.51991 1.1825e-20)
(1.73622 0.360127 0)
(2.00826 0.254238 -2.39572e-20)
(0.919451 -0.0468343 0)
(-0.322596 -0.357249 0)
(0.207478 0.20602 0)
(0.945822 0.0650953 0)
(1.10439 -0.238094 0)
(0.968496 0.114157 -2.67957e-19)
(0.238623 0.23736 -1.45849e-19)
(-0.692643 -0.00490859 -1.6653e-19)
(-0.330954 -0.358055 3.46469e-19)
(0.956083 -0.190769 1.43634e-19)
(0.754643 -0.377227 0)
(-0.322334 0.155892 -3.05876e-19)
(1.01809 -0.0297011 -1.78741e-19)
(0.434089 -0.0448497 -5.64345e-20)
(-0.188547 -0.237789 0)
(-0.509916 -0.553637 -1.98993e-19)
(0.291434 0.271966 -1.32262e-21)
(0.261992 0.249619 0)
(-0.225196 -0.272182 1.75572e-19)
(-0.737967 0.563409 3.26491e-19)
(1.28946 -0.503543 1.47838e-19)
(1.70618 -0.383471 2.61826e-21)
(1.8457 -0.895264 -4.23516e-19)
(1.00952 0.0378065 0)
(0.343327 0.334334 -2.00087e-19)
(-0.532379 0.114258 1.61436e-19)
(0.324666 0.314972 -3.34796e-19)
(0.318437 0.30906 1.07611e-19)
(1.33417 0.615742 0)
(-0.307575 0.330398 9.34729e-20)
(-0.33806 0.340186 0)
(-0.141355 -0.195898 4.24336e-19)
(-0.465487 -0.512878 3.94174e-19)
(0.490922 -0.389072 5.57847e-19)
(1.01865 -0.0203193 5.80939e-21)
(0.351677 0.350882 0)
(-0.31124 0.327236 3.98394e-19)
(0.23089 -0.236051 3.10914e-19)
(1.13187 0.141045 -4.32157e-21)
(0.347134 0.347764 0)
(0.998338 0.322037 -9.192e-21)
(0.592007 0.486827 -1.01861e-20)
(1.22597 0.0986098 2.99665e-21)
(-0.0904549 -0.134796 0)
(1.19063 0.759194 0)
(-0.222996 0.265632 -5.15427e-19)
(0.316835 -0.318358 -2.25295e-19)
(0.260248 -0.232232 1.93603e-20)
(2.0554 0.0910427 -5.69075e-20)
(1.07494 0.325239 -1.06561e-19)
(0.293669 -0.28577 -2.29419e-19)
(1.02159 -0.0136357 3.02457e-19)
(1.0007 0.0749428 0)
(1.01705 0.00568791 1.19447e-23)
(1.04376 0.0285574 1.07881e-19)
(1.02188 0.00303801 -9.06821e-23)
(1.35368 -0.528091 0)
(1.17017 0.154572 -9.30233e-20)
(1.95869 0.454903 -2.07471e-19)
(-0.290315 0.322835 0)
(-0.170955 0.1084 4.40475e-19)
(1.78086 0.450573 0)
(1.02506 0.00652347 4.79821e-20)
(0.316896 -0.305824 -1.06232e-19)
(1.00409 0.00387819 4.95188e-19)
(1.34441 1.10218 0)
(1.2033 -0.915573 0)
(-0.056999 -0.0814196 1.44456e-19)
(0.105977 -0.00947759 0)
(1.07354 -0.0246162 6.38176e-20)
(0.533539 0.410138 5.47561e-20)
(0.756249 -0.00286264 -4.07316e-19)
(-0.262666 0.298817 0)
(-0.478417 0.0843068 2.58726e-19)
(-0.643434 -0.010195 0)
(1.86767 0.776159 0)
(0.0649204 0.0339243 0)
(0.0630456 0.0531046 1.21708e-19)
(1.73276 0.76157 -6.20147e-20)
(1.01371 0.0487709 0)
(-0.300883 0.291516 1.23413e-19)
(-0.0657356 0.0913861 0)
(1.03362 0.00234161 0)
(1.60068 -0.776311 -2.7207e-20)
(0.398258 0.374468 1.59193e-19)
(0.768511 0.150781 4.01097e-20)
(-0.0189714 -0.0369529 -1.48201e-19)
(1.53291 0.205091 -6.33184e-19)
(1.01627 0.26439 0)
(0.400237 -0.015011 1.43452e-19)
(1.03402 0.00213229 0)
(0.887519 -0.0659156 2.95786e-19)
(0.227406 0.0752928 -1.48614e-19)
(0.418561 0.396092 -7.70153e-20)
(0.73281 0.250088 1.66455e-19)
(-0.722578 0.714528 3.52385e-19)
(1.04295 -0.00861352 -6.14084e-21)
(0.216347 -0.218811 1.69875e-19)
(-0.00166867 -0.00216566 3.17382e-19)
(1.444 -0.428644 -7.61062e-20)
(-0.181514 0.222681 1.70509e-19)
(-0.109874 -0.110692 0)
(-0.158398 -0.108289 -1.0117e-19)
(-0.00171145 0.0200903 1.48299e-19)
(0.987086 -0.20339 0)
(0.382789 -0.350437 1.05755e-19)
(0.264089 0.25883 1.32436e-19)
(0.257644 0.257867 -2.91625e-19)
(1.04123 0.00059702 0)
(0.350315 -0.348916 -1.85607e-19)
(1.70294 0.454542 0)
(1.01524 -0.00632124 -5.61576e-21)
(0.0279104 0.00889326 1.52418e-19)
(0.88056 -0.0570946 0)
(0.610422 0.575093 -1.58075e-19)
(1.00138 -0.0322718 -2.23334e-19)
(1.06846 -0.00692977 -1.09068e-19)
(0.935761 0.0175139 -7.97477e-22)
(0.921125 -0.0184546 2.71254e-21)
(1.04752 0.0100155 -2.95672e-19)
(1.44559 0.281178 -1.64149e-20)
(-0.122497 -0.284988 1.96694e-19)
(-0.0277978 0.0563078 -3.02093e-19)
(-0.0677749 -0.0480718 -2.4389e-19)
(1.28105 -0.3581 7.09727e-20)
(0.0230115 -0.00766531 1.92877e-21)
(1.10665 0.0025906 -1.28197e-19)
(0.414591 -0.400088 6.65359e-20)
(-0.152756 -0.386266 3.90869e-19)
(0.237193 -0.227852 0)
(-0.702498 0.740683 -7.75016e-22)
(1.63723 0.983366 0)
(0.89649 0.00551584 -1.21958e-19)
(-0.406368 0.000197622 -2.31842e-19)
(-0.598689 -0.152993 -2.10111e-19)
(0.999629 1.12205 0)
(0.444236 0.418369 -1.99682e-19)
(-0.0967846 0.13552 1.64453e-19)
(1.15027 -0.410356 -5.42867e-19)
(0.558262 0.542073 -1.0152e-19)
(1.02547 -0.0204036 0)
(1.00539 -0.0115132 -1.11721e-20)
(1.69818 -0.260053 -1.07595e-20)
(0.582098 0.959734 0)
(0.0379042 0.0367452 -1.31032e-19)
(1.02481 -0.0382743 -6.29599e-21)
(0.58915 -0.776828 4.93968e-19)
(1.8078 -0.280473 4.98181e-21)
(0.463461 -0.423638 -1.3428e-19)
(-0.675344 -0.029354 1.05025e-19)
(0.0329366 -0.038342 -1.60448e-19)
(0.52466 0.430873 -3.06932e-19)
(0.585935 0.535102 -7.80936e-20)
(0.537748 0.498114 6.39841e-21)
(0.0543506 -0.0400703 7.38362e-20)
(-0.260478 -0.285136 -2.26721e-19)
(0.999568 0.0195306 1.46657e-19)
(0.263607 -0.254756 0)
(0.471634 0.443542 0)
(0.496062 -0.462634 1.11848e-19)
(0.0579659 -0.0593021 -2.66177e-19)
(-0.454309 -0.397374 -7.20237e-20)
(2.01178 -0.373102 2.74179e-20)
(0.505547 0.469131 0)
(0.475949 -0.471494 0)
(0.0602614 -0.0617929 0)
(1.10142 0.0461107 7.37094e-20)
(0.653155 0.583063 0)
(0.0301469 -0.0603455 2.56196e-19)
(0.201932 0.193108 -5.75924e-19)
(-0.0184201 -0.0271247 7.1005e-20)
(1.5236 1.02938 6.09594e-20)
(-0.247163 -0.265965 -2.35523e-19)
(1.30939 0.484912 -2.14946e-19)
(0.144406 -0.1265 -2.44429e-19)
(-0.107337 0.0203026 4.16564e-19)
(-0.533079 0.517352 -4.43371e-19)
(-0.0681028 0.00847664 -2.50901e-19)
(0.700677 -0.657411 0)
(-0.187785 0.107826 -2.46407e-19)
(0.743927 0.64436 0)
(-0.462461 0.405558 1.1804e-19)
(1.02967 -0.0180013 9.09391e-22)
(0.72105 0.390575 -3.23024e-20)
(-0.228894 0.168037 1.27563e-19)
(0.868574 -0.711993 0)
(-0.126561 -0.0579534 2.39624e-19)
(0.87087 0.724812 -4.03505e-20)
(0.367815 0.341769 -2.24947e-19)
(0.373178 -0.29271 4.4263e-19)
(0.52964 0.459138 1.48579e-19)
(1.00093 -0.00531631 0)
(0.470904 0.438038 0)
(1.81421 0.44041 0)
(1.00236 -0.00096079 0)
(-0.527461 0.572582 -1.5263e-19)
(0.736078 -0.60424 3.63223e-19)
(0.00397332 0.04843 5.80816e-22)
(1.54491 -0.399237 4.17571e-19)
(0.415112 -0.389665 2.23806e-19)
(2.0939 0.284119 0)
(1.33938 -0.369803 0)
(0.647439 -1.00424 -4.27885e-19)
(0.442369 -0.157262 0)
(1.75409 0.317894 -1.1249e-20)
(0.555735 -0.195796 -2.01299e-20)
(0.712516 0.660408 1.904e-19)
(1.15235 0.261295 8.69489e-20)
(-0.142844 0.179562 0)
(-0.46364 0.547327 1.55061e-19)
(0.0614993 0.0675678 0)
(1.25338 -0.281867 9.35775e-19)
(0.639671 -0.0142317 1.56271e-21)
(0.715856 0.348699 0)
(1.01069 0.0107549 1.38971e-19)
(1.28165 -0.270959 1.183e-19)
(1.02885 -0.0242884 -2.58228e-22)
(0.295324 -0.276566 1.36647e-19)
(0.310793 0.306439 0)
(-0.137731 0.146849 0)
(-0.554662 -0.9415 1.23852e-19)
(1.55977 0.166903 8.58362e-20)
(1.03521 -0.00700514 4.03572e-21)
(0.138644 0.129587 0)
(0.979535 0.0133602 4.73861e-19)
(1.43167 -0.983469 2.24712e-20)
(-0.594243 0.902851 5.94144e-19)
(-0.0908077 -0.0841557 -3.67067e-19)
(0.984337 0.857934 2.51759e-19)
(0.0493927 0.0600233 2.17204e-19)
(1.25817 -0.314488 0)
(0.363548 -0.334107 -2.84349e-19)
(1.04634 -0.0285867 -5.43267e-20)
(1.0041 -0.000910837 -1.99508e-19)
(0.965053 0.00111679 -1.88228e-21)
(0.965447 0.0110443 3.22871e-22)
(1.03231 0.0187015 -1.60367e-19)
(1.14036 0.090594 0)
(0.0353377 -0.0144922 -2.07718e-19)
(0.879762 0.65871 -2.42301e-20)
(-0.572725 -0.514131 1.01956e-19)
(0.341562 0.321307 -1.1633e-19)
(-0.217439 0.31644 0)
(-0.0587077 0.149967 0)
(1.72468 -0.772242 -9.93651e-20)
(1.01578 0.0950186 1.49539e-20)
(0.612566 1.02656 2.44464e-19)
(-0.547438 -0.633536 -3.1947e-19)
(1.02328 0.0120706 -3.54212e-22)
(0.719422 -0.676832 -5.54896e-20)
(1.09902 -0.0153109 7.90375e-21)
(1.03511 0.0239621 -7.53512e-20)
(0.0546714 0.0476978 0)
(0.94535 0.633283 3.35088e-19)
(0.767499 -0.225827 0)
(0.369242 -0.341779 0)
(0.0681127 0.0597222 2.39066e-19)
(1.04117 -0.0110583 2.56775e-19)
(0.503553 -0.470943 0)
(0.79805 0.729797 5.00068e-21)
(-0.609006 0.00468683 -1.64328e-19)
(-0.0853148 0.159107 1.36638e-19)
(0.321454 0.122125 2.02556e-19)
(1.52341 -0.244641 -2.29243e-20)
(2.11812 -0.491175 -3.47268e-19)
(1.69681 -0.261024 -1.69097e-20)
(0.949636 0.559009 1.13645e-19)
(1.00867 0.210452 1.68766e-19)
(-0.495069 -0.380142 -7.1654e-20)
(-0.687527 0.177471 2.13094e-19)
(1.01642 0.00511135 0)
(1.42543 0.0500824 3.54674e-19)
(1.36641 -0.458536 1.26901e-19)
(-0.636955 0.567278 0)
(1.01877 0.0118929 -3.74996e-21)
(1.01393 -0.00240149 3.31101e-20)
(-0.828187 0.326069 0)
(1.01456 0.125027 -1.37141e-20)
(0.647556 -0.228263 0)
(0.545431 -0.526146 -4.13652e-20)
(1.01029 0.183236 1.82097e-19)
(0.811974 0.442195 2.33249e-19)
(0.758287 0.400702 3.37199e-20)
(1.00031 -0.000150639 0)
(-0.630936 0.112612 -8.47287e-20)
(1.60928 -0.997415 1.00575e-19)
(1.05327 0.807862 5.4111e-20)
(-0.145717 -0.131875 1.91811e-19)
(2.3537 -0.0306364 2.36344e-19)
(0.0595937 -0.0414799 1.13604e-19)
(0.803634 0.25711 0)
(0.830789 0.483126 0)
(-0.55973 -0.551354 2.80979e-19)
(1.00496 -0.161559 0)
(-0.406147 0.214456 -9.48527e-21)
(1.00628 0.00262048 2.06208e-20)
(0.0113645 -0.0803116 -5.60948e-23)
(1.05903 0.0410591 -3.90785e-21)
(1.29964 -0.395843 -3.81081e-21)
(1.3229 0.483277 0)
(1.00525 -0.00356308 -3.84792e-19)
(0.7636 0.685557 1.49719e-19)
(0.858733 -0.690763 -9.92687e-19)
(1.12507 -0.859478 7.63626e-20)
(0.588672 0.0657291 3.54321e-21)
(0.731646 1.01204 -2.17513e-19)
(1.01386 -0.0344432 8.7038e-21)
(1.62242 0.0821647 3.62796e-19)
(-0.651674 0.545343 0)
(0.655306 0.167961 0)
(0.951982 -0.058695 -2.80457e-19)
(1.07467 0.603628 0)
(0.828163 -0.356552 2.7508e-19)
(-0.818078 -0.0254177 0)
(1.13284 0.0496684 2.6941e-21)
(-0.0577305 -0.0346889 -1.34795e-19)
(1.83513 0.704008 0)
(-0.605471 -0.58204 0)
(1.55199 0.393436 2.25813e-20)
(-0.611481 -0.206904 0)
(0.557456 1.05161 -1.29783e-19)
(0.922879 0.597404 -1.11845e-19)
(2.29923 -0.246031 -2.63403e-20)
(0.212716 -0.201118 1.53327e-19)
(-0.213162 0.164988 1.43827e-19)
(1.94075 -0.449005 0)
(0.132929 -0.0947014 -2.38904e-19)
(0.00272449 0.0389009 0)
(1.03453 -0.175525 -1.16758e-19)
(-0.0914016 -0.0680898 -3.38519e-19)
(-0.75084 -0.0835537 2.60991e-19)
(1.71181 -0.163924 1.2181e-19)
(1.89641 -0.171714 4.5205e-20)
(0.429803 0.411485 0)
(0.694444 -0.310596 -8.6718e-20)
(0.627442 0.667609 -6.99037e-21)
(1.1617 0.103882 0)
(1.03973 0.56977 0)
(-0.117854 -0.0141243 -1.99852e-19)
(1.87294 -0.278048 -2.25607e-19)
(0.860778 -0.249322 -9.50482e-20)
(1.96964 -0.769639 6.07564e-19)
(1.27586 -0.493572 -2.02701e-20)
(1.81533 -0.463995 -4.14868e-19)
(1.06826 0.643857 -1.62713e-19)
(1.97641 -0.303242 6.53475e-20)
(-0.521899 -0.501414 -1.79292e-19)
(1.01663 -0.010501 2.72951e-19)
(1.64136 0.224192 9.75725e-21)
(1.94689 -0.0914076 -4.65512e-19)
(0.993996 0.0467079 7.53964e-21)
(-0.487622 0.135941 1.64378e-19)
(-0.462814 -0.0877085 0)
(-0.821983 0.097797 0)
(0.768096 0.232512 0)
(1.82991 -0.172596 5.84317e-20)
(-0.670474 -0.542801 -3.05828e-19)
(0.48453 0.383268 0)
(-0.135072 -0.202697 1.51824e-19)
(1.5915 -0.347071 -5.15398e-20)
(-0.023207 0.0706835 -2.06915e-19)
(1.01119 0.668076 2.00541e-19)
(1.64771 0.219272 2.22971e-19)
(-0.565086 0.0113613 1.0319e-19)
(0.897548 0.797922 -1.73412e-19)
(1.19874 -0.267092 6.49444e-20)
(0.946274 0.00168427 -2.55429e-19)
(1.03129 -0.0413023 -9.29352e-20)
(0.76566 0.281823 0)
(0.176799 -0.0789935 0)
(1.11455 -0.144705 5.23284e-20)
(1.33091 -0.298073 -1.34641e-19)
(-0.762245 0.0257102 -1.45699e-20)
(1.0357 0.258905 1.9242e-19)
(1.31327 1.04268 0)
(1.24095 0.484815 -2.45345e-19)
(0.677321 1.13062 -3.65665e-20)
(0.742902 -0.31888 3.625e-19)
(0.7682 -0.288637 -1.2037e-19)
(2.23317 0.0686377 4.84437e-19)
(-0.538255 0.0472814 1.15237e-19)
(-0.723318 0.00960455 -1.2852e-19)
(0.49755 0.482949 4.06922e-19)
(-0.563949 0.170932 -4.00432e-19)
(1.57255 0.0341634 -2.19646e-20)
(1.95936 0.716941 4.37827e-19)
(-0.105006 0.352818 -4.52602e-19)
(0.564857 0.391917 -3.07141e-19)
(0.876073 0.485139 0)
(-0.382988 0.460976 -1.81849e-19)
(-0.46875 0.446534 -3.23081e-19)
(-0.656287 0.841229 -3.45969e-19)
(-0.254658 0.339914 -1.80157e-19)
(1.07695 0.0267245 -7.76687e-20)
(-0.7577 0.679057 -2.10169e-19)
(0.892965 0.518561 1.03526e-19)
(1.41165 0.818089 1.56893e-20)
(0.726363 0.671943 0)
(0.988543 0.629119 0)
(-0.116426 0.0787418 -1.84996e-19)
(-0.588256 0.0996069 0)
(0.938066 0.523783 -1.02676e-19)
(-0.0337841 0.128445 0)
(1.02396 -0.00109336 -2.63368e-21)
(0.685706 -0.00404597 5.90788e-19)
(-0.278667 -0.385652 3.40209e-21)
(-0.404391 0.65646 0)
(0.557526 0.52717 0)
(-0.762831 -0.094274 2.00147e-19)
(-0.521184 0.491909 1.38011e-19)
(1.82241 -0.290496 -1.72545e-20)
(-0.57348 -0.310865 2.67805e-19)
(0.567025 -0.0538111 -4.99523e-19)
(2.21119 -0.311659 3.95128e-20)
(1.73442 -0.154195 -2.32617e-20)
(-0.489196 0.601635 -1.64507e-19)
(0.362808 -0.352472 -3.35436e-19)
(-0.517476 0.581266 2.81478e-19)
(-0.520737 0.463955 0)
(0.780455 0.713291 1.92458e-20)
(2.07016 0.514578 -5.20977e-19)
(-0.00820045 0.069171 -1.01729e-21)
(0.577445 -0.143213 0)
(0.63419 0.596424 -2.2478e-20)
(0.456248 -0.444144 2.48815e-19)
(-0.58529 0.555847 3.42729e-21)
(0.390046 0.37474 -3.32002e-19)
(1.05067 0.0209902 0)
(2.37325 -0.0101089 4.74599e-19)
(-0.591805 0.578366 0)
(-0.672038 0.603836 -2.01373e-19)
(-0.582911 0.667843 1.25623e-19)
(0.408729 0.383548 2.60543e-19)
(0.811177 0.743642 -2.01171e-19)
(-0.678394 -0.770183 3.82577e-19)
(-0.548401 0.653248 -2.88225e-19)
(-0.495309 -0.472221 -3.07585e-19)
(0.816705 0.313648 0)
(-0.402235 0.331413 -1.33104e-19)
(0.445065 -0.408844 2.72841e-19)
(0.0408274 0.0747208 -2.50278e-19)
(1.2339 0.215847 -1.49585e-19)
(-0.130185 0.205147 8.64912e-20)
(0.794941 0.733563 0)
(0.716221 0.670338 0)
(0.86514 0.779493 -1.60811e-19)
(0.901479 0.809859 4.95194e-20)
(1.42712 -0.800274 -5.88752e-20)
(-0.486396 0.384861 -5.4128e-21)
(0.896692 0.447914 0)
(-0.523834 0.525321 -8.86471e-20)
(1.52563 0.991831 -3.43359e-19)
(2.04663 0.361754 3.11749e-19)
(1.45625 -0.475225 0)
(0.411125 -0.380366 4.04317e-21)
(1.89847 -0.195141 -1.47008e-19)
(-0.629276 0.501901 -2.3017e-19)
(-0.762015 0.74911 0)
(-0.21455 0.33676 -3.85693e-19)
(0.878538 0.784228 5.02525e-20)
(0.835411 0.458486 1.60723e-19)
(-0.135189 0.261877 -4.63465e-19)
(0.527808 -0.513212 0)
(1.54595 -0.364462 0)
(-0.341888 0.443541 1.55191e-19)
(0.324974 -0.295396 -5.01175e-19)
(-0.565058 -0.529351 -2.05098e-19)
(-0.34589 -0.112937 -1.22646e-19)
(0.541687 -0.113969 2.78774e-19)
(-0.277262 0.420584 1.63147e-19)
(0.947825 0.833324 0)
(-0.452357 0.282124 2.06734e-19)
(0.0567469 -0.0623408 -1.3642e-19)
(-0.0763863 0.172954 6.8311e-20)
(0.390219 -0.340158 1.63566e-19)
(0.00710915 -0.122981 -2.40473e-19)
(0.669777 -0.171015 2.69427e-19)
(-0.0161229 0.0702697 -7.5555e-20)
(-0.591625 0.144892 -2.54511e-19)
(0.758108 0.318445 0)
(1.88334 -0.0637449 3.07604e-20)
(-0.562425 0.34821 1.96525e-19)
(0.988655 0.829859 2.14049e-19)
(-0.570617 -0.359529 3.96588e-19)
(1.00515 0.882446 8.30413e-21)
(1.92956 -0.268505 -7.49955e-21)
(-0.245265 0.491088 2.29231e-19)
(1.16963 -0.246273 -3.50374e-21)
(-0.368766 -0.664157 4.65741e-19)
(-0.285795 0.575506 2.35554e-19)
(0.0454025 -0.0388866 2.42989e-19)
(0.0252563 -0.0623732 -2.37467e-19)
(-0.0994639 0.0253318 2.58435e-19)
(1.12616 -0.267272 7.91107e-20)
(1.11556 0.957418 1.03794e-20)
(1.95441 -0.121993 1.86467e-20)
(-0.415409 0.552683 3.4579e-19)
(0.631645 -0.1288 0)
(1.40493 -0.447102 0)
(-0.553166 0.503731 0)
(1.14162 0.843486 2.75566e-19)
(1.69236 -0.7506 3.3264e-20)
(0.0188728 0.095393 -1.45499e-19)
(-0.0913069 -0.0350738 2.12598e-19)
(-0.353837 0.483782 0)
(1.74011 -0.175632 -3.35323e-20)
(0.447391 0.421263 -4.71778e-19)
(-0.709877 0.758465 -2.44766e-19)
(-0.15913 0.0441253 -2.3752e-19)
(-0.767152 -0.0739365 3.43252e-19)
(2.20742 -0.289582 0)
(1.37775 1.0269 -8.04721e-21)
(-0.142178 0.0168679 -1.16636e-19)
(0.480457 -0.100118 0)
(0.61394 -0.045853 -2.86181e-19)
(1.07982 0.884466 0)
(-0.612345 0.0735639 2.0679e-19)
(-0.0992488 0.0727316 2.27117e-19)
(0.959066 0.833722 -7.08303e-20)
(-0.141284 0.0577925 1.11556e-19)
(0.460899 -0.0541668 -1.75222e-19)
(1.02848 0.884129 0)
(0.472102 -0.448068 -6.19675e-20)
(0.891251 0.758076 1.18029e-19)
(0.49369 -0.433646 -2.48859e-19)
(1.09691 0.937718 0)
(0.330869 0.0903256 -6.288e-20)
(-0.625173 0.0405755 1.83126e-19)
(1.17907 0.971051 -9.90445e-21)
(-0.671666 0.602257 -3.54653e-19)
(1.36482 1.01664 -2.26853e-20)
(1.67074 -0.613323 -2.54383e-20)
(-0.138197 0.366116 2.88156e-19)
(0.653675 -0.0810778 -1.18596e-19)
(1.77529 -0.130702 0)
(1.18651 0.971989 2.25512e-20)
(1.88857 0.0190923 0)
(0.949092 -0.215251 3.33412e-19)
(-0.666173 0.0827009 -3.70246e-19)
)
;

boundaryField
{
    frontback
    {
        type            empty;
    }
    Top
    {
        type            noSlip;
    }
    outlet
    {
        type            zeroGradient;
    }
    bottom
    {
        type            noSlip;
    }
    Inlet
    {
        type            fixedValue;
        value           uniform (1 0 0);
    }
    rectangle
    {
        type            noSlip;
    }
}


// ************************************************************************* //
