/*--------------------------------*- C++ -*----------------------------------*\
| =========                 |                                                 |
| \\      /  F ield         | OpenFOAM: The Open Source CFD Toolbox           |
|  \\    /   O peration     | Version:  2306                                  |
|   \\  /    A nd           | Website:  www.openfoam.com                      |
|    \\/     M anipulation  |                                                 |
\*---------------------------------------------------------------------------*/
FoamFile
{
    version     2.0;
    format      ascii;
    arch        "LSB;label=32;scalar=64";
    class       volVectorField;
    location    "10";
    object      U;
}
// * * * * * * * * * * * * * * * * * * * * * * * * * * * * * * * * * * * * * //

dimensions      [0 1 -1 0 0 0 0];

internalField   nonuniform List<vector> 
2186
(
(1.29612 -0.0880081 1.68288e-19)
(1.60178 -0.931579 -1.10374e-19)
(1.44812 -0.907789 -8.2899e-22)
(0.735075 -0.580428 -1.16527e-19)
(-0.5501 0.625008 -2.3445e-19)
(1.04966 0.0337627 0)
(0.717053 -0.662491 0)
(-0.283522 -0.514341 1.25509e-19)
(1.49085 -0.261523 2.00006e-19)
(0.55204 -0.307224 -2.29583e-21)
(0.677269 0.610772 0)
(0.834889 -0.277053 -1.48325e-19)
(-0.366757 -0.644445 -5.11752e-20)
(1.16069 0.0174593 -2.89198e-19)
(1.79013 -0.681603 -1.16241e-19)
(1.01226 -0.00455764 1.3611e-19)
(0.984501 0.00730437 0)
(-0.716575 0.476917 0)
(1.06257 0.0074079 0)
(-0.0463476 0.272902 -8.58846e-20)
(0.488122 0.102047 -9.45184e-20)
(-0.235389 0.173321 1.16799e-19)
(1.1457 0.0278153 2.38813e-19)
(-0.219882 0.000861182 4.13327e-21)
(1.02352 0.00961907 -1.87975e-19)
(0.786133 -0.55808 0)
(0.764086 -0.0286426 1.16836e-19)
(0.607345 -0.587685 -1.30716e-19)
(1.22204 0.717468 0)
(0.987867 0.0179056 -2.5648e-19)
(-5.37409e-05 0.0484075 0)
(1.02304 -0.00617797 8.87437e-21)
(0.00771209 0.32585 0)
(2.17453 0.292492 1.69441e-19)
(-0.119141 -0.130684 2.94821e-21)
(1.55076 0.782704 1.72832e-21)
(1.61512 0.157517 9.64845e-20)
(0.514642 0.151155 -2.80383e-19)
(1.96532 0.244798 -4.50553e-19)
(1.05402 0.0188839 -1.99662e-22)
(-0.43534 -0.717606 0)
(-0.198699 0.156625 0)
(1.8645 -0.875607 9.76603e-20)
(-0.451051 0.21683 0)
(1.10789 0.282882 1.14492e-19)
(0.596712 -0.289422 2.321e-19)
(0.913965 -0.778617 0)
(1.17797 -0.781949 7.37976e-20)
(2.0202 -0.647741 0)
(-0.388938 0.686293 2.61483e-19)
(0.0181205 0.116982 1.26991e-19)
(0.630069 0.580577 5.78413e-20)
(2.05489 -0.758076 1.24689e-19)
(0.596526 0.283925 -2.23225e-19)
(-0.264081 0.17319 4.3671e-20)
(0.758326 -0.647715 0)
(1.6511 -0.960541 1.79831e-20)
(0.578289 -0.539539 0)
(2.38872 0.190985 1.40292e-19)
(1.12526 -0.184649 -2.72472e-19)
(1.32309 -0.112396 8.5538e-20)
(1.35329 0.291246 -1.17902e-19)
(1.34406 0.536684 0)
(1.07226 0.0306847 2.18749e-22)
(1.36026 0.378825 -6.31562e-20)
(1.24694 -0.729199 -9.67701e-20)
(1.18128 0.666369 3.54325e-20)
(0.685402 0.074638 -4.52766e-19)
(0.822726 0.054215 0)
(2.10167 -0.204457 -7.22884e-20)
(-0.257849 -0.582933 -1.46083e-19)
(1.63419 -0.505008 -8.00004e-20)
(0.72856 -0.0365519 -1.99693e-19)
(0.872726 -0.522887 0)
(0.824885 0.181022 -7.24562e-20)
(0.546398 -0.508255 -2.398e-19)
(1.98998 -0.386608 0)
(1.00365 0.00982542 2.82577e-19)
(-0.103182 -0.205642 0)
(2.03253 0.421758 0)
(1.01977 0.319608 1.73976e-19)
(0.962897 0.0379447 -2.27705e-22)
(1.03506 0.0107489 3.12239e-20)
(1.32027 0.415238 1.70618e-20)
(0.978382 0.0187296 3.27119e-19)
(1.03865 0.031917 -7.75299e-21)
(0.670299 0.183856 -2.69278e-19)
(1.06785 0.0193203 1.15989e-22)
(0.503929 0.0197638 0)
(-0.0679375 -0.0268318 1.05993e-19)
(0.855746 -0.622421 -1.26262e-19)
(-0.0796462 0.538359 -1.75499e-21)
(1.09442 -0.0793089 1.8971e-19)
(0.813244 -0.178963 0)
(0.995751 0.0304316 3.1278e-20)
(1.37764 0.650748 0)
(1.61184 -0.944299 0)
(1.30867 0.218858 0)
(-0.537732 0.702457 0)
(0.786026 -0.663259 2.27514e-19)
(0.802067 -0.17016 -4.6713e-19)
(0.973201 0.107786 3.30756e-19)
(1.50404 0.185478 0)
(1.09805 -0.122953 -1.73439e-19)
(1.08285 0.0261741 1.40288e-19)
(0.0293084 0.629769 1.64306e-19)
(0.637972 0.51181 0)
(2.17497 -0.153406 -1.44792e-19)
(0.963266 -0.485872 6.33283e-20)
(-0.839741 0.376505 1.14774e-19)
(1.76957 0.285507 1.5394e-19)
(-0.292464 0.763762 -3.69574e-19)
(0.810265 -0.736178 0)
(0.567818 0.358361 1.34669e-19)
(1.65375 -0.261643 -5.7372e-19)
(-0.587016 -0.453214 -4.87903e-19)
(1.04569 -0.0900711 5.53672e-21)
(1.77497 -0.681471 0)
(-0.0925427 -0.0216337 -3.1775e-19)
(0.711284 -0.0713709 6.34128e-20)
(1.57127 0.887765 0)
(-0.294326 0.728641 -4.12173e-19)
(0.88749 0.760941 -1.98005e-19)
(-0.958417 0.345085 5.89554e-19)
(1.02722 -0.0232207 0)
(1.07256 -0.0995637 -6.97536e-21)
(-0.453695 0.734618 0)
(0.694577 -0.494394 -8.55141e-20)
(-0.907567 0.413945 -3.20146e-19)
(0.783119 -0.71447 0)
(0.434538 -0.270985 3.41683e-19)
(0.540359 -0.455237 2.26685e-19)
(0.409573 -0.370574 0)
(0.975883 -0.775654 -8.76807e-20)
(1.03161 0.141412 0)
(-0.100751 0.757416 -2.05108e-19)
(0.805432 -0.69428 1.06889e-19)
(2.36424 -0.248258 3.22901e-19)
(2.20228 0.109085 0)
(-0.0344234 -0.113579 0)
(0.686216 0.636533 -2.38217e-19)
(1.77413 -0.623018 2.40831e-20)
(-0.166902 -0.243602 0)
(0.976422 -0.800632 -9.77221e-21)
(1.12215 -0.109867 0)
(1.0828 -0.141658 3.02745e-19)
(2.09307 -0.161861 -1.40659e-19)
(-0.589319 0.608074 0)
(1.21829 -0.556455 -3.8167e-20)
(-0.205238 0.397176 -5.45126e-20)
(-0.292549 0.682784 0)
(1.08637 -0.807324 1.2028e-20)
(1.00454 0.0100982 -4.7204e-19)
(0.649293 -0.4792 -8.46371e-21)
(0.814562 -0.518706 0)
(1.19519 -0.728128 -6.28769e-20)
(0.65903 0.245861 2.09134e-19)
(1.24501 0.0921254 0)
(1.52199 0.0937777 -7.79775e-20)
(1.18995 -0.848485 -1.16262e-19)
(-0.0259797 -0.0964188 -1.17385e-19)
(-0.0792815 -0.559379 -2.54668e-19)
(1.06418 0.00725582 1.74806e-19)
(0.920044 -0.471062 -7.96382e-20)
(1.06629 0.0133626 -1.07384e-22)
(1.07314 0.00511539 -1.90977e-21)
(0.733156 -0.112543 1.3247e-19)
(-0.22512 -0.00257575 -2.87862e-19)
(1.03141 -0.041864 0)
(1.16092 -0.132141 3.07596e-20)
(1.44867 0.656946 6.35377e-20)
(0.803927 -0.61381 -1.65949e-19)
(0.995858 0.00387426 9.6793e-21)
(0.717843 -0.531425 2.35116e-19)
(1.31281 0.80526 6.53496e-20)
(1.87825 0.0123314 2.94647e-20)
(-0.648741 0.487511 0)
(1.05441 0.0556534 -1.80507e-19)
(-1.04869 -0.208326 -3.69153e-19)
(1.08012 0.491168 5.78589e-20)
(0.0692675 -0.0893383 1.73889e-19)
(1.11962 0.02776 -3.32942e-20)
(-0.145348 0.252223 -2.07052e-19)
(1.30756 0.586416 -4.33004e-20)
(1.14236 0.888108 0)
(-0.699952 0.480074 -1.20094e-19)
(-0.252805 -0.142306 0)
(0.652833 0.563187 -2.13519e-19)
(2.05154 0.196086 -3.10068e-20)
(-0.517241 -0.67499 1.75265e-19)
(-1.0375 0.168331 -8.05282e-19)
(0.732632 0.0770381 1.98648e-19)
(2.14928 -0.300326 -6.05814e-20)
(0.974912 -0.345352 -2.34928e-20)
(0.00387125 -0.0130679 0)
(-0.547763 -0.0198184 1.12031e-19)
(1.3339 0.975742 2.78329e-20)
(0.841959 0.0693677 -1.0735e-19)
(0.55391 0.519882 1.47389e-19)
(0.445635 0.187054 0)
(-0.0161629 -0.770603 -2.61419e-19)
(-0.0239778 0.125298 -7.23447e-21)
(1.28791 -0.949863 8.69586e-23)
(0.982184 -0.0368755 -1.46788e-19)
(-0.159234 -0.135496 7.27075e-21)
(-0.264577 0.337672 1.91442e-19)
(-0.343847 -0.0987566 -2.08622e-19)
(1.73854 -0.688432 0)
(1.10692 0.0485026 -2.40685e-19)
(2.09159 -0.197752 1.96769e-19)
(1.27523 -0.621844 6.32398e-20)
(0.759785 0.0401494 2.95398e-21)
(0.5947 0.338421 0)
(0.945661 0.749392 -1.15206e-20)
(0.683059 0.627368 1.34162e-19)
(0.894993 -0.568198 1.14211e-19)
(0.684964 0.506924 0)
(1.01953 -0.00110114 6.26467e-21)
(0.876867 -0.662706 1.62525e-19)
(0.838213 0.430822 -3.52389e-19)
(1.22063 -0.123848 0)
(-0.251397 -0.251087 -3.16211e-19)
(0.0335801 0.491645 -1.27457e-19)
(1.59404 0.730803 0)
(1.34032 -0.930576 -7.44187e-23)
(-0.734716 0.51051 0)
(-0.523419 0.72104 1.49017e-19)
(0.734795 0.651539 -7.35467e-20)
(0.844481 -0.208187 0)
(-0.233858 -0.13514 0)
(1.6031 -0.454564 0)
(-0.393311 -0.303308 3.29573e-19)
(1.20383 -0.876467 7.65151e-20)
(1.17655 -0.610274 4.23863e-20)
(1.04466 -0.157349 -1.20866e-19)
(0.872028 -0.690407 -1.27415e-19)
(0.186017 -0.190011 0)
(-1.23689 0.0399048 0)
(1.00162 -0.518826 1.30777e-19)
(-0.0884204 -0.202409 0)
(-0.375792 0.702249 0)
(-0.570273 -0.42444 4.1517e-19)
(0.791873 0.669376 6.38126e-20)
(1.01572 0.793698 0)
(0.695843 0.556946 -6.54708e-20)
(0.832554 -0.0405229 -1.78086e-19)
(0.745214 0.565302 -1.74234e-19)
(0.589306 0.548521 -1.26915e-19)
(-0.197035 -0.548777 2.615e-21)
(0.714183 -0.641179 0)
(0.892515 0.172582 -2.50696e-19)
(-0.327306 -0.716336 6.76169e-20)
(0.601492 0.557445 2.80379e-19)
(0.958408 0.796221 0)
(-0.731777 -0.162685 3.58956e-19)
(-0.0642457 -0.408884 3.53137e-19)
(-0.0140427 -0.345771 -1.77556e-19)
(0.663059 0.571561 -1.13838e-20)
(0.979244 -0.014103 4.58299e-20)
(-0.464344 -0.744973 0)
(2.27372 0.0993657 -3.29e-19)
(1.32904 -0.462412 -5.74111e-20)
(0.648206 -0.600879 -5.79213e-20)
(-0.612693 0.23528 2.1062e-20)
(1.19381 0.458601 1.22443e-19)
(0.885263 0.419813 0)
(1.06908 -0.196429 1.46102e-19)
(0.136266 -0.563754 -1.02923e-20)
(-0.0505444 0.13561 4.80181e-19)
(0.927508 0.0183003 -4.02422e-20)
(1.13841 0.118633 0)
(1.88902 -0.0197801 -3.16597e-19)
(1.91982 0.0428737 0)
(0.548327 0.263754 -3.69452e-19)
(-0.27351 0.39503 0)
(-0.229832 -0.501607 2.86629e-19)
(0.743965 0.0943516 0)
(0.618568 -0.513182 -1.45431e-19)
(1.10802 0.0234652 1.59822e-19)
(-0.58915 0.617236 5.63483e-20)
(1.87565 -0.0997337 -1.079e-20)
(2.09575 -0.254628 -1.47209e-19)
(1.11308 0.231845 -1.61854e-19)
(-0.360155 -0.777792 -1.36141e-19)
(1.06709 -0.843872 0)
(0.80258 0.0152014 -1.16338e-19)
(0.931161 -0.377511 -2.26107e-19)
(1.70895 -0.564617 -1.00535e-20)
(1.71062 0.0339367 2.93559e-19)
(1.05871 0.000873224 2.89911e-19)
(0.154141 -0.60083 -1.79498e-19)
(0.990343 -0.440488 -9.56149e-20)
(0.196139 -0.188965 2.0616e-19)
(1.00546 -0.00343244 0)
(1.00747 -0.00884959 0)
(1.23278 -0.671131 2.41565e-21)
(-0.00467259 0.74861 -1.38472e-19)
(0.18349 -0.118903 -1.53683e-19)
(1.39066 -0.177872 2.20646e-20)
(1.40123 -0.694891 0)
(2.16796 -0.323172 -1.30347e-19)
(0.936608 -0.814275 -4.68183e-20)
(1.78939 -0.550838 -9.41652e-20)
(1.10892 0.837261 0)
(0.470755 -0.453005 0)
(0.604901 0.521651 -1.37825e-19)
(1.09207 0.276069 -2.94449e-19)
(2.2215 -0.245366 4.79063e-22)
(0.859156 0.154997 1.08099e-19)
(0.151344 -0.687924 -5.7883e-19)
(0.952544 0.0899008 -5.62408e-21)
(-0.218368 -0.640768 0)
(-0.038838 -0.118395 0)
(-0.62874 -0.639599 0)
(1.33482 -0.719435 -4.13741e-20)
(-0.308666 0.696939 -2.87593e-19)
(-0.110439 0.261191 0)
(1.29343 0.977426 -5.07677e-21)
(1.11329 0.160765 -3.10328e-19)
(1.318 0.362897 -2.78257e-20)
(1.08261 0.923549 3.48643e-20)
(-0.237535 0.790505 1.90624e-19)
(0.740389 0.0643922 0)
(-0.635322 -0.549943 -3.71343e-19)
(-0.370883 0.788262 3.55228e-19)
(0.783772 0.0308111 1.45946e-19)
(1.5403 0.94996 6.11293e-20)
(1.11385 -0.063739 -3.96127e-21)
(-0.137386 0.513474 -2.60991e-21)
(0.739649 -0.675455 -2.71084e-20)
(1.21243 0.00924645 0)
(1.71849 0.0250746 0)
(1.06657 0.0332339 0)
(-0.104274 0.305934 -2.92249e-20)
(-0.541123 -0.675278 1.41454e-19)
(1.04874 0.843116 0)
(0.998466 -1.96766e-05 3.9467e-19)
(0.766882 0.606283 -1.7332e-19)
(-0.696895 0.0405243 -6.91771e-20)
(0.860898 0.0151595 -3.2372e-20)
(0.709641 -0.648329 -1.65034e-19)
(1.39479 0.713114 -1.06054e-20)
(0.561517 -0.448917 -2.36616e-19)
(1.0955 -0.0024019 -3.52087e-19)
(0.834953 0.040684 3.41737e-20)
(1.53075 -0.195826 3.319e-20)
(0.751738 -0.0275646 -4.0174e-20)
(-0.0226197 -0.044198 -2.06877e-22)
(1.08373 0.468757 -1.94075e-19)
(1.3377 0.619644 1.07902e-19)
(-0.126568 -0.360159 0)
(0.121131 -0.673726 2.17674e-19)
(-0.351368 -0.337876 1.32577e-19)
(-0.220635 -0.0579744 -1.47354e-19)
(0.481097 0.325934 0)
(1.24759 -0.535444 0)
(0.0241854 -0.0112337 -1.75196e-19)
(-0.250277 -0.771756 -7.93e-20)
(1.05246 -0.0198383 1.39258e-19)
(-0.584275 0.505072 -5.46611e-20)
(1.70007 -0.731867 -4.39555e-19)
(0.0267318 0.762738 0)
(0.82661 -0.733068 -2.17987e-19)
(0.695993 0.0548491 6.93055e-20)
(-0.552003 -0.359377 2.29035e-19)
(0.722614 0.166161 2.62025e-19)
(0.628713 0.14521 8.56224e-20)
(0.499342 -0.473197 1.60864e-19)
(-0.188226 -0.318322 -1.52486e-19)
(1.12168 -0.0319701 0)
(0.397545 0.354573 -1.55943e-19)
(1.02696 -0.00544769 -2.22139e-19)
(-1.13527 0.147565 3.12902e-19)
(1.4236 0.484984 -5.43629e-20)
(-0.111823 -0.279024 -5.74879e-20)
(0.681979 -0.622178 -1.16765e-20)
(0.814173 0.189845 -1.61313e-19)
(0.979631 0.427259 1.69299e-20)
(1.10438 -0.167493 2.608e-20)
(0.607822 -0.22664 -2.43498e-19)
(1.98917 -0.355799 -1.97706e-19)
(0.638967 -0.129844 0)
(1.06232 0.233996 -2.93217e-20)
(1.41005 0.240762 -1.79721e-20)
(1.15019 -0.339445 1.70412e-19)
(0.961681 0.355303 -2.36139e-19)
(1.04106 0.0522775 5.78567e-22)
(0.421548 0.393861 -2.00035e-19)
(-0.163991 0.299397 3.74075e-19)
(1.98672 -0.16884 0)
(0.943646 -0.00114128 0)
(0.866011 -0.765735 3.97794e-20)
(-0.0520696 -0.510308 -3.8631e-19)
(-1.1407 -0.0702962 -3.92244e-19)
(-0.0383847 -0.0794072 -2.48563e-19)
(-0.494981 0.674976 -2.40643e-19)
(-0.37241 -0.544175 0)
(-0.0228919 -0.0770772 4.4514e-20)
(0.317913 0.579904 -1.25087e-19)
(-0.297742 0.38529 -4.38013e-19)
(0.798126 -0.106977 0)
(1.25569 -0.348304 1.94488e-20)
(-0.320892 -0.369645 0)
(1.01722 0.018706 2.8271e-19)
(-0.0100885 -0.650621 2.8817e-20)
(0.537879 -0.420692 3.17122e-19)
(-1.05626 -0.238247 6.12013e-19)
(-1.42726 0.0990377 0)
(0.35405 0.687757 1.57034e-19)
(1.01747 0.0193938 -8.50194e-21)
(-0.229715 -0.0911942 0)
(1.00331 -0.0132949 -4.41218e-20)
(0.853333 -0.72178 -2.13208e-19)
(1.28046 -0.664139 0)
(0.930393 -0.258384 1.60612e-19)
(0.220575 0.654471 3.44323e-19)
(0.0107934 0.0134278 0)
(-0.086487 -0.71251 -7.85456e-21)
(0.721017 -0.631123 -3.30238e-19)
(0.977157 -0.0339899 -2.0281e-19)
(-0.0580944 -0.620861 4.75573e-19)
(-0.155168 -0.430812 1.75749e-19)
(-0.300802 -0.625617 0)
(0.961943 0.477811 0)
(-0.402713 -0.605463 2.95376e-19)
(2.15126 0.255907 -2.40834e-19)
(1.07724 0.89714 1.05394e-20)
(1.06552 0.219629 -9.32331e-20)
(1.13171 0.0102157 -1.67715e-19)
(1.07161 -0.0417379 -5.71211e-20)
(-0.00972407 -0.671479 -4.40695e-19)
(1.80669 -0.0296536 4.48842e-19)
(0.733208 0.0288301 1.50595e-19)
(1.81308 -0.0256164 1.33305e-19)
(1.04111 -0.198831 0)
(0.105766 0.493093 3.36613e-19)
(1.10034 0.0283236 -3.83461e-19)
(1.7472 0.62614 -3.70372e-20)
(0.737451 -0.454446 -1.28004e-19)
(-0.0688388 -0.0115053 2.37707e-19)
(0.790941 -0.694501 2.82282e-19)
(1.23624 0.201321 5.09468e-20)
(1.00527 -0.0082902 1.95511e-19)
(0.202243 -0.731929 -2.00438e-19)
(1.04617 0.0121807 0)
(1.28616 0.128061 -1.30879e-19)
(0.00323052 0.0112103 0)
(1.02835 0.00706418 -1.15014e-19)
(-1.10116 -0.323242 -3.46971e-19)
(1.70144 0.323318 -5.57021e-21)
(-0.517016 -0.3339 1.74193e-19)
(1.62255 0.0464228 -4.10862e-20)
(1.00947 -0.0212868 4.03407e-20)
(1.32252 -0.0901369 0)
(1.43887 -0.604776 -7.01824e-20)
(1.03556 0.031114 -1.18785e-19)
(1.45008 0.794621 8.92551e-21)
(1.38643 -0.0321205 0)
(1.04357 -0.0406798 8.59216e-22)
(0.0307172 -0.0133147 0)
(1.40094 0.0321946 0)
(-0.51011 -0.722071 0)
(1.23559 0.439375 0)
(1.90843 0.273597 7.3438e-20)
(0.74038 0.616248 3.03422e-19)
(0.290539 -0.292366 -1.90434e-19)
(-0.207243 -0.678054 -4.24563e-19)
(0.00614392 -0.0127695 0)
(1.2949 -0.345796 4.91146e-20)
(1.35663 0.518416 0)
(1.46608 0.290815 0)
(-0.69553 -0.516874 1.65792e-19)
(0.808477 0.71242 8.96714e-20)
(1.71287 -0.0224316 0)
(-0.395554 -0.577007 9.77047e-20)
(0.902419 0.221336 1.47139e-19)
(1.19445 -0.208624 -2.81645e-20)
(1.2466 0.929484 2.1289e-20)
(0.913684 -0.821638 -1.67256e-20)
(0.402995 -0.0520333 -3.22759e-20)
(0.794904 0.71668 9.03608e-20)
(1.18287 0.928251 0)
(1.67785 -0.431224 8.88556e-20)
(1.47311 0.93374 0)
(1.17392 -0.16774 7.05857e-21)
(0.981516 0.0976491 2.43369e-19)
(1.01049 -0.00601284 0)
(0.208485 0.53787 1.92445e-19)
(0.882967 -0.157894 3.7464e-20)
(0.627392 -0.405421 0)
(0.667114 -0.378179 1.70441e-19)
(1.24459 0.558611 -2.18708e-20)
(0.474444 0.448625 2.14703e-19)
(-0.344092 0.482081 5.17846e-20)
(0.133369 0.0283539 1.27379e-19)
(0.798836 0.0620996 0)
(1.31456 -0.891399 -2.04159e-20)
(1.05143 -0.0453522 3.089e-19)
(1.51411 0.319982 1.87078e-19)
(-0.439585 -0.629638 8.48486e-20)
(-1.11474 -0.264953 0)
(1.19391 -0.227542 -8.22458e-20)
(0.013506 0.0112389 -2.04661e-19)
(0.378576 0.425484 -5.60638e-20)
(-0.13366 0.0325372 -5.32376e-22)
(-0.212102 0.0919852 3.8788e-19)
(1.07692 0.0279477 -6.76829e-22)
(2.34171 -0.000591414 4.40601e-19)
(1.20156 0.461008 -1.97452e-19)
(0.981385 -0.0256948 0)
(1.82548 -0.0113565 2.98878e-19)
(1.80275 0.152645 1.30372e-19)
(0.903176 -0.759191 1.02095e-19)
(1.14753 -0.965791 -6.56793e-21)
(0.47816 0.444399 1.425e-19)
(1.74496 0.788069 0)
(1.76952 0.578879 6.87772e-20)
(0.0121814 0.0039126 -4.17175e-19)
(0.885897 0.771048 0)
(1.06511 -0.100866 0)
(0.291734 -0.291502 -3.75321e-21)
(0.330819 0.314076 0)
(-1.40408 -0.116967 -5.44342e-19)
(-0.428268 0.656193 -1.56578e-19)
(1.73686 -0.412614 0)
(1.30843 0.0343146 4.89773e-20)
(-0.723918 0.0825473 3.31649e-19)
(0.530268 -0.504112 -3.61846e-19)
(1.88485 -0.0758532 -5.16876e-20)
(0.607126 -0.551604 0)
(1.05069 0.115363 0)
(1.36843 -0.219821 0)
(1.11399 0.237994 -1.70593e-19)
(1.30512 0.108204 2.38548e-19)
(-1.16802 0.100587 0)
(0.853679 -0.0559969 0)
(1.67211 -0.101322 1.93668e-20)
(-0.102366 0.264396 1.32646e-19)
(2.21167 -0.313202 -2.61515e-19)
(1.05903 -0.506668 2.15065e-19)
(1.67521 -0.105211 -2.60761e-19)
(-1.24622 0.13373 -2.65023e-19)
(1.92689 0.0428541 -2.53428e-19)
(1.00399 -0.0224009 3.1878e-19)
(1.52848 0.607616 0)
(-0.435139 0.723069 4.15769e-20)
(0.994564 -0.821087 1.18601e-19)
(0.85525 -0.0102152 3.78385e-20)
(0.631379 -0.428831 0)
(1.89094 -0.535934 1.07372e-20)
(1.21148 -0.164543 1.04611e-19)
(1.17466 -0.260769 0)
(0.601985 -0.559086 3.23146e-19)
(0.575106 -0.0578039 -3.77197e-20)
(2.18411 -0.414433 5.21742e-19)
(-0.152365 0.418108 -2.74781e-19)
(1.34121 0.624001 8.30802e-20)
(1.14999 0.402824 2.61157e-21)
(0.904349 0.381252 1.72395e-19)
(2.00591 0.342835 -2.37035e-19)
(-0.0249479 -0.722227 -7.91484e-21)
(1.08624 -0.196478 0)
(-0.155353 -0.0993538 3.93433e-19)
(1.08273 -0.940989 0)
(1.05726 -0.652014 1.56413e-20)
(1.55645 0.190338 -7.79593e-19)
(1.07683 -0.00658217 -1.41516e-21)
(-0.821155 -0.296641 -5.31263e-19)
(0.995011 0.487909 1.29331e-19)
(0.296937 0.477254 3.25626e-20)
(0.730921 -0.0359903 0)
(1.03524 -0.22038 0)
(0.919135 0.173398 1.20812e-20)
(0.749259 -0.0172716 0)
(1.35505 -0.195932 -1.07642e-19)
(-1.84909 -0.0112335 7.22663e-19)
(1.92107 0.492309 7.66438e-20)
(1.05611 -0.0201428 0)
(0.55004 -0.34432 8.36763e-20)
(1.02715 0.0286013 1.5218e-19)
(1.10731 1.00088 -7.93839e-20)
(-0.472403 0.628502 0)
(1.10652 -0.483344 3.56659e-19)
(0.969868 -0.121931 -2.03889e-22)
(1.09216 -0.499815 -1.55529e-19)
(2.35047 0.156697 2.53003e-19)
(1.29813 0.79685 0)
(0.880208 0.027258 0)
(-0.533463 -0.654854 -2.16189e-19)
(0.019583 -0.00848706 1.97086e-19)
(0.949799 0.370213 -1.56974e-19)
(0.390614 -0.614643 -1.80134e-19)
(0.648226 0.418989 1.91447e-19)
(0.98687 -0.0331705 0)
(0.53312 -0.496029 0)
(1.13174 0.0105494 1.28971e-21)
(1.22674 -0.50941 -6.89366e-20)
(0.63195 0.0213498 1.42896e-20)
(0.731249 -0.14935 9.50184e-20)
(-0.0512575 0.137279 -3.5181e-19)
(1.59761 -0.0500775 3.65417e-19)
(0.660552 0.615112 0)
(1.28296 0.701031 0)
(1.57986 0.240315 0)
(-0.48426 -0.538192 -2.1958e-19)
(1.27334 0.568302 2.72454e-19)
(1.91197 0.137766 5.04319e-20)
(0.994121 -0.00274486 0)
(1.05834 0.020358 0)
(2.00989 -0.0884144 -3.54209e-19)
(1.10182 0.763813 8.72512e-20)
(0.999235 0.00489656 -1.52025e-19)
(1.48993 0.47666 0)
(-0.348034 0.625183 0)
(1.24085 0.312525 2.00138e-19)
(1.03256 0.531373 -9.37798e-20)
(1.05376 0.0272165 0)
(2.02289 0.55732 0)
(2.00868 0.675127 -4.1167e-19)
(-0.099707 0.660467 -5.88772e-21)
(0.999259 0.00832481 0)
(0.708957 0.482066 -2.58791e-20)
(0.926747 -0.816289 0)
(1.01225 0.0214971 3.52041e-20)
(1.1456 -0.0646646 3.37855e-20)
(0.901807 -0.31497 2.37155e-19)
(1.12935 0.0160198 -2.51603e-20)
(2.15974 -0.0964483 4.09057e-19)
(0.909402 0.124016 5.13187e-20)
(0.751741 -0.0358584 0)
(1.00346 0.0103346 0)
(-0.854651 -0.426832 0)
(0.666056 0.636749 -1.34873e-19)
(-0.0225582 0.0731435 2.3719e-19)
(1.16349 0.343873 -3.23256e-19)
(-0.75443 0.447056 0)
(0.83049 0.644892 1.26048e-19)
(0.993639 -0.326573 0)
(1.00293 0.00531161 8.91281e-20)
(0.880466 0.682084 6.06919e-20)
(1.03937 0.404765 1.86493e-19)
(1.7343 -0.0509892 0)
(2.15024 0.143628 -1.07163e-19)
(0.819827 -0.107144 -2.86776e-19)
(-1.27441 -0.157752 -7.05711e-19)
(1.2945 0.755897 0)
(0.870935 0.245397 1.36374e-19)
(2.12605 -0.0803905 0)
(0.776889 0.528286 2.77825e-19)
(-1.76232 -0.103401 2.80226e-19)
(-0.0564538 0.148817 0)
(0.590018 0.561156 -5.32033e-20)
(1.02043 -0.640936 -1.09946e-19)
(0.476942 -0.238419 -1.00616e-19)
(1.01053 -0.0185576 0)
(-0.481724 0.302512 -3.49459e-19)
(0.63342 -0.565575 6.41276e-20)
(0.901224 0.294861 0)
(1.40697 -0.529172 3.40989e-20)
(0.986158 0.838156 1.61063e-20)
(1.15598 -0.0151192 -2.62059e-20)
(0.17354 -0.2059 -2.70776e-19)
(0.228044 -0.0185935 -4.56629e-19)
(-0.059867 -0.18098 1.07343e-20)
(0.817358 0.368663 1.90467e-19)
(-0.33421 0.724703 -7.14197e-21)
(1.40982 -0.646828 3.35729e-21)
(1.00845 0.0027354 -2.63271e-19)
(-0.622348 -0.462076 0)
(1.03612 0.0288798 -3.08701e-19)
(2.11955 0.479189 1.97078e-19)
(0.89004 0.690706 2.05785e-19)
(1.0843 -0.0766114 1.21473e-19)
(1.00125 -0.0205619 1.21755e-19)
(1.07639 -0.0184549 1.31393e-21)
(-0.406143 -0.495292 -2.87945e-22)
(1.71848 -0.863449 1.49694e-20)
(1.11246 -0.127335 -5.25742e-20)
(0.861495 0.0584384 5.99258e-20)
(0.9086 -0.283041 7.03524e-20)
(0.304803 0.0449665 0)
(0.965858 0.735178 0)
(0.812897 0.462144 -7.23517e-20)
(2.03379 0.198219 -4.47852e-20)
(-1.37434 -0.128879 2.64281e-19)
(1.02542 -0.545062 -3.83356e-19)
(0.612756 -0.530917 3.10869e-19)
(1.46484 0.198126 -2.07385e-19)
(0.357387 -0.60139 2.0523e-20)
(1.1154 0.0401218 0)
(0.757095 0.118961 -5.37732e-21)
(1.11036 -0.0621667 -1.33901e-20)
(1.04539 0.762755 0)
(1.16024 -0.0926917 0)
(0.676802 -0.260192 0)
(-0.162686 -0.333411 -6.94594e-20)
(-0.164403 0.150593 0)
(1.42844 0.793938 1.096e-19)
(1.21489 0.186302 4.56632e-21)
(-0.662344 0.443044 1.24166e-19)
(1.13412 0.0384121 1.12022e-20)
(1.83299 0.467154 -1.25792e-19)
(2.09367 -0.307015 -4.23346e-20)
(-0.179543 -0.0061455 -2.75918e-19)
(-0.128 -0.718255 5.85144e-21)
(0.66735 0.0781179 0)
(0.695624 -0.0351179 0)
(1.00083 -0.00141122 3.40276e-22)
(-0.541951 -0.518783 0)
(1.50166 0.0346597 -1.34443e-19)
(0.688013 -0.0313776 0)
(1.04485 -0.00188161 9.73258e-20)
(1.00027 0.0118963 -3.45722e-20)
(1.61371 -0.271725 2.21397e-19)
(1.05918 -0.013956 -7.04366e-22)
(0.948026 -0.178805 -4.23258e-20)
(1.03091 -0.0203205 2.82817e-19)
(0.66625 -0.606125 1.43688e-19)
(0.036217 -0.400948 -7.78518e-20)
(0.950227 -0.071634 1.39865e-20)
(0.0185691 0.00424203 0)
(1.13315 0.79704 0)
(1.02538 0.00401897 0)
(0.992777 -0.766535 -7.38527e-20)
(1.02963 -0.881881 7.07187e-21)
(0.940706 -0.0992484 -4.37316e-21)
(0.165141 0.894638 -6.54266e-19)
(1.11996 0.0268853 3.43714e-21)
(0.58233 -0.377393 -5.11607e-19)
(0.962762 0.0509066 -4.87068e-20)
(1.12318 -0.000414362 -1.5931e-20)
(2.05111 -0.315779 1.36039e-19)
(0.654812 -0.0756204 -2.80793e-20)
(-0.325866 -0.566888 -1.46111e-19)
(1.12233 0.555286 1.36187e-19)
(-0.139116 -0.329544 0)
(0.341263 -0.631584 5.12578e-19)
(-0.0406817 -0.0629379 8.68221e-23)
(1.03727 -0.0343631 2.54044e-19)
(1.01482 -0.00180009 -6.53573e-21)
(1.0921 -0.0111578 -7.02738e-20)
(1.0713 -0.0270967 2.12651e-21)
(1.6247 0.305661 1.7198e-20)
(0.396681 -0.371677 -2.52786e-19)
(0.999849 -0.06183 6.44502e-21)
(1.03458 0.00493581 -1.8655e-19)
(0.906013 -0.104083 -1.43929e-20)
(1.07016 -0.0341912 0)
(1.11968 0.594137 -2.53463e-19)
(1.00459 0.00298667 7.28989e-20)
(0.674825 0.60497 1.98349e-19)
(1.09859 0.056122 -1.60042e-22)
(1.05483 -0.008731 -2.28961e-20)
(1.10678 0.0211254 6.50644e-22)
(2.29023 -0.208645 2.18193e-20)
(0.386549 -0.0169766 0)
(1.05336 -0.0376886 0)
(1.06983 -0.0326263 4.4722e-19)
(0.999611 -0.00814769 0)
(-0.00434664 -0.0323517 0)
(0.947992 -0.572923 0)
(1.00079 1.02233e-06 -4.23489e-19)
(1.15068 -0.680341 5.55489e-20)
(1.01857 -0.00290479 8.83523e-21)
(1.35013 0.959458 -1.16832e-21)
(1.53483 1.00923 -1.58527e-19)
(1.1114 0.0254962 -5.80609e-21)
(1.62938 0.625189 1.76975e-19)
(0.625349 0.137045 0)
(0.110385 0.681256 0)
(2.14985 0.0563409 5.47054e-19)
(1.15269 -0.292593 0)
(0.998523 -0.00480465 -1.31188e-19)
(1.00472 0.00176739 2.54912e-19)
(1.39644 0.143218 -4.77745e-20)
(0.00792394 -0.126111 3.03174e-19)
(0.981309 0.0048763 1.37676e-19)
(0.773289 -0.0332012 4.70606e-21)
(0.786812 0.0365696 -2.31359e-21)
(1.07181 -0.0208191 1.85107e-23)
(0.903877 0.012627 -1.38537e-19)
(1.00352 0.00185759 1.64653e-19)
(1.00017 0.00189846 9.71007e-21)
(0.784214 -0.00775817 0)
(0.73014 -0.020027 0)
(0.728683 -0.0241156 7.231e-22)
(0.714923 -0.0337308 0)
(0.35842 -0.00757663 0)
(0.546055 0.0176565 0)
(0.63996 0.0066683 -8.47111e-23)
(0.803967 0.012214 -5.81346e-23)
(1.05924 0.00990647 0)
(1.07087 0.0015578 1.13048e-21)
(1.06421 -0.00922351 0)
(0.668805 -0.0104845 0)
(0.567629 -0.00709733 0)
(0.503127 -0.0148084 3.8956e-21)
(0.276073 -0.00334625 6.40271e-20)
(0.815855 0.023904 0)
(0.810943 0.023682 0)
(0.949688 0.0184177 -1.70964e-19)
(0.836444 0.011841 3.21509e-19)
(1.00516 -0.00153832 0)
(0.999142 -0.00269739 3.03583e-19)
(0.9999 -0.000261736 -3.9979e-22)
(0.813301 0.0331885 2.71232e-19)
(0.998368 -0.0120576 -1.58244e-19)
(0.807573 -0.0159101 0)
(0.59354 0.0049552 2.31566e-21)
(1.00412 -0.000872085 -1.53628e-19)
(1.00238 0.00629227 -2.63322e-19)
(1.06936 -0.0110727 0)
(0.994827 0.000920416 0)
(0.998658 -0.00097823 0)
(1.07952 0.0623988 1.55987e-21)
(1.1195 -0.00072798 4.95427e-21)
(0.961396 -0.0976565 0)
(-0.543353 0.525787 2.56909e-19)
(-0.237302 0.442587 -1.8346e-19)
(1.02223 -0.0122585 -2.0358e-19)
(-0.367768 -0.778691 -1.4562e-19)
(1.01775 0.0130293 -1.64143e-19)
(1.18013 -0.199272 -6.45223e-20)
(0.795335 -0.473378 2.37549e-19)
(-0.0202835 -0.0499684 -1.00768e-19)
(1.02326 0.0192519 0)
(1.06087 0.00123806 -4.38427e-20)
(0.861194 0.0198165 0)
(-0.0163999 0.0623741 3.47747e-19)
(1.13855 -0.207393 0)
(-0.607301 -0.592717 -3.75505e-19)
(0.72602 -0.0562537 -8.37594e-21)
(1.66958 0.687934 1.09049e-19)
(-0.0396006 -0.0668008 0)
(1.07312 -0.0269063 1.37574e-19)
(1.10799 0.0171557 6.34888e-22)
(0.921543 -0.00660629 2.19453e-19)
(1.01673 -0.00969736 -1.38837e-19)
(1.68569 0.867923 9.38563e-20)
(0.522802 0.492502 0)
(0.450399 0.410495 1.62479e-19)
(1.04212 0.0787264 -1.31722e-21)
(1.14453 0.134238 1.41725e-19)
(1.07821 -0.70784 0)
(1.01503 -0.00131358 0)
(1.004 -0.0182794 -3.19814e-19)
(1.01136 0.0136465 -3.11726e-19)
(-0.0980593 -0.324073 0)
(1.23028 0.825374 -6.6709e-20)
(1.0802 0.044745 1.70384e-22)
(1.02319 0.00386546 1.19854e-19)
(1.00723 0.0225391 -1.50768e-19)
(-0.760311 -0.480943 -3.70842e-20)
(1.09771 0.00870946 -1.03625e-20)
(1.02573 -0.0102654 5.11654e-19)
(1.06203 0.0463098 0)
(1.87544 0.657763 -1.09082e-19)
(1.01626 -0.0112379 -1.5923e-19)
(1.843 0.171717 -1.21348e-19)
(1.05462 0.011647 -3.658e-22)
(1.00837 0.00737728 3.19685e-20)
(2.09412 -0.211693 -3.37002e-19)
(1.01842 0.012222 1.54668e-19)
(1.12217 -0.0373908 1.7765e-21)
(1.02743 0.00369955 0)
(0.931306 0.149459 3.82197e-20)
(-0.824403 0.309933 5.95381e-21)
(0.987975 0.0234545 1.53967e-19)
(1.02607 0.024855 -6.5083e-22)
(1.08953 0.0309663 -1.07759e-21)
(1.25484 0.310093 2.72368e-19)
(1.00273 0.0142658 1.05569e-19)
(1.02513 -0.0131481 1.36994e-22)
(1.74867 0.238637 3.68488e-21)
(1.79101 0.949528 -1.33616e-19)
(0.766512 -0.687972 4.19739e-20)
(0.446292 -0.315065 -2.49787e-19)
(1.01109 -0.0189049 0)
(1.02713 5.81933e-07 3.85583e-20)
(1.01463 -0.00805864 8.06859e-20)
(1.10423 -0.0186683 1.00152e-21)
(1.01852 0.0106825 -1.61186e-19)
(1.03827 -0.0272962 1.83561e-19)
(1.00491 -0.00483616 -1.51245e-19)
(1.00639 0.00771581 -5.21562e-22)
(1.0181 0.00879055 -1.7382e-22)
(1.02126 0.00992949 1.54055e-19)
(0.903391 0.0831848 3.97644e-19)
(1.47992 0.569694 0)
(0.858187 0.237859 3.09151e-19)
(1.00487 1.7051e-06 0)
(1.017 -0.0233547 -4.46657e-20)
(1.54511 0.44952 -2.25497e-20)
(1.61052 0.0909925 0)
(1.40861 -0.380627 -5.13011e-20)
(1.32469 0.782055 -1.51826e-20)
(0.830289 -0.0185387 0)
(2.12521 0.0378184 0)
(0.963458 0.796843 -1.8819e-20)
(1.07443 -0.00532947 -1.40407e-21)
(1.01286 -0.00126065 -1.6213e-19)
(1.11252 -0.567342 -4.36082e-20)
(1.08484 0.0142971 -2.21698e-21)
(1.16888 -0.0202191 0)
(1.1036 0.0744981 0)
(1.29414 0.412411 0)
(0.291941 0.551517 1.37902e-19)
(1.11451 -0.0324694 7.97507e-21)
(0.351942 0.314779 0)
(0.0170304 0.600074 -4.38461e-19)
(1.70934 0.973433 -1.37896e-19)
(1.01298 -0.00780139 -3.17265e-19)
(1.09156 -0.0134865 2.02679e-21)
(1.02226 0.0218554 2.10031e-19)
(0.747858 -0.0418341 0)
(-0.0772708 -0.264158 -3.09478e-20)
(0.616231 0.444057 -2.6914e-19)
(1.39007 0.513851 2.30099e-20)
(0.25435 0.62184 0)
(0.84248 0.0649201 5.60112e-20)
(0.519796 0.49795 3.98837e-20)
(1.19317 0.888117 -1.65878e-20)
(-0.0148051 0.00729954 1.51107e-19)
(1.01932 0.0218051 0)
(1.13751 -0.0398189 6.23458e-21)
(1.0047 0.00337032 1.19033e-19)
(2.36757 -0.0755787 0)
(1.01907 0.0096568 1.99775e-19)
(0.433393 -0.62189 -2.39986e-19)
(1.01624 0.0105871 -1.2341e-19)
(1.09757 -0.0733681 0)
(1.43019 -0.476401 2.20542e-22)
(1.00011 0.00495152 -8.31763e-20)
(0.989615 -0.0288435 2.19658e-19)
(1.09415 0.111098 -2.80517e-21)
(1.13864 -0.0464754 -1.08749e-20)
(-0.172527 -0.04964 3.96128e-19)
(2.06928 0.302029 2.69119e-19)
(1.16103 -0.00754824 1.27857e-20)
(0.820188 0.0113148 -3.005e-19)
(0.833168 0.0337243 0)
(1.14321 -0.008724 8.6873e-21)
(1.0174 -0.0137332 -2.39718e-20)
(0.969281 0.0282937 0)
(1.0485 0.00419535 -1.51811e-19)
(1.13306 -0.00183453 -2.49505e-20)
(-1.64418 -0.130686 3.17946e-19)
(2.13421 -0.578823 0)
(-0.893423 -0.29717 -6.21547e-19)
(1.50077 -0.350706 0)
(1.04007 -0.0166098 4.46583e-20)
(1.04671 -0.0271267 -2.51528e-23)
(1.00364 -0.00192773 1.28906e-19)
(-1.06476 -0.151698 5.82683e-19)
(1.01786 0.00354463 0)
(0.982903 0.00318439 -3.12414e-19)
(1.01823 0.00884531 1.63797e-19)
(1.04249 0.00971002 0)
(1.0303 -0.00101784 4.5148e-22)
(0.967539 -0.00155097 -1.40978e-19)
(-0.235662 -0.783818 4.76183e-19)
(1.0035 -0.00337482 -1.59986e-19)
(0.990885 0.0232315 -3.7698e-19)
(1.63814 -0.599632 3.00993e-21)
(-0.202789 -0.274987 -1.14975e-19)
(0.809958 0.696142 -1.28945e-19)
(0.800351 0.366345 0)
(1.0195 -0.00911441 3.36274e-19)
(1.03612 -0.0129192 1.76457e-19)
(1.1538 0.0189998 -2.5352e-20)
(1.04207 0.0652285 5.02717e-20)
(1.0687 0.0273225 -8.83416e-20)
(1.09945 -0.885844 3.27375e-20)
(1.00324 -0.00651082 1.67086e-19)
(0.92153 -0.669675 1.51636e-19)
(-0.751529 0.377562 4.7007e-19)
(-0.148383 -0.232392 -8.83763e-20)
(0.818736 0.0171427 -4.77536e-20)
(0.70996 -0.155119 -5.48825e-19)
(1.01756 0.00347836 0)
(1.31488 -0.79719 5.84021e-20)
(1.25988 0.633308 1.37216e-20)
(1.1507 -0.0145399 0)
(0.478983 -0.881875 0)
(0.872131 0.74741 0)
(1.03627 0.017148 7.08037e-20)
(1.93831 -0.363462 0)
(1.05364 -0.0231084 2.80728e-21)
(-1.30274 0.138375 -3.00117e-19)
(-0.000585768 -0.0329545 2.5114e-19)
(-0.432366 0.607546 -2.40223e-21)
(1.45157 0.369232 5.4931e-20)
(0.157576 -0.653716 5.69318e-19)
(1.18322 0.582001 0)
(0.817004 -0.117413 -5.74576e-21)
(1.01312 0.0119401 4.37169e-20)
(-0.0916741 -0.0272609 -1.55335e-19)
(0.881146 0.713265 -4.09516e-20)
(-0.0372461 -0.0627506 5.89976e-20)
(1.32465 -0.963129 -5.04029e-20)
(1.15923 0.0392155 2.4776e-20)
(1.07956 -0.0033398 1.37677e-21)
(0.631763 0.0817373 7.61316e-20)
(0.908355 0.016732 0)
(1.16371 -0.00315272 2.50535e-20)
(0.769994 -0.282386 -1.17594e-19)
(0.982959 -0.0690519 -4.60886e-20)
(2.14641 0.0955731 0)
(1.03917 0.0394214 1.72891e-19)
(0.342283 0.0973697 0)
(1.0753 0.00310133 3.27859e-21)
(0.352142 -0.394909 0)
(0.87403 0.339415 -1.69483e-19)
(1.26211 0.399521 -2.3397e-20)
(-0.0701208 -0.165261 -1.81852e-20)
(0.937704 0.0403019 -3.50094e-19)
(1.03942 0.0123672 0)
(1.10459 0.0178089 8.85617e-20)
(1.43779 -0.272362 0)
(1.87806 -0.406844 0)
(1.01902 0.00622997 -3.05459e-20)
(0.99137 0.0490735 -1.483e-19)
(1.71226 0.81226 -2.00811e-19)
(-0.221859 0.429724 0)
(1.02967 -0.00876495 -6.81364e-23)
(0.921996 -0.744858 -9.49259e-20)
(0.647846 0.362069 0)
(1.06577 -0.0235556 -2.19054e-19)
(1.60693 -0.633509 5.1448e-20)
(0.329079 -0.160734 5.24607e-20)
(-0.185879 0.775981 2.49326e-19)
(-0.877895 -0.328019 2.5252e-20)
(-0.94488 0.331854 -2.27346e-19)
(-0.0147429 -0.0206645 3.40169e-19)
(1.13608 0.0234077 -7.07485e-21)
(0.441385 -0.540698 3.35525e-19)
(0.941447 -0.70305 1.66419e-19)
(1.06866 -0.879928 0)
(1.00461 0.0158947 -3.61447e-19)
(0.758843 0.220704 -5.89537e-20)
(1.02671 0.00631342 -1.35314e-19)
(-0.165364 -0.0791839 -1.10004e-19)
(-0.0592202 -0.741817 3.80128e-19)
(1.02603 0.0306044 -1.73383e-19)
(0.827309 -0.814177 3.36522e-20)
(1.05607 -0.273837 -2.13189e-21)
(1.05301 -0.00757329 -2.90378e-19)
(1.70908 -0.0075484 0)
(-0.586452 0.317881 -1.48136e-19)
(-1.36263 -0.203111 -5.07183e-19)
(1.16659 0.00982969 0)
(1.0827 0.0939951 0)
(1.0695 0.0324882 1.9572e-19)
(1.50784 0.790973 -9.96896e-20)
(1.22664 -0.0729892 -1.72499e-20)
(1.16719 0.63241 1.12279e-19)
(-0.0962758 -0.74528 -5.89154e-20)
(1.06072 0.0160357 1.00815e-19)
(0.143448 -0.603032 -3.54895e-20)
(1.20703 0.151725 -2.77492e-19)
(0.00987225 0.317452 0)
(0.99375 -0.253218 -1.45899e-19)
(0.220017 -0.497085 6.10199e-20)
(1.36212 -0.557372 -1.05423e-19)
(1.03322 -0.00707883 -2.02975e-19)
(0.461498 0.445961 -1.09215e-19)
(1.36767 -0.477809 -3.3005e-19)
(-1.44162 -0.155854 4.19759e-19)
(0.948257 0.0297099 -2.28018e-19)
(0.533996 0.0498857 -1.63492e-19)
(1.00348 -0.00527576 -1.69826e-19)
(0.810274 0.606123 -1.79371e-19)
(-0.0562663 -0.340539 8.23949e-21)
(0.44614 -0.428049 -1.1104e-20)
(0.107554 -0.0366866 1.03082e-19)
(1.10909 -0.235793 -4.82887e-20)
(1.82307 -0.539299 0)
(1.08396 -0.842162 0)
(0.875692 -0.593155 -1.37375e-20)
(0.892346 0.0518544 0)
(0.727737 -0.397927 1.51751e-19)
(-0.0604662 -0.0928442 0)
(1.80525 0.675656 2.03043e-19)
(1.02317 0.0163514 0)
(2.28999 -0.00961392 -8.6534e-20)
(1.07625 -0.390694 2.50083e-19)
(0.985299 -0.00533016 1.49736e-19)
(1.04708 0.0875624 -1.488e-19)
(1.26998 -0.364685 1.50177e-19)
(1.01965 0.0278352 2.11998e-19)
(1.05752 0.0149928 0)
(0.987791 0.0113046 1.73909e-19)
(1.06403 -0.0150471 2.30506e-23)
(1.07771 0.204031 -4.81884e-20)
(1.42704 1.05731 9.46909e-20)
(1.02162 -0.0164736 2.31002e-19)
(1.00671 0.0824829 7.51466e-21)
(1.92888 0.623352 0)
(1.16264 0.385704 0)
(1.01774 -0.12504 -3.32765e-19)
(0.889509 0.324048 0)
(0.693692 0.438671 5.59357e-20)
(1.19708 -0.917314 0)
(0.512438 0.370116 0)
(0.628621 0.571172 -3.96821e-19)
(2.15115 0.172643 4.80589e-20)
(1.06356 -0.0208114 -9.67882e-20)
(-0.138205 0.387077 1.29323e-19)
(1.0421 0.0611495 0)
(1.05833 -0.0352219 0)
(1.13694 -0.131644 2.84647e-20)
(0.9887 0.525641 0)
(0.755169 0.4851 2.78875e-20)
(1.04299 -0.015069 4.15379e-22)
(0.617407 0.468105 1.09791e-19)
(1.11881 0.0370712 2.27411e-20)
(1.55853 -0.598294 -4.85884e-21)
(1.07427 0.0407443 1.3165e-19)
(1.06041 8.445e-05 -1.45158e-19)
(1.13737 0.217243 1.49481e-19)
(1.0113 0.0263401 -3.42596e-19)
(0.290902 -0.30997 0)
(-0.671002 0.572993 -5.81224e-20)
(0.153775 -0.356767 -3.22722e-20)
(0.888609 -0.134282 -1.939e-19)
(2.07222 0.47445 0)
(0.847366 -0.342956 -7.59825e-20)
(-0.0851106 0.241345 1.42178e-19)
(1.94555 0.689516 -1.6312e-19)
(1.15675 0.298104 -1.12482e-20)
(1.06595 -0.0698188 -4.68706e-22)
(0.853982 0.712329 3.0432e-19)
(1.14301 0.154809 -2.88653e-21)
(1.08266 -0.0276209 0)
(1.02428 -0.090162 -9.72533e-20)
(-0.268186 0.532 1.36678e-19)
(1.81164 -0.244995 -1.35809e-19)
(2.28452 0.0769082 0)
(2.3626 -0.060557 0)
(1.69911 0.288728 2.23908e-19)
(-0.0715811 0.171642 0)
(1.01804 0.0143837 -1.33518e-19)
(0.521213 -0.501091 0)
(1.00707 -0.0151341 9.84965e-20)
(0.663996 -0.318582 -1.76575e-19)
(0.95912 -0.0212 3.27404e-19)
(1.85504 0.337277 9.26724e-20)
(1.0457 -0.0264564 -3.59439e-19)
(0.853484 0.026382 4.20952e-20)
(2.2552 0.250188 -1.86471e-19)
(1.0769 -0.0382822 0)
(1.05366 -0.0133405 1.06329e-19)
(-0.802583 0.286173 -2.49442e-19)
(1.0949 0.00411063 -1.67502e-19)
(0.877783 0.638345 -3.45581e-19)
(1.04492 0.0525835 -3.00773e-22)
(2.20881 0.0209471 0)
(0.307096 -0.0567243 4.37604e-19)
(1.35157 -0.848486 0)
(-1.39252 0.0263995 1.58216e-19)
(-0.41003 -0.761704 2.72843e-19)
(1.07967 -0.895222 0)
(0.779516 0.0186087 8.67571e-20)
(-1.26148 0.231161 0)
(1.56445 0.609146 0)
(-0.0114875 -0.056203 1.69811e-19)
(0.868601 0.092252 -1.95808e-19)
(0.705388 -0.487464 -8.13472e-20)
(0.938196 0.690496 -2.72846e-19)
(1.00575 0.0402445 -4.84462e-21)
(1.05533 -0.0290518 1.10536e-19)
(2.37405 0.0847669 0)
(1.06752 -0.106356 -4.1802e-20)
(1.01605 -0.677029 5.20009e-19)
(1.02552 -0.0129454 2.24424e-19)
(1.08166 -0.0168932 8.64598e-20)
(1.88485 0.365942 0)
(1.00726 -0.0144983 0)
(0.994461 0.864086 -2.14885e-20)
(1.04895 -0.0224349 -1.35128e-19)
(1.16581 -0.460461 -7.30903e-20)
(-0.820971 -0.227393 3.2681e-20)
(1.07791 0.00112202 0)
(1.06766 -0.00698102 0)
(1.12807 0.0360324 1.60147e-21)
(0.694861 0.291053 -1.98285e-19)
(1.01559 -0.0442748 -9.36351e-22)
(0.989863 0.0741539 1.96135e-19)
(0.444025 0.233379 -1.25217e-19)
(1.39886 0.458188 0)
(0.775252 -0.00293019 -8.64298e-24)
(1.10128 0.00903151 -9.10704e-20)
(0.625858 -0.0111761 0)
(0.817243 0.00455347 0)
(0.769421 0.0117072 8.38803e-22)
(0.640378 0.0130622 -2.23174e-22)
(0.771102 0.00345444 9.10788e-20)
(1.12717 -0.0107462 0)
(0.810382 -0.747357 0)
(0.274556 -0.58318 -3.1191e-20)
(1.01843 0.713828 -1.62887e-19)
(0.268928 0.102444 -1.3659e-19)
(-0.128628 0.809431 1.46238e-20)
(1.93143 0.811709 2.73729e-19)
(0.997192 0.0275359 1.41363e-19)
(1.04561 -0.0639097 7.78484e-20)
(0.318456 -0.203965 -5.79901e-19)
(-0.0433498 0.000183107 0)
(0.803878 -0.608522 2.42526e-20)
(0.58036 -0.555431 -2.54628e-19)
(-0.652002 -0.530535 4.20534e-19)
(0.933816 0.114871 -1.4452e-19)
(0.970544 0.344772 2.80401e-19)
(1.04817 -0.0922044 1.33529e-21)
(1.0331 -0.00180327 -2.56145e-20)
(1.00469 -0.0159154 1.04972e-19)
(-1.07838 0.0722337 -3.38462e-19)
(-0.0481984 -0.0969427 -1.81914e-19)
(-0.522667 -0.431733 0)
(1.17539 0.259825 1.00917e-19)
(1.08744 0.0213608 0)
(-0.0320155 -0.558429 -2.46186e-19)
(-0.133085 0.255251 -1.81283e-19)
(-0.127401 -0.447666 0)
(1.01079 0.00634559 1.493e-19)
(0.983303 -0.0437542 0)
(1.95061 0.479736 -2.2783e-19)
(-1.53252 -0.179431 -8.82197e-21)
(0.988233 -0.00342655 -3.1153e-19)
(0.934691 -0.758986 1.56472e-21)
(1.60995 0.405439 -2.12914e-21)
(0.527775 0.513776 0)
(0.764312 0.667802 1.29972e-19)
(1.02871 0.105715 8.89785e-20)
(-0.474097 -0.633803 2.8085e-19)
(1.91817 0.244292 -5.31092e-21)
(-0.518252 -0.612936 -1.83296e-19)
(1.32197 0.449942 -3.78686e-19)
(1.3181 0.265867 4.84043e-19)
(1.12605 -0.828634 -1.64311e-21)
(0.128881 -0.125516 1.55005e-19)
(0.133418 0.129588 0)
(-0.186433 0.200052 0)
(-0.197108 -0.222305 1.04551e-19)
(0.999395 0.00334908 -1.65888e-19)
(1.01824 0.00745121 -1.3983e-19)
(-0.815944 0.428435 -2.46089e-19)
(1.67725 -0.498073 -3.05942e-20)
(1.34286 -1.01635 6.49379e-20)
(1.10608 0.745648 0)
(0.916873 0.0540325 -4.3549e-19)
(1.72729 -0.231657 -1.26392e-19)
(1.01885 -0.0228427 -4.1471e-20)
(1.43126 -0.742114 2.76028e-20)
(-0.428654 -0.689162 0)
(2.41375 0.110771 -4.55345e-20)
(-1.21201 0.177419 8.27955e-20)
(-0.167648 0.0351419 -3.7006e-19)
(1.05275 -0.0606985 1.4943e-19)
(-0.144486 -0.169086 0)
(1.729 -0.0655657 -1.35366e-19)
(0.484249 0.285266 9.75795e-20)
(-0.126602 -0.151103 1.16946e-19)
(1.01202 -0.0282472 1.84255e-19)
(0.690652 0.336615 0)
(-0.156776 0.306555 1.71402e-19)
(0.44699 -0.436663 0)
(0.133655 -0.134042 -2.86293e-19)
(-0.111937 0.130237 1.321e-19)
(0.137652 0.136278 1.40419e-19)
(-0.0919078 -0.110437 -1.27501e-19)
(-0.281097 -0.719051 0)
(0.946288 0.29532 1.98622e-21)
(1.15664 0.0931679 2.77657e-21)
(0.677937 -0.611176 1.83459e-19)
(1.01171 -0.0138246 0)
(-0.0766771 -0.0925492 0)
(0.945555 -0.0741326 1.76277e-19)
(1.48058 -0.704267 -4.72652e-21)
(-0.84292 0.137397 -5.08829e-19)
(0.974678 0.0483126 -1.96423e-19)
(0.622555 -0.569899 3.28263e-19)
(1.35229 -0.684126 -1.2636e-19)
(-0.648068 -0.398675 -6.16915e-19)
(1.08196 0.0753153 0)
(1.02357 -0.00242225 -2.12522e-19)
(-0.0273887 -0.0390673 0)
(-0.0750298 -0.490907 -4.55678e-19)
(0.149234 0.148774 1.34859e-19)
(-0.0608714 -0.0799542 0)
(1.1154 0.108981 -1.26296e-19)
(1.10724 -0.0808972 0)
(1.08605 -0.0931559 0)
(-0.175176 -0.0700123 1.67124e-19)
(-0.105595 0.488726 -1.7633e-19)
(-0.00770144 -0.0129973 -1.20914e-19)
(-0.140558 0.160396 1.26514e-19)
(0.122903 0.112189 0)
(0.970574 -0.0961801 -2.16985e-19)
(0.13491 -0.135483 -1.41897e-19)
(0.142942 0.13866 -2.66076e-19)
(0.199664 0.193069 9.56554e-20)
(0.95623 0.0290222 5.24376e-19)
(0.184005 0.17566 -1.06509e-19)
(-0.00349461 -0.00807412 1.14693e-19)
(0.147152 0.14785 -2.50724e-19)
(0.184136 -0.183461 -2.16829e-19)
(-0.0539119 0.0676912 0)
(-0.0368133 -0.048789 2.54852e-19)
(-0.878982 0.285134 6.05582e-19)
(0.153315 0.150176 0)
(1.13178 -0.809632 0)
(-0.231061 -0.742541 0)
(1.14334 0.0036077 6.8501e-21)
(0.218038 0.214597 2.34155e-21)
(-0.0578096 0.0656733 -7.74679e-20)
(-0.201035 0.194784 1.07639e-19)
(0.192158 0.187046 -1.01631e-19)
(0.154009 -0.14921 0)
(-0.0131922 -0.0179527 1.28109e-19)
(-0.0178833 0.0263805 4.02849e-22)
(-0.275233 -0.803145 -2.4631e-19)
(1.08324 -0.000130727 -2.7672e-21)
(-0.616918 -0.3691 4.26016e-19)
(-0.0956269 0.115164 -1.29675e-19)
(0.000648445 -0.00411748 0)
(0.215524 0.214903 0)
(0.170319 -0.169291 -4.87596e-20)
(-0.00253645 0.00629457 -1.27187e-19)
(2.23973 0.535187 2.84507e-19)
(1.46555 -0.58565 -4.87671e-19)
(0.198638 0.201746 1.75964e-19)
(-0.26612 -0.385272 9.74969e-20)
(-0.159641 0.177852 1.25433e-19)
(0.00408318 0.00020195 -3.36175e-19)
(0.202425 -0.201474 1.82761e-19)
(-0.0372631 -0.503153 3.34815e-20)
(-0.0279188 0.0382749 0)
(0.134558 -0.13253 -2.95724e-19)
(0.985653 -0.0809434 0)
(1.51194 -0.347626 0)
(0.55807 -0.494563 -3.09098e-19)
(1.11462 -0.0325859 1.85614e-20)
(0.176841 -0.170187 1.0158e-19)
(1.00976 0.0115662 1.44371e-19)
(0.867589 -0.0943958 2.09887e-19)
(0.404253 -0.391556 4.30806e-19)
(1.15822 0.136988 8.53914e-21)
(0.224215 0.212568 6.73687e-20)
(0.838335 0.574402 0)
(0.613533 -0.534316 1.25697e-20)
(0.00622864 0.0039813 1.10256e-19)
(0.416912 0.0717006 1.83815e-20)
(1.0575 -0.12467 6.28393e-20)
(1.06393 -0.248992 0)
(0.929121 -0.122791 5.16136e-19)
(-0.0401205 0.0525575 0)
(0.957458 -0.256035 0)
(1.12473 -0.219504 1.3782e-19)
(1.14497 0.352961 1.55466e-19)
(1.09913 0.00617681 0)
(-0.843117 -0.0486639 3.72422e-19)
(-1.43673 -0.0666132 2.6083e-20)
(1.04148 0.00698206 -2.02754e-19)
(-0.0885288 -0.335229 0)
(1.15528 -0.195899 0)
(1.21075 0.112321 0)
(0.114316 0.112983 3.64546e-19)
(0.00628116 0.00562403 0)
(0.194311 0.184744 8.1957e-20)
(0.168625 -0.155288 0)
(0.00418326 -0.00185402 -1.24989e-19)
(0.00553875 0.00557966 0)
(1.09712 0.326598 3.39082e-19)
(0.840097 -0.420111 -4.29754e-19)
(0.00264 0.000423027 1.70732e-22)
(-0.0957188 -0.0611135 -3.07292e-19)
(0.251484 -0.242581 0)
(0.244177 0.232107 0)
(-1.13001 -0.14744 4.15116e-19)
(0.943699 0.0654157 3.51395e-21)
(1.08506 -0.356478 -1.4675e-19)
(0.000187865 0.00328127 3.7382e-19)
(-0.177589 0.1066 1.83908e-19)
(1.04904 0.149639 1.89031e-19)
(-0.0322958 0.0975623 0)
(0.00540982 0.00626163 -1.57648e-22)
(-0.149469 -0.81213 1.45345e-20)
(-0.0755204 0.0053034 0)
(2.26217 -0.0551575 -2.10246e-19)
(1.02946 0.160446 0)
(1.00116 -0.0834818 2.48161e-19)
(-1.01361 0.527568 0)
(0.228046 -0.212075 -3.69598e-21)
(1.00002 -0.0203155 1.27615e-19)
(0.566418 0.173318 3.27371e-19)
(1.34753 -0.770478 9.91287e-20)
(0.309908 0.289945 1.85359e-22)
(1.64084 0.534664 0)
(0.946908 -0.579779 5.37963e-20)
(1.80244 -0.910534 2.24266e-19)
(0.00615028 -0.00429925 2.42688e-19)
(1.54894 -0.786171 1.78119e-20)
(2.37896 0.454748 1.38879e-19)
(0.00700333 -0.00558739 -7.15617e-20)
(1.03777 0.0306489 1.84477e-19)
(-0.1003 0.374302 -2.51173e-19)
(0.335257 0.312264 0)
(0.00299247 0.0054031 0)
(0.258143 0.244521 5.45976e-20)
(0.293118 -0.273137 -1.51548e-19)
(0.0116479 -0.00924446 2.54961e-19)
(1.06108 -0.757889 -4.9874e-20)
(1.39047 0.543749 2.06168e-19)
(0.330617 -0.314873 0)
(0.0110827 -0.0123858 0)
(0.277441 0.26302 0)
(0.00195553 0.0294401 -1.47622e-19)
(0.270787 -0.268072 0)
(-0.0125577 -0.00169168 -1.93065e-19)
(0.297034 0.279845 -3.06019e-20)
(0.00251417 -0.011716 0)
(0.254603 -0.24957 0)
(-0.229838 -0.424491 0)
(-0.0181978 0.000599372 0)
(-0.0390671 0.0217838 -7.28249e-20)
(-0.0818665 -0.188855 0)
(1.00674 0.00245044 1.96223e-19)
(0.463473 -0.434375 1.26239e-20)
(-0.0871407 0.057088 -1.2586e-19)
(-0.0401925 -0.0294622 3.58065e-19)
(0.37363 0.343514 1.64479e-20)
(1.66727 0.39638 0)
(-0.161253 0.30214 0)
(-0.0942742 -0.266114 3.01065e-20)
(-0.131561 0.103739 0)
(0.358362 -0.336791 0)
(-0.0579988 -0.0440246 0)
(0.423046 0.383895 0)
(-0.0897489 -0.073245 2.18349e-19)
(0.499828 0.463338 9.04145e-20)
(-0.164251 0.15526 -5.52976e-19)
(0.532092 -0.491335 -1.13369e-19)
(1.13591 0.140504 0)
(0.952085 0.0572717 -4.15161e-21)
(-0.698504 -0.0611676 -4.19953e-19)
(1.04006 0.0664361 -1.78743e-19)
(1.50358 -0.0620717 0)
(1.01158 0.058531 -4.07426e-21)
(1.35292 -0.499661 9.67226e-20)
(0.965263 0.0196434 0)
(0.268367 0.42574 7.76194e-19)
(-1.34161 0.184544 1.59965e-20)
(-0.0275248 -0.0193824 -2.78643e-22)
(-1.34598 -0.0940586 0)
(1.10084 -0.181695 -1.6983e-19)
(0.376106 0.233998 3.53754e-19)
(1.64628 0.442323 -8.25837e-20)
(1.25378 0.312547 -8.28658e-21)
(1.5449 -0.735828 -3.58929e-21)
(-0.4426 -0.542267 -1.03865e-19)
(1.95782 0.249179 2.94944e-20)
(1.8639 -0.716285 2.17928e-19)
(1.04937 0.102423 -2.39639e-20)
(-0.636953 0.298822 2.24276e-19)
(1.09048 -0.0106926 0)
(2.37559 -0.176346 -3.05229e-20)
(0.141147 0.105436 -2.91592e-21)
(1.30803 -0.238069 0)
(0.121451 -0.111905 -4.94113e-19)
(-0.0112958 0.0169135 0)
(0.511143 -0.473619 0)
(1.94865 0.641198 -1.27171e-19)
(0.894727 -0.424851 0)
(2.25279 -0.0423286 2.53062e-19)
(-0.0150708 -0.00907097 1.9813e-19)
(0.257733 -0.262074 6.97122e-20)
(1.01991 -0.0474346 0)
(-0.354843 -0.201786 0)
(-0.050277 -0.00795443 1.65108e-19)
(-0.0987256 -0.129314 2.34635e-19)
(1.00906 0.2607 -1.67776e-19)
(0.641764 0.490765 -5.65325e-19)
(1.03348 0.0158749 -6.77608e-21)
(2.39422 0.020906 0)
(-0.110457 -0.729503 2.59969e-19)
(-0.0629225 -0.106432 0)
(0.645332 0.0984248 2.7611e-19)
(0.961124 0.170205 -3.79127e-20)
(0.671624 -0.57493 -1.53521e-19)
(0.993681 0.139119 2.64411e-19)
(1.0026 0.017643 0)
(1.1827 0.172803 1.06397e-20)
(2.0453 -0.189016 0)
(0.542865 0.498563 0)
(0.938872 0.0411466 0)
(-0.450694 -0.4517 -4.34566e-20)
(0.33282 0.274748 2.02831e-19)
(-0.161135 0.646709 0)
(1.10686 0.0796614 1.12101e-19)
(1.02102 -0.225811 0)
(0.522114 0.00674985 1.33604e-19)
(0.364954 -0.141453 1.78692e-19)
(-0.0993871 0.71156 3.68315e-19)
(0.694145 -0.481774 -4.62561e-19)
(0.973922 -0.0322024 1.75693e-21)
(1.47658 -0.591084 9.16761e-20)
(1.53389 -1.04314 -3.12287e-20)
(0.0768924 0.0537046 1.79552e-19)
(1.65856 0.613909 0)
(-0.512989 0.607117 0)
(-0.189631 0.404087 0)
(1.37893 -0.093694 1.18176e-19)
(-1.3746 -0.00321219 -1.59236e-19)
(0.276525 -0.255726 -1.40829e-19)
(2.1579 0.291698 8.38903e-20)
(0.819783 0.532556 -5.47058e-20)
(0.827846 0.270502 4.78222e-21)
(0.942572 0.234372 5.16891e-20)
(1.72617 0.112869 -8.46524e-20)
(-0.0779708 -0.402001 1.17629e-19)
(-0.829042 -0.363598 0)
(0.909532 -0.000745344 0)
(-0.761395 -0.318989 1.80863e-19)
(0.159704 0.158194 0)
(1.98065 0.516204 0)
(-1.05438 -0.0143643 1.64886e-19)
(0.562374 0.483148 -1.83399e-19)
(0.470899 -0.37778 2.48443e-19)
(-0.266396 0.0460412 0)
(1.41447 0.939832 -3.58722e-21)
(1.05307 0.00635087 0)
(-1.07528 -0.183151 -8.28692e-19)
(-1.01333 0.297692 -2.72968e-19)
(1.25559 -0.388119 6.13867e-20)
(0.464516 0.435095 4.16571e-19)
(0.721509 -0.219578 1.80805e-19)
(-0.46942 0.652225 0)
(1.11931 0.0600231 1.17766e-19)
(1.02093 0.580595 -6.96136e-20)
(-0.176787 -0.0143291 0)
(0.695382 -0.241091 0)
(1.33102 0.85836 2.41575e-20)
(-0.00669529 0.011764 -2.5305e-19)
(1.52971 -0.616449 -9.48127e-20)
(1.03042 -0.0547174 0)
(1.06154 0.0679434 -2.10662e-21)
(0.779317 0.45573 0)
(-0.595548 -0.222293 -2.46478e-19)
(1.29557 0.926974 -3.057e-20)
(1.09162 -0.0636881 3.20145e-21)
(1.14043 -0.0331623 8.77186e-21)
(-0.411738 -0.106294 -3.81873e-21)
(-0.139537 -0.294473 -1.23894e-19)
(1.02819 0.0771071 1.82736e-19)
(-0.159584 0.00327156 0)
(0.971806 0.195073 2.56763e-21)
(1.74785 0.446626 -3.96258e-20)
(1.48718 -0.839106 3.47329e-20)
(1.25122 -0.291395 -8.81681e-20)
(1.64563 -0.31705 2.27233e-20)
(-0.229878 -0.0459403 6.74042e-20)
(0.616602 0.554472 1.93805e-19)
(0.142295 -0.0778282 2.6404e-19)
(0.932119 -0.0389733 -1.10305e-20)
(1.08849 -0.0342376 -8.09678e-22)
(2.16086 -0.0479251 9.05345e-20)
(0.89898 0.613725 9.95939e-20)
(-0.545622 -0.259189 9.44255e-19)
(1.46927 0.00714589 -2.71956e-19)
(0.965002 0.266951 -1.11969e-19)
(-0.678862 -0.44348 -1.56927e-19)
(-0.351697 0.536188 0)
(0.998677 0.000152214 4.10286e-19)
(0.737933 -0.262388 0)
(0.881378 0.575085 -1.04546e-19)
(1.0584 -0.0297945 7.61375e-22)
(-0.100323 -0.489601 -1.73566e-20)
(1.86092 -0.419123 0)
(1.14006 -0.359763 0)
(1.48531 -0.279134 1.23515e-19)
(1.12465 -0.264889 3.92983e-19)
(1.06417 -0.311778 0)
(-0.167767 -0.70234 -2.5228e-19)
(0.919142 -0.0763517 -2.001e-19)
(0.738336 -0.621294 -5.72291e-20)
(-0.958828 -0.177802 3.59911e-19)
(-0.261195 -0.319707 -1.14762e-19)
(-0.0899731 -0.0121711 -2.63454e-19)
(0.11564 -0.0619229 -1.5979e-19)
(-1.3619 -0.198381 5.53376e-21)
(0.818836 -0.2861 -1.18233e-19)
(1.09743 -0.0396017 -3.15254e-21)
(0.663089 0.0122651 0)
(0.802717 0.118848 2.49789e-19)
(1.19276 -0.35975 4.02759e-21)
(0.993812 -0.122412 -4.9822e-21)
(0.600668 0.536672 1.4063e-19)
(1.87958 0.197411 -2.23012e-20)
(1.84072 -0.565665 1.16293e-19)
(1.07022 -0.0301041 3.25277e-20)
(0.822583 -0.373893 1.18649e-19)
(0.496244 -0.196854 0)
(-0.226507 -0.272832 1.19001e-19)
(0.965825 0.102575 1.23816e-19)
(1.11142 0.709117 6.56315e-20)
(-0.185159 -0.226224 2.55415e-19)
(1.03343 -0.612588 2.18858e-19)
(0.121813 -0.11034 0)
(1.81685 0.902428 0)
(0.240341 0.235647 2.8224e-19)
(1.60244 0.586695 0)
(-0.303507 0.332226 0)
(0.966204 -0.624565 -1.93692e-19)
(-0.15412 -0.185268 3.83063e-19)
(-0.0851812 -0.0494036 1.86156e-19)
(1.07349 -0.0223468 3.85409e-20)
(1.58555 1.06758 -2.85721e-23)
(0.944419 -0.0348666 -1.39475e-19)
(0.123345 -0.120507 7.11788e-20)
(1.04937 0.158848 -1.31977e-19)
(-0.278051 0.320491 3.67814e-19)
(1.0482 0.363654 0)
(0.243107 0.243166 -1.41563e-19)
(-0.786013 0.451736 2.24433e-19)
(1.95584 0.3602 0)
(-1.09761 -0.172279 -2.46208e-19)
(0.0173594 0.0671326 1.60385e-19)
(-0.898887 -0.282846 0)
(-0.0129968 -0.000523025 -5.53028e-20)
(0.22186 -0.219388 0)
(0.983257 -0.714996 0)
(-0.21575 0.254862 2.64536e-19)
(0.550751 -0.522375 3.60289e-19)
(-0.127662 -0.156551 -2.32759e-19)
(-0.717446 -0.205249 -2.2156e-19)
(0.231687 -0.233347 -1.44316e-19)
(0.249921 0.245615 4.12526e-19)
(0.0558346 0.109002 -3.87841e-19)
(-0.9546 -0.285692 -1.83027e-19)
(-0.00126974 0.00292901 0)
(-0.134436 -0.609722 2.07043e-19)
(1.04495 -0.13794 -2.54982e-19)
(-0.185918 0.219549 1.26537e-19)
(1.59159 -0.520601 1.43628e-21)
(1.45423 0.199358 0)
(2.18038 0.269314 -3.08147e-20)
(0.939725 -0.034822 0)
(-0.0727043 -0.0844903 0)
(0.2174 0.219309 0)
(0.969104 0.0795364 0)
(1.08632 -0.253505 0)
(0.991391 0.11715 -2.44577e-19)
(0.244626 0.244866 -1.35325e-19)
(-1.14623 -0.0267009 -2.29783e-19)
(-0.0907229 -0.116506 2.57121e-19)
(0.97684 -0.183124 1.31996e-19)
(0.762637 -0.360759 0)
(-0.364034 0.0809579 -2.64521e-19)
(1.01152 -0.0311053 -1.6342e-19)
(-1.55159 -0.0845302 7.84557e-19)
(-0.0149903 -0.0226663 0)
(-0.100056 -0.130937 -1.39729e-19)
(0.290544 0.271612 -1.32668e-21)
(0.261791 0.249802 0)
(-0.0256106 -0.0336058 1.26185e-19)
(-0.540135 0.652362 2.71845e-19)
(1.28573 -0.493665 1.2635e-19)
(1.73585 -0.409257 1.7118e-20)
(1.12663 0.285536 -4.74177e-19)
(1.04261 0.0502654 0)
(0.340684 0.331809 -1.80601e-19)
(-1.33627 -0.0809232 3.92823e-19)
(0.322308 0.31317 -3.03619e-19)
(0.316958 0.308016 9.79107e-20)
(0.732019 -0.514061 0)
(-0.120968 0.143246 7.25029e-20)
(-0.250658 0.289649 0)
(-0.00769451 -0.0126451 3.13941e-19)
(-0.0789691 -0.107516 2.80492e-19)
(0.483429 -0.368519 5.28628e-19)
(1.18323 -0.386769 6.89911e-21)
(0.348292 0.347876 0)
(-0.145831 0.164844 3.11947e-19)
(0.227137 -0.230637 2.95121e-19)
(1.19653 0.142177 -3.82843e-21)
(0.343905 0.344222 0)
(1.0123 0.336728 -8.3672e-21)
(-0.451946 0.421698 -3.60208e-20)
(1.94763 0.462519 4.77236e-20)
(0.000883664 -0.00509916 0)
(1.20558 0.772685 0)
(-0.0513663 0.0634401 -3.88144e-19)
(0.319689 -0.321438 -2.07556e-19)
(0.256079 -0.228532 1.46014e-20)
(1.95784 0.30953 -5.77551e-20)
(1.09244 0.340873 -9.48472e-20)
(0.296476 -0.288149 -2.1337e-19)
(1.04916 -0.0214888 2.76251e-19)
(1.0121 0.0815107 0)
(1.01667 0.0129516 -1.68307e-22)
(1.05363 0.017138 9.87144e-20)
(0.983333 0.00102052 -6.02674e-22)
(1.38229 -0.501702 0)
(1.19419 0.185957 -8.23845e-20)
(1.96545 0.474878 -2.5426e-19)
(-0.0940129 0.117637 0)
(-0.170353 0.106587 4.36229e-19)
(1.75803 0.537514 0)
(0.997962 -0.000220836 4.35144e-20)
(0.319614 -0.308745 -9.85116e-20)
(1.0099 0.00956492 4.49893e-19)
(1.11063 -0.31095 0)
(1.14525 -0.881947 0)
(0.00545098 0.00231093 1.1286e-19)
(0.060075 0.0248023 0)
(1.07159 -0.0213843 5.77744e-20)
(0.543726 0.430128 5.08468e-20)
(0.708317 -0.0126455 -3.70075e-19)
(-0.071778 0.0876246 0)
(-0.633345 -1.25996e-05 2.40417e-19)
(-1.21635 -0.0475052 0)
(1.86073 0.816033 0)
(-0.00996344 0.00442894 0)
(-0.0259653 -0.00338159 1.1187e-19)
(1.72307 0.780033 -8.56842e-20)
(1.02554 0.0611727 0)
(-0.308253 0.305494 1.05285e-19)
(-0.0072592 0.0102201 0)
(1.0851 -0.0338762 0)
(1.5792 -0.792766 -4.01359e-20)
(0.394784 0.370924 1.39379e-19)
(-0.289414 0.154903 -2.21339e-19)
(0.00876692 0.00758574 -1.19383e-19)
(0.667205 -0.473193 -3.20705e-19)
(1.04079 0.277248 0)
(0.39577 0.0101704 1.35029e-19)
(1.08433 -0.0229003 0)
(0.892967 -0.0523524 2.73508e-19)
(0.238448 0.115262 -1.40223e-19)
(0.415372 0.392703 -6.6879e-20)
(0.745938 0.26243 1.54877e-19)
(-0.428426 0.666307 2.70183e-19)
(1.13137 -0.0841324 5.07334e-21)
(0.208114 -0.205843 1.61637e-19)
(0.0101045 0.00970232 2.67834e-19)
(1.46701 -0.460645 -5.40338e-20)
(-0.0338056 0.0447684 1.29385e-19)
(-0.0127013 -0.0161062 0)
(-0.107843 -0.113656 -1.06876e-19)
(0.00264403 -0.000420594 1.26602e-19)
(1.02005 -0.190839 0)
(0.384337 -0.352766 9.5099e-20)
(0.26619 0.261672 1.2213e-19)
(0.258426 0.259349 -2.67953e-19)
(1.06789 -0.00232759 0)
(0.35244 -0.351855 -1.67918e-19)
(1.71749 0.491344 0)
(1.08123 -0.0247324 -3.00072e-21)
(0.00963039 0.0100776 1.32222e-19)
(0.894812 -0.0354431 0)
(0.606228 0.570771 -1.38393e-19)
(1.01382 -0.0185718 -2.0291e-19)
(1.09262 -0.0168322 -9.94902e-20)
(0.801992 -0.0122426 -6.6243e-22)
(0.787664 0.00540403 1.9879e-22)
(1.04645 0.020368 -2.69321e-19)
(2.25581 0.105641 -7.24331e-20)
(-0.159457 -0.0250013 1.82824e-19)
(-0.000515598 0.00493624 -2.52466e-19)
(-0.0913956 0.00208291 -2.4555e-19)
(1.303 -0.366025 5.87164e-20)
(0.00755024 -0.0044257 1.06066e-22)
(1.09884 0.00743985 -1.15935e-19)
(0.414704 -0.401781 5.88379e-20)
(0.00372805 -0.00968844 3.29693e-19)
(0.235866 -0.226166 0)
(-0.294258 0.506948 6.78179e-22)
(1.62609 1.00412 0)
(0.856257 0.0186281 -1.09661e-19)
(-0.517667 -0.110114 -2.18229e-19)
(-0.745874 -0.370356 -2.10177e-19)
(1.02079 -0.0911984 0)
(0.4414 0.415294 -1.70069e-19)
(-0.0129659 0.0198187 1.3064e-19)
(0.683804 0.51529 -3.35077e-19)
(0.554413 0.539338 -9.11087e-20)
(1.0524 -0.0326223 0)
(1.13506 -0.0190534 1.39472e-20)
(1.7193 -0.372244 7.3487e-21)
(0.0867274 0.0297864 0)
(0.00680019 0.00876721 -1.15011e-19)
(1.09149 -0.459148 -7.47572e-21)
(0.38335 0.527152 4.49292e-19)
(1.79636 -0.419285 9.96549e-21)
(0.462109 -0.424075 -1.17657e-19)
(-1.07547 -0.15617 1.71298e-19)
(0.0101636 -0.00916076 -1.44717e-19)
(0.534985 0.449775 -2.84769e-19)
(0.582778 0.533039 -5.1124e-20)
(0.535319 0.496182 6.22319e-21)
(0.0166523 -0.0114061 6.8269e-20)
(-0.0455592 -0.0514148 -1.61207e-19)
(1.00092 0.018971 1.33455e-19)
(0.265735 -0.256568 0)
(0.469105 0.44089 0)
(0.492738 -0.461751 9.69388e-20)
(0.0200975 -0.018145 -2.54551e-19)
(-0.414514 -0.470454 -6.14464e-20)
(1.86064 -0.310145 2.3834e-20)
(0.50324 0.466883 0)
(0.470993 -0.468387 0)
(0.013814 -0.0197189 0)
(1.12066 0.0495736 6.45985e-20)
(0.648266 0.580484 0)
(-0.0132979 -0.0129047 2.53406e-19)
(0.214511 0.213025 -5.39611e-19)
(-0.0484217 0.0163861 7.15614e-20)
(1.54859 -0.0611608 3.00826e-19)
(-0.0327891 -0.0407904 -1.68517e-19)
(1.1936 0.484016 -2.14536e-19)
(0.145741 -0.127754 -2.23232e-19)
(-0.110048 0.0516819 4.21931e-19)
(-0.383746 0.45704 -3.66065e-19)
(-0.0839853 -0.0564523 -2.48032e-19)
(0.680153 -0.642195 0)
(-0.169205 0.111111 -2.47755e-19)
(0.735749 0.640227 0)
(-0.455171 0.427439 1.03433e-19)
(0.959544 -0.0411917 -2.30125e-21)
(0.728278 0.406397 -2.98646e-20)
(-0.214121 0.151348 1.26843e-19)
(0.837455 -0.69313 0)
(-0.118063 -0.0745434 2.34537e-19)
(0.856444 0.718607 -4.69442e-20)
(0.38079 0.361463 -2.09164e-19)
(0.361111 -0.265454 4.20772e-19)
(0.539056 0.475974 1.37451e-19)
(1.00668 -0.00301026 0)
(0.477722 0.449135 0)
(1.77287 0.476968 0)
(1.02055 -0.00620583 0)
(-0.203578 0.277029 -1.14194e-19)
(0.737431 -0.599736 3.38183e-19)
(-0.0599421 -0.0411755 -3.62895e-22)
(1.09123 -0.227429 2.45078e-19)
(0.408879 -0.379621 2.12093e-19)
(2.3795 -0.147588 0)
(1.38961 -0.376938 0)
(0.341407 0.25185 -6.63936e-19)
(0.435488 -0.136101 0)
(1.80122 0.323478 -1.80342e-20)
(0.550895 -0.18144 -1.89762e-20)
(0.70921 0.656364 1.62118e-19)
(1.17812 0.265808 7.70036e-20)
(-0.0245079 0.0290857 0)
(-0.117719 0.168704 1.16551e-19)
(-0.0289833 -0.0101314 0)
(0.600373 0.438147 5.99078e-19)
(0.634051 -0.012857 1.62293e-21)
(0.723288 0.363518 0)
(1.03907 0.00989014 1.25874e-19)
(1.34057 -0.250882 9.92703e-20)
(1.00465 -0.0120021 -4.29461e-22)
(0.297973 -0.279348 1.2539e-19)
(0.307724 0.303182 0)
(-0.0569448 -0.0595725 0)
(-0.11919 -0.617 7.22074e-20)
(1.52591 0.205485 4.85205e-20)
(1.10129 0.0114187 4.11532e-21)
(0.137102 0.128105 0)
(1.03682 -0.0119179 4.26435e-19)
(1.40771 -0.989614 3.26189e-20)
(-0.183546 0.528402 4.25674e-19)
(-0.0782542 -0.08851 -3.70313e-19)
(0.776894 -0.506812 2.25608e-19)
(-0.0378995 -0.0276563 2.05303e-19)
(2.03675 -0.583252 0)
(0.353655 -0.317342 -2.70022e-19)
(1.05608 -0.0228493 -4.94223e-20)
(1.00305 -0.00431283 -1.82673e-19)
(0.935129 -0.0191125 -1.05263e-21)
(0.954696 0.0129945 1.80516e-22)
(1.03115 0.0244768 -1.45449e-19)
(1.74752 0.639187 0)
(0.00281959 0.0119097 -1.86196e-19)
(0.712001 0.353097 -1.11118e-18)
(-0.421291 -0.53286 8.39365e-20)
(0.338023 0.318008 -1.02473e-19)
(-0.0220207 0.0393587 0)
(0.0256295 0.00767415 0)
(1.69587 -0.800982 -1.18746e-19)
(1.01728 0.0977122 1.36375e-20)
(0.392987 -0.511561 3.98837e-19)
(-0.0882029 -0.139861 -2.2413e-19)
(1.01349 0.0181474 -4.67263e-22)
(0.719365 -0.679688 -4.85353e-20)
(1.16827 -0.0475965 1.46161e-20)
(1.0227 -0.00313108 -6.82241e-20)
(0.000502334 0.00537274 0)
(0.959265 0.652798 2.99847e-19)
(0.768912 -0.212328 0)
(0.372232 -0.34495 0)
(-0.0116831 -0.000281706 2.19651e-19)
(1.0378 -0.0185119 2.32484e-19)
(0.496269 -0.465256 0)
(0.795996 0.726801 4.85885e-21)
(-0.898533 -0.0986695 -1.91943e-19)
(9.65942e-05 0.010091 1.17835e-19)
(0.328004 0.153225 1.90849e-19)
(1.44933 -0.251333 -2.18125e-20)
(1.90688 0.137006 -4.41737e-19)
(1.64975 -0.291739 -1.56597e-21)
(0.964599 0.578517 1.01942e-19)
(1.02942 0.22539 1.53499e-19)
(-0.482525 -0.527665 -6.34837e-20)
(-0.887087 -0.252847 3.3619e-19)
(1.05422 -0.0381083 0)
(0.505796 0.235353 1.70318e-19)
(1.26688 -0.462627 1.25055e-19)
(-0.498531 0.597429 0)
(1.07033 -0.0548671 -2.81644e-21)
(1.02527 -0.00883664 2.99793e-20)
(-0.660855 0.586181 0)
(1.02926 0.119735 -1.25069e-20)
(0.64508 -0.215634 0)
(0.546264 -0.524383 -3.87119e-20)
(1.01238 0.204868 1.65916e-19)
(0.822903 0.4583 2.14312e-19)
(0.766314 0.416842 3.11744e-20)
(1.0189 0.00150355 0)
(-1.22514 -0.103319 -2.34867e-19)
(1.5574 -0.989615 1.01632e-19)
(1.02638 0.799354 5.97731e-20)
(-0.138572 -0.122035 1.86192e-19)
(1.79354 -0.271061 1.39238e-19)
(0.0297057 -0.0257697 1.08225e-19)
(0.815651 0.271884 0)
(0.843602 0.499971 0)
(-0.258544 -0.344658 2.16081e-19)
(1.03873 -0.168104 0)
(-0.482149 0.166169 -1.23216e-20)
(1.07073 -0.0809555 8.23027e-20)
(-0.0277337 -0.0317395 9.20132e-22)
(1.29427 0.319947 3.22512e-20)
(1.37545 -0.378193 -4.87822e-21)
(0.750342 -0.400663 0)
(1.03446 0.0087752 -3.48674e-19)
(0.763088 0.687412 1.34518e-19)
(0.613168 0.550739 -9.09281e-19)
(1.07728 -0.834369 8.1892e-20)
(0.586343 0.068195 3.61153e-21)
(0.646543 -0.479203 -3.34467e-19)
(1.10732 -0.578737 -2.92295e-21)
(0.627859 -0.184231 1.63647e-19)
(-0.542486 0.619448 0)
(0.571674 0.168813 0)
(0.95373 -0.077123 -2.57002e-19)
(1.08542 0.623812 0)
(0.845314 -0.336158 2.55598e-19)
(-0.76731 -0.365376 0)
(1.55094 0.434584 6.44601e-20)
(0.00506699 -0.140753 -1.36919e-19)
(1.82859 0.764636 0)
(-0.308973 -0.431488 0)
(2.20296 0.283033 1.24563e-19)
(-1.15308 0.263956 0)
(0.144365 -0.23827 -5.35324e-19)
(0.936379 0.616234 -1.00314e-19)
(2.07183 -0.356817 -2.28854e-20)
(0.200703 -0.179736 1.46076e-19)
(-0.207765 0.153169 1.42513e-19)
(1.90086 -0.432812 0)
(0.130496 -0.136992 -2.34511e-19)
(0.0197442 -0.0353033 0)
(1.07517 -0.179887 -1.06067e-19)
(-0.0304761 -0.160333 -3.46403e-19)
(-0.892664 -0.325075 3.38315e-19)
(0.744237 -0.168172 7.16703e-20)
(1.92574 -0.241156 6.39395e-20)
(0.435091 0.419578 0)
(0.698118 -0.293202 -8.12825e-20)
(-0.206666 0.365568 8.2247e-19)
(1.88176 0.643781 0)
(1.05077 0.589206 0)
(-0.115694 -0.0757824 -1.95524e-19)
(1.43671 -0.2904 -1.62317e-19)
(0.868814 -0.231535 -8.82461e-20)
(1.65309 0.169452 7.22621e-19)
(1.89005 -0.532094 -1.6887e-19)
(1.14672 0.364986 -2.71369e-19)
(1.08061 0.661682 -1.41993e-19)
(1.94253 -0.434182 7.78118e-20)
(-0.286063 -0.356475 -1.42509e-19)
(1.02899 0.0091326 2.47403e-19)
(1.64615 0.19647 9.77005e-21)
(1.39813 0.304879 -3.89196e-19)
(1.02152 0.0534341 6.88547e-21)
(-0.608422 0.0856829 1.56172e-19)
(-1.59718 0.0319385 0)
(-0.706662 0.528165 0)
(0.669345 0.223337 0)
(1.82149 -0.266459 1.21651e-19)
(-0.418774 -0.593352 -2.45386e-19)
(0.496163 0.403933 0)
(0.0109325 0.00385088 1.26535e-19)
(1.60211 -0.377119 -2.64861e-20)
(-0.102801 -0.0654795 -1.99301e-19)
(1.02405 0.686362 1.76942e-19)
(1.07997 0.303171 1.36536e-19)
(-0.792363 -0.111584 1.04779e-19)
(0.895086 0.79465 -1.49656e-19)
(1.21239 -0.267044 5.79351e-20)
(0.953372 0.00445117 -2.33846e-19)
(1.07319 -0.049913 -8.44889e-20)
(0.776233 0.297048 0)
(0.141439 -0.0583471 0)
(1.13686 -0.160793 4.78868e-20)
(1.386 -0.293134 -1.10849e-19)
(-1.10507 0.342239 -1.48387e-20)
(1.05372 0.262397 1.73372e-19)
(1.30111 1.04133 0)
(0.7116 0.227792 -1.50139e-19)
(0.410761 -0.231726 -7.57889e-20)
(0.750722 -0.300051 3.39072e-19)
(0.774372 -0.272404 -1.12823e-19)
(1.67065 0.19973 3.7542e-19)
(-0.729982 -0.024034 1.178e-19)
(-1.00575 -0.248135 -1.37588e-19)
(0.495474 0.482237 3.69233e-19)
(-0.691149 0.184962 -3.82028e-19)
(1.58914 0.069792 1.34623e-20)
(1.13689 -0.351486 3.24224e-19)
(0.00740443 0.0631881 -4.24219e-19)
(0.572669 0.409339 -2.85551e-19)
(0.889888 0.501614 0)
(-0.0779036 0.110429 -1.38408e-19)
(-0.413799 0.454143 -2.78115e-19)
(-0.211543 0.532456 -2.44854e-19)
(-0.0327609 0.0535627 -1.43596e-19)
(1.0847 0.0412208 -6.95485e-20)
(-0.400461 0.715291 -1.55497e-19)
(0.909307 0.536448 9.41743e-20)
(1.42389 0.837236 4.3393e-21)
(0.722803 0.667482 0)
(1.00085 0.648144 0)
(-0.114918 -0.0295642 -1.98027e-19)
(-0.820557 0.0845063 0)
(0.952128 0.542437 -9.23782e-20)
(0.0225821 -0.00276939 0)
(1.08084 -0.0378149 -8.37038e-22)
(0.681918 -0.00381017 5.53804e-19)
(-0.00561504 -0.0235456 1.67323e-22)
(-0.0575953 0.13777 0)
(0.55295 0.522842 0)
(-0.893983 0.415372 2.78013e-19)
(-0.419991 0.475291 1.15642e-19)
(1.83836 -0.314097 -3.27306e-20)
(-0.575603 -0.555948 2.50109e-19)
(0.560916 -0.0470021 -4.70395e-19)
(2.14493 -0.456874 4.29943e-20)
(1.69448 -0.229732 -2.32396e-20)
(-0.116585 0.175835 -1.22746e-19)
(0.355419 -0.340751 -3.18412e-19)
(-0.166983 0.233747 2.09704e-19)
(-0.48859 0.504696 0)
(0.777382 0.709128 1.66077e-20)
(1.11545 -0.170081 -3.85081e-19)
(-0.112372 -0.0602229 4.76593e-23)
(0.571799 -0.131637 0)
(0.630562 0.59213 -1.93964e-20)
(0.459321 -0.446519 2.31414e-19)
(-0.447186 0.54136 1.44462e-21)
(0.39686 0.384045 -3.06753e-19)
(1.20052 0.208091 0)
(2.13553 -0.319042 4.1262e-19)
(-0.40308 0.500851 0)
(-0.493346 0.640025 -1.64509e-19)
(-0.209418 0.317355 9.42278e-20)
(0.418235 0.396885 2.41224e-19)
(0.808643 0.739562 -1.70034e-19)
(-0.131832 -0.262721 2.66846e-19)
(-0.159313 0.246872 -2.14892e-19)
(-0.332117 -0.409819 -2.54035e-19)
(0.827138 0.330126 0)
(-0.419485 0.327107 -1.16311e-19)
(0.438097 -0.395772 2.58536e-19)
(-0.0739463 -0.0424564 -2.38008e-19)
(1.27025 0.229207 -1.28999e-19)
(-0.00739311 0.0195446 7.2024e-20)
(0.793105 0.731238 0)
(0.713617 0.666744 0)
(0.863393 0.776346 -1.32182e-19)
(0.900069 0.807461 3.95178e-20)
(1.40599 -0.80533 -3.05642e-20)
(-0.492785 0.410136 -5.08386e-21)
(0.9135 0.462496 0)
(-0.32904 0.393709 -7.04779e-20)
(1.50126 0.993985 -3.54204e-19)
(1.18952 -0.317537 1.79382e-19)
(1.49365 -0.467667 0)
(0.401896 -0.363938 4.12713e-21)
(1.89206 -0.328521 -2.04924e-19)
(-0.540794 0.561753 -1.99999e-19)
(-0.372489 0.681141 0)
(-0.0193976 0.0421418 -3.19041e-19)
(0.876039 0.782601 3.21553e-20)
(0.79834 0.445762 1.61625e-19)
(-0.00577764 0.0255189 -3.97273e-19)
(0.531815 -0.517656 0)
(1.5571 -0.434668 0)
(-0.0587505 0.0870715 1.19286e-19)
(0.313306 -0.274015 -4.76717e-19)
(-0.348878 -0.451066 -1.64244e-19)
(-1.49467 -0.0257103 -6.37134e-19)
(0.536557 -0.103198 2.62605e-19)
(-0.0330777 0.0657056 1.30298e-19)
(0.944896 0.832054 0)
(-0.504772 0.262659 1.83965e-19)
(0.0126453 -0.0294188 -1.31937e-19)
(0.00270353 0.011823 6.0534e-20)
(0.379331 -0.319232 1.55511e-19)
(0.00161567 -0.0941949 -2.46688e-19)
(0.663302 -0.163314 2.52696e-19)
(0.0100855 -0.000533634 -6.69759e-20)
(-0.761702 0.176147 -2.6312e-19)
(0.768098 0.333629 0)
(1.89321 -0.166463 4.5482e-20)
(-0.589476 0.389214 1.78177e-19)
(0.987674 0.827675 1.79818e-19)
(-0.540673 -0.569725 3.54142e-19)
(0.999386 0.88029 1.30357e-20)
(1.97009 -0.327297 -6.71341e-21)
(-0.019842 0.0642548 1.96499e-19)
(1.15379 -0.277636 -3.90051e-21)
(-0.0117385 -0.729642 2.3148e-19)
(-0.0280482 0.0847937 1.9402e-19)
(0.0246723 -0.0311823 2.34261e-19)
(-0.00874014 -0.0410492 -2.33185e-19)
(-0.116822 -0.075406 2.55442e-19)
(1.11851 -0.27394 7.07021e-20)
(1.10676 0.954546 1.24942e-20)
(1.98689 -0.253183 2.36095e-20)
(-0.0820155 0.132519 2.61537e-19)
(0.625239 -0.124751 0)
(1.26216 -0.442281 0)
(-0.463144 0.525057 0)
(1.10389 0.827649 2.83022e-19)
(1.67359 -0.772471 4.90663e-20)
(0.00343053 0.0915949 -1.44135e-19)
(-0.0563975 -0.103556 2.20235e-19)
(-0.0548899 0.0936277 0)
(1.68163 -0.210177 -7.5986e-20)
(0.456324 0.43471 -4.3668e-19)
(-0.330095 0.580207 -1.79444e-19)
(-0.139606 -0.0884708 -2.3347e-19)
(-0.616984 0.517069 3.29182e-19)
(1.99806 -0.295208 0)
(1.36895 1.03169 -9.6857e-21)
(-0.127107 -0.0815979 -1.14541e-19)
(0.474853 -0.0822749 0)
(0.608163 -0.0425836 -2.68782e-19)
(1.08029 0.883072 0)
(-0.895965 0.0741928 2.4218e-19)
(-0.124597 -0.0748655 2.23337e-19)
(0.957711 0.832868 -5.16317e-20)
(-0.114849 -0.0777513 1.09452e-19)
(0.458209 -0.0371292 -1.65614e-19)
(1.02695 0.884086 0)
(0.473588 -0.448107 -5.79856e-20)
(0.889073 0.756205 1.02137e-19)
(0.486125 -0.416815 -2.35823e-19)
(1.09451 0.938523 0)
(0.285538 0.0818561 -6.22617e-20)
(-0.966081 -0.00908488 2.14336e-19)
(1.17392 0.971682 -1.55476e-20)
(-0.471764 0.606583 -2.84414e-19)
(1.36172 1.02038 -3.76281e-20)
(1.66796 -0.636557 -3.79848e-20)
(-0.00354558 0.0359618 2.56402e-19)
(0.646325 -0.0803083 -1.1127e-19)
(1.75682 -0.136361 0)
(1.18741 0.971987 9.19851e-21)
(1.988 -0.123947 0)
(0.836568 -0.251309 3.53447e-19)
(-0.971952 0.168128 -4.33041e-19)
)
;

boundaryField
{
    frontback
    {
        type            empty;
    }
    Top
    {
        type            noSlip;
    }
    outlet
    {
        type            zeroGradient;
    }
    bottom
    {
        type            noSlip;
    }
    Inlet
    {
        type            fixedValue;
        value           uniform (1 0 0);
    }
    rectangle
    {
        type            noSlip;
    }
}


// ************************************************************************* //
