/*--------------------------------*- C++ -*----------------------------------*\
| =========                 |                                                 |
| \\      /  F ield         | OpenFOAM: The Open Source CFD Toolbox           |
|  \\    /   O peration     | Version:  2306                                  |
|   \\  /    A nd           | Website:  www.openfoam.com                      |
|    \\/     M anipulation  |                                                 |
\*---------------------------------------------------------------------------*/
FoamFile
{
    version     2.0;
    format      ascii;
    arch        "LSB;label=32;scalar=64";
    class       volVectorField;
    location    "47.3";
    object      U;
}
// * * * * * * * * * * * * * * * * * * * * * * * * * * * * * * * * * * * * * //

dimensions      [0 1 -1 0 0 0 0];

internalField   nonuniform List<vector> 
2186
(
(1.36163 -0.0703472 2.92218e-19)
(1.70587 -0.999904 7.027e-21)
(1.54107 -0.971747 1.04414e-20)
(0.797343 -0.641393 -1.76557e-19)
(0.0241997 -0.351478 -1.42169e-19)
(1.00516 0.0472557 0)
(0.768153 -0.708351 0)
(0.315328 0.248235 1.33905e-19)
(1.68275 -0.135581 5.57747e-20)
(0.597876 -0.38829 -2.00712e-21)
(0.644121 0.574528 0)
(0.886322 -0.31194 -8.51245e-20)
(0.375205 0.180026 -5.35371e-20)
(1.2203 0.016933 -4.43121e-19)
(1.90887 -0.735571 -7.14812e-22)
(1.01198 -0.0116021 2.05374e-19)
(0.976125 0.0134104 0)
(-0.513947 -0.892671 0)
(0.516304 0.174791 0)
(-0.10877 0.269339 -7.61164e-20)
(0.483939 5.23663e-05 -1.29097e-19)
(0.0675664 0.12223 1.00402e-19)
(1.20242 0.0214 3.64333e-19)
(-0.285658 -0.0422862 5.64017e-21)
(1.03713 -0.00360983 -2.87195e-19)
(0.849868 -0.616896 0)
(0.77189 -0.0831434 1.67832e-19)
(0.650085 -0.627123 -2.12059e-19)
(1.17286 0.666187 0)
(0.963382 0.0202186 -3.91219e-19)
(-0.0437224 0.117721 0)
(1.0284 -0.0210106 1.35643e-20)
(-0.285166 0.268269 0)
(1.87728 0.388622 -2.86299e-20)
(-0.240555 -0.0875828 3.20254e-21)
(1.51289 0.706984 9.2994e-20)
(1.17839 0.213709 -4.43972e-20)
(0.498456 0.0506209 -3.85129e-19)
(1.83587 -0.174224 -1.81608e-19)
(0.653017 -0.175834 -1.95608e-20)
(0.281642 -0.018396 0)
(0.13355 0.149357 0)
(2.00403 -0.942069 5.47404e-20)
(-0.210416 0.261234 0)
(1.08168 0.247294 1.74114e-19)
(0.637079 -0.365661 3.22386e-19)
(0.98194 -0.835677 0)
(1.26419 -0.838652 1.59048e-19)
(1.03612 0.299127 0)
(-0.349026 -0.120118 1.72377e-19)
(-0.0246845 0.166229 1.12511e-19)
(0.609883 0.559374 9.09964e-20)
(2.21082 -0.803646 3.46626e-20)
(0.567597 0.196188 -3.10375e-19)
(-0.244753 0.153561 4.38167e-20)
(0.818685 -0.701998 0)
(1.76959 -1.03879 1.96664e-20)
(0.61786 -0.576497 0)
(1.94957 -0.0418553 4.46e-20)
(1.18157 -0.189808 -4.71874e-19)
(1.5132 -0.00324345 -1.34931e-19)
(1.29741 0.266475 -2.05045e-19)
(1.29507 0.492927 0)
(0.66708 0.288837 2.14299e-20)
(1.30441 0.360369 -1.27265e-19)
(1.32645 -0.784481 -2.33272e-19)
(1.12946 0.614418 5.99998e-20)
(0.673422 0.00673838 -6.31881e-19)
(0.820495 0.00442369 0)
(2.5386 -0.0612361 -2.12496e-20)
(0.285217 0.2457 -1.51989e-19)
(1.61734 0.37992 1.28355e-19)
(0.734177 -0.104109 -2.79162e-19)
(0.932611 -0.571353 0)
(0.809215 0.127896 -1.02889e-19)
(0.591115 -0.555209 -3.49205e-19)
(1.66403 0.258969 0)
(1.00717 0.00867542 4.25123e-19)
(-0.274719 -0.0788447 0)
(2.08108 0.0651019 0)
(0.304929 -0.707352 3.9375e-20)
(0.738521 0.19911 6.75584e-21)
(1.02397 0.000184039 4.77079e-20)
(1.27659 0.360696 3.17314e-20)
(0.972858 0.0191358 5.01403e-19)
(1.04456 0.0194627 -1.18503e-20)
(0.65348 0.106682 -3.75124e-19)
(0.781072 -0.524185 5.75801e-21)
(1.16612 -0.395279 0)
(-0.0698368 -0.0472577 6.19234e-20)
(0.9228 -0.678328 -2.04715e-19)
(-0.327681 0.10739 2.7457e-21)
(1.1432 -0.0942878 3.06056e-19)
(0.848696 -0.234404 0)
(0.971824 0.0217768 4.75781e-20)
(1.32145 0.590316 0)
(1.72773 -1.0081 0)
(1.25636 0.205865 0)
(-0.194148 -0.206496 0)
(0.854097 -0.724549 3.55514e-19)
(-0.0523578 -0.888957 5.78195e-20)
(-0.241645 -0.586508 3.74998e-20)
(1.48519 0.161592 0)
(1.17132 -0.120022 -2.7978e-19)
(1.12364 0.0221058 2.10433e-19)
(-0.286821 0.0709427 1.63568e-19)
(0.591806 0.445111 0)
(2.24498 -0.0962702 -2.54127e-20)
(1.01646 -0.527175 1.00786e-19)
(0.93277 1.46192 2.00641e-19)
(1.80074 0.157279 1.19445e-19)
(-0.303774 -0.0515286 -2.55475e-19)
(0.86846 -0.788016 0)
(0.524969 0.270739 1.88021e-19)
(1.86882 -0.188834 -1.74987e-19)
(0.0385252 -0.624751 -5.40295e-19)
(0.74891 -0.621614 -1.37067e-19)
(0.683569 0.335147 0)
(-0.0979208 -0.0571805 -1.85717e-19)
(0.723344 -0.134559 8.84434e-20)
(1.54131 0.828483 0)
(-0.393907 -0.331298 -2.599e-19)
(0.846891 0.720557 -3.063e-19)
(-0.692906 -1.20654 2.9236e-19)
(1.0285 -0.0288668 0)
(0.602458 -0.640532 1.72629e-19)
(-0.145324 -0.178737 0)
(0.754526 -0.559143 -1.2627e-19)
(-0.642563 -1.0389 -1.5468e-19)
(0.840895 -0.764222 0)
(0.485615 -0.373836 4.62272e-19)
(0.593994 -0.520909 3.21469e-19)
(0.438479 -0.396394 0)
(1.05006 -0.836517 -1.75521e-19)
(0.47055 -0.810538 0)
(-0.411221 -0.225999 -1.34965e-19)
(0.869981 -0.751833 1.74205e-19)
(2.38167 -0.171644 9.33756e-20)
(1.8517 -0.0675187 0)
(0.079569 0.252403 0)
(0.663411 0.614773 -3.821e-19)
(1.91221 -0.66158 -3.37078e-20)
(0.346064 0.331703 0)
(1.05363 -0.863052 -1.8588e-20)
(1.18184 -0.114307 0)
(1.1133 -0.143614 4.85021e-19)
(2.2095 -0.0992777 -1.07642e-20)
(-0.0335743 -0.364365 0)
(1.2915 -0.594505 -7.59101e-20)
(-0.0170148 0.273511 -5.47435e-20)
(-0.145605 -0.0366327 0)
(1.161 -0.869835 1.17259e-20)
(1.00761 0.005627 -7.10068e-19)
(0.705794 -0.545577 -1.22706e-20)
(0.871873 -0.573364 0)
(1.2748 -0.780085 -1.32491e-19)
(0.630091 0.169605 2.90807e-19)
(1.15998 0.137229 0)
(1.35765 0.022346 -3.2674e-19)
(1.2696 -0.913043 -3.17163e-19)
(0.0017642 0.217605 -8.34347e-20)
(0.080432 -1.14 -1.39774e-19)
(1.05445 -0.00127531 2.62717e-19)
(0.974734 -0.515851 -1.26727e-19)
(0.662133 -0.271678 -5.32969e-21)
(0.727924 -0.489838 -3.83525e-20)
(0.814772 -0.13627 7.76694e-20)
(-0.23941 -0.0482966 -1.61629e-19)
(2.31247 -0.613712 0)
(2.15612 -0.307153 -4.8088e-20)
(1.40384 0.595602 1.59424e-19)
(0.869563 -0.672887 -2.59375e-19)
(0.996294 0.00797867 1.45494e-20)
(0.778678 -0.593797 3.47103e-19)
(1.26834 0.747285 1.43258e-19)
(1.56992 -0.00755636 -3.108e-21)
(0.0324925 -0.492119 0)
(1.07156 0.0347853 -2.70914e-19)
(0.130098 -1.12825 -2.83621e-19)
(1.02734 0.444786 8.88588e-20)
(0.0611767 -0.129686 9.76144e-20)
(1.16615 0.0234872 -5.06395e-20)
(-0.204352 0.181227 -1.86547e-19)
(1.25401 0.532238 -8.75029e-20)
(1.10076 0.844973 0)
(-0.049286 -0.597552 -7.90692e-20)
(0.0937863 -0.469209 0)
(0.614006 0.515062 -3.08978e-19)
(1.70599 -0.107102 -6.33349e-21)
(0.225688 -0.0655768 1.76869e-19)
(-0.207126 -1.08308 -5.57654e-19)
(0.723224 0.00988725 2.77604e-19)
(1.36308 -0.112788 2.39902e-20)
(1.03021 -0.389568 -3.67582e-20)
(0.088223 0.167611 0)
(0.443139 1.67371 1.91597e-19)
(1.31716 0.93574 -2.47332e-20)
(0.835262 0.0240602 -1.52465e-19)
(0.531588 0.495086 2.14874e-19)
(0.705666 0.170171 0)
(-0.36611 -0.864292 -2.00856e-19)
(0.418204 1.63519 8.69071e-20)
(1.37912 -1.01578 9.00449e-22)
(0.994778 -0.061472 -2.21987e-19)
(-0.191655 -0.180073 7.87335e-21)
(0.0867282 -0.125246 1.28281e-19)
(-0.337023 -0.157807 -1.25863e-19)
(0.770932 0.606149 0)
(1.10753 0.0318437 -3.63709e-19)
(1.40244 -0.0802599 -1.26226e-19)
(1.3521 -0.662765 1.48769e-19)
(0.626848 -0.194968 -1.54907e-20)
(0.558677 0.254034 0)
(0.901079 0.705098 -1.81275e-20)
(0.658608 0.600975 2.04807e-19)
(0.956682 -0.618649 1.85126e-19)
(0.639381 0.440708 0)
(1.02475 -0.00906464 9.54332e-21)
(0.944771 -0.720206 2.63605e-19)
(0.799887 0.370418 -5.07161e-19)
(1.27478 -0.133868 0)
(0.0722958 0.0237526 -4.23016e-19)
(-0.265946 0.10762 -1.23774e-19)
(1.55382 0.654555 0)
(1.43983 -0.99636 -7.70859e-22)
(-0.478334 -0.774934 0)
(-0.039685 -0.22439 9.30465e-20)
(0.693694 0.607393 -1.08774e-19)
(0.88432 -0.270662 0)
(-0.393263 -0.124217 0)
(1.75609 -0.484653 0)
(-0.115436 1.40979 2.30751e-19)
(1.29507 -0.939258 2.06669e-19)
(1.24755 -0.649629 8.42718e-20)
(1.11727 -0.187302 -2.2001e-19)
(0.945849 -0.751919 -2.09559e-19)
(0.192998 -0.198343 0)
(-0.730481 -1.00177 0)
(1.06419 -0.561245 2.26306e-19)
(0.217834 0.334436 0)
(-0.334794 -0.233455 0)
(0.103913 -0.712197 4.66325e-19)
(0.747915 0.623507 9.43467e-20)
(0.97136 0.749734 0)
(0.649503 0.495909 -9.42428e-20)
(0.839438 -0.0976093 -2.5411e-19)
(0.700837 0.508154 -2.51937e-19)
(0.562473 0.518348 -1.85113e-19)
(0.0935144 0.209498 8.55648e-21)
(0.76643 -0.687771 0)
(0.882304 0.127247 -3.60935e-19)
(0.189173 0.0400183 7.2506e-20)
(0.581273 0.535014 4.17078e-19)
(0.914689 0.753759 0)
(-0.255384 0.490393 2.30625e-19)
(-0.373953 -0.0277461 2.3131e-19)
(-0.343059 -0.040613 -9.51973e-20)
(0.619166 0.516257 -1.63878e-20)
(0.970614 -0.00881397 6.85234e-20)
(0.208286 -0.152972 0)
(2.24348 0.341612 -5.44196e-20)
(1.79636 0.37576 2.55529e-20)
(0.69486 -0.643777 -9.2682e-20)
(-0.580375 -0.973993 8.31589e-21)
(1.15217 0.416161 2.00737e-19)
(0.847771 0.359651 0)
(1.09309 -0.201286 2.40799e-19)
(-0.401295 -0.352755 -2.10372e-20)
(-0.148353 0.147933 4.30735e-19)
(0.937992 0.013034 -6.24772e-20)
(1.07223 0.139585 0)
(1.88497 0.0797235 6.17201e-20)
(1.50468 -0.0257945 0)
(0.518066 0.176841 -5.0972e-19)
(0.0778983 -0.139416 0)
(0.241742 0.302367 2.93027e-19)
(0.729503 0.122568 0)
(0.678387 -0.579969 -2.11461e-19)
(1.15546 0.0109403 2.47215e-19)
(-0.174652 -0.335422 3.1715e-20)
(1.37086 0.0308536 -2.1321e-20)
(2.32738 -0.17043 -4.25064e-20)
(1.08125 0.197586 -2.44329e-19)
(0.152545 -0.0961519 -1.41504e-19)
(1.14829 -0.907454 0)
(0.81967 0.0186554 -1.79734e-19)
(0.977751 -0.424335 -3.46299e-19)
(1.79646 -0.601513 5.50684e-21)
(1.71601 -0.0347603 -9.99048e-20)
(1.06293 -0.0124861 4.35781e-19)
(-0.345429 -0.460059 -8.87065e-20)
(1.05096 -0.484497 -1.57994e-19)
(0.204383 -0.196712 2.9632e-19)
(1.00814 -0.00846066 0)
(1.00483 -0.00690967 0)
(0.915117 1.02602 3.40908e-20)
(-0.404125 0.00353594 -1.04747e-19)
(0.162055 -0.123204 -9.35744e-20)
(1.38423 0.0827964 1.15617e-20)
(0.0172557 0.462288 0)
(1.0789 -0.156476 1.01357e-19)
(1.00426 -0.873183 -1.24236e-19)
(1.91757 -0.593922 -2.61834e-20)
(1.06599 0.79152 0)
(0.507747 -0.492298 0)
(0.560926 0.462652 -1.96628e-19)
(1.05826 0.241046 -4.47886e-19)
(2.24241 -0.168809 6.34181e-23)
(0.845495 0.114263 1.55253e-19)
(-0.219019 -0.850567 -2.69172e-19)
(1.51129 -0.864926 2.15848e-20)
(-0.104265 -1.24674 0)
(-0.0877115 0.171635 0)
(0.08407 -0.735755 0)
(1.42046 -0.772898 -1.49573e-19)
(-0.179493 -0.00459855 -2.2058e-19)
(-0.0794172 -0.00373021 0)
(1.27098 0.93721 -3.8805e-20)
(1.0879 0.118888 -4.70288e-19)
(1.02151 0.10695 2.98994e-20)
(1.05457 0.891765 9.38789e-20)
(-0.315302 0.0464164 1.35073e-19)
(1.11516 -0.392989 0)
(0.0276503 -0.937913 -3.77967e-19)
(-0.219915 -0.0669522 2.39487e-19)
(0.77375 -0.0226494 2.06903e-19)
(1.52254 0.884846 -8.39447e-21)
(0.309018 -0.319968 3.44427e-20)
(-0.297344 0.179914 7.70256e-21)
(0.791798 -0.722421 -4.76543e-20)
(0.996044 -0.0454895 0)
(1.36239 -0.0499001 0)
(1.11707 0.0680758 0)
(0.925894 1.44244 -7.89104e-20)
(0.0178899 -0.908587 1.29412e-19)
(1.00575 0.800297 0)
(1.00686 -0.0212455 5.96234e-19)
(0.72203 0.550232 -2.52496e-19)
(0.709142 1.73484 -1.24715e-19)
(0.857299 -0.0269953 -4.68588e-20)
(0.763123 -0.695935 -2.72063e-19)
(1.34823 0.64561 -3.65475e-20)
(0.618076 -0.523097 -3.31047e-19)
(1.12475 -0.00745471 -5.30444e-19)
(0.834663 0.0432927 5.42834e-20)
(1.60818 -0.149928 1.22923e-19)
(1.81272 -0.161732 9.93239e-20)
(0.178147 0.250593 4.19568e-21)
(1.04058 0.423462 -2.96075e-19)
(1.46061 0.588909 8.18827e-20)
(-0.496574 -0.0254784 0)
(-0.112937 -1.04845 1.05759e-19)
(0.108424 -0.0717812 1.7985e-19)
(-0.208732 -0.114458 -8.59947e-20)
(0.434094 0.229924 0)
(1.27342 0.789452 0)
(-0.0633868 0.0661866 -1.53223e-19)
(-0.0387018 -0.0863015 -8.1543e-20)
(1.04258 -0.0344951 2.10205e-19)
(0.13408 -0.548311 -3.60978e-20)
(0.102827 -0.0091452 2.39911e-19)
(-0.282488 -0.0594131 0)
(0.889038 -0.787028 -3.89244e-19)
(1.65413 -0.200669 -1.87754e-19)
(0.149711 -1.19471 1.79549e-19)
(0.703902 0.0977189 3.65514e-19)
(0.609821 0.0605819 1.18108e-19)
(0.537246 -0.511979 2.36024e-19)
(0.379432 0.320145 -1.57996e-19)
(0.273145 0.0497562 0)
(0.350885 0.26878 -2.16716e-19)
(1.02514 -0.021699 -3.35173e-19)
(-0.241193 -1.10425 2.16132e-19)
(1.37503 0.410628 -1.36373e-19)
(0.19921 0.320143 -5.45771e-20)
(0.734407 -0.669196 -1.07595e-19)
(0.7944 0.1327 -2.29769e-19)
(0.937263 0.378134 2.52752e-20)
(1.18177 -0.158899 4.35917e-20)
(0.639344 -0.304384 -3.38471e-19)
(2.16305 -0.335219 -3.06056e-21)
(1.82865 0.121067 0)
(1.01865 -0.0784755 3.85982e-20)
(1.07514 0.220025 -4.10341e-21)
(1.27335 -0.193887 7.52247e-20)
(1.31296 0.256639 -1.9341e-19)
(0.781563 0.276898 -1.15421e-20)
(0.383307 0.338713 -2.80566e-19)
(-0.510733 -0.786876 1.92116e-19)
(2.44085 0.043424 0)
(0.920439 0.000468882 0)
(0.930244 -0.820477 8.00149e-20)
(-0.406804 -0.0444145 -2.52914e-19)
(-0.556397 -1.11704 -1.81446e-19)
(0.205817 0.288485 -1.98725e-19)
(-0.433943 -0.438624 -1.25772e-19)
(-0.0411935 -1.22691 0)
(-0.0596056 0.136374 2.87845e-20)
(0.0944563 -0.109405 -1.23836e-19)
(0.0961885 -0.14172 -2.88952e-19)
(0.821914 -0.168641 0)
(1.82568 0.165377 8.14291e-21)
(0.0764542 0.0661654 0)
(0.99337 0.0243023 4.28986e-19)
(0.0724171 -0.988388 3.24892e-20)
(0.591666 -0.493831 4.43757e-19)
(-0.0381414 -1.19373 4.67809e-19)
(0.25403 0.820023 0)
(-0.145687 -0.0519352 1.43234e-19)
(1.00611 0.0159754 -1.29541e-20)
(-0.224663 -0.13453 0)
(1.00583 -0.00910385 -6.62506e-20)
(0.922888 -0.77943 -3.62e-19)
(0.709139 1.26131 0)
(0.970778 -0.31354 2.48963e-19)
(-0.399815 -0.413546 2.16285e-19)
(0.0133259 0.0578489 0)
(-0.273065 -1.0419 -5.40337e-21)
(0.781444 -0.6859 -5.05583e-19)
(0.988466 -0.0375072 -3.22462e-19)
(-0.498905 -0.18858 3.07019e-19)
(0.0934555 0.291116 1.71886e-19)
(-0.115397 -1.33121 0)
(0.916717 0.425286 0)
(0.22821 -1.03647 1.89477e-19)
(2.40474 0.696907 -5.7144e-20)
(1.04165 0.858004 2.08001e-20)
(1.04146 0.183097 -1.38649e-19)
(1.17559 0.0101799 -2.76395e-19)
(1.09396 -0.0875303 -1.05089e-19)
(-0.455414 -0.291804 -3.26758e-19)
(1.29659 -0.00674128 -1.75987e-19)
(0.628518 0.0207736 2.33979e-19)
(1.73477 0.137262 -2.43961e-20)
(1.10064 -0.174539 0)
(1.55865 1.58554 3.66141e-19)
(1.14437 0.0230546 -5.81138e-19)
(1.70269 0.532416 1.66983e-20)
(0.792 -0.51534 -1.86985e-19)
(-0.093231 -0.040502 1.38911e-19)
(0.851413 -0.748038 4.7142e-19)
(1.1984 0.183222 8.33555e-20)
(1.00691 -0.00739666 2.93259e-19)
(-0.259496 -0.726396 -1.19318e-19)
(1.01492 0.00428448 0)
(0.808671 0.14594 9.62109e-20)
(-0.0267363 0.04719 0)
(1.01226 0.00901973 -1.7502e-19)
(0.172363 1.22813 -3.20471e-19)
(1.58807 0.183293 4.98609e-20)
(0.0664879 -0.801442 2.13229e-19)
(1.386 -0.00610829 2.34892e-20)
(1.01256 -0.0228814 6.06667e-20)
(1.36021 -0.110611 0)
(1.52919 -0.647452 -2.32158e-19)
(1.01139 0.0138505 -1.77869e-19)
(1.40863 0.736312 -6.83608e-20)
(1.37016 -0.00627755 0)
(1.40014 -0.8319 9.91106e-20)
(-0.07302 0.0754521 0)
(1.43003 0.0690148 0)
(0.0873681 -0.649887 0)
(1.19345 0.40899 0)
(1.89119 0.0220575 3.74593e-20)
(0.696346 0.565871 4.42587e-19)
(0.304899 -0.306379 -2.79302e-19)
(-0.00712399 0.0876068 -4.38631e-19)
(0.0498271 0.162871 0)
(2.04329 0.184145 -8.19066e-20)
(1.56005 0.445054 0)
(1.39051 0.25204 0)
(0.0404044 -1.20997 1.64809e-19)
(0.776063 0.679206 1.42493e-19)
(1.74436 0.00854388 0)
(0.348462 0.162281 1.04067e-19)
(0.884581 0.173681 2.11751e-19)
(2.46581 -0.244654 4.78844e-20)
(1.20991 0.884052 5.07313e-20)
(0.981158 -0.881301 -5.83748e-20)
(1.87842 -0.0524796 9.6608e-20)
(0.765364 0.687398 1.46356e-19)
(1.15256 0.88851 0)
(1.95236 0.292168 -1.42419e-19)
(1.72129 1.49926 0)
(1.91006 -0.465674 3.62787e-20)
(1.28457 0.0878302 2.32696e-19)
(1.00465 -0.00687004 0)
(0.940578 1.55536 1.99691e-19)
(0.911787 -0.218229 5.63739e-20)
(0.682454 -0.477551 0)
(0.714522 -0.447092 2.41946e-19)
(1.19824 0.513999 -3.72473e-20)
(0.451014 0.420956 3.07653e-19)
(0.11391 -0.196444 3.33839e-20)
(0.769722 -0.072261 1.39356e-19)
(0.785007 0.076602 0)
(1.40214 -0.956356 -1.50434e-19)
(1.02278 -0.0455544 4.66122e-19)
(1.62793 0.256011 1.52951e-19)
(0.27644 0.119339 8.62495e-20)
(0.255 -0.745891 0)
(1.28173 -0.256207 -1.47824e-19)
(0.0346441 0.0736158 -1.26921e-19)
(1.34505 0.685418 -5.3802e-20)
(-0.155288 0.0891593 -1.44849e-21)
(-0.212124 0.127827 3.49172e-19)
(1.07421 -0.523585 -1.03326e-20)
(2.28744 0.0989205 7.28812e-20)
(1.14829 0.408494 -3.23698e-19)
(0.768484 -0.0426919 0)
(1.32496 -0.0542606 -5.78836e-20)
(1.67353 0.122495 -1.79445e-20)
(0.974097 -0.817656 1.81562e-19)
(1.23007 -1.03553 -8.25296e-20)
(0.45745 0.420857 2.05934e-19)
(2.05328 1.41232 0)
(1.72224 0.468448 2.38069e-20)
(0.0257881 0.0955609 -2.63028e-19)
(0.851149 0.735782 0)
(0.470387 -0.270234 0)
(0.306592 -0.30737 -3.37593e-21)
(0.287565 0.235405 0)
(0.058574 -0.823859 -4.7075e-19)
(0.0364761 -0.209016 -1.02363e-19)
(1.87253 -0.453506 0)
(1.1481 0.113789 2.48447e-19)
(-0.86344 -1.25481 1.50485e-19)
(0.568772 -0.539669 -5.50792e-19)
(1.80492 0.0283245 7.12044e-21)
(0.650126 -0.592419 0)
(0.982754 0.10778 0)
(1.49091 -0.273693 0)
(1.08803 0.201142 -2.6246e-19)
(1.28593 0.0857854 3.73102e-19)
(0.131957 0.613654 0)
(0.92305 -0.0776478 0)
(1.39378 0.0405195 1.38752e-20)
(-0.17126 0.0869313 1.16257e-19)
(1.55783 0.0718987 1.68162e-19)
(1.126 -0.562439 1.17095e-19)
(1.27781 0.043435 1.9329e-19)
(-0.480385 -1.10655 -1.14481e-19)
(1.39816 -0.0530779 5.29162e-20)
(1.02131 -0.0370616 4.85586e-19)
(1.47903 0.529586 0)
(-0.160378 -0.110504 2.80211e-20)
(1.07054 -0.882413 2.35562e-19)
(0.867861 -0.0612804 5.47735e-20)
(0.687257 -0.499881 0)
(2.05279 -0.558683 -5.8836e-21)
(1.26086 -0.217105 1.99105e-19)
(2.21101 -0.223829 0)
(0.645776 -0.59865 5.68549e-19)
(0.368658 -0.0666384 8.03166e-20)
(1.40343 0.0878077 -2.92223e-19)
(-0.153822 0.0289049 -2.29216e-19)
(1.29292 0.56966 1.6785e-19)
(1.11107 0.366948 4.0714e-21)
(0.873488 0.325151 2.49324e-19)
(2.21296 0.66666 -6.50775e-20)
(-0.493815 -0.373131 1.83663e-21)
(1.17002 -0.105746 0)
(-0.149306 -0.124276 2.28106e-19)
(1.16256 -1.01065 0)
(1.13004 -0.702996 2.79892e-20)
(1.94356 0.398145 -4.39696e-19)
(0.839586 -0.822889 -1.84579e-20)
(-0.0680435 -1.29804 -3.9234e-19)
(0.950652 0.435604 1.93857e-19)
(0.639138 1.58952 8.72564e-20)
(0.677829 -0.0393001 0)
(1.61301 0.136963 0)
(0.454512 0.114956 -8.22971e-21)
(0.797529 -0.0169766 0)
(1.41903 -0.210915 -2.04878e-19)
(-0.519893 -1.26673 5.35911e-19)
(1.85718 0.390106 -2.50599e-21)
(1.02446 -0.0370664 0)
(0.59976 -0.425942 1.20455e-19)
(1.0083 0.0276125 2.29941e-19)
(1.3165 1.28626 -3.05753e-20)
(-0.524095 -0.816186 0)
(1.18042 -0.521756 6.2682e-19)
(1.70661 -0.072521 4.66827e-22)
(1.15848 -0.537863 -2.72418e-19)
(2.01798 0.0503097 7.9542e-20)
(1.2508 0.745308 0)
(0.843534 0.0143846 0)
(0.147458 -0.171448 -2.19045e-19)
(-0.0649176 0.0638684 1.72482e-19)
(0.914387 0.323035 -2.30367e-19)
(0.0609324 -0.688649 -5.45041e-20)
(0.608469 0.345851 2.69098e-19)
(1.1738 -0.735625 0)
(0.570112 -0.529183 0)
(1.2718 -1.35001 -8.25946e-21)
(1.29733 -0.543395 -1.32747e-19)
(0.781316 0.0207683 7.02376e-21)
(0.753743 -0.216412 1.34319e-19)
(-0.139657 0.114794 -3.10201e-19)
(0.728236 -0.452846 -7.4835e-20)
(0.635788 0.589798 0)
(1.23215 0.644541 0)
(1.53366 0.2243 0)
(-0.129081 -1.32967 -1.75668e-19)
(1.39171 0.541398 2.38002e-19)
(1.74567 0.218776 -6.94998e-21)
(0.878622 -0.00518473 0)
(2.05977 -0.717844 0)
(1.4259 -0.035447 1.24262e-19)
(1.20441 1.38744 3.44336e-20)
(1.00539 0.00328717 -2.29278e-19)
(1.43062 0.437853 0)
(-0.504331 -0.50097 0)
(1.20145 0.27544 3.22222e-19)
(0.982627 0.481344 -1.44082e-19)
(1.06252 0.010624 0)
(2.27424 1.09912 0)
(2.06728 0.545032 -3.21968e-19)
(-0.325718 0.084146 -1.47485e-21)
(0.998193 0.0104389 0)
(0.667155 0.414119 -3.69753e-20)
(0.995198 -0.874524 0)
(0.998575 0.0136461 5.35446e-20)
(1.23514 -0.571028 -2.96037e-19)
(0.944006 -0.367563 3.66682e-19)
(1.59389 -1.41177 1.98526e-19)
(2.25034 0.0250099 5.95616e-20)
(0.494601 0.0627141 -4.5842e-20)
(0.813051 -0.0397764 0)
(1.03289 0.0040787 0)
(0.279995 -0.956222 0)
(0.645666 0.616071 -2.09408e-19)
(-0.102348 0.0868945 2.07871e-19)
(1.12887 0.313913 -5.16425e-19)
(-0.187486 -0.56894 0)
(0.784824 0.592149 1.85995e-19)
(1.05264 -0.374386 0)
(1.00593 -0.00172352 1.34025e-19)
(1.54943 1.17587 4.70188e-20)
(0.996397 0.363387 2.8489e-19)
(1.12342 -0.409219 0)
(1.67908 -0.0916009 8.93896e-21)
(0.84436 -0.159095 -4.18494e-19)
(0.18057 -0.444013 -6.61109e-19)
(1.54906 1.36417 0)
(0.853379 0.192077 1.95204e-19)
(2.34978 0.120548 0)
(0.734395 0.467254 4.01468e-19)
(-0.350065 -0.785859 2.54173e-19)
(-0.104277 0.0517182 0)
(0.566383 0.536475 -7.82788e-20)
(1.09042 -0.691081 -1.96261e-19)
(0.521067 -0.336584 -1.34534e-19)
(1.02416 -0.0278224 0)
(-0.491563 -1.14171 -1.10624e-19)
(0.686269 -0.617469 9.52181e-20)
(0.878719 0.240831 0)
(1.39441 0.598841 -3.17246e-20)
(0.949717 0.800635 2.70273e-20)
(1.65311 -1.07998 2.6282e-19)
(0.0873326 0.0421559 -1.12326e-19)
(0.253339 -0.173775 -6.04567e-19)
(0.0375652 0.270891 8.89387e-21)
(0.78455 0.30291 2.73441e-19)
(-0.17065 -0.0655798 -5.01137e-21)
(1.49442 -0.686862 3.20211e-21)
(1.02639 -0.0065916 -4.01252e-19)
(-0.13442 -1.33995 0)
(1.02762 0.0152704 -4.64061e-19)
(2.08598 0.801164 5.41077e-20)
(0.842785 0.641614 3.1199e-19)
(1.15652 -0.0895619 1.93302e-19)
(1.01008 -0.0491327 1.85513e-19)
(0.93328 -1.13209 1.64811e-20)
(0.173627 0.133846 -1.82032e-21)
(1.8334 -0.930592 1.62853e-20)
(1.18665 -0.151549 -1.06118e-19)
(0.861417 0.0655132 1.22925e-19)
(0.951968 -0.338401 1.05564e-19)
(0.242551 0.00579276 0)
(0.91895 0.687246 0)
(1.77408 1.17239 -5.6017e-20)
(1.82477 0.0815524 4.72366e-21)
(-0.151362 -1.26389 1.97048e-19)
(1.08281 -0.583759 -6.46396e-19)
(0.666903 -0.588746 4.50213e-19)
(1.45986 -0.319773 -5.7355e-20)
(-0.0617465 -0.372485 7.43447e-21)
(2.01882 -1.18233 0)
(0.74534 0.058137 -7.54634e-21)
(2.18158 -0.858387 -6.02756e-20)
(0.998294 0.714675 0)
(1.76066 -0.768174 0)
(-0.609941 -0.389902 0)
(0.324201 0.349085 -7.01758e-20)
(0.24577 0.07548 0)
(1.31297 1.01442 -1.29623e-20)
(1.18076 0.169757 7.19812e-21)
(0.201995 1.62971 1.61578e-19)
(0.17412 0.140832 -3.31271e-20)
(1.78197 0.328134 -5.52312e-20)
(2.14491 -0.261898 -9.83688e-21)
(-0.188704 0.0527337 -2.45055e-19)
(-0.260463 -1.16379 4.02505e-21)
(0.354266 -0.0539427 0)
(0.667773 -0.0341371 0)
(0.999999 0.000542749 1.65384e-22)
(-0.0588608 -1.37717 0)
(1.47748 0.105982 5.80043e-20)
(0.673739 -0.0307636 0)
(1.07788 0.00751065 1.54698e-19)
(0.985722 0.0149899 -5.22878e-20)
(0.457076 -0.486109 -2.40833e-20)
(1.05342 -0.02511 -1.06369e-21)
(0.980336 -0.225317 -6.36867e-20)
(1.03446 -0.0443009 4.34221e-19)
(0.721584 -0.660063 2.17483e-19)
(0.143934 1.539 -1.13507e-19)
(0.393306 -0.0921303 -7.79152e-20)
(-0.0723384 0.0732297 0)
(1.08748 0.749102 0)
(1.03632 -0.0237079 0)
(1.06827 -0.827927 -1.39353e-19)
(1.10569 -0.943677 8.89021e-20)
(0.362237 -0.6009 1.32978e-19)
(1.36357 1.58442 -7.06216e-19)
(1.52421 -1.32961 -7.04107e-21)
(0.633145 -0.456129 -7.12598e-19)
(0.613695 -0.0601333 9.2216e-20)
(1.37402 -1.56272 7.47617e-20)
(2.24647 -0.272425 1.20207e-20)
(0.409467 -0.0526625 8.6522e-20)
(0.356556 0.26129 -1.53445e-19)
(1.07268 0.508231 2.18951e-19)
(-0.437947 -0.177445 0)
(0.264708 -0.83651 2.33437e-19)
(-0.135398 0.0346784 1.42626e-21)
(1.02281 -0.0458814 3.82552e-19)
(1.02744 -0.0113809 -9.95612e-21)
(1.10704 -0.0157386 -1.05856e-19)
(1.18609 -1.03899 3.98595e-20)
(1.54224 0.274779 7.34075e-20)
(0.430559 -0.407365 -3.57555e-19)
(0.75392 -0.363332 -2.5521e-19)
(1.04099 -0.0128219 -2.86125e-19)
(0.155253 -0.109487 8.0136e-20)
(1.16645 -1.19167 0)
(1.06926 0.546901 -4.1061e-19)
(1.00232 -0.00453263 1.09407e-19)
(0.636561 0.5606 2.87013e-19)
(1.55571 -1.12727 -3.52041e-21)
(1.05597 -0.0179519 -3.44841e-20)
(1.11688 0.00450924 9.82562e-22)
(1.59206 -0.0995298 -7.62106e-21)
(0.447556 -0.101254 0)
(1.04247 -0.0410285 0)
(1.04937 -0.034764 6.70506e-19)
(1.00274 -0.00212236 0)
(-0.0148025 0.132756 0)
(1.00377 -0.628643 0)
(1.00117 0.00022966 -6.36371e-19)
(1.22719 -0.730441 1.1706e-19)
(1.02441 -0.0101604 1.34619e-20)
(1.31989 0.90721 -3.10451e-20)
(1.51611 0.955774 1.24834e-20)
(1.5238 -1.44024 1.71863e-20)
(1.91089 1.04703 5.29542e-20)
(0.172683 0.088896 0)
(-0.343107 0.0260703 0)
(2.3594 0.272579 2.1494e-19)
(1.48721 -0.0813224 0)
(1.00015 -0.00432217 -1.9637e-19)
(1.01043 -0.00036655 3.81812e-19)
(1.37611 0.116855 -7.81661e-20)
(-0.0212316 -0.114694 1.7682e-19)
(0.964686 -0.00403979 2.07361e-19)
(0.968014 -0.329194 -1.5655e-19)
(0.414667 0.117366 5.0957e-21)
(1.16294 -1.20762 2.2697e-22)
(0.934758 0.0158982 -2.11592e-19)
(1.00376 0.0041827 2.47627e-19)
(1.00027 0.000322002 1.46042e-20)
(0.790171 -0.0122871 0)
(0.727192 -0.0265563 0)
(0.722445 -0.0270628 9.06087e-22)
(0.697233 -0.0286068 0)
(1.61303 -0.25575 0)
(0.151714 -0.0893119 0)
(0.412493 -0.116872 -3.77371e-20)
(0.485202 0.327343 1.97616e-20)
(0.594406 0.311774 0)
(0.507575 0.100165 2.26484e-20)
(0.867684 -0.39537 0)
(1.47987 -0.329248 0)
(0.974736 -0.13409 0)
(0.625424 -0.00274665 1.70761e-20)
(0.372961 -0.00122674 -1.62698e-19)
(0.785441 0.0218604 0)
(0.786409 0.0201129 0)
(0.971711 0.0183214 -2.60356e-19)
(0.813761 0.00904879 4.83057e-19)
(1.00911 -0.00118291 0)
(1.00025 -0.000165954 4.57174e-19)
(1.00007 -0.000646033 -2.61743e-22)
(0.788073 0.0216147 4.13714e-19)
(0.989418 -0.00930698 -2.38144e-19)
(1.39374 -0.200004 0)
(0.022917 -0.123944 -5.09993e-21)
(1.00071 -0.000768694 -2.30603e-19)
(0.999304 0.00142323 -3.96544e-19)
(1.36478 -0.583857 0)
(0.999033 0.0023093 0)
(0.999657 0.000557318 0)
(1.83936 -1.08976 -1.73569e-20)
(1.15713 -1.30436 1.0826e-20)
(0.511994 -0.231165 0)
(0.194906 -0.503743 1.65752e-19)
(1.30307 1.63662 -1.92478e-19)
(1.01852 -0.0251431 -3.07883e-19)
(0.0171528 -0.556098 -1.38827e-19)
(1.01884 -0.00884037 -2.49029e-19)
(1.22369 -0.238451 -1.52147e-19)
(0.849876 -0.527181 3.57689e-19)
(0.144246 0.249996 -7.42515e-20)
(1.03365 0.00478845 0)
(1.03233 -0.0185428 -6.63029e-20)
(0.872352 0.0203661 0)
(-0.122663 0.109939 3.06666e-19)
(1.56822 -0.256548 0)
(-0.0157509 -1.2068 -3.31955e-19)
(0.655517 -0.180091 1.26804e-19)
(1.62771 0.597792 -2.24722e-20)
(-0.0844208 0.0406431 0)
(1.05258 -0.0383839 2.07341e-19)
(1.38521 -1.19023 -6.31186e-22)
(0.926961 -0.0445222 3.23151e-19)
(1.01132 -0.0123594 -2.09265e-19)
(1.66884 0.781159 3.61925e-20)
(0.492498 0.456168 0)
(0.40578 0.3384 2.26451e-19)
(2.10236 -1.02556 2.55334e-21)
(1.12225 0.109825 2.18026e-19)
(1.15237 -0.762108 0)
(1.01983 -0.00360752 0)
(0.999764 -0.0193551 -4.81715e-19)
(1.01939 0.0118777 -4.72565e-19)
(-0.0406671 0.243872 0)
(1.1869 0.774328 -1.4625e-19)
(1.45331 -0.738551 3.74866e-21)
(1.01693 -0.000202515 1.81253e-19)
(1.01205 0.0117233 -2.27797e-19)
(-0.00585966 -1.2407 -3.23287e-20)
(1.23315 -1.08981 -1.66902e-20)
(1.01721 -0.0229266 7.71716e-19)
(1.01712 -0.145549 0)
(1.84826 0.532517 -3.7759e-20)
(1.01483 -0.0178052 -2.40824e-19)
(1.52408 0.207516 2.3347e-20)
(1.05653 -0.00312576 -5.51592e-22)
(1.01069 -0.0109766 4.80409e-20)
(2.26761 -0.0693927 -8.24298e-20)
(1.01625 0.00520968 2.34433e-19)
(0.921761 -1.39929 -2.18848e-20)
(1.01994 -0.00691782 0)
(0.914635 0.111308 5.56482e-20)
(0.577764 0.753186 6.71819e-21)
(1.00255 0.0199176 2.32863e-19)
(1.04259 0.0190806 -5.25872e-22)
(1.24025 -0.671717 -2.35534e-20)
(1.21237 0.291148 4.62931e-19)
(0.999 0.0113711 1.60717e-19)
(1.01677 -0.0185776 5.84817e-22)
(1.61508 0.170519 -3.29769e-20)
(1.87221 0.903808 -1.19473e-19)
(0.82228 -0.736975 7.54787e-20)
(0.497625 -0.408015 -3.4049e-19)
(1.00694 -0.0139149 0)
(1.02085 -0.000767968 5.82054e-20)
(1.01041 -0.0120835 1.2229e-19)
(1.18411 -1.36581 -7.64903e-21)
(1.01458 -0.00104687 -2.4414e-19)
(1.03522 -0.03593 2.81898e-19)
(1.00803 -0.00979182 -2.28531e-19)
(1.01372 -0.000104546 -4.79571e-22)
(1.014 -0.000914877 -4.24344e-22)
(1.02693 0.00844502 2.33969e-19)
(0.89402 0.0471493 5.75644e-19)
(0.43313 0.317621 0)
(1.3774 0.352651 2.43734e-19)
(1.01223 -0.00986865 0)
(1.01991 -0.0309244 -6.75304e-20)
(1.48055 0.37114 -1.02028e-19)
(1.36997 0.128554 0)
(2.28592 0.0908482 8.5562e-20)
(0.95131 0.755873 3.49727e-21)
(0.716526 -0.015905 0)
(2.36912 0.354939 0)
(0.854023 1.03752 3.09751e-21)
(0.854248 -0.992521 -1.86345e-20)
(1.01684 -0.011184 -2.45633e-19)
(1.17979 -0.606734 -7.79119e-20)
(1.00931 -0.763379 -1.13193e-20)
(0.363025 -0.686337 0)
(1.72255 -1.10241 0)
(1.10099 0.101493 0)
(0.179785 -0.257441 1.48036e-19)
(0.822078 -1.2342 3.30696e-20)
(0.464897 1.26583 0)
(-0.366404 -0.850585 -2.24049e-19)
(1.69948 0.908381 -5.31735e-20)
(1.00809 -0.00614692 -4.80153e-19)
(0.98813 -1.17261 1.4486e-20)
(1.02289 -0.0050094 3.18651e-19)
(0.660532 -0.0408871 0)
(-0.161456 0.153148 -2.13503e-20)
(0.571772 0.368899 -3.79246e-19)
(0.538673 0.455581 -4.46232e-20)
(-0.0310061 -0.281936 0)
(0.834078 0.0693671 1.03062e-19)
(0.495292 0.469009 5.74261e-20)
(1.15285 0.841558 -3.95349e-20)
(-0.0465611 0.00367716 8.96159e-20)
(1.01459 0.00124563 0)
(0.640109 -1.0627 -6.02434e-21)
(1.01173 -0.00752267 1.80122e-19)
(1.72969 -0.177352 0)
(1.01165 0.00334382 3.02324e-19)
(0.205968 -0.667037 -1.03039e-19)
(1.01897 0.00211129 -1.87201e-19)
(0.77279 -1.10859 0)
(1.8595 0.404137 -5.04916e-22)
(1.00879 0.00110541 -1.25443e-19)
(0.994561 -0.0520544 3.30686e-19)
(1.07298 0.0731693 -3.65338e-21)
(0.644161 -0.924689 6.43898e-20)
(-0.152766 -0.0991243 2.30998e-19)
(1.99526 -0.0767753 1.07765e-19)
(0.671596 -0.842972 -7.55278e-20)
(0.7986 0.0154783 -4.53738e-19)
(0.777413 0.021329 0)
(0.907876 -1.20425 -4.93572e-20)
(1.01947 -0.0299569 -3.626e-20)
(0.978466 -0.000592588 0)
(1.04822 -0.00917084 -2.29153e-19)
(1.06066 -0.610448 1.55531e-19)
(-0.0456446 -0.498863 3.0927e-19)
(2.31162 -0.602578 0)
(-0.238403 0.407974 -3.79811e-19)
(1.57993 -0.36424 0)
(1.03931 -0.0210405 6.73813e-20)
(1.39585 -0.934035 -5.66049e-21)
(1.01467 -0.0114323 1.95247e-19)
(-0.690943 -0.883327 3.70925e-19)
(1.01853 -0.00254316 0)
(0.993422 0.00391406 -4.65683e-19)
(1.00798 0.00593669 2.47885e-19)
(0.662033 0.273785 0)
(1.8825 -0.461262 3.43907e-20)
(0.956508 -0.000805663 -2.11608e-19)
(-0.176377 -0.504266 4.78509e-19)
(1.00353 -0.00209721 -2.4161e-19)
(1.00422 0.00558062 -5.68237e-19)
(1.7637 -0.639493 -3.09186e-20)
(0.337647 0.286105 -1.17234e-19)
(0.769574 0.652625 -1.93983e-19)
(0.768852 0.301593 0)
(1.02176 -0.0181821 5.09622e-19)
(1.03432 -0.0203684 2.6619e-19)
(0.634273 -0.388549 1.37061e-19)
(0.705375 0.3456 -1.3526e-19)
(1.08288 -0.000944828 -1.37415e-19)
(1.18137 -0.949366 8.68189e-20)
(1.00736 -0.00422231 2.52245e-19)
(0.991918 -0.726284 2.55646e-19)
(-0.0352991 -0.691708 3.21818e-19)
(0.346574 0.347897 -8.7285e-20)
(0.745846 0.00330516 -7.27071e-20)
(0.733716 -0.224875 -7.75027e-19)
(1.01836 -0.0237666 0)
(1.40893 -0.855682 1.58581e-19)
(0.948262 0.919365 -5.38453e-21)
(1.03162 -1.22392 0)
(0.112209 1.02689 0)
(0.905735 1.2584 0)
(1.03164 0.00357708 1.09664e-19)
(1.50111 0.0925344 0)
(1.04936 -0.0312371 4.23299e-21)
(-0.490462 -1.17169 -1.72955e-19)
(0.0967096 0.19315 1.78287e-19)
(0.0953723 -0.223905 -1.98898e-21)
(1.38592 0.324295 1.13324e-19)
(-0.33834 -0.522791 2.83546e-19)
(0.715133 0.752737 0)
(0.642239 1.10623 -1.40775e-20)
(1.02018 0.00780462 6.59287e-20)
(-0.161037 -0.0162135 -9.17504e-20)
(0.833236 0.6633 -6.18238e-20)
(0.232905 0.283528 4.84655e-20)
(1.42152 -1.03011 9.05951e-20)
(0.721781 -0.213339 -1.32997e-19)
(0.833744 -0.974025 1.88967e-20)
(0.307924 1.19513 -1.4073e-19)
(0.879082 0.0069132 0)
(0.995804 -0.915211 -1.99779e-19)
(0.937674 -0.277099 -5.27699e-20)
(0.590558 0.444845 1.95858e-19)
(1.75019 -0.27197 0)
(1.05133 0.0172363 2.65889e-19)
(0.698753 1.37802 0)
(0.859705 -0.849305 5.53814e-20)
(-0.597994 -0.641108 0)
(0.84773 0.283266 -2.45157e-19)
(0.241068 0.355948 4.5376e-20)
(0.122219 0.31991 -1.51198e-20)
(0.948711 0.00514929 -5.17372e-19)
(1.0284 -0.00844897 0)
(1.13317 0.0025678 1.37676e-19)
(1.52171 -0.281563 0)
(2.07614 -0.405811 0)
(1.01376 -0.0166117 -4.59847e-20)
(0.982911 0.013643 -2.19691e-19)
(1.64201 1.06897 -1.2499e-20)
(-0.023708 -0.0721267 0)
(1.02193 -0.0273354 3.094e-23)
(0.996866 -0.805597 -1.66704e-19)
(0.612798 0.285454 0)
(1.07251 -0.0279601 -3.30122e-19)
(1.20788 0.532541 -7.74276e-20)
(0.30471 1.4224 -1.0372e-19)
(-0.251802 0.0261403 1.91047e-19)
(-0.150267 -1.34133 2.1388e-20)
(-0.223921 -0.823707 -1.48111e-19)
(-0.0836142 0.0557446 2.07521e-19)
(1.74064 -1.17845 1.08081e-19)
(-0.046332 -0.495422 1.22979e-19)
(1.01408 -0.762413 2.87568e-19)
(1.14868 -0.943046 0)
(1.01861 -0.00963989 -5.492e-19)
(0.738891 0.152505 -8.27482e-20)
(1.01676 -0.012281 -2.04104e-19)
(-0.142453 -0.107407 -6.39356e-20)
(-0.326549 -0.768099 2.28e-19)
(1.01786 0.00976861 -2.62621e-19)
(0.474585 1.36892 7.9336e-20)
(1.02452 0.672267 1.19552e-20)
(1.04177 -0.0235212 -4.47537e-19)
(1.72086 -0.00259584 0)
(0.165058 -0.751696 -1.09912e-19)
(-0.456099 -0.521055 -3.32049e-19)
(0.314585 -0.158158 0)
(1.09037 0.062925 0)
(1.02889 0.0131998 2.96095e-19)
(1.23851 1.076 9.8384e-21)
(1.26463 -0.0358805 -2.88316e-20)
(1.11408 0.581697 1.86785e-19)
(0.399416 1.4544 -2.08246e-20)
(1.0551 0.00157215 1.56064e-19)
(0.380091 -0.950102 -1.97077e-20)
(1.1789 0.134103 -4.33031e-19)
(0.245229 -0.106232 0)
(1.03867 -0.295573 -2.26175e-19)
(0.174465 1.18597 2.15782e-20)
(1.44409 -0.592965 -2.64537e-19)
(1.0184 -0.0352644 -3.06887e-19)
(0.445189 0.428601 -1.57346e-19)
(-0.151229 -0.35245 9.82805e-20)
(-0.139463 -0.950481 3.77759e-19)
(0.842039 0.0302172 -3.54265e-19)
(0.527591 -0.0484957 -2.24222e-19)
(1.00913 -0.00645724 -2.55073e-19)
(0.764613 0.552291 -2.63894e-19)
(0.676175 1.38753 -9.90443e-20)
(0.486897 -0.475642 -1.55959e-20)
(0.11118 -0.0391989 3.89763e-20)
(0.962547 0.338622 3.04108e-19)
(1.96001 -0.581429 0)
(1.16501 -0.904816 0)
(-0.451601 0.000694792 -5.02299e-20)
(0.898588 0.01372 0)
(0.775158 -0.458855 2.21659e-19)
(0.270474 0.313419 0)
(1.61336 0.943043 1.26342e-20)
(1.01891 -0.00200956 0)
(1.80691 -0.0980721 1.90954e-20)
(1.14174 -0.425771 4.19596e-19)
(0.977896 -0.00846471 2.23501e-19)
(1.04468 0.0599555 -2.23342e-19)
(0.108884 -0.382256 -4.89346e-20)
(1.0153 0.0102551 3.20521e-19)
(0.588184 -0.0510474 0)
(0.975256 0.00924675 2.61038e-19)
(1.44699 -1.01735 5.18943e-21)
(0.426525 0.594376 1.29644e-19)
(1.41809 1.01804 2.22959e-21)
(1.01365 -0.0368354 3.48589e-19)
(1.23341 -0.670936 -4.67731e-21)
(1.88043 0.492883 0)
(0.504045 0.910869 0)
(1.03049 -0.158004 -5.12544e-19)
(0.582221 1.18048 0)
(0.655393 0.369415 7.89497e-20)
(1.28267 -0.982147 0)
(0.467564 0.28027 0)
(0.605232 0.544321 -5.90376e-19)
(1.74176 -0.185309 2.00264e-21)
(1.04124 -0.0417408 -1.49832e-19)
(-0.20822 0.0866424 1.09e-19)
(1.04339 0.0320096 0)
(1.02151 -0.0439878 0)
(1.33252 -0.230895 -1.94941e-19)
(0.503686 1.06353 0)
(0.713581 0.421711 3.98423e-20)
(1.03774 -0.0184616 6.26352e-22)
(0.572362 0.396983 1.55042e-19)
(1.12492 0.0146993 3.42507e-20)
(1.65953 -0.634882 -1.02788e-19)
(1.06751 0.0218313 1.97597e-19)
(1.05348 -0.0223964 -2.24625e-19)
(1.10101 0.187199 2.27699e-19)
(1.00696 0.00979753 -5.16526e-19)
(-0.0953237 -0.234409 0)
(-0.239346 -0.446497 -3.25447e-20)
(0.296058 1.51368 -7.61014e-20)
(0.923484 -0.184507 -2.91337e-19)
(1.94272 0.670244 0)
(0.36464 1.08014 1.65784e-19)
(-0.174716 0.149174 1.30901e-19)
(1.91875 0.982956 -4.8816e-20)
(0.424907 0.582318 1.82826e-20)
(0.81121 -0.86818 -8.51858e-20)
(0.813826 0.670913 4.71457e-19)
(0.393156 0.520027 1.12608e-20)
(1.12571 -0.0479548 0)
(1.03235 -0.118279 -1.51144e-19)
(-0.0349988 -0.0758175 9.99163e-20)
(2.04667 -0.134137 -4.92068e-20)
(1.71112 -0.106848 0)
(2.48883 0.0854254 0)
(1.71414 -0.474232 1.08192e-19)
(-0.0735713 0.00703631 0)
(1.0074 0.00617171 -1.99791e-19)
(0.0616001 1.00376 0)
(0.999838 -0.0340288 1.48184e-19)
(0.705568 -0.388581 -2.50674e-19)
(0.960161 -0.0543292 4.8708e-19)
(1.75368 0.13847 -1.03195e-20)
(1.06003 -0.0244393 -5.3883e-19)
(0.807068 0.0178507 6.36592e-20)
(2.17121 0.437884 -2.00124e-20)
(1.0944 -0.0497535 0)
(1.04259 -0.0148174 1.59916e-19)
(-0.0845648 -0.805829 -1.60217e-19)
(1.10969 -0.00539602 -2.52916e-19)
(0.831731 0.587205 -5.18174e-19)
(1.31155 -0.317699 3.53332e-21)
(1.47642 -0.148053 0)
(0.324537 -0.195357 5.83113e-19)
(0.0862364 0.701619 0)
(-0.209618 -1.29537 1.13423e-19)
(-0.0133903 -0.788229 2.71166e-19)
(1.15849 -0.95899 0)
(0.750352 0.0237411 1.33575e-19)
(-0.432086 -1.22126 0)
(0.908024 0.398196 0)
(-0.0828666 0.0571374 1.48839e-19)
(0.85839 0.0543419 -2.81903e-19)
(0.571947 1.41537 1.68904e-19)
(0.89122 0.643106 -4.18346e-19)
(0.992427 0.0191575 -7.23039e-21)
(1.04093 -0.0545632 1.71374e-19)
(2.25724 0.227161 0)
(1.07796 -0.12599 -6.62769e-20)
(-0.27134 0.0842099 -6.42542e-20)
(1.01941 -0.0166368 3.37442e-19)
(1.08131 -0.0133741 1.29527e-19)
(1.82082 0.155493 0)
(1.00422 -0.0102519 0)
(0.962831 0.832415 -3.75342e-20)
(1.05025 -0.0405658 -2.09396e-19)
(1.23386 -0.495361 -1.30008e-19)
(-0.642265 -0.47745 1.23243e-20)
(0.888619 -0.722097 0)
(0.783864 -0.93635 0)
(1.75364 -1.34224 -1.02151e-20)
(0.667279 0.216223 -2.78468e-19)
(1.06475 -0.633222 8.62944e-20)
(0.974727 0.0383347 2.90592e-19)
(0.416461 0.130364 -1.70635e-19)
(1.04501 0.455661 0)
(0.701879 0.0970119 -3.39032e-21)
(1.10148 0.0104086 -1.35628e-19)
(0.560886 -0.0528105 0)
(0.798987 -0.00219516 0)
(2.30391 -0.0907423 1.47823e-19)
(2.06944 -0.168611 -8.766e-20)
(0.7746 0.00098748 1.35302e-19)
(1.13151 -0.0103701 0)
(0.869639 -0.800636 0)
(0.419545 -0.771135 -1.4474e-20)
(0.970352 0.665398 -2.59018e-19)
(0.973785 0.0398747 -1.49544e-19)
(-0.322733 0.0418126 2.34734e-21)
(1.95312 0.685784 2.14195e-19)
(0.989542 0.0103171 2.10902e-19)
(1.04388 -0.08848 1.22124e-19)
(0.364975 -0.312858 -7.72724e-19)
(-0.0898853 -0.00978486 0)
(0.345024 1.39997 -5.59651e-20)
(0.62132 -0.593414 -4.51877e-19)
(-0.0409871 -1.38513 3.5924e-19)
(0.924378 0.0764953 -2.1096e-19)
(0.937534 0.298027 4.11079e-19)
(1.04062 -0.10451 1.38559e-21)
(1.02219 -0.00813391 -3.86671e-20)
(1.01636 -0.0179572 1.64732e-19)
(0.518136 -0.332087 -2.87127e-19)
(-0.169054 0.0715052 -1.13824e-19)
(0.0219718 -1.29478 0)
(1.1374 0.22796 1.58889e-19)
(1.08837 0.00931884 0)
(-0.30238 0.460082 5.53619e-21)
(-0.046686 -0.0169702 -1.45377e-19)
(-0.0732874 0.210452 0)
(1.01186 0.00754779 2.2558e-19)
(1.00224 -0.0642725 0)
(1.4741 0.635136 4.25412e-20)
(-0.240095 -0.659551 2.80441e-20)
(0.978384 -0.0257584 -4.63785e-19)
(0.371646 1.35894 -4.27275e-22)
(1.52153 0.334631 -4.35118e-21)
(0.514404 0.502366 0)
(0.727845 0.630057 1.94742e-19)
(0.618194 0.0921063 -1.49076e-19)
(-0.104868 -1.35509 2.25359e-19)
(1.80335 0.180497 -1.41068e-20)
(0.131987 -0.0954845 -1.9533e-19)
(1.66202 0.174392 -3.27605e-19)
(1.91218 0.650434 3.02855e-19)
(0.378408 1.33819 4.48888e-22)
(0.139014 -0.141958 2.07048e-19)
(0.122101 0.111945 0)
(0.127085 -0.167658 0)
(0.0760323 0.0684701 1.20816e-19)
(1.00228 0.00260551 -2.4981e-19)
(1.02525 -0.013268 -2.12365e-19)
(-0.229726 -0.685251 -1.37479e-19)
(1.79773 -0.513664 9.7233e-20)
(1.43825 -1.08877 -3.30885e-21)
(1.05777 0.696954 0)
(0.909053 0.019519 -6.34366e-19)
(1.94236 -0.0854571 -5.88215e-20)
(1.01271 -0.0234677 -6.25457e-20)
(0.708791 0.855288 -4.53414e-20)
(-0.112583 -1.17348 0)
(1.80012 -0.153111 -2.31512e-21)
(-0.360703 -1.2116 5.4343e-20)
(-0.150699 0.0621688 -3.32678e-19)
(1.04595 -0.0709703 2.31559e-19)
(0.0514668 0.0546284 0)
(2.21811 0.195114 -7.58367e-20)
(0.448797 0.185485 1.35269e-19)
(0.0631609 0.0559665 1.25928e-19)
(1.01812 -0.0171687 2.76906e-19)
(0.657622 0.262176 0)
(-0.0369144 -0.0400909 1.32835e-19)
(0.476123 -0.463905 0)
(0.137606 -0.137964 -3.99349e-19)
(0.0456138 -0.0608202 8.34248e-20)
(0.135462 0.133599 1.98273e-19)
(0.0706849 0.0597324 -1.33625e-19)
(-0.189202 -1.23355 0)
(0.922477 0.252005 2.38609e-21)
(0.492543 -0.0718859 -1.08327e-20)
(0.733604 -0.663749 2.82204e-19)
(1.01333 -0.0120249 0)
(0.0958932 0.0795147 0)
(0.973279 -0.109647 2.66557e-19)
(1.57614 -0.753284 -5.45398e-21)
(0.764688 0.26768 -5.32176e-19)
(0.966856 0.0168978 -2.88916e-19)
(0.671047 -0.616804 5.00048e-19)
(1.4544 -0.752154 -6.12927e-20)
(-0.00227465 -1.2612 -4.36711e-19)
(1.07069 0.0538983 0)
(1.01342 -0.0156244 -3.20548e-19)
(0.13775 0.131955 0)
(-0.600349 -0.162471 -1.17797e-19)
(0.144672 0.142057 1.89352e-19)
(0.121253 0.105884 0)
(1.11465 0.0843903 -1.92118e-19)
(0.660564 -0.812784 0)
(1.10929 -0.0963033 0)
(-0.24661 -0.0452506 9.74636e-20)
(1.26184 1.04346 -1.68798e-19)
(0.116857 0.129391 -1.03572e-19)
(0.0660676 -0.0866172 7.97111e-20)
(0.122783 0.11289 0)
(0.995147 -0.13037 -3.28099e-19)
(0.13966 -0.141628 -1.9589e-19)
(0.141441 0.136979 -3.77832e-19)
(0.198536 0.191975 1.41471e-19)
(0.950526 -0.00900496 7.73379e-19)
(0.182817 0.174642 -1.54437e-19)
(0.106199 0.123928 9.18607e-20)
(0.146652 0.147197 -3.60223e-19)
(0.19103 -0.190752 -3.14067e-19)
(0.00829303 -0.0170279 0)
(0.120948 0.110755 2.58097e-19)
(-0.15142 -0.863448 4.10087e-19)
(0.144942 0.137147 0)
(0.39024 0.887375 0)
(-0.283112 -1.0302 0)
(1.43063 -1.12289 -7.28871e-20)
(0.216373 0.213152 2.70391e-21)
(0.0156482 -0.0232564 -5.11685e-20)
(0.183699 -0.235174 8.43564e-20)
(0.19067 0.185699 -1.4875e-19)
(0.159545 -0.15384 0)
(0.124169 0.128429 1.1716e-19)
(-0.00961621 0.00306129 -1.31538e-21)
(-0.151183 -0.647119 -2.41241e-19)
(0.965292 -1.08543 -1.73888e-20)
(-0.528052 -0.321629 1.12937e-19)
(0.0313557 -0.045637 -8.25842e-20)
(0.0897449 0.10544 0)
(0.214572 0.213317 0)
(0.177632 -0.176732 -8.10302e-20)
(-0.0193453 0.0163685 -1.04136e-19)
(2.13703 0.363637 1.44214e-19)
(1.58094 -0.641464 -2.45773e-19)
(0.198174 0.200495 2.7211e-19)
(0.370588 0.276786 1.0044e-19)
(0.088679 -0.117733 8.09511e-20)
(0.0721016 0.0880084 -2.32545e-19)
(0.211589 -0.210085 2.89722e-19)
(0.604308 -0.712411 1.86095e-20)
(-0.00392717 -0.00279457 0)
(0.140881 -0.141968 -4.01583e-19)
(1.0008 -0.0894415 0)
(1.59554 -0.352566 0)
(0.610513 -0.556319 -4.39048e-19)
(0.981856 -0.446548 -9.93159e-20)
(0.183494 -0.176102 1.58713e-19)
(1.00148 -0.00579246 2.16029e-19)
(0.89356 -0.143182 3.04968e-19)
(0.435331 -0.423425 6.09714e-19)
(0.246918 0.393532 -2.2367e-20)
(0.223216 0.211605 1.12895e-19)
(0.793865 0.518729 0)
(0.66118 -0.575428 4.49855e-20)
(0.053833 0.0694875 7.17163e-20)
(0.400146 -0.0523326 2.48149e-20)
(1.07271 -0.144355 9.53773e-20)
(1.11407 -0.286802 0)
(0.959519 -0.172633 7.7621e-19)
(0.00262023 -0.00932581 0)
(1.14038 -0.230141 0)
(1.21069 -0.235996 2.29058e-19)
(1.10947 0.316308 2.39774e-19)
(1.11939 -0.00361837 0)
(0.762099 -0.180142 3.16147e-19)
(0.22863 0.195735 3.99523e-20)
(1.04303 -0.00509433 -3.11373e-19)
(-0.203477 0.163367 0)
(1.21635 -0.227567 0)
(0.279599 -0.0554447 0)
(0.0963639 0.0852885 5.02564e-19)
(0.0328785 0.0458823 0)
(0.193654 0.184807 1.31439e-19)
(0.177911 -0.162409 0)
(-0.0205833 0.0207397 -1.08031e-19)
(0.0200084 0.0270935 0)
(1.06538 -0.796689 1.68679e-19)
(0.88891 -0.47272 -6.45592e-19)
(-0.0220533 0.0211023 -5.98287e-22)
(-0.195314 -0.0102682 -1.81785e-19)
(0.266645 -0.256304 0)
(0.243311 0.231115 0)
(-0.156368 -1.32936 3.09737e-19)
(0.936139 0.0248103 3.38682e-21)
(1.14935 -0.394536 -2.48201e-19)
(-0.0211816 0.0191015 3.14514e-19)
(0.300964 -0.354737 2.11609e-19)
(1.03663 0.116385 2.82351e-19)
(0.922652 0.0131847 0)
(0.0101586 0.0190421 -7.0351e-22)
(-0.345845 -0.457691 -8.12059e-21)
(-0.0450869 0.0615078 0)
(2.27208 0.00790215 -2.91611e-20)
(1.00667 0.115635 0)
(1.01723 -0.0887745 3.79882e-19)
(0.775993 1.04102 0)
(0.241889 -0.224055 -3.65683e-21)
(1.01156 -0.0410492 1.92739e-19)
(0.544727 0.0828564 4.48876e-19)
(1.43235 -0.825035 3.28132e-19)
(0.311367 0.290612 1.74765e-22)
(1.58963 0.434911 0)
(1.01127 -0.627045 9.11212e-20)
(1.93119 -0.972403 3.57206e-21)
(-0.0205636 0.0204448 2.10921e-19)
(0.46388 0.997008 -2.37854e-20)
(2.25022 0.2203 7.89064e-20)
(-0.0157789 0.01628 -6.25044e-20)
(1.01019 0.0119028 2.76233e-19)
(-0.251581 0.181597 -2.2575e-19)
(0.338343 0.314557 0)
(0.000450145 0.00858462 0)
(0.257406 0.243703 9.80971e-20)
(0.312195 -0.290607 -3.16168e-19)
(-0.016933 0.0176906 2.23498e-19)
(1.13875 -0.816041 -1.06693e-19)
(1.9411 0.815575 1.3154e-19)
(0.354267 -0.3364 0)
(-0.018929 0.0181557 0)
(0.277148 0.262392 0)
(-0.0956983 0.0896186 -1.28899e-19)
(0.289857 -0.286386 0)
(-0.0175229 -0.0103985 -1.129e-19)
(0.297174 0.2795 -7.16648e-20)
(-0.0231838 0.0189721 0)
(0.269089 -0.264285 0)
(0.384924 -0.912949 0)
(-0.0344367 0.0252441 0)
(-0.0468905 0.0347835 -6.53117e-20)
(-0.254663 0.0522466 0)
(1.00233 -0.00258138 2.94719e-19)
(0.498654 -0.46597 1.1637e-19)
(-0.0877977 0.0648043 -1.13317e-19)
(-0.0327362 -0.0226285 2.09245e-19)
(0.379612 0.3475 -6.00152e-20)
(1.57951 0.319385 0)
(-0.212074 0.246048 0)
(-0.326004 0.0728805 2.07995e-20)
(-0.129475 0.105398 0)
(0.383181 -0.361389 0)
(-0.0550356 -0.037628 0)
(0.432447 0.391418 0)
(-0.0948029 -0.0695022 1.31219e-19)
(0.514534 0.477614 2.59709e-20)
(-0.167752 0.15732 -5.06216e-19)
(0.570986 -0.528719 4.05168e-20)
(1.12302 0.117373 0)
(0.949927 -0.192788 -2.66604e-22)
(0.435415 -0.66163 -2.98139e-19)
(1.02148 0.0395032 -2.66245e-19)
(1.30011 0.016098 0)
(1.89114 -1.05022 2.59571e-21)
(1.43333 -0.52839 2.42705e-19)
(0.972264 0.0104937 0)
(-0.322271 -0.940731 2.3164e-19)
(0.444032 0.269715 7.59377e-21)
(-0.0218904 -0.0176576 -1.51481e-22)
(-0.0936888 -1.14043 0)
(1.14488 -0.187282 -2.82235e-19)
(0.340425 0.113843 4.84023e-19)
(1.16376 0.531761 4.66303e-20)
(0.311316 0.49129 2.16882e-20)
(1.63567 -0.785211 3.68366e-20)
(0.168277 0.0976464 -1.10363e-19)
(1.76297 -0.00691116 6.25505e-21)
(1.99328 -0.761867 -1.71185e-20)
(1.02422 0.0651459 -3.5715e-20)
(0.145935 -0.734813 1.77624e-19)
(1.11808 -0.011492 0)
(1.37254 -0.180913 1.06637e-20)
(0.0992028 0.0378193 -1.78578e-21)
(1.35967 -0.265183 0)
(0.138351 -0.14206 -6.5316e-19)
(-0.0131524 0.00816434 0)
(0.557234 -0.523439 0)
(1.93994 0.481574 -7.18782e-20)
(0.943592 -0.47273 0)
(2.30449 0.157132 3.50929e-20)
(-0.0141833 -0.0113906 1.15926e-19)
(0.267975 -0.27191 1.03837e-19)
(1.0302 -0.0627309 0)
(-0.805587 -1.09607 0)
(-0.113783 0.00321969 9.724e-20)
(-0.0785767 -0.0462559 2.0848e-19)
(0.978383 0.221622 -2.48458e-19)
(0.894604 -0.33665 -5.5241e-19)
(1.02487 0.00084835 -1.02014e-20)
(1.63591 -0.230765 0)
(-0.351095 -0.323877 2.36823e-19)
(0.258467 0.32762 0)
(0.630986 0.0153746 3.81948e-19)
(0.939246 0.133179 -5.51999e-20)
(0.733869 -0.638487 -2.28385e-19)
(0.966402 0.100818 3.89444e-19)
(0.998441 0.0101463 0)
(0.200687 0.44573 -1.72963e-20)
(2.1626 -0.178089 0)
(0.503047 0.446461 0)
(1.34079 0.0671849 0)
(0.0139275 -0.0822558 -4.95084e-20)
(0.285447 0.173079 2.7807e-19)
(-0.269595 0.0745266 0)
(1.09764 0.0588964 1.68926e-19)
(1.06943 -0.258637 0)
(0.529086 -0.0912044 1.83796e-19)
(0.401632 -0.273836 2.37666e-19)
(-0.346192 0.102009 3.09497e-19)
(0.701641 -0.555725 -2.08509e-19)
(0.986809 -0.0481203 2.59365e-21)
(1.56668 -0.632123 3.60775e-19)
(1.64577 -1.11793 7.10613e-21)
(0.333371 0.0714995 1.59351e-19)
(0.970561 0.569435 0)
(1.04697 0.701572 0)
(-0.0488609 -0.0411713 0)
(1.42995 -0.0929983 2.49311e-19)
(-0.299173 -1.25339 -1.14617e-19)
(0.291882 -0.269661 -2.00058e-19)
(1.87521 0.492771 4.86639e-21)
(0.777232 0.475061 -7.92504e-20)
(0.80438 0.214649 5.68909e-21)
(0.9238 0.194664 7.4881e-20)
(1.03701 -0.500043 8.12313e-21)
(-0.38892 -0.0241125 7.03738e-20)
(-0.0224383 -1.34215 0)
(0.928413 -0.0427352 0)
(0.0581184 -1.31647 1.84544e-19)
(0.158219 0.155765 0)
(2.00553 0.289761 0)
(-0.175937 -1.15709 1.19662e-19)
(0.516636 0.415247 -2.59026e-19)
(0.526225 -0.457537 3.40013e-19)
(-0.297177 0.0233928 0)
(1.3829 0.888863 -2.92548e-20)
(1.0882 0.00608505 0)
(-0.119029 -1.28182 -6.19718e-19)
(-0.345325 -0.966591 -1.56792e-19)
(1.31893 -0.426098 1.09544e-19)
(0.425564 0.378323 5.84763e-19)
(0.752948 -0.285798 2.56264e-19)
(-0.381029 -0.398943 0)
(1.1116 0.0506969 1.79137e-19)
(0.971654 0.529262 -1.06024e-19)
(-0.21733 -0.0264236 0)
(0.726408 -0.30918 0)
(1.29029 0.805668 7.53797e-20)
(-0.0166063 0.0123713 -2.04047e-19)
(1.31239 0.709788 1.43853e-19)
(0.943377 -0.787336 0)
(1.4145 -0.744325 2.34424e-20)
(0.739453 0.391527 0)
(0.155848 -1.19224 -2.99409e-19)
(1.2585 0.879007 -9.54013e-20)
(0.809595 -1.09981 1.04268e-19)
(1.78707 -1.0132 -1.34037e-19)
(0.317844 -0.946884 -1.48504e-21)
(-0.359638 -0.156667 -7.40771e-20)
(1.01231 0.0485346 2.72193e-19)
(-0.589553 -0.866908 0)
(0.948924 0.152516 3.7772e-21)
(1.69006 0.314272 -6.57912e-21)
(1.5908 -0.898891 2.41341e-19)
(1.32144 -0.316837 -1.72628e-19)
(1.7531 -0.302822 1.26407e-19)
(-0.258493 -0.0545686 3.93687e-20)
(0.653091 0.578259 1.40461e-19)
(0.141254 -0.0844974 1.73867e-19)
(0.306007 0.15976 3.26126e-20)
(0.88055 -1.25894 -1.04043e-20)
(1.53873 -0.238054 -8.69121e-21)
(0.853001 0.561572 1.49808e-19)
(0.707921 -0.523723 6.37821e-19)
(1.83224 0.198482 -1.53079e-19)
(0.941002 0.222808 -1.6349e-19)
(-0.11282 -1.35584 -1.28709e-19)
(0.0578368 -0.159476 0)
(1.00215 0.00381795 6.16752e-19)
(0.772718 -0.149329 0)
(0.836882 0.521783 -1.54111e-19)
(1.17019 -1.04028 7.06292e-20)
(-0.289522 0.0977216 -1.27068e-20)
(1.94573 -0.432707 0)
(1.20083 -0.402326 0)
(1.66229 -0.239912 5.54529e-20)
(1.08219 -0.208177 2.07832e-19)
(1.12187 -0.353547 0)
(-0.226384 -0.0463645 -2.3348e-19)
(0.944509 -0.118471 -2.96422e-19)
(0.793651 -0.66944 -8.45532e-21)
(-0.040311 -1.20914 3.03406e-19)
(0.0798628 0.107902 -1.32976e-19)
(-0.126136 -0.0391732 -1.54341e-19)
(0.151136 -0.134954 -2.07094e-19)
(-0.432809 -0.133695 -5.16795e-20)
(0.856489 -0.345512 -1.7314e-19)
(1.0103 -1.23811 -1.58854e-20)
(0.696779 0.0135916 0)
(0.789895 0.0660178 3.54758e-19)
(1.25767 -0.389173 2.73348e-21)
(1.01177 -0.159584 -4.79944e-21)
(0.560671 0.485626 2.00656e-19)
(1.67364 0.0745192 1.06435e-20)
(0.411417 -0.022583 -8.79534e-20)
(1.07801 -0.0374079 5.10191e-20)
(0.867394 -0.428069 1.78741e-19)
(0.531117 -0.294646 0)
(0.091399 0.0960359 1.2833e-19)
(0.94699 0.0671605 1.80741e-19)
(1.06296 0.66002 1.04687e-19)
(0.115193 0.102099 2.68624e-19)
(1.09797 -0.654558 3.83036e-19)
(0.125348 -0.111716 0)
(1.84373 0.811808 0)
(0.220422 0.207687 3.93296e-19)
(1.55743 0.52137 0)
(0.258686 -0.369309 0)
(1.03474 -0.674196 -3.31896e-19)
(0.144676 0.120133 4.00894e-19)
(-0.131667 0.0440987 1.63981e-19)
(1.11447 -0.0307163 6.08127e-20)
(1.6115 1.03125 -1.99987e-23)
(0.963923 -0.0692674 -2.08633e-19)
(0.127103 -0.123101 1.06547e-19)
(1.02474 0.11756 -1.95607e-19)
(0.190521 -0.264893 2.45854e-19)
(1.01055 0.321268 0)
(0.233134 0.232426 -1.99889e-19)
(-0.384884 -0.700552 1.25015e-19)
(1.83934 0.256441 0)
(-0.446921 -0.106631 -1.79933e-19)
(0.0539487 0.0496635 1.48003e-19)
(-0.018178 -1.23209 0)
(-0.0642713 0.0355832 -3.39838e-20)
(0.239818 -0.243808 0)
(1.05694 -0.773189 0)
(0.107723 -0.140816 1.665e-19)
(0.588987 -0.556909 5.80882e-19)
(0.183382 0.151899 -2.41931e-19)
(0.068725 -1.15551 -2.20005e-19)
(0.244706 -0.245745 -2.01195e-19)
(0.241663 0.237205 5.84625e-19)
(-0.364171 -1.10977 -4.3892e-20)
(-0.049424 -1.27521 -1.36619e-19)
(-0.0055297 -2.07548e-05 0)
(-0.184451 0.0679495 1.95674e-19)
(1.06153 -0.166992 -4.02618e-19)
(0.0800673 -0.107346 8.07069e-20)
(1.67985 -0.55759 6.96029e-20)
(1.61186 0.0227165 0)
(1.95827 0.155764 -6.53419e-21)
(0.954816 -0.070693 0)
(0.229266 0.202386 0)
(0.190835 0.177827 0)
(0.959022 0.0424721 0)
(1.1439 -0.277585 0)
(0.966609 0.0773386 -3.60221e-19)
(0.230515 0.227224 -1.90021e-19)
(-0.139039 -1.22422 -1.83164e-19)
(0.204375 0.178303 2.62534e-19)
(1.00567 -0.229195 2.02725e-19)
(0.810539 -0.420368 0)
(0.411371 -0.759199 -3.33384e-19)
(1.02711 -0.0411771 -2.4965e-19)
(-0.119096 0.0743292 7.86345e-19)
(0.183845 0.200197 0)
(0.314078 0.30726 -1.3143e-19)
(0.285125 0.266349 -1.60618e-21)
(0.256851 0.24646 0)
(0.204139 0.206873 1.0807e-19)
(0.0158648 -0.266536 1.67921e-19)
(1.35687 -0.528662 2.67211e-19)
(1.84193 -0.437579 -6.82176e-20)
(1.05522 -0.573961 -1.11194e-19)
(1.02041 0.0280413 0)
(0.33466 0.326447 -2.69815e-19)
(-0.204348 -1.28428 2.98178e-19)
(0.317083 0.307519 -4.48198e-19)
(0.310508 0.302138 1.43307e-19)
(0.586596 -0.503597 0)
(0.0344054 -0.0538858 4.79045e-20)
(0.141613 -0.191678 0)
(0.154013 0.180461 2.42041e-19)
(0.291225 0.311318 2.68827e-19)
(0.538059 -0.455743 7.24627e-19)
(1.346 0.367532 -7.82381e-20)
(0.34326 0.342244 0)
(0.0535645 -0.0711471 2.0275e-19)
(0.241124 -0.247697 4.03931e-19)
(1.19112 0.119449 -5.82255e-21)
(0.339447 0.340002 0)
(0.978066 0.29848 -1.23712e-20)
(0.855617 0.303016 6.34847e-21)
(1.6438 0.506885 -1.28763e-20)
(0.121958 0.150012 0)
(1.15719 0.72058 0)
(-0.000877781 -0.00676219 -2.92324e-19)
(0.336405 -0.337687 -3.34161e-19)
(0.272583 -0.242864 4.97707e-20)
(1.87884 0.0375259 -2.94665e-20)
(1.05758 0.308613 -1.48427e-19)
(0.310988 -0.302344 -3.2856e-19)
(1.03395 -0.0199123 4.11372e-19)
(0.991917 0.0450395 0)
(0.565714 0.0283259 -2.59722e-21)
(1.08231 0.0195479 1.47013e-19)
(1.85578 -0.542915 -4.61475e-20)
(1.45829 -0.538178 0)
(1.15999 0.155737 -1.2973e-19)
(1.92957 0.312369 -1.44557e-19)
(0.0226781 -0.032758 0)
(-0.147161 0.102688 3.91747e-19)
(1.78684 0.420532 0)
(1.00442 -0.00140818 6.59512e-20)
(0.33687 -0.323996 -1.53924e-19)
(1.00441 0.00548213 6.78834e-19)
(1.15241 -0.218682 0)
(1.23202 -0.951281 0)
(0.0912661 0.11938 7.72507e-20)
(0.282996 0.0375779 0)
(1.08243 -0.0258642 8.71729e-20)
(0.495037 0.349488 7.12961e-20)
(0.720135 -0.0187319 -5.55459e-19)
(0.0101432 -0.018917 0)
(0.19023 -1.10984 2.73073e-19)
(-0.211675 -1.25629 0)
(1.87593 0.724028 0)
(-0.0325329 -0.00542775 0)
(-0.0461107 -0.0216238 6.55236e-20)
(1.69882 0.692499 2.33762e-21)
(1.00204 0.035325 0)
(0.339572 -0.545234 9.27366e-20)
(-0.0302094 0.028241 0)
(1.10297 -1.14811 0)
(1.68188 -0.848187 6.25942e-20)
(0.388964 0.365185 2.27572e-19)
(0.876064 1.53362 -3.85586e-19)
(0.0614974 0.0913072 -7.76404e-20)
(0.514497 -0.33315 -1.04945e-19)
(1.01155 0.239288 0)
(0.408696 -0.115685 1.84202e-19)
(1.05643 -1.30136 0)
(0.91794 -0.100749 4.05954e-19)
(0.195684 -0.0296832 -1.88537e-19)
(0.410243 0.387111 -1.12076e-19)
(0.719984 0.190586 2.17607e-19)
(0.0184259 -0.164125 1.74805e-19)
(0.392479 -0.528718 -4.412e-20)
(0.232817 -0.244217 2.15572e-19)
(0.0386337 0.0595232 1.66097e-19)
(1.56211 -0.478438 -2.05386e-19)
(-0.0101024 0.0034461 9.91647e-20)
(0.0950992 0.0980438 0)
(-0.0792112 -0.0135656 -9.33886e-20)
(-0.0346263 0.0362319 1.08325e-19)
(1.05282 -0.225091 0)
(0.410433 -0.375212 1.70283e-19)
(0.258604 0.253624 1.73609e-19)
(0.253369 0.253872 -3.83925e-19)
(0.670467 -0.125154 0)
(0.37296 -0.372159 -2.93339e-19)
(1.66048 0.422054 0)
(0.989252 -1.33227 -5.60422e-20)
(0.0236061 0.0366067 7.93677e-20)
(0.907382 -0.0808213 0)
(0.590687 0.555105 -2.25914e-19)
(1.02107 -0.0150711 -3.04035e-19)
(1.09455 -0.0170185 -1.47797e-19)
(1.93297 -0.311969 -6.67998e-20)
(0.635176 0.225332 2.62141e-20)
(1.05063 0.0190891 -4.03963e-19)
(1.99921 0.251272 1.14231e-20)
(-0.190549 -0.0536498 1.07099e-19)
(-0.0341749 0.0329092 -2.13672e-19)
(-0.131146 0.0688187 -2.19169e-19)
(1.37574 -0.387274 1.21243e-19)
(-0.0345953 0.0366212 -2.87632e-22)
(1.12591 -0.0124216 -1.8194e-19)
(0.44268 -0.428023 1.12937e-19)
(-0.0159164 0.0973605 2.07253e-19)
(0.248236 -0.235579 0)
(0.0040785 -0.106815 -2.45275e-21)
(1.63033 0.944954 0)
(0.875799 0.0161712 -1.68838e-19)
(0.178465 -1.01088 -2.34125e-19)
(0.0505281 -1.12574 -2.15215e-19)
(1.30995 -0.00606068 0)
(0.436285 0.409881 -3.02738e-19)
(-0.0257135 0.0207933 1.06959e-19)
(0.321304 -0.50184 -2.38051e-19)
(0.537059 0.521901 -1.3838e-19)
(1.03594 -0.0277417 0)
(1.86154 -0.862917 2.1368e-20)
(1.83988 -0.36432 -9.34653e-20)
(1.12277 -0.039508 0)
(0.0038575 0.0194215 -6.84601e-20)
(0.931937 0.666785 8.48557e-20)
(-0.0621933 -0.803702 2.37897e-19)
(1.93322 -0.417096 -1.82295e-20)
(0.495363 -0.453582 -2.34776e-19)
(-0.111705 -1.25234 1.25754e-19)
(-0.0340249 0.0338004 -1.25952e-19)
(0.490354 0.3807 -4.00081e-19)
(0.583365 0.530803 -1.7594e-19)
(0.533501 0.492201 6.79919e-21)
(-0.0313066 0.0348778 5.96326e-20)
(0.208518 0.206581 -1.55153e-19)
(1.01589 0.00362529 2.02294e-19)
(0.278904 -0.267544 0)
(0.464594 0.43551 0)
(0.527916 -0.493589 2.02522e-19)
(-0.0331864 0.0326212 -2.23349e-19)
(0.120301 0.104643 -6.55999e-20)
(2.0448 -0.292922 8.2173e-21)
(0.499398 0.461998 0)
(0.505132 -0.501081 0)
(-0.0365124 0.0328714 0)
(1.08756 0.0384966 9.98407e-20)
(0.653451 0.580069 0)
(-0.0509695 0.0360589 2.25004e-19)
(0.175048 0.143396 -7.38515e-19)
(-0.0736342 0.0514818 6.41756e-20)
(1.84786 0.133228 1.66847e-19)
(0.200008 0.198772 -1.54061e-19)
(1.38113 0.466678 -1.87471e-19)
(0.15236 -0.131979 -3.73069e-19)
(-0.119147 0.0753976 3.79222e-19)
(0.166096 -0.239398 -2.30188e-19)
(-0.0753581 -0.0438292 -1.44841e-19)
(0.734494 -0.692479 0)
(-0.168119 0.119615 -2.22997e-19)
(0.748679 0.643886 0)
(0.318195 -0.509968 7.93182e-20)
(0.733642 -0.646121 8.94726e-20)
(0.691298 0.336839 -4.24226e-20)
(-0.215642 0.14096 1.15603e-19)
(0.906728 -0.748725 0)
(-0.121475 -0.0644978 1.3857e-19)
(0.882778 0.727422 -1.37507e-20)
(0.340324 0.295629 -2.9236e-19)
(0.411139 -0.370313 5.61218e-19)
(0.497127 0.417848 1.94204e-19)
(1.00951 -0.00244943 0)
(0.447528 0.411803 0)
(1.87995 0.372715 0)
(1.02084 -0.0159577 0)
(0.0518535 -0.0873071 -8.09983e-20)
(0.801976 -0.66111 5.16292e-19)
(-0.0478211 -0.0351137 -2.00714e-22)
(1.18138 -0.190035 1.02766e-19)
(0.447844 -0.425171 2.9406e-19)
(2.38374 -0.022405 0)
(1.46534 -0.390301 0)
(-0.0777493 -1.14109 -1.74685e-19)
(0.464707 -0.243093 0)
(1.7106 0.24207 1.16521e-20)
(0.582187 -0.268018 -2.61597e-20)
(0.691962 0.639025 2.887e-19)
(1.14699 0.231342 1.21261e-19)
(-0.0177221 0.0132753 0)
(0.0106282 -0.0369923 8.62192e-20)
(-0.0320679 -0.0203058 0)
(0.676103 -0.531789 4.05819e-19)
(0.635562 -0.0913918 1.61594e-21)
(0.691232 0.293008 0)
(1.01857 -0.00526013 1.89711e-19)
(1.40382 -0.275486 1.99148e-19)
(1.02062 -0.0268723 -4.64564e-22)
(0.314139 -0.29303 2.05431e-19)
(0.304953 0.301457 0)
(-0.0416223 0.0250503 0)
(-0.343611 0.00751634 6.23387e-20)
(1.42741 0.167547 2.13577e-19)
(1.18505 -0.925287 3.5859e-20)
(0.13712 0.12903 0)
(1.03284 -0.0153534 6.42442e-19)
(1.50952 -1.05814 -5.85896e-20)
(-0.181665 0.0262876 3.47212e-19)
(-0.110074 0.0271655 -3.26412e-19)
(0.548148 -0.467142 1.03737e-19)
(-0.0331383 -0.0293323 1.20084e-19)
(1.01392 0.10556 0)
(0.395634 -0.379692 -3.67146e-19)
(1.06461 -0.0256076 -7.37062e-20)
(1.00865 -0.00886624 -2.74527e-19)
(1.53148 -0.612126 -1.2149e-19)
(0.550977 0.02509 6.72468e-21)
(1.02522 0.026025 -2.18259e-19)
(1.27333 0.646689 0)
(-0.0156124 0.0226454 -1.10407e-19)
(1.49052 0.497267 -8.24974e-19)
(0.224323 0.142661 8.70701e-20)
(0.333399 0.314424 -1.64337e-19)
(-0.0460257 0.0336361 0)
(-0.0860473 0.0951285 0)
(1.80666 -0.857417 3.07389e-20)
(0.988258 0.0632749 2.02368e-20)
(0.73482 -0.65966 2.12313e-19)
(0.312276 0.337594 -2.11763e-19)
(1.02006 0.00399771 -4.42111e-22)
(0.770557 -0.726798 -9.76821e-20)
(1.20193 -0.0585648 1.07505e-20)
(1.01634 -0.0150486 -1.02949e-19)
(-0.00958919 0.00359623 0)
(0.911874 0.602499 4.59259e-19)
(0.799695 -0.274335 0)
(0.395757 -0.365862 0)
(-0.0218124 -0.0123095 1.28434e-19)
(1.0343 -0.031067 3.55191e-19)
(0.533268 -0.500124 0)
(0.779237 0.708897 5.34599e-21)
(-0.0505028 -1.14093 -1.59766e-19)
(-0.0569955 0.0552537 1.01315e-19)
(0.307304 0.0187584 2.57085e-19)
(1.52475 -0.267497 -2.83372e-20)
(1.63479 -0.299699 -6.77309e-20)
(1.76633 -0.305564 -9.69779e-20)
(0.918302 0.527513 1.55283e-19)
(1.00092 0.187669 2.27318e-19)
(0.0990359 0.0174523 -6.95795e-20)
(-0.0264999 -1.2619 2.46251e-19)
(1.06805 -1.01199 0)
(1.06152 -0.28015 1.8803e-19)
(1.35944 -0.51133 6.6672e-20)
(0.155082 -0.335848 0)
(0.986774 -1.02786 -2.59212e-20)
(1.01847 -0.0116232 4.52562e-20)
(-0.326386 -0.469293 0)
(1.01087 0.0839488 -1.85591e-20)
(0.675286 -0.289433 0)
(0.586785 -0.565644 -5.77605e-20)
(0.986496 0.161802 2.45929e-19)
(0.783262 0.397991 3.08997e-19)
(0.730389 0.351147 4.42872e-20)
(1.01765 -0.0194112 0)
(-0.195451 -1.30538 -1.80201e-19)
(1.66436 -1.06485 4.34303e-20)
(1.07995 0.814092 3.00611e-20)
(-0.151445 -0.128573 1.13382e-19)
(2.02539 -0.206146 4.92664e-20)
(-0.0600182 0.0614599 9.51288e-20)
(0.78986 0.208885 0)
(0.802647 0.441648 0)
(0.312076 0.246555 2.25657e-19)
(1.07194 -0.184973 0)
(0.300058 -0.948237 2.261e-20)
(1.03491 -0.00761731 -3.78366e-19)
(-0.0887366 0.0551931 5.2891e-22)
(0.662524 0.285706 -3.46557e-20)
(1.44346 -0.405524 -3.95038e-21)
(0.477401 -0.375444 0)
(1.0189 -0.00504052 -5.25948e-19)
(0.727779 0.652148 2.03762e-19)
(0.430542 -0.92285 -4.67315e-19)
(1.16028 -0.900493 -7.73236e-22)
(0.585526 -0.0173508 3.58192e-21)
(0.810629 -0.515573 -1.75765e-19)
(0.627543 1.33491 -4.12997e-20)
(0.572857 -0.156512 4.65841e-20)
(0.111853 -0.394642 0)
(0.719318 0.170488 0)
(0.97764 -0.102972 -3.87473e-19)
(1.03419 0.573538 0)
(0.885982 -0.390218 3.83039e-19)
(-0.070686 -1.34221 0)
(1.17476 0.393827 -3.46043e-20)
(-0.0412882 -0.135735 -7.91428e-20)
(1.80474 0.658255 0)
(0.330454 0.231303 0)
(2.2293 0.593893 1.88101e-20)
(-0.563436 -1.17945 0)
(0.819318 -0.402493 -3.43895e-19)
(0.889636 0.566344 -1.52728e-19)
(2.2702 -0.342921 -7.89374e-21)
(0.236915 -0.25124 1.92677e-19)
(-0.206753 0.144917 1.31343e-19)
(2.06263 -0.444998 0)
(0.0814124 -0.132826 -1.36718e-19)
(-0.0689038 0.0757597 0)
(1.12026 -0.199216 -1.70945e-19)
(-0.111955 -0.183256 -2.07284e-19)
(-0.0911412 -1.31545 2.73475e-19)
(0.913491 -0.0800148 1.95666e-20)
(2.06249 -0.2508 -2.76065e-20)
(0.411654 0.391872 0)
(0.737812 -0.361486 -1.16448e-19)
(1.1313 0.269327 6.61018e-19)
(1.37097 0.732287 0)
(1.00347 0.538625 0)
(-0.120473 -0.0541745 -1.15531e-19)
(1.62375 -0.221824 -5.8004e-20)
(0.902551 -0.290648 -1.32457e-19)
(1.39421 -0.551314 1.41127e-19)
(0.577514 -0.155748 6.67364e-20)
(1.47749 -0.495479 -1.79572e-19)
(1.03007 0.612975 -2.3279e-19)
(2.10426 -0.437965 -1.16024e-20)
(0.252072 0.191453 -1.49821e-19)
(1.02231 -0.0122817 3.73318e-19)
(1.49453 0.159823 9.08411e-21)
(1.6217 -0.275153 -2.11724e-19)
(1.00288 0.0252934 1.02761e-20)
(0.205702 -0.939153 1.40299e-19)
(-0.327126 -1.19129 0)
(-0.381696 -0.60302 0)
(0.841003 0.219207 0)
(1.94936 -0.244898 -2.56287e-19)
(0.305195 0.157493 -2.53613e-19)
(0.447626 0.32253 0)
(0.0625661 0.120523 8.07975e-20)
(1.70204 -0.393581 -1.53388e-19)
(-0.0858671 -0.0627307 -1.16442e-19)
(0.97498 0.63679 2.81405e-19)
(1.55449 -0.0999718 1.45754e-19)
(0.0631506 -1.16802 1.09291e-19)
(0.864655 0.764973 -2.55496e-19)
(1.27068 -0.304354 1.05221e-19)
(0.963365 -0.025692 -3.49124e-19)
(1.09658 -0.0596172 -1.32919e-19)
(0.750472 0.228046 0)
(0.230207 -0.0327564 0)
(1.22198 -0.181006 8.13585e-20)
(1.46087 -0.308161 -2.4164e-19)
(-0.389679 -0.988253 4.68342e-22)
(1.03037 0.221423 2.61683e-19)
(1.32093 1.03005 0)
(1.20541 -0.0599915 -1.60118e-19)
(0.974002 -0.301623 -4.22312e-20)
(0.790731 -0.361306 4.90137e-19)
(0.815012 -0.33232 -1.61792e-19)
(1.8235 -0.15771 2.49708e-19)
(0.0724616 -1.05424 1.11562e-19)
(-0.105154 -1.27277 -1.21947e-19)
(0.478805 0.465309 5.44348e-19)
(0.0959375 -0.873386 -3.18122e-19)
(1.39072 0.000429781 -1.04688e-19)
(1.20538 -0.26298 1.35607e-19)
(-0.108782 0.112208 -3.74139e-19)
(0.529738 0.32885 -3.99791e-19)
(0.847861 0.445801 0)
(-0.00655831 -0.0131588 -1.08911e-19)
(0.256751 -0.374818 -1.8622e-19)
(-0.132806 -0.0096777 -1.96575e-19)
(-0.0352539 0.019812 -1.18491e-19)
(1.05249 0.0258227 -1.03789e-19)
(-0.0631278 -0.133573 -1.03733e-19)
(0.866478 0.481887 1.38746e-19)
(1.38786 0.771542 5.25413e-20)
(0.701392 0.646848 0)
(0.951941 0.600071 0)
(0.00501598 0.00996314 -1.70306e-19)
(0.00563542 -0.976671 0)
(0.906846 0.490325 -1.39407e-19)
(-0.0752114 0.0944881 0)
(1.00605 -1.20663 -7.68948e-20)
(0.68383 -0.0750157 7.7269e-19)
(0.138443 0.206966 2.94893e-21)
(-0.0760279 0.0319384 0)
(0.537479 0.508411 0)
(-0.423636 -0.832764 1.51701e-19)
(0.207021 -0.308422 7.41148e-20)
(1.96813 -0.337042 5.8765e-20)
(0.0685501 -0.491675 2.56533e-19)
(0.569887 -0.136971 -6.42839e-19)
(2.33032 -0.460056 5.12107e-21)
(1.79552 -0.184125 -2.32811e-20)
(-0.00439024 -0.0341399 -9.64923e-20)
(0.39138 -0.386091 -4.35725e-19)
(0.0294645 -0.0627556 1.55034e-19)
(0.255779 -0.488074 0)
(0.755033 0.686999 2.83677e-20)
(1.31166 -0.0552242 -1.61094e-19)
(-0.0956195 -0.0730356 7.96127e-23)
(0.592324 -0.219886 0)
(0.615805 0.577328 -3.3129e-20)
(0.487423 -0.473485 3.56391e-19)
(0.183462 -0.312431 4.75102e-22)
(0.372232 0.355432 -4.34522e-19)
(0.432827 0.281422 0)
(2.33256 -0.270645 1.25681e-19)
(0.150526 -0.244304 0)
(0.10857 -0.286749 -1.02409e-19)
(0.0393266 -0.0949752 6.7088e-20)
(0.386175 0.355538 3.40228e-19)
(0.787024 0.718195 -3.0937e-19)
(0.286053 0.353882 2.52307e-19)
(0.0150876 -0.0619004 -1.59098e-19)
(0.206847 0.161055 -2.65195e-19)
(0.797672 0.271351 0)
(0.376054 -0.652664 -9.6393e-20)
(0.482549 -0.452967 3.57239e-19)
(-0.0679517 -0.0541386 -1.3917e-19)
(1.22734 0.205909 -2.14679e-19)
(-0.0522436 0.0443903 6.10419e-20)
(0.780551 0.716773 0)
(0.698371 0.65118 0)
(0.841593 0.753457 -2.61065e-19)
(0.880419 0.785683 8.4818e-20)
(1.49465 -0.862664 -2.33372e-19)
(0.306805 -0.59771 4.12686e-21)
(0.874687 0.407156 0)
(0.12911 -0.184799 -4.55004e-20)
(1.54816 0.971176 -2.79615e-19)
(1.25464 -0.275292 6.63397e-20)
(1.57777 -0.496051 0)
(0.448573 -0.427708 3.1053e-21)
(2.02799 -0.315894 1.05811e-19)
(0.169947 -0.423678 -1.29689e-19)
(-0.0742928 -0.102845 0)
(-0.0613955 0.0412753 -2.70569e-19)
(0.86597 0.76782 1.15928e-19)
(0.895138 0.460551 1.40618e-19)
(-0.0635075 0.0584341 -3.41749e-19)
(0.56827 -0.551248 0)
(1.66308 -0.44183 0)
(-0.021701 0.00192589 9.53513e-20)
(0.358519 -0.351773 -6.38204e-19)
(0.260381 0.184528 -1.71777e-19)
(-0.468847 -1.15616 -4.64973e-19)
(0.55159 -0.193855 3.58789e-19)
(-0.0474605 0.0299984 1.07561e-19)
(0.936695 0.818126 0)
(0.333674 -0.739568 1.78392e-19)
(-0.0633906 0.0556736 -1.1603e-19)
(-0.0665007 0.064524 5.25545e-20)
(0.42819 -0.399104 2.08872e-19)
(0.089497 -0.04733 -2.18809e-19)
(0.685829 -0.237003 3.54763e-19)
(-0.0561528 0.0561861 -5.81005e-20)
(0.0195926 -0.877267 -1.94982e-19)
(0.738026 0.264385 0)
(2.00728 -0.129833 -3.16538e-20)
(0.199513 -0.618343 1.34914e-19)
(0.955821 0.792856 3.32927e-19)
(0.0979936 -0.192284 3.73827e-19)
(1.00056 0.87203 -9.67677e-21)
(2.03166 -0.313566 -1.0325e-20)
(-0.0907444 0.0713733 1.69097e-19)
(1.21188 -0.304317 -3.08893e-21)
(-0.551733 -0.672785 1.69906e-19)
(-0.0935131 0.0503854 1.64655e-19)
(-0.0672558 0.066171 2.05868e-19)
(-0.0859627 0.0561821 -2.04533e-19)
(-0.107458 -0.060832 1.49171e-19)
(1.17822 -0.31444 1.2207e-19)
(1.11616 0.94931 2.18524e-21)
(2.10816 -0.227416 -2.18221e-21)
(-0.0189605 -0.00831241 2.07521e-19)
(0.645797 -0.200006 0)
(1.36417 -0.489767 0)
(0.225855 -0.371894 0)
(1.17793 0.859929 2.27708e-19)
(1.78614 -0.824442 -7.64834e-20)
(0.0489353 0.08167 -1.28987e-19)
(0.0506128 -0.0410979 1.93034e-19)
(-0.0384496 0.00713967 0)
(1.80122 -0.232652 1.7855e-19)
(0.423333 0.392568 -6.1629e-19)
(-0.00182237 -0.121696 -1.2731e-19)
(-0.134193 -0.0894498 -1.357e-19)
(-0.465701 -0.625536 1.70983e-19)
(2.19989 -0.247097 0)
(1.37369 1.00565 -1.69433e-21)
(-0.129522 -0.0620466 -6.67577e-20)
(0.493706 -0.187923 0)
(0.615521 -0.12537 -3.71121e-19)
(1.05038 0.847719 0)
(-0.0551282 -0.998436 1.82434e-19)
(-0.110877 -0.0665121 1.29904e-19)
(0.940399 0.81034 -1.38954e-19)
(-0.123291 -0.0607586 6.37977e-20)
(0.466451 -0.146072 -2.22119e-19)
(1.01206 0.863317 0)
(0.506506 -0.480452 -8.66819e-20)
(0.858436 0.722984 1.72799e-19)
(0.542003 -0.492035 -3.25813e-19)
(1.08341 0.918764 0)
(0.378855 0.0713101 -5.62954e-20)
(-0.0757909 -1.08257 1.78217e-19)
(1.1719 0.954813 1.15441e-20)
(0.12799 -0.269167 -1.81896e-19)
(1.34872 0.987174 3.34559e-20)
(1.77571 -0.680752 5.32052e-20)
(-0.0873962 0.0770685 2.23978e-19)
(0.657847 -0.157142 -1.55191e-19)
(1.84961 -0.169991 0)
(1.1614 0.939859 7.02993e-20)
(2.08314 -0.0538909 0)
(0.883036 -0.285058 2.04069e-19)
(-0.134816 -0.966308 -3.16605e-19)
)
;

boundaryField
{
    frontback
    {
        type            empty;
    }
    Top
    {
        type            noSlip;
    }
    outlet
    {
        type            zeroGradient;
    }
    bottom
    {
        type            noSlip;
    }
    Inlet
    {
        type            fixedValue;
        value           uniform (1 0 0);
    }
    rectangle
    {
        type            noSlip;
    }
}


// ************************************************************************* //
