/*--------------------------------*- C++ -*----------------------------------*\
| =========                 |                                                 |
| \\      /  F ield         | OpenFOAM: The Open Source CFD Toolbox           |
|  \\    /   O peration     | Version:  2306                                  |
|   \\  /    A nd           | Website:  www.openfoam.com                      |
|    \\/     M anipulation  |                                                 |
\*---------------------------------------------------------------------------*/
FoamFile
{
    version     2.0;
    format      ascii;
    arch        "LSB;label=32;scalar=64";
    class       volVectorField;
    location    "9.5";
    object      U;
}
// * * * * * * * * * * * * * * * * * * * * * * * * * * * * * * * * * * * * * //

dimensions      [0 1 -1 0 0 0 0];

internalField   nonuniform List<vector> 
2186
(
(1.30045 -0.0546467 1.72943e-19)
(1.60385 -0.934714 -1.09508e-19)
(1.45003 -0.910633 -6.99001e-22)
(0.730743 -0.575163 -1.17187e-19)
(-0.543119 0.620086 -2.32076e-19)
(1.04734 0.018668 0)
(0.717866 -0.662612 0)
(-0.270292 -0.492744 1.26529e-19)
(1.50317 -0.262575 1.98799e-19)
(0.548723 -0.306541 -2.28544e-21)
(0.678566 0.610645 0)
(0.841634 -0.274298 -1.4816e-19)
(-0.351113 -0.619121 -5.15231e-20)
(1.15311 0.0216997 -2.90901e-19)
(1.79085 -0.682168 -1.15117e-19)
(1.01531 -0.000676138 1.36917e-19)
(0.987272 0.0126635 0)
(-0.762432 0.436029 0)
(1.05746 0.00444245 0)
(-0.0443568 0.271978 -8.60721e-20)
(0.485111 0.102704 -9.47664e-20)
(-0.23866 0.171147 1.16812e-19)
(1.14254 0.0216258 2.40463e-19)
(-0.22059 0.00476563 4.11076e-21)
(1.03178 0.00483232 -1.89018e-19)
(0.781385 -0.551483 0)
(0.763514 -0.0280797 1.17409e-19)
(0.60673 -0.586203 -1.31871e-19)
(1.22043 0.719909 0)
(0.989735 0.0173222 -2.58227e-19)
(0.00166872 0.0413542 0)
(1.02306 -0.0101681 8.92521e-21)
(0.00421445 0.327066 0)
(2.11714 0.318208 1.56073e-19)
(-0.119538 -0.13286 3.34799e-21)
(1.54914 0.781572 2.61783e-21)
(1.57619 0.162868 8.88288e-20)
(0.510947 0.151425 -2.81182e-19)
(1.97632 0.234213 -4.46348e-19)
(1.05245 0.0101411 -3.96313e-22)
(-0.417253 -0.696753 0)
(-0.203741 0.159799 0)
(1.86447 -0.875221 9.75325e-20)
(-0.462666 0.224251 0)
(1.10085 0.276674 1.15296e-19)
(0.593453 -0.289029 2.32955e-19)
(0.915477 -0.779948 0)
(1.17926 -0.780313 7.50645e-20)
(1.95935 -0.652784 0)
(-0.376785 0.687929 2.59927e-19)
(0.021596 0.111188 1.27271e-19)
(0.631793 0.582011 5.82444e-20)
(2.05266 -0.75615 1.2377e-19)
(0.593413 0.283163 -2.2399e-19)
(-0.273215 0.173133 4.37042e-20)
(0.756144 -0.643668 0)
(1.65135 -0.960515 1.80451e-20)
(0.576651 -0.537261 0)
(2.38268 0.185876 1.39515e-19)
(1.11375 -0.165527 -2.79659e-19)
(1.26239 -0.12587 7.63882e-20)
(1.35359 0.293332 -1.19387e-19)
(1.34254 0.54263 0)
(1.07716 0.0193531 4.342e-22)
(1.363 0.383511 -6.41133e-20)
(1.24675 -0.724269 -9.84979e-20)
(1.18047 0.668754 3.56626e-20)
(0.682171 0.0781315 -4.54657e-19)
(0.826701 0.0570705 0)
(2.11939 -0.200214 -7.13824e-20)
(-0.250242 -0.560755 -1.47265e-19)
(1.59179 -0.510663 -7.33562e-20)
(0.728025 -0.0348898 -2.00539e-19)
(0.868317 -0.517133 0)
(0.823733 0.189191 -7.27777e-20)
(0.543534 -0.505006 -2.40838e-19)
(1.92984 -0.393192 0)
(1.004 0.00635354 2.84408e-19)
(-0.102656 -0.210514 0)
(2.0376 0.419648 0)
(1.05435 0.298036 1.77518e-19)
(0.974705 0.025838 2.75235e-22)
(1.03299 0.0148364 3.14036e-20)
(1.32214 0.418846 1.72912e-20)
(0.980293 0.0256382 3.29051e-19)
(1.03901 0.0363806 -7.79739e-21)
(0.666229 0.186767 -2.70259e-19)
(1.06492 0.00968638 1.4492e-22)
(0.556036 0.0225478 0)
(-0.0652451 -0.02216 1.0579e-19)
(0.852403 -0.615162 -1.27294e-19)
(-0.0788104 0.52352 -1.65396e-21)
(1.09039 -0.0839499 1.91208e-19)
(0.815868 -0.181079 0)
(0.99974 0.0280969 3.14346e-20)
(1.37614 0.651819 0)
(1.61393 -0.947286 0)
(1.30515 0.217792 0)
(-0.526587 0.699288 0)
(0.783387 -0.658387 2.29102e-19)
(0.819218 -0.250879 -4.61811e-19)
(0.984588 0.0324246 3.33996e-19)
(1.49549 0.178329 0)
(1.09458 -0.128398 -1.7481e-19)
(1.08328 0.0269267 1.4093e-19)
(0.0125652 0.614574 1.63044e-19)
(0.6369 0.507903 0)
(2.17258 -0.160424 -1.44386e-19)
(0.96266 -0.483567 6.37095e-20)
(-0.667548 0.515122 9.76226e-20)
(1.78003 0.278281 1.52766e-19)
(-0.270134 0.768302 -3.6647e-19)
(0.811521 -0.737061 0)
(0.565162 0.35568 1.35171e-19)
(1.66183 -0.26512 -5.69749e-19)
(-0.574517 -0.464416 -4.9144e-19)
(1.04531 -0.0597007 1.72726e-21)
(1.73713 -0.68224 0)
(-0.0904113 -0.0150674 -3.17234e-19)
(0.71022 -0.0688383 6.36875e-20)
(1.57117 0.886726 0)
(-0.281124 0.73913 -4.1252e-19)
(0.88939 0.762278 -1.99364e-19)
(-0.999199 0.344099 5.80235e-19)
(1.02972 -0.0219202 0)
(1.07009 -0.0782843 -2.17609e-21)
(-0.440305 0.735708 0)
(0.689501 -0.490471 -8.59087e-20)
(-0.952491 0.382913 -3.16385e-19)
(0.784193 -0.714898 0)
(0.432265 -0.270434 3.42528e-19)
(0.536948 -0.452678 2.27477e-19)
(0.41028 -0.37129 0)
(0.977278 -0.775238 -8.90253e-20)
(1.04268 0.100438 0)
(-0.0864351 0.773686 -2.03895e-19)
(0.803907 -0.690679 1.07847e-19)
(2.35967 -0.245711 3.20885e-19)
(2.18803 0.104622 0)
(-0.0273991 -0.107614 0)
(0.687819 0.638239 -2.39885e-19)
(1.77493 -0.625014 2.3369e-20)
(-0.158191 -0.233249 0)
(0.977499 -0.799239 -9.90801e-21)
(1.10875 -0.124388 0)
(1.07611 -0.138347 3.04496e-19)
(2.0993 -0.159521 -1.40031e-19)
(-0.582048 0.600067 0)
(1.21829 -0.549227 -3.85928e-20)
(-0.211034 0.397245 -5.45529e-20)
(-0.278732 0.668331 0)
(1.08753 -0.805321 1.20461e-20)
(1.0031 0.0111381 -4.74972e-19)
(0.644822 -0.476399 -8.49856e-21)
(0.80909 -0.513505 0)
(1.19523 -0.721739 -6.38537e-20)
(0.655618 0.24685 2.0986e-19)
(1.24249 0.0904311 0)
(1.52842 0.0909003 -8.13434e-20)
(1.19178 -0.848143 -1.19006e-19)
(-0.0190069 -0.0909192 -1.17873e-19)
(-0.0467284 -0.631425 -2.6259e-19)
(1.06124 0.0139972 1.75743e-19)
(0.91703 -0.470902 -8.01178e-20)
(1.06043 0.010217 -1.34168e-22)
(1.06619 0.00530952 -1.67047e-21)
(0.736596 -0.110141 1.32373e-19)
(-0.221404 0.00385461 -2.85381e-19)
(1.01651 -0.0084592 0)
(1.12023 -0.0886751 2.61121e-20)
(1.44486 0.657136 6.45919e-20)
(0.799958 -0.607375 -1.67103e-19)
(0.993572 8.9262e-05 9.73585e-21)
(0.712914 -0.526716 2.36211e-19)
(1.31187 0.805939 6.59992e-20)
(1.87166 -0.00132846 2.8642e-20)
(-0.645383 0.472739 0)
(1.05203 0.0597367 -1.81624e-19)
(-1.03775 -0.133765 -3.83092e-19)
(1.08115 0.493488 5.81911e-20)
(0.0753796 -0.0805712 1.72381e-19)
(1.11538 0.0340229 -3.34786e-20)
(-0.142518 0.250455 -2.07256e-19)
(1.3069 0.588899 -4.37506e-20)
(1.14317 0.889802 0)
(-0.697599 0.458837 -1.18601e-19)
(-0.250818 -0.149294 0)
(0.652874 0.560765 -2.14863e-19)
(2.04754 0.186325 -3.03705e-20)
(-0.497669 -0.663508 1.76141e-19)
(-1.06181 0.0895424 -8.03193e-19)
(0.729867 0.0811032 1.99501e-19)
(2.15093 -0.354736 -5.82395e-20)
(0.974131 -0.351714 -2.36565e-20)
(0.0115364 -0.00651322 0)
(-0.338143 0.153683 6.39021e-20)
(1.33486 0.976112 2.75475e-20)
(0.84153 0.076688 -1.0785e-19)
(0.554645 0.519687 1.48359e-19)
(0.45311 0.185814 0)
(-0.0448481 -0.775222 -2.62239e-19)
(0.121392 0.111642 -3.28556e-20)
(1.29004 -0.952297 9.63316e-23)
(0.976611 -0.042015 -1.47583e-19)
(-0.160242 -0.132174 7.33121e-21)
(-0.254131 0.327444 1.89845e-19)
(-0.349875 -0.0940605 -2.08454e-19)
(1.6755 -0.697049 0)
(1.10631 0.0493279 -2.42362e-19)
(2.06215 -0.237121 1.84535e-19)
(1.27353 -0.614347 6.43088e-20)
(0.803967 0.0326377 1.74025e-21)
(0.591867 0.336463 0)
(0.947304 0.7509 -1.15985e-20)
(0.684789 0.628695 1.3511e-19)
(0.890812 -0.560669 1.15041e-19)
(0.685343 0.503122 0)
(1.01666 -0.00721909 6.29382e-21)
(0.873912 -0.655851 1.63851e-19)
(0.842304 0.427749 -3.54302e-19)
(1.24334 -0.119144 0)
(-0.245469 -0.249739 -3.19971e-19)
(0.0257691 0.487495 -1.2731e-19)
(1.59175 0.728454 0)
(1.34288 -0.933031 -8.24409e-23)
(-0.782551 0.483012 0)
(-0.51175 0.721237 1.4763e-19)
(0.735975 0.650745 -7.40454e-20)
(0.849873 -0.21376 0)
(-0.235032 -0.147258 0)
(1.60485 -0.449407 0)
(-0.364598 -0.295059 2.56873e-19)
(1.20608 -0.878025 7.83328e-20)
(1.17658 -0.600962 4.28604e-20)
(1.05773 -0.138143 -1.21719e-19)
(0.870546 -0.685584 -1.28595e-19)
(0.184872 -0.188743 0)
(-1.24844 0.103756 0)
(1.00048 -0.513877 1.31788e-19)
(-0.0813783 -0.194966 0)
(-0.367459 0.701632 0)
(-0.558773 -0.440813 4.1824e-19)
(0.793519 0.668993 6.4245e-20)
(1.0169 0.795598 0)
(0.696274 0.553649 -6.58589e-20)
(0.834394 -0.0426825 -1.78953e-19)
(0.746814 0.562373 -1.75274e-19)
(0.589878 0.547765 -1.2775e-19)
(-0.193135 -0.534029 2.56543e-21)
(0.71414 -0.640033 0)
(0.890541 0.176654 -2.51844e-19)
(-0.317504 -0.688897 6.79444e-20)
(0.602927 0.558122 2.82312e-19)
(0.960026 0.797959 0)
(-0.754852 -0.168746 3.42987e-19)
(-0.0691179 -0.414383 3.53823e-19)
(-0.0142113 -0.35106 -1.77293e-19)
(0.662901 0.568586 -1.14528e-20)
(0.979425 -0.0131622 4.61705e-20)
(-0.445159 -0.733537 0)
(2.25706 0.121497 -3.2062e-19)
(1.26921 -0.425177 -4.63849e-20)
(0.646863 -0.59855 -5.84032e-20)
(-0.679984 0.227337 2.11797e-20)
(1.19386 0.462143 1.23373e-19)
(0.891448 0.416946 0)
(1.07486 -0.210414 1.46055e-19)
(0.129512 -0.566175 -1.10764e-20)
(-0.0421277 0.12943 4.80589e-19)
(0.928433 0.0228645 -4.04024e-20)
(1.13807 0.115177 0)
(1.87529 -0.0140651 -3.07842e-19)
(1.91121 0.0340673 0)
(0.544655 0.2631 -3.70565e-19)
(-0.26084 0.381967 0)
(-0.221721 -0.482944 2.88867e-19)
(0.765657 0.0773863 0)
(0.614671 -0.509714 -1.46043e-19)
(1.09684 0.0250434 1.60733e-19)
(-0.583662 0.606409 5.58747e-20)
(1.84354 -0.098933 -1.15565e-20)
(2.09924 -0.247054 -1.45838e-19)
(1.10749 0.224867 -1.62938e-19)
(-0.346956 -0.752658 -1.36429e-19)
(1.06903 -0.844322 0)
(0.797643 0.0171749 -1.17066e-19)
(0.929734 -0.387302 -2.27488e-19)
(1.70476 -0.564693 -9.85787e-21)
(1.70128 0.0194716 2.87303e-19)
(1.05897 0.0030225 2.91745e-19)
(0.148345 -0.615533 -1.80459e-19)
(0.992523 -0.445857 -9.62689e-20)
(0.194807 -0.187617 2.06968e-19)
(1.00385 -0.0101707 0)
(1.00638 -0.0111773 0)
(1.1913 -0.636942 -3.62526e-21)
(0.012164 0.751303 -1.37216e-19)
(0.185403 -0.118439 -1.53609e-19)
(1.32345 -0.185388 2.09175e-20)
(1.40265 -0.742242 0)
(2.16196 -0.359311 -1.20469e-19)
(0.938078 -0.815578 -4.79172e-20)
(1.79056 -0.54911 -9.34702e-20)
(1.10962 0.83907 0)
(0.468003 -0.450171 0)
(0.60379 0.518026 -1.38574e-19)
(1.09153 0.273366 -2.96497e-19)
(2.21565 -0.238988 4.75504e-22)
(0.858179 0.163675 1.08584e-19)
(0.111064 -0.707906 -5.85194e-19)
(0.96333 0.0775259 -3.36809e-21)
(-0.203189 -0.693453 0)
(-0.0333588 -0.114677 0)
(-0.613082 -0.656961 0)
(1.33455 -0.716865 -4.2686e-20)
(-0.294251 0.679894 -2.85933e-19)
(-0.102213 0.25019 0)
(1.29412 0.977903 -5.29171e-21)
(1.11106 0.154024 -3.12045e-19)
(1.26078 0.307209 -2.34778e-20)
(1.08351 0.924792 3.52665e-20)
(-0.222229 0.786631 1.8903e-19)
(0.780583 0.0637827 0)
(-0.621446 -0.580002 -3.73335e-19)
(-0.354771 0.789484 3.52284e-19)
(0.783844 0.0347152 1.46651e-19)
(1.54034 0.948761 6.0671e-20)
(1.10243 -0.0731987 -7.96355e-22)
(-0.138379 0.498385 -2.68335e-21)
(0.739739 -0.674495 -2.74276e-20)
(1.22139 0.00956564 0)
(1.71258 0.0370246 0)
(1.09537 0.0225492 0)
(0.0868414 0.350128 1.34541e-21)
(-0.52447 -0.705128 1.42124e-19)
(1.05001 0.845032 0)
(0.993047 -0.00676797 3.96747e-19)
(0.76844 0.603976 -1.74448e-19)
(-0.509076 0.046966 -4.07529e-20)
(0.866269 0.0164396 -3.25265e-20)
(0.708809 -0.645974 -1.66587e-19)
(1.39273 0.713688 -1.08447e-20)
(0.558054 -0.446707 -2.37377e-19)
(1.09925 -0.00477291 -3.53717e-19)
(0.838882 0.0403273 3.43233e-20)
(1.51487 -0.193645 3.49355e-20)
(0.761269 -0.00626408 -3.75753e-20)
(-0.015927 -0.0377869 -1.93203e-22)
(1.0839 0.47067 -1.95238e-19)
(1.34452 0.62033 1.0808e-19)
(-0.128446 -0.369944 0)
(0.0979397 -0.715796 2.20083e-19)
(-0.34344 -0.339699 1.34124e-19)
(-0.223026 -0.0532574 -1.47026e-19)
(0.477569 0.32343 0)
(1.2104 -0.467391 0)
(0.0322604 -0.0183633 -1.75334e-19)
(-0.248187 -0.74422 -7.9027e-20)
(1.0561 -0.0192376 1.40135e-19)
(-0.580283 0.494073 -5.39443e-20)
(1.68869 -0.768197 -4.03814e-19)
(0.0174559 0.761785 0)
(0.827212 -0.732302 -2.20673e-19)
(0.730971 0.0565116 6.24271e-20)
(-0.483477 -0.383729 2.42184e-19)
(0.718727 0.170864 2.63004e-19)
(0.624399 0.147608 8.5896e-20)
(0.496661 -0.470229 1.61611e-19)
(-0.178743 -0.305563 -1.53706e-19)
(1.10227 -0.0665149 0)
(0.3944 0.351253 -1.56423e-19)
(1.03048 -0.00522085 -2.23464e-19)
(-1.15951 0.0639286 3.12086e-19)
(1.42501 0.485441 -5.52647e-20)
(-0.104751 -0.270915 -5.79147e-20)
(0.682833 -0.623139 -1.27443e-20)
(0.813272 0.196685 -1.62079e-19)
(0.98522 0.426984 1.70233e-20)
(1.10479 -0.153511 2.64684e-20)
(0.605166 -0.22639 -2.44401e-19)
(1.99602 -0.352623 -1.9567e-19)
(0.59182 -0.1009 0)
(1.05082 0.167971 -2.49749e-20)
(1.3391 0.240251 -1.64955e-20)
(1.1845 -0.345659 1.7511e-19)
(0.977628 0.354027 -2.35232e-19)
(1.04839 0.0404544 -3.6435e-22)
(0.418815 0.390468 -2.00822e-19)
(-0.206879 0.281895 3.76592e-19)
(2.01395 -0.158664 0)
(0.941014 0.00149878 0)
(0.867313 -0.766546 4.04024e-20)
(-0.0575335 -0.513305 -3.87035e-19)
(-1.15639 -0.00717768 -3.9421e-19)
(-0.0310664 -0.0728909 -2.49927e-19)
(-0.506347 0.669245 -2.38849e-19)
(-0.343492 -0.63787 0)
(-0.0163979 -0.0724092 4.46276e-20)
(0.30961 0.563823 -1.24134e-19)
(-0.287127 0.374615 -4.34243e-19)
(0.802462 -0.1073 0)
(1.21972 -0.302115 1.58475e-20)
(-0.311115 -0.362234 0)
(1.02 0.0187582 2.84776e-19)
(-0.018825 -0.695436 3.08195e-20)
(0.534565 -0.418968 3.18144e-19)
(-1.04608 -0.204451 6.35222e-19)
(-1.42682 -0.115349 0)
(0.343912 0.694777 1.55687e-19)
(1.01556 0.0250722 -8.54974e-21)
(-0.229006 -0.0947171 0)
(1.00646 -0.014469 -4.43738e-20)
(0.852627 -0.718446 -2.15434e-19)
(1.24822 -0.621782 0)
(0.925959 -0.264584 1.61717e-19)
(0.218801 0.66764 3.44619e-19)
(0.0179859 0.0211487 0)
(-0.115249 -0.727814 -7.88927e-21)
(0.718232 -0.626813 -3.32324e-19)
(0.980329 -0.0388687 -2.0378e-19)
(-0.0703311 -0.626595 4.7705e-19)
(-0.15029 -0.420137 1.7709e-19)
(-0.284525 -0.704329 0)
(0.966901 0.477163 0)
(-0.347798 -0.645197 3.09079e-19)
(2.16982 0.306204 -2.34334e-19)
(1.07818 0.898769 1.062e-20)
(1.06431 0.215276 -9.36323e-20)
(1.14664 0.00126167 -1.67662e-19)
(1.05998 -0.0412937 -5.7015e-20)
(-0.0232709 -0.670981 -4.42436e-19)
(1.77652 -0.0361731 4.24625e-19)
(0.739182 0.0335163 1.51513e-19)
(1.80864 -0.00489736 1.25992e-19)
(1.04648 -0.183555 0)
(0.110019 0.597402 3.27732e-19)
(1.09689 0.0263287 -3.86314e-19)
(1.74503 0.622065 -3.64289e-20)
(0.731382 -0.45157 -1.28558e-19)
(-0.0657646 -0.00456552 2.37338e-19)
(0.790626 -0.692519 2.8507e-19)
(1.23144 0.196586 5.14748e-20)
(1.00685 -0.0129989 1.96616e-19)
(0.176715 -0.747163 -2.01754e-19)
(1.0457 0.0151653 0)
(1.24348 0.121604 -1.21024e-19)
(0.0109873 0.019618 0)
(1.03244 0.008121 -1.15563e-19)
(-0.967079 -0.251648 -2.63921e-19)
(1.69865 0.31948 -4.80985e-21)
(-0.506975 -0.3473 1.75064e-19)
(1.61881 0.0477195 -3.96438e-20)
(1.00845 -0.0219463 4.05191e-20)
(1.32636 -0.0773848 0)
(1.43593 -0.602209 -7.21073e-20)
(1.03126 0.0366962 -1.1958e-19)
(1.44837 0.794723 8.15834e-21)
(1.37567 -0.0180428 0)
(1.04723 -0.0328507 1.48788e-21)
(0.0398861 -0.0213298 0)
(1.41782 0.0384971 0)
(-0.491178 -0.733176 0)
(1.23488 0.445067 0)
(1.9192 0.266177 7.27563e-20)
(0.741491 0.614414 3.0539e-19)
(0.288853 -0.290506 -1.91323e-19)
(-0.207744 -0.656939 -4.27227e-19)
(0.0140469 -0.00568131 0)
(1.26202 -0.281517 4.28051e-20)
(1.36641 0.516435 0)
(1.46808 0.292941 0)
(-0.683315 -0.56275 1.6651e-19)
(0.810201 0.714044 9.02989e-20)
(1.71335 -0.00773964 0)
(-0.377745 -0.554788 9.84148e-20)
(0.903697 0.225775 1.47819e-19)
(1.15149 -0.161294 -2.38282e-20)
(1.24698 0.930519 2.15005e-20)
(0.915066 -0.822994 -1.72606e-20)
(0.414954 -0.0333748 -2.77314e-20)
(0.796648 0.718416 9.0995e-20)
(1.18349 0.929174 0)
(1.62496 -0.430887 8.14752e-20)
(1.48498 0.990809 0)
(1.15385 -0.101694 5.98153e-21)
(0.987211 0.0932219 2.42526e-19)
(1.01018 -0.00780595 0)
(0.264323 0.617964 1.5781e-19)
(0.888914 -0.160902 3.76732e-20)
(0.622876 -0.403867 0)
(0.662367 -0.377558 1.71096e-19)
(1.24286 0.561956 -2.20205e-20)
(0.473714 0.446932 2.15947e-19)
(-0.332438 0.472933 5.12696e-20)
(0.135955 0.0223527 1.26987e-19)
(0.801795 0.0678866 0)
(1.31644 -0.89327 -2.20456e-20)
(1.05256 -0.0422098 3.10427e-19)
(1.52302 0.317289 1.86341e-19)
(-0.421637 -0.610554 8.53925e-20)
(-1.12118 -0.190589 0)
(1.19726 -0.229266 -8.35371e-20)
(0.0210926 0.0187468 -2.04956e-19)
(0.407189 0.469096 -5.35475e-20)
(-0.134871 0.0312336 -5.48949e-22)
(-0.214144 0.0927085 3.88967e-19)
(1.06656 0.0181725 -6.92125e-22)
(2.3186 0.00124714 4.29388e-19)
(1.20176 0.464018 -1.98952e-19)
(0.995237 -0.0305629 0)
(1.80842 0.00485448 2.88004e-19)
(1.79498 0.14007 1.26556e-19)
(0.903511 -0.757203 1.03339e-19)
(1.14868 -0.967296 -7.42424e-21)
(0.478103 0.443509 1.43397e-19)
(1.76391 0.851621 0)
(1.77394 0.572185 6.81792e-20)
(0.0204475 0.0120539 -4.17937e-19)
(0.887437 0.772885 0)
(1.06003 -0.0895245 0)
(0.289853 -0.289554 -3.71217e-21)
(0.327858 0.311107 0)
(-1.42171 0.0176435 -5.44123e-19)
(-0.414255 0.653116 -1.55241e-19)
(1.73411 -0.405554 0)
(1.31159 0.0270772 5.19365e-20)
(-0.756499 0.0935096 3.3338e-19)
(0.528313 -0.501533 -3.6407e-19)
(1.87396 -0.0687931 -4.98935e-20)
(0.605324 -0.549084 0)
(1.05323 0.118887 0)
(1.36839 -0.216125 0)
(1.11365 0.233425 -1.71634e-19)
(1.30368 0.10934 2.40311e-19)
(-1.04443 -0.0715138 0)
(0.850012 -0.0625342 0)
(1.62509 -0.100237 1.93602e-20)
(-0.095138 0.256113 1.32583e-19)
(2.16524 -0.330039 -2.45092e-19)
(1.05935 -0.505774 2.14792e-19)
(1.62777 -0.105071 -2.4149e-19)
(-1.28791 0.153801 -2.60181e-19)
(1.91403 0.0306661 -2.44027e-19)
(1.0086 -0.0151634 3.20734e-19)
(1.52963 0.605398 0)
(-0.416994 0.726378 4.12291e-20)
(0.996219 -0.821326 1.20395e-19)
(0.858547 -0.0117861 3.80189e-20)
(0.626827 -0.426707 0)
(1.89336 -0.537508 1.05283e-20)
(1.20601 -0.167519 1.05701e-19)
(1.14128 -0.199591 0)
(0.60225 -0.558736 3.26953e-19)
(0.621611 -0.0662066 -3.05862e-20)
(2.14457 -0.456665 4.92114e-19)
(-0.145913 0.40215 -2.74301e-19)
(1.33796 0.625883 8.39434e-20)
(1.15177 0.406788 2.62876e-21)
(0.911818 0.379341 1.73311e-19)
(2.00516 0.405041 -2.27649e-19)
(-0.0401287 -0.714471 -7.75445e-21)
(1.14228 -0.183972 0)
(-0.156028 -0.0963291 3.9293e-19)
(1.08347 -0.942069 0)
(1.05553 -0.643356 1.58093e-20)
(1.57522 0.243522 -7.75406e-19)
(1.06744 -0.00229597 -1.39723e-21)
(-0.799976 -0.37985 -5.5e-19)
(0.999477 0.487739 1.30059e-19)
(0.311072 0.510478 -1.22467e-21)
(0.737292 -0.0372214 0)
(0.953794 -0.214549 0)
(0.843855 0.166806 1.00106e-20)
(0.752507 -0.01511 0)
(1.35601 -0.213935 -1.0876e-19)
(-1.8553 0.104628 7.19593e-19)
(1.91654 0.486517 7.52087e-20)
(1.05541 -0.0181525 0)
(0.546764 -0.343354 8.3999e-20)
(1.02659 0.0273165 1.53371e-19)
(1.08204 1.00359 -5.21403e-20)
(-0.48125 0.610767 0)
(1.1084 -0.478171 3.59238e-19)
(0.927684 -0.0938135 -1.93165e-22)
(1.09576 -0.497978 -1.5663e-19)
(2.33869 0.150447 2.49807e-19)
(1.29592 0.798338 0)
(0.8868 0.0289908 0)
(-0.515154 -0.652954 -2.17277e-19)
(0.0275144 -0.0152985 1.97229e-19)
(0.957874 0.36968 -1.57823e-19)
(0.381684 -0.643363 -1.81381e-19)
(0.647461 0.415877 1.92293e-19)
(0.989529 -0.0303393 0)
(0.532625 -0.49501 0)
(1.10899 0.00545831 1.12622e-21)
(1.22821 -0.505252 -6.95157e-20)
(0.628276 0.0158437 1.41561e-20)
(0.732263 -0.149118 9.54655e-20)
(-0.042729 0.129811 -3.51934e-19)
(1.62301 -0.101165 3.60155e-19)
(0.662192 0.616026 0)
(1.28104 0.702861 0)
(1.573 0.24411 0)
(-0.466923 -0.613607 -2.21454e-19)
(1.27965 0.569559 2.73261e-19)
(1.89842 0.140817 4.8683e-20)
(1.00082 -0.00254311 0)
(1.05596 0.040566 0)
(1.98529 -0.0825172 -3.35986e-19)
(1.09818 0.84463 5.52696e-20)
(0.998964 0.00107243 -1.53171e-19)
(1.49222 0.481382 0)
(-0.35475 0.621953 0)
(1.2417 0.314542 2.02087e-19)
(1.03491 0.532159 -9.43179e-20)
(1.04813 0.0266267 0)
(2.03344 0.615545 0)
(2.01644 0.672034 -4.11252e-19)
(-0.101487 0.636371 -5.41338e-21)
(0.999205 0.0128623 0)
(0.709926 0.47868 -2.60198e-20)
(0.928184 -0.817487 0)
(1.01448 0.0222053 3.53991e-20)
(1.12872 -0.0373025 2.99381e-20)
(0.900775 -0.325071 2.3867e-19)
(1.10234 0.0119858 -2.19415e-20)
(2.16027 -0.08808 4.07475e-19)
(0.886258 0.108642 4.88723e-20)
(0.757687 -0.0345192 0)
(1.00195 0.00211877 0)
(-0.814419 -0.417892 0)
(0.66784 0.638464 -1.3582e-19)
(-0.012755 0.0656015 2.37248e-19)
(1.16041 0.341412 -3.2623e-19)
(-0.756277 0.417362 0)
(0.832728 0.643793 1.26867e-19)
(0.992149 -0.331606 0)
(1.00345 -0.00160271 8.96331e-20)
(0.942573 0.762726 5.80203e-20)
(1.04276 0.406465 1.87615e-19)
(1.77713 -0.0866578 0)
(2.14403 0.13558 -1.03818e-19)
(0.823046 -0.107693 -2.88215e-19)
(-1.31152 -0.0410491 -6.85421e-19)
(1.32439 0.803936 0)
(0.874377 0.249083 1.37026e-19)
(2.14734 -0.0619744 0)
(0.779527 0.525391 2.79477e-19)
(-1.74785 0.000983172 2.71743e-19)
(-0.0479569 0.141057 0)
(0.590932 0.561072 -5.35669e-20)
(1.0184 -0.631599 -1.10909e-19)
(0.474455 -0.238049 -1.00831e-19)
(1.00712 -0.0200325 0)
(-0.514472 0.311871 -3.54106e-19)
(0.630381 -0.561748 6.44484e-20)
(0.907676 0.296518 0)
(1.35567 -0.477437 2.72051e-20)
(0.987426 0.840037 1.62155e-20)
(1.12643 0.00326154 -2.35659e-20)
(0.174176 -0.213387 -2.69013e-19)
(0.226729 -0.0195737 -4.57369e-19)
(-0.0533006 -0.175329 1.07978e-20)
(0.82059 0.366023 1.91475e-19)
(-0.316259 0.715875 -7.0876e-21)
(1.4055 -0.642369 3.30705e-21)
(1.00922 0.00825853 -2.64962e-19)
(-0.604886 -0.564217 0)
(1.03361 0.0359828 -3.10483e-19)
(2.10726 0.521924 1.89273e-19)
(0.892352 0.69095 2.07133e-19)
(1.08032 -0.074472 1.22072e-19)
(1.00485 -0.0271477 1.22353e-19)
(1.06678 -0.00736994 1.28308e-21)
(-0.391425 -0.480083 -3.83331e-22)
(1.72009 -0.86519 1.50502e-20)
(1.11593 -0.146247 -5.18447e-20)
(0.851778 0.0461557 5.9317e-20)
(0.909289 -0.292839 7.07327e-20)
(0.324232 0.0322945 0)
(0.967866 0.736489 0)
(0.886639 0.527751 -6.91656e-20)
(2.02849 0.200698 -4.35348e-20)
(-1.38469 -0.025133 2.65415e-19)
(1.02484 -0.538429 -3.86266e-19)
(0.609261 -0.527396 3.12142e-19)
(1.48172 0.18783 -2.06479e-19)
(0.355474 -0.615363 2.0618e-20)
(1.10088 0.0517468 0)
(0.753636 0.125224 -5.40121e-21)
(1.09972 -0.00842057 -1.04627e-20)
(1.04669 0.764663 0)
(1.14908 -0.0375775 0)
(0.677694 -0.32153 0)
(-0.154788 -0.321822 -6.99945e-20)
(-0.163806 0.145445 0)
(1.38681 0.7621 8.41683e-20)
(1.21395 0.184819 4.60405e-21)
(-0.59358 0.416768 9.48306e-20)
(1.11687 -0.0169521 8.13376e-21)
(1.83777 0.45844 -1.2439e-19)
(2.08953 -0.301696 -4.21705e-20)
(-0.181165 -0.00860392 -2.76443e-19)
(-0.150638 -0.764766 5.87717e-21)
(0.677078 0.0546584 0)
(0.699521 -0.0334282 0)
(1.00467 0.000272392 3.02656e-22)
(-0.514969 -0.606502 0)
(1.48184 0.0498122 -1.32292e-19)
(0.689587 -0.0275199 0)
(1.04213 -0.00272989 9.77964e-20)
(0.995786 0.00764878 -3.48468e-20)
(1.6396 -0.334862 2.1717e-19)
(1.05432 -0.0150836 -7.08654e-22)
(0.940866 -0.178986 -4.25614e-20)
(1.02943 -0.0200587 2.84603e-19)
(0.663466 -0.602193 1.4451e-19)
(0.0171246 -0.287921 -4.41262e-20)
(0.975874 -0.078957 9.8248e-21)
(0.0273725 -0.0027279 0)
(1.1337 0.799081 0)
(1.02368 -0.00848303 0)
(0.993465 -0.76334 -7.48558e-20)
(1.03113 -0.883485 7.99403e-21)
(0.968215 -0.0683685 -2.12125e-21)
(0.31971 1.0473 -6.35738e-19)
(1.09582 0.0169153 3.51368e-21)
(0.578674 -0.376257 -5.13222e-19)
(0.962872 0.00440214 -3.93536e-20)
(1.10045 -0.000748175 -1.47196e-20)
(2.0591 -0.310742 1.3492e-19)
(0.707898 -0.067473 -2.13694e-20)
(-0.311684 -0.542063 -1.47238e-19)
(1.12081 0.557122 1.37045e-19)
(-0.135212 -0.336853 0)
(0.326084 -0.668341 5.2546e-19)
(-0.0362219 -0.0587235 1.46315e-22)
(1.03321 -0.0353164 2.55223e-19)
(1.01372 -0.000974051 -6.56613e-21)
(1.08911 -0.00727624 -7.05842e-20)
(1.06533 -0.0182558 2.36898e-21)
(1.62179 0.310259 1.79358e-20)
(0.394076 -0.369211 -2.53641e-19)
(1.01654 -0.0349723 2.85414e-21)
(1.03311 0.0131068 -1.87751e-19)
(0.942464 -0.0955137 -1.01106e-20)
(1.07032 -0.0287377 0)
(1.11929 0.596556 -2.55046e-19)
(1.00425 0.00632396 7.31427e-20)
(0.675173 0.603147 1.99596e-19)
(1.08373 0.0433682 -2.03759e-22)
(1.04927 -0.00801881 -2.30383e-20)
(1.10112 0.0247405 6.54605e-22)
(2.25269 -0.231813 2.10948e-20)
(0.450401 -0.016757 0)
(1.05719 -0.0350958 0)
(1.07043 -0.0295886 4.50049e-19)
(1.00004 -0.00484894 0)
(0.00360869 -0.0252757 0)
(0.948935 -0.572856 0)
(1.00092 -0.000808351 -4.25557e-19)
(1.15016 -0.673 5.64133e-20)
(1.01886 0.00246502 8.8849e-21)
(1.35045 0.959495 -1.38565e-21)
(1.5349 1.00818 -1.57454e-19)
(1.09139 0.016334 -5.92328e-21)
(1.63512 0.699001 1.65727e-19)
(0.573154 0.11712 0)
(0.101121 0.661746 0)
(2.16192 0.0902894 5.38072e-19)
(1.15581 -0.218403 0)
(0.997358 -0.00602394 -1.31873e-19)
(1.00295 0.00226989 2.56256e-19)
(1.39055 0.140115 -4.82691e-20)
(0.00938404 -0.12567 3.0302e-19)
(0.983451 -0.000567739 1.3851e-19)
(0.802794 -0.0271318 2.94971e-21)
(0.820396 0.028865 -1.65719e-21)
(1.06681 -0.0124259 2.14602e-23)
(0.905609 0.00834394 -1.39541e-19)
(1.00491 0.00293671 1.65591e-19)
(1.00142 0.0025201 9.75038e-21)
(0.783735 -0.00883119 0)
(0.730138 -0.022193 0)
(0.730474 -0.019675 6.18371e-22)
(0.714205 -0.0376967 0)
(0.405849 -0.00302184 0)
(0.588082 0.0163419 0)
(0.661492 0.00457872 -4.97028e-22)
(0.825408 0.0106064 2.48874e-22)
(1.05633 0.00810596 0)
(1.0649 0.00143334 1.01948e-21)
(1.05942 -0.0067093 0)
(0.694377 -0.00967987 0)
(0.594661 -0.00338727 0)
(0.549118 -0.0105367 2.41128e-21)
(0.339172 -0.00812479 5.05201e-20)
(0.820041 0.0276158 0)
(0.811817 0.0223683 0)
(0.948302 0.0209269 -1.71916e-19)
(0.833921 0.014647 3.23573e-19)
(1.00437 -0.00134625 0)
(0.999049 -0.00204002 3.05221e-19)
(0.99993 0.000620153 -4.2807e-22)
(0.813901 0.0310825 2.72988e-19)
(0.999608 -0.0129588 -1.59085e-19)
(0.827166 -0.0170276 0)
(0.62431 -0.000792079 1.65865e-21)
(1.00319 -0.00230516 -1.54421e-19)
(1.00331 0.00744508 -2.64743e-19)
(1.06783 -0.00805429 0)
(0.994223 0.00111918 0)
(0.999632 -0.000626193 0)
(1.06797 0.0425225 5.43208e-22)
(1.09428 -0.00131107 4.69843e-21)
(0.990722 -0.08343 0)
(-0.540348 0.518073 2.53655e-19)
(-0.13644 0.470934 -1.48429e-19)
(1.017 -0.0131461 -2.0456e-19)
(-0.357062 -0.77408 -1.45539e-19)
(1.01225 0.0153265 -1.64961e-19)
(1.18006 -0.210938 -6.53426e-20)
(0.790256 -0.47049 2.38745e-19)
(-0.0128915 -0.0433588 -1.01221e-19)
(1.02432 0.0203942 0)
(1.05834 0.000261637 -4.41632e-20)
(0.862168 0.0185274 0)
(-0.00739478 0.0551033 3.48146e-19)
(1.13604 -0.136074 0)
(-0.594307 -0.649441 -3.78116e-19)
(0.771385 -0.0447853 -5.22616e-21)
(1.67056 0.6845 1.07515e-19)
(-0.038611 -0.0777396 0)
(1.07347 -0.0287613 1.38324e-19)
(1.0888 0.0118377 6.26767e-22)
(0.923434 -0.0102169 2.20351e-19)
(1.01677 -0.00432835 -1.39415e-19)
(1.68529 0.865232 9.33899e-20)
(0.521905 0.490208 0)
(0.447468 0.406729 1.63023e-19)
(1.05256 0.0845219 -9.00092e-22)
(1.14534 0.134592 1.42588e-19)
(1.07715 -0.700044 0)
(1.01638 0.00468344 0)
(1.00685 -0.0169357 -3.22264e-19)
(1.01423 0.0115874 -3.13386e-19)
(-0.0946582 -0.319099 0)
(1.22986 0.827037 -6.73724e-20)
(1.06853 0.0314081 2.16928e-22)
(1.02257 0.00541574 1.20438e-19)
(1.00706 0.0239605 -1.51854e-19)
(-0.757638 -0.551834 -3.74288e-20)
(1.08332 0.00949481 -1.00305e-20)
(1.02657 -0.00555324 5.13996e-19)
(1.05762 0.0326054 0)
(1.87887 0.6525 -1.08133e-19)
(1.01766 -0.0152751 -1.60004e-19)
(1.81756 0.185575 -1.14988e-19)
(1.05127 0.013443 -3.6768e-22)
(1.00616 0.00318907 3.2162e-20)
(2.10324 -0.199659 -3.34793e-19)
(1.01897 0.00575713 1.55484e-19)
(1.09776 -0.0315398 1.23234e-21)
(1.02989 0.0113132 0)
(0.926066 0.151335 3.84112e-20)
(-0.784969 0.127129 5.43757e-21)
(0.986508 0.0253367 1.54998e-19)
(1.0236 0.0217233 -6.90949e-22)
(1.07676 0.0236349 -1.08195e-21)
(1.25388 0.307715 2.75584e-19)
(1.00662 0.00838798 1.06054e-19)
(1.03014 -0.0139143 3.02726e-22)
(1.74882 0.233513 3.18184e-21)
(1.79694 0.94949 -1.34046e-19)
(0.767313 -0.687802 4.2501e-20)
(0.443904 -0.314307 -2.50438e-19)
(1.00887 -0.0307669 0)
(1.02772 0.000249581 3.86842e-20)
(1.01697 -0.00529695 8.11727e-20)
(1.08253 -0.0137116 7.71709e-22)
(1.01889 0.00793168 -1.62003e-19)
(1.03869 -0.0219451 1.8484e-19)
(1.01073 -0.00209992 -1.5206e-19)
(1.00721 0.00578099 -5.1678e-22)
(1.01628 0.00666109 -2.94638e-22)
(1.01522 0.0127448 1.54972e-19)
(0.902784 0.0825032 3.99548e-19)
(1.38466 0.508701 0)
(0.883788 0.299978 3.00319e-19)
(1.00354 -0.000151336 0)
(1.01517 -0.0241987 -4.48843e-20)
(1.54666 0.448887 -2.38476e-20)
(1.57401 0.0973402 0)
(1.354 -0.333833 -4.47111e-20)
(1.27563 0.739553 -1.05155e-20)
(0.838038 -0.018812 0)
(2.14915 0.0743636 0)
(0.994609 0.755498 2.24603e-21)
(1.06946 0.000223019 -1.44937e-21)
(1.01584 -0.00324524 -1.62989e-19)
(1.11265 -0.559643 -4.39727e-20)
(1.07193 0.00517279 -2.11145e-21)
(1.13525 -0.0283496 0)
(1.0929 0.0613607 0)
(1.2597 0.351524 0)
(0.276055 0.556057 1.37091e-19)
(1.09213 -0.0215704 8.43898e-21)
(0.462283 0.305038 0)
(-0.00350362 0.619986 -4.41341e-19)
(1.70984 0.971116 -1.37209e-19)
(1.00936 -0.00711379 -3.19036e-19)
(1.07573 -0.00772282 1.93022e-21)
(1.01607 0.0166559 2.11077e-19)
(0.755847 -0.0407238 0)
(-0.0754739 -0.264186 -3.10504e-20)
(0.614852 0.440392 -2.70381e-19)
(1.31246 0.430772 1.5246e-20)
(0.230059 0.643937 0)
(0.83792 0.120703 5.5911e-20)
(0.519544 0.496505 4.01275e-20)
(1.19337 0.889499 -1.67525e-20)
(-0.00925157 0.0149619 1.51038e-19)
(1.02115 0.015128 0)
(1.11045 -0.0331782 6.39192e-21)
(1.00656 0.00249207 1.19656e-19)
(2.34604 -0.102169 0)
(1.01462 0.0138759 2.00867e-19)
(0.428008 -0.651286 -2.45664e-19)
(1.01683 0.0087863 -1.24026e-19)
(1.08064 -0.0570244 0)
(1.40367 -0.441495 2.08943e-22)
(0.99769 0.00874914 -8.35948e-20)
(0.991751 -0.0266827 2.20741e-19)
(1.09503 0.108807 -2.8412e-21)
(1.11228 -0.0355795 -1.04664e-20)
(-0.173759 -0.0439831 3.95268e-19)
(2.07234 0.30242 2.67042e-19)
(1.1263 -0.0158551 1.21808e-20)
(0.823036 0.0109704 -3.02465e-19)
(0.838461 0.0340793 0)
(1.10953 -0.00735781 7.83211e-21)
(1.0212 -0.00576278 -2.41099e-20)
(0.966186 0.0311234 0)
(1.04467 -0.000601391 -1.52767e-19)
(1.11324 -0.00157687 -2.11769e-20)
(-1.61146 -0.0665011 3.08021e-19)
(2.13102 -0.575087 0)
(-0.805209 -0.391428 -5.82579e-19)
(1.4927 -0.343441 0)
(1.03752 -0.0186398 4.48553e-20)
(1.04846 -0.0117375 -5.47979e-23)
(1.00409 -0.00294515 1.2956e-19)
(-1.02255 -0.170394 5.8133e-19)
(1.01529 -0.00143248 0)
(0.982334 0.0037781 -3.13994e-19)
(1.02115 0.00812678 1.64723e-19)
(1.04597 0.00805211 0)
(1.03525 -0.00246822 3.50274e-22)
(0.966542 -0.00176514 -1.41646e-19)
(-0.245978 -0.765305 4.77321e-19)
(1.0049 -0.00549533 -1.61042e-19)
(0.993304 0.0223979 -3.7895e-19)
(1.63755 -0.600054 2.6012e-21)
(-0.193334 -0.263344 -1.15751e-19)
(0.811652 0.69613 -1.2985e-19)
(0.803301 0.364651 0)
(1.02043 -0.00831127 3.37931e-19)
(1.03552 -0.0188532 1.77681e-19)
(1.12852 -0.0070622 -2.25701e-20)
(1.0653 0.0374896 4.24794e-20)
(1.06374 0.0243415 -8.89032e-20)
(1.10163 -0.887361 3.35054e-20)
(1.00279 -0.00409178 1.67936e-19)
(0.919099 -0.662172 1.53045e-19)
(-0.755193 0.347066 4.64235e-19)
(-0.139846 -0.222624 -8.90407e-20)
(0.824621 0.0167245 -4.80902e-20)
(0.710522 -0.154842 -5.51374e-19)
(1.01773 0.000260761 0)
(1.31674 -0.798111 5.97446e-20)
(1.22419 0.545563 -3.16263e-21)
(1.122 -0.00983326 0)
(0.539458 -0.906168 0)
(0.899607 0.626537 0)
(1.03996 0.0181349 7.11845e-20)
(1.88594 -0.38283 0)
(1.05013 -0.0221718 2.82322e-21)
(-1.31217 0.126889 -2.95009e-19)
(0.00811214 -0.0262207 2.52166e-19)
(-0.420086 0.602143 -2.49132e-21)
(1.45407 0.374354 5.57921e-20)
(0.137221 -0.667567 5.728e-19)
(1.18167 0.466093 0)
(0.89902 -0.0842991 -5.24407e-21)
(1.02114 0.0180781 4.38907e-20)
(-0.0893702 -0.0209616 -1.55307e-19)
(0.882975 0.713709 -4.12313e-20)
(-0.0309248 -0.0566351 5.93415e-20)
(1.3259 -0.964521 -4.90956e-20)
(1.13597 0.0180558 2.2029e-20)
(1.07096 -0.00286744 1.42988e-21)
(0.759388 0.0577101 6.70577e-20)
(0.912058 0.018021 0)
(1.13414 -0.00285819 2.1847e-20)
(0.772118 -0.27862 -1.1574e-19)
(1.02246 -0.0546901 -3.90078e-20)
(2.15825 0.0706917 0)
(1.04538 0.0336869 1.74089e-19)
(0.515683 0.0693132 0)
(1.06547 4.67021e-06 2.98237e-21)
(0.411111 -0.451909 0)
(0.880538 0.338814 -1.70382e-19)
(1.21149 0.299601 -1.55019e-20)
(-0.0630547 -0.158346 -1.82944e-20)
(0.936224 0.0384218 -3.5164e-19)
(1.04062 0.0176812 0)
(1.09711 0.0234731 8.9314e-20)
(1.43758 -0.269427 0)
(1.87555 -0.399928 0)
(1.02023 -0.00140031 -3.07341e-20)
(0.992236 0.0507078 -1.49011e-19)
(1.65122 0.817985 -1.73068e-19)
(-0.21131 0.410669 0)
(1.03586 -0.00204689 8.57826e-23)
(0.921982 -0.741431 -9.60139e-20)
(0.646702 0.359631 0)
(1.06224 -0.0197288 -2.20276e-19)
(1.55716 -0.614963 4.38311e-20)
(0.487155 -0.175863 5.89299e-20)
(-0.178292 0.753588 2.47863e-19)
(-0.869532 -0.417383 2.18378e-20)
(-0.958031 0.27348 -2.24582e-19)
(-0.00811662 -0.0133926 3.40571e-19)
(1.11631 0.0249749 -6.85256e-21)
(0.453599 -0.556862 3.38504e-19)
(0.940248 -0.697305 1.68232e-19)
(1.06981 -0.881262 0)
(1.01115 0.01736 -3.6338e-19)
(0.756962 0.224127 -5.9193e-20)
(1.02605 -0.000503889 -1.3632e-19)
(-0.16599 -0.0756478 -1.09757e-19)
(-0.103605 -0.748942 3.82646e-19)
(1.02673 0.030733 -1.74309e-19)
(0.865775 -0.729274 -1.50954e-21)
(1.07467 -0.196318 -1.92044e-21)
(1.06114 -0.0101249 -2.92447e-19)
(1.69398 -0.00690264 0)
(-0.584687 0.298624 -1.46067e-19)
(-1.33649 -0.181366 -5.05513e-19)
(1.1379 -0.0241584 0)
(1.08191 0.0906257 0)
(1.06768 0.0338395 1.97119e-19)
(1.4564 0.804017 -7.78685e-20)
(1.21368 -0.0567148 -1.75071e-20)
(1.16527 0.634694 1.12994e-19)
(0.0796382 -0.76765 -3.81661e-20)
(1.0673 0.0188357 1.0145e-19)
(0.145975 -0.634912 -3.69386e-20)
(1.20804 0.15648 -2.79511e-19)
(0.0140488 0.307478 0)
(0.986181 -0.256574 -1.46906e-19)
(0.274811 -0.556906 3.95314e-20)
(1.35911 -0.551886 -1.07016e-19)
(1.03001 -0.0128487 -2.04029e-19)
(0.461702 0.445567 -1.09882e-19)
(1.38286 -0.543326 -3.15263e-19)
(-1.45921 -0.0327204 4.20678e-19)
(0.952317 0.0259256 -2.29409e-19)
(0.53088 0.0514085 -1.6401e-19)
(1.00502 -0.00536883 -1.70648e-19)
(0.812595 0.604442 -1.80529e-19)
(0.146664 -0.340169 3.74225e-20)
(0.443349 -0.425443 -1.11402e-20)
(0.122533 -0.034522 1.02628e-19)
(1.11504 -0.168096 -4.25175e-20)
(1.81979 -0.53572 0)
(1.08604 -0.843122 0)
(0.910163 -0.645336 -1.29339e-20)
(0.896117 0.050161 0)
(0.722243 -0.397462 1.52409e-19)
(-0.0543661 -0.0865714 0)
(1.77217 0.713774 1.74987e-19)
(1.02345 0.0185918 0)
(2.27393 -0.0222531 -8.33364e-20)
(1.07915 -0.393183 2.52078e-19)
(0.988529 -0.00722204 1.50445e-19)
(1.04807 0.0872364 -1.49716e-19)
(1.28145 -0.420863 1.40471e-19)
(1.01584 0.0233376 2.13097e-19)
(1.05524 0.0118946 0)
(0.987397 0.010456 1.74734e-19)
(1.06773 -0.00550558 5.02177e-23)
(1.08889 0.138859 -4.0719e-20)
(1.42829 1.0574 9.41695e-20)
(1.0195 -0.0193243 2.32424e-19)
(1.03 0.0560845 5.01165e-21)
(1.93073 0.617241 0)
(1.15018 0.278859 0)
(1.01082 -0.125127 -3.34346e-19)
(0.943446 0.229856 0)
(0.694388 0.435258 5.61967e-20)
(1.19931 -0.919357 0)
(0.50915 0.367064 0)
(0.630016 0.571549 -3.99556e-19)
(2.1589 0.158178 4.7446e-20)
(1.06307 -0.0233573 -9.73982e-20)
(-0.13163 0.375633 1.29116e-19)
(1.04058 0.063253 0)
(1.05967 -0.0319051 0)
(1.12658 -0.0827551 2.55717e-20)
(1.02621 0.42375 0)
(0.757571 0.481739 2.80388e-20)
(1.04397 -0.0122886 4.17515e-22)
(0.616 0.464201 1.10304e-19)
(1.1133 0.0365325 2.28823e-20)
(1.55308 -0.596561 -6.1597e-21)
(1.07284 0.0393603 1.3246e-19)
(1.0587 0.000539485 -1.45969e-19)
(1.13192 0.211159 1.50354e-19)
(1.01124 0.0243266 -3.44611e-19)
(0.30439 -0.323637 0)
(-0.668249 0.556841 -5.76306e-20)
(0.266518 -0.397892 1.44758e-21)
(0.892161 -0.131874 -1.94832e-19)
(2.04533 0.517777 0)
(0.919555 -0.282998 -6.6736e-20)
(-0.0771954 0.234992 1.42277e-19)
(1.92146 0.735662 -1.52755e-19)
(1.14224 0.203953 -1.32095e-20)
(1.07005 -0.0431284 -1.15191e-21)
(0.855789 0.713268 3.06402e-19)
(1.12662 0.087155 -2.71937e-21)
(1.08044 -0.0361511 0)
(1.02139 -0.0828656 -9.82244e-20)
(-0.255963 0.511606 1.35966e-19)
(1.83002 -0.242372 -1.36129e-19)
(2.2756 0.0655924 0)
(2.36952 -0.0508336 0)
(1.71834 0.27508 2.22129e-19)
(-0.0643672 0.16279 0)
(1.01786 0.0140544 -1.34267e-19)
(0.562639 -0.559751 0)
(1.00907 -0.0161958 9.90378e-20)
(0.65967 -0.31911 -1.77256e-19)
(0.955899 -0.0201517 3.28954e-19)
(1.85234 0.329438 9.10898e-20)
(1.04056 -0.0239362 -3.61731e-19)
(0.858425 0.0254907 4.24029e-20)
(2.22948 0.289578 -1.78625e-19)
(1.0712 -0.0472173 0)
(1.05058 -0.0155782 1.0703e-19)
(-0.811052 0.240109 -2.46146e-19)
(1.09289 0.00591554 -1.68382e-19)
(0.880376 0.637971 -3.47812e-19)
(1.04706 0.0374477 4.25397e-23)
(2.18907 -0.00296953 0)
(0.305288 -0.05719 4.38413e-19)
(1.35818 -0.867705 0)
(-1.40487 -0.00620939 1.60096e-19)
(-0.394698 -0.772251 2.73027e-19)
(1.08114 -0.896758 0)
(0.788309 0.0167315 8.73633e-20)
(-1.30223 0.186106 0)
(1.48518 0.576899 0)
(-0.00875957 -0.066839 1.69978e-19)
(0.865188 0.0979205 -1.96755e-19)
(0.80501 -0.398577 -9.04954e-20)
(0.940414 0.691484 -2.74584e-19)
(1.00414 0.0494262 -4.87537e-21)
(1.05175 -0.0375762 1.11141e-19)
(2.34277 0.100304 0)
(1.05983 -0.103844 -4.20495e-20)
(1.05427 -0.709129 4.77493e-19)
(1.03016 -0.0129692 2.25783e-19)
(1.08166 -0.015702 8.69921e-20)
(1.88655 0.360907 0)
(1.00706 -0.00659937 0)
(0.995645 0.865764 -2.16348e-20)
(1.05447 -0.0289835 -1.35911e-19)
(1.1686 -0.458391 -7.36067e-20)
(-0.771665 -0.252164 3.22226e-20)
(1.07169 0.00246657 0)
(1.05857 -0.00646567 0)
(1.10547 0.0233501 1.6485e-21)
(0.69301 0.290828 -1.99088e-19)
(1.0282 -0.0418518 -2.36659e-22)
(0.989599 0.069377 1.97075e-19)
(0.440556 0.232091 -1.25481e-19)
(1.34634 0.434485 0)
(0.785628 -0.00418936 6.18279e-23)
(1.10258 0.00983394 -9.15295e-20)
(0.641009 -0.0131983 0)
(0.816192 0.0059565 0)
(0.775865 0.00981406 3.72489e-22)
(0.648962 0.018145 2.78256e-22)
(0.772914 0.00413518 9.15701e-20)
(1.12644 -0.0107437 0)
(0.811604 -0.748484 0)
(0.271323 -0.608029 -3.21735e-20)
(1.01994 0.715644 -1.63909e-19)
(0.281594 0.0942085 -1.3617e-19)
(-0.121342 0.798814 1.41857e-20)
(1.93417 0.807499 2.73464e-19)
(0.996289 0.0303801 1.42231e-19)
(1.04922 -0.0620093 7.86381e-20)
(0.31699 -0.203795 -5.81071e-19)
(-0.0385726 0.00844834 0)
(0.886495 -0.564031 2.63678e-20)
(0.580761 -0.555405 -2.57701e-19)
(-0.635578 -0.606325 4.24862e-19)
(0.927502 0.114679 -1.4524e-19)
(0.978136 0.344258 2.81918e-19)
(1.03937 -0.0870866 1.15549e-21)
(1.03405 -0.00261659 -2.57586e-20)
(1.00339 -0.0177686 1.0561e-19)
(-1.1609 0.145016 -3.30919e-19)
(-0.0443149 -0.0943329 -1.82245e-19)
(-0.47791 -0.529683 0)
(1.17225 0.253899 1.01745e-19)
(1.08679 0.018752 0)
(0.0286724 -0.625823 -2.24248e-19)
(-0.124487 0.242903 -1.80885e-19)
(-0.125246 -0.441226 0)
(1.009 0.0112773 1.50376e-19)
(0.980093 -0.0326135 0)
(1.88916 0.504214 -2.09336e-19)
(-1.50525 -0.0753194 -9.35736e-21)
(0.984331 0.0037127 -3.13318e-19)
(0.951615 -0.791454 1.03477e-21)
(1.61133 0.405287 -1.94952e-21)
(0.529244 0.515343 0)
(0.766011 0.668317 1.30869e-19)
(1.01115 0.0550707 7.33307e-20)
(-0.455005 -0.693172 2.83348e-19)
(1.91639 0.244971 -5.68665e-21)
(-0.500174 -0.60503 -1.84589e-19)
(1.33577 0.446471 -3.76568e-19)
(1.38638 0.324629 4.83869e-19)
(1.1177 -0.830993 -1.08662e-21)
(0.128045 -0.12479 1.55322e-19)
(0.132097 0.128188 0)
(-0.184564 0.197956 0)
(-0.190284 -0.216032 1.05651e-19)
(0.998219 -0.000587362 -1.66805e-19)
(1.0101 -0.00154584 -1.40706e-19)
(-0.820322 0.385571 -2.43122e-19)
(1.67641 -0.495818 -2.89759e-20)
(1.34412 -1.01772 6.44839e-20)
(1.10664 0.747762 0)
(0.915402 0.0479737 -4.37636e-19)
(1.75084 -0.222579 -1.27584e-19)
(1.01546 -0.021422 -4.1744e-20)
(1.39268 -0.712462 2.16532e-20)
(-0.413634 -0.729242 0)
(2.40657 0.0925936 -4.50202e-20)
(-1.23496 0.107637 8.23891e-20)
(-0.168366 0.0352407 -3.71252e-19)
(1.05556 -0.0603718 1.50296e-19)
(-0.138923 -0.162643 0)
(1.77129 -0.0372751 -1.36925e-19)
(0.480764 0.283457 9.79003e-20)
(-0.121737 -0.144971 1.17913e-19)
(1.00891 -0.0217428 1.84999e-19)
(0.689798 0.335306 0)
(-0.147903 0.291813 1.70884e-19)
(0.445033 -0.434369 0)
(0.132666 -0.133016 -2.8718e-19)
(-0.109533 0.128145 1.30738e-19)
(0.136896 0.135352 1.41051e-19)
(-0.08839 -0.106122 -1.28422e-19)
(-0.275451 -0.75515 0)
(0.953674 0.293993 1.98205e-21)
(1.13264 0.041928 2.61578e-21)
(0.675814 -0.60791 1.84646e-19)
(1.00696 -0.0112198 0)
(-0.0737023 -0.089026 0)
(0.944537 -0.0705153 1.77252e-19)
(1.47995 -0.704102 -4.69673e-21)
(-0.835717 0.151963 -4.73953e-19)
(0.970922 0.0519652 -1.97159e-19)
(0.620232 -0.566632 3.30276e-19)
(1.35266 -0.683538 -1.26125e-19)
(-0.644986 -0.469348 -6.48707e-19)
(1.08522 0.0808185 0)
(1.01864 -0.000896397 -2.13634e-19)
(-0.0252762 -0.0369745 0)
(-0.0847028 -0.552915 -4.41388e-19)
(0.148155 0.147509 1.35391e-19)
(-0.0583175 -0.0767727 0)
(1.11568 0.10855 -1.26968e-19)
(1.08859 -0.0607443 0)
(1.07933 -0.0931722 0)
(-0.176121 -0.0670178 1.6678e-19)
(-0.0380386 0.503143 -1.66942e-19)
(-0.00527696 -0.010745 -1.21685e-19)
(-0.138549 0.15865 1.25094e-19)
(0.122982 0.112181 0)
(0.971466 -0.0918001 -2.18137e-19)
(0.13392 -0.134502 -1.42299e-19)
(0.142383 0.137944 -2.67434e-19)
(0.200258 0.193564 9.63196e-20)
(0.953937 0.0250049 5.26805e-19)
(0.184262 0.175776 -1.07197e-19)
(-0.000664336 -0.00583576 1.15317e-19)
(0.147022 0.147549 -2.52225e-19)
(0.182878 -0.182139 -2.17739e-19)
(-0.0517015 0.0653474 0)
(-0.0349015 -0.0467174 2.56731e-19)
(-0.887139 0.231415 5.98756e-19)
(0.151962 0.148674 0)
(1.15798 -0.839331 0)
(-0.231838 -0.757042 0)
(1.11937 0.00627521 6.15565e-21)
(0.218768 0.215279 2.35564e-21)
(-0.0560054 0.0638734 -7.68654e-20)
(-0.198213 0.191073 1.06136e-19)
(0.1926 0.18737 -1.02318e-19)
(0.153282 -0.148383 0)
(-0.0110302 -0.0158553 1.29012e-19)
(-0.0164907 0.0248265 3.44711e-22)
(-0.273385 -0.79436 -2.46657e-19)
(1.06986 -0.00235782 -2.64929e-21)
(-0.564338 -0.409797 4.13502e-19)
(-0.0929689 0.112348 -1.2843e-19)
(0.00408776 -0.00188461 0)
(0.216334 0.215689 0)
(0.169955 -0.168818 -4.9242e-20)
(-0.00110086 0.00514501 -1.26994e-19)
(2.23937 0.527999 2.81995e-19)
(1.46716 -0.584063 -4.86848e-19)
(0.199402 0.202538 1.77206e-19)
(-0.254124 -0.368987 9.8237e-20)
(-0.157928 0.176234 1.23886e-19)
(0.00703344 0.00340035 -3.37508e-19)
(0.201822 -0.200713 1.84211e-19)
(0.00185512 -0.495272 3.48491e-20)
(-0.0262775 0.0363145 0)
(0.133599 -0.131643 -2.96447e-19)
(0.996062 -0.0762648 0)
(1.49793 -0.343554 0)
(0.554803 -0.491657 -3.10187e-19)
(1.10772 -0.016902 1.54725e-20)
(0.176159 -0.169404 1.02328e-19)
(1.00739 0.0204004 1.45181e-19)
(0.871197 -0.0977161 2.10912e-19)
(0.401682 -0.388986 4.32305e-19)
(1.12259 0.0627505 5.69299e-21)
(0.224884 0.213271 6.78331e-20)
(0.841626 0.572529 0)
(0.614511 -0.535217 1.29819e-20)
(0.00917619 0.00710117 1.10551e-19)
(0.413918 0.0715136 1.84225e-20)
(1.04906 -0.133275 6.31674e-20)
(1.06394 -0.246045 0)
(0.932191 -0.119582 5.18693e-19)
(-0.0380818 0.0501951 0)
(0.99474 -0.202945 0)
(1.13302 -0.200777 1.3925e-19)
(1.14521 0.354636 1.56668e-19)
(1.08856 0.00356074 0)
(-0.825862 0.0353048 3.64101e-19)
(-1.4857 -0.058025 2.52928e-20)
(1.04415 0.0056797 -2.04166e-19)
(-0.0883077 -0.33479 0)
(1.16419 -0.186243 0)
(1.17885 0.0438085 0)
(0.113091 0.111713 3.65431e-19)
(0.00907709 0.0084896 0)
(0.194948 0.185406 8.25267e-20)
(0.168685 -0.15527 0)
(0.00563712 -0.00346607 -1.25013e-19)
(0.00792769 0.00799574 0)
(1.11752 0.321936 3.44209e-19)
(0.836154 -0.421715 -4.31933e-19)
(0.00405886 -0.00142127 1.62898e-22)
(-0.0949164 -0.0576504 -3.07262e-19)
(0.251705 -0.242693 0)
(0.244809 0.23278 0)
(-1.12769 -0.202275 4.28946e-19)
(0.942328 0.0568727 3.58856e-21)
(1.08712 -0.359971 -1.48009e-19)
(0.00186299 0.00206704 3.73501e-19)
(-0.17289 0.101033 1.81975e-19)
(1.05434 0.155495 1.89964e-19)
(-0.046562 0.173229 0)
(0.00808964 0.00901589 -2.15076e-22)
(-0.162205 -0.792379 1.44791e-20)
(-0.0775902 -0.00256462 0)
(2.2453 -0.0616338 -2.06866e-19)
(1.02581 0.159332 0)
(1.00317 -0.070759 2.49627e-19)
(-0.922735 0.487685 0)
(0.228362 -0.212331 -3.70216e-21)
(1.00206 -0.0208212 1.2835e-19)
(0.562237 0.174342 3.28249e-19)
(1.3479 -0.768628 1.01968e-19)
(0.310344 0.290372 1.85872e-22)
(1.64422 0.528462 0)
(0.943522 -0.570606 5.41811e-20)
(1.80438 -0.913129 2.22678e-19)
(0.00816986 -0.00616385 2.42803e-19)
(1.52028 -0.763442 1.41923e-20)
(2.37877 0.44978 1.37741e-19)
(0.00889196 -0.00733571 -7.1617e-20)
(1.03147 0.0359398 1.8571e-19)
(-0.0967091 0.36888 -2.51208e-19)
(0.335709 0.31268 0)
(0.00548631 0.0078926 0)
(0.258716 0.245133 5.4982e-20)
(0.293607 -0.273562 -1.5405e-19)
(0.014146 -0.0116335 2.55133e-19)
(1.06142 -0.753998 -5.07227e-20)
(1.42712 0.604641 2.0371e-19)
(0.331243 -0.315444 0)
(0.0134157 -0.0150022 0)
(0.277961 0.263577 0)
(0.0108486 0.0224995 -1.47678e-19)
(0.271334 -0.268612 0)
(-0.0107917 0.00097 -1.92742e-19)
(0.297508 0.280334 -3.08875e-20)
(0.00389506 -0.0139121 0)
(0.254513 -0.249352 0)
(-0.205751 -0.419204 0)
(-0.0181474 -0.000584639 0)
(-0.0397174 0.0219073 -7.28418e-20)
(-0.0816722 -0.191505 0)
(1.00905 0.00431006 1.97172e-19)
(0.464151 -0.435157 1.37784e-20)
(-0.08849 0.0580381 -1.26025e-19)
(-0.040205 -0.0290433 3.57421e-19)
(0.374165 0.343951 1.6036e-20)
(1.66359 0.395421 0)
(-0.161617 0.298753 0)
(-0.0948152 -0.269944 3.02065e-20)
(-0.132839 0.105155 0)
(0.358798 -0.337343 0)
(-0.058289 -0.0441283 0)
(0.423728 0.384469 0)
(-0.0899395 -0.0735328 2.18181e-19)
(0.500788 0.464223 9.01901e-20)
(-0.165363 0.156601 -5.54731e-19)
(0.5326 -0.491955 -1.12266e-19)
(1.13921 0.146176 0)
(0.972054 0.0409598 -2.92522e-21)
(-0.713658 0.0277449 -4.28619e-19)
(1.04022 0.070905 -1.79798e-19)
(1.50123 -0.0721218 0)
(1.01882 0.0710896 -2.86457e-21)
(1.34851 -0.496242 9.81839e-20)
(0.962427 0.0138815 0)
(0.235652 0.42205 7.88905e-19)
(-1.41593 0.0847488 7.00165e-21)
(-0.0269743 -0.0184096 -2.84684e-22)
(-1.3884 -0.0279063 0)
(1.09709 -0.172644 -1.71598e-19)
(0.372996 0.232085 3.54584e-19)
(1.57741 0.438367 -7.61391e-20)
(1.22122 0.206963 -5.52453e-21)
(1.54352 -0.736632 -3.10193e-21)
(-0.426372 -0.528537 -1.04608e-19)
(1.95655 0.238503 2.89214e-20)
(1.86343 -0.717992 2.15615e-19)
(1.04507 0.103988 -2.40858e-20)
(-0.634586 0.275032 2.21238e-19)
(1.08737 -0.0184294 0)
(2.37418 -0.205684 -2.95074e-20)
(0.139613 0.104097 -2.88549e-21)
(1.29774 -0.260516 0)
(0.120762 -0.111425 -4.9499e-19)
(-0.00999149 0.0155788 0)
(0.508081 -0.470621 0)
(1.95343 0.635788 -1.26387e-19)
(0.892533 -0.428126 0)
(2.24049 -0.0252334 2.49e-19)
(-0.0141833 -0.007807 1.97707e-19)
(0.256386 -0.260531 7.00776e-20)
(1.0204 -0.0606081 0)
(-0.282811 -0.265666 0)
(-0.0458647 1.91182e-05 1.65055e-19)
(-0.098885 -0.135535 2.35073e-19)
(1.01029 0.254659 -1.68636e-19)
(0.640698 0.500895 -5.60297e-19)
(1.0348 0.0143681 -6.81631e-21)
(2.38854 -0.0030568 0)
(-0.126561 -0.710776 2.60685e-19)
(-0.0563249 -0.0997322 0)
(0.641029 0.101114 2.77122e-19)
(0.954259 0.167846 -3.81024e-20)
(0.668039 -0.570567 -1.54289e-19)
(0.986272 0.136015 2.65666e-19)
(1.00426 0.0160635 0)
(1.15964 0.0875655 1.24952e-20)
(2.05334 -0.191931 0)
(0.541163 0.495125 0)
(0.953842 0.11461 0)
(-0.439553 -0.451143 -4.38461e-20)
(0.329717 0.272179 2.03269e-19)
(-0.155187 0.624139 0)
(1.10259 0.0770078 1.12875e-19)
(1.0146 -0.222084 0)
(0.519537 0.00789739 1.34075e-19)
(0.363197 -0.141509 1.79048e-19)
(-0.0999872 0.692843 3.66296e-19)
(0.708013 -0.496552 -4.77563e-19)
(0.967357 -0.0256069 1.99167e-21)
(1.47079 -0.586702 9.48825e-20)
(1.53464 -1.04411 -3.09572e-20)
(0.0803329 0.0497808 1.79733e-19)
(1.58776 0.583002 0)
(-0.49428 0.572464 0)
(-0.180044 0.385881 0)
(1.38225 -0.123333 1.19282e-19)
(-1.39903 -0.00322123 -1.61112e-19)
(0.274615 -0.253906 -1.41334e-19)
(2.1245 0.328369 7.99073e-20)
(0.823181 0.530027 -5.50297e-20)
(0.828946 0.274565 4.8038e-21)
(0.944456 0.231992 5.19307e-20)
(1.75552 0.0895982 -8.40945e-20)
(-0.0821759 -0.408136 1.17509e-19)
(-0.823576 -0.454592 0)
(0.913755 0.000826562 0)
(-0.753863 -0.377049 1.81516e-19)
(0.159297 0.157611 0)
(1.98763 0.51121 0)
(-1.06011 -0.104146 1.64494e-19)
(0.560219 0.479125 -1.84258e-19)
(0.468208 -0.376319 2.49093e-19)
(-0.270535 0.0569773 0)
(1.41406 0.939805 -3.81606e-21)
(1.05294 0.00951057 0)
(-1.07924 -0.264441 -8.54963e-19)
(-1.0355 0.228112 -2.70796e-19)
(1.25415 -0.391457 6.19251e-20)
(0.461872 0.43141 4.18253e-19)
(0.720502 -0.22069 1.81658e-19)
(-0.465783 0.643842 0)
(1.12337 0.063794 1.18396e-19)
(1.02324 0.581605 -7.00269e-20)
(-0.17877 -0.00747629 0)
(0.693091 -0.24253 0)
(1.33016 0.859157 2.45525e-20)
(-0.00532728 0.0105012 -2.52548e-19)
(1.47647 -0.568535 -7.81356e-20)
(1.03524 -0.0346221 0)
(1.0588 0.0520627 -7.33597e-22)
(0.782485 0.452553 0)
(-0.585837 -0.251628 -2.47866e-19)
(1.29532 0.927753 -3.107e-20)
(1.08171 -0.0411483 4.27596e-21)
(1.12762 -0.00219571 8.49616e-21)
(-0.406999 -0.122004 -4.09323e-21)
(-0.141211 -0.30235 -1.23762e-19)
(1.02593 0.0774554 1.83815e-19)
(-0.158774 -0.0181957 0)
(0.968781 0.192455 2.58121e-21)
(1.74871 0.43762 -3.8955e-20)
(1.4891 -0.841625 3.73372e-20)
(1.24948 -0.299274 -8.93928e-20)
(1.63685 -0.30591 2.40731e-20)
(-0.233147 -0.0416018 6.72244e-20)
(0.618385 0.555783 1.93944e-19)
(0.142993 -0.0775886 2.63996e-19)
(0.947543 -0.0663026 -8.00879e-21)
(1.07678 -0.0254048 -9.03828e-22)
(2.17779 -0.0872344 8.99405e-20)
(0.902479 0.613265 1.0025e-19)
(-0.49175 -0.230863 9.65238e-19)
(1.52274 0.0502356 -2.74999e-19)
(0.969872 0.264627 -1.12562e-19)
(-0.663319 -0.532859 -1.59272e-19)
(-0.337025 0.524992 0)
(0.995669 0.000889926 4.1252e-19)
(0.739703 -0.274944 0)
(0.885129 0.573914 -1.05158e-19)
(1.0561 -0.0262473 1.64155e-21)
(-0.105151 -0.487357 -1.74242e-20)
(1.85739 -0.418356 0)
(1.14459 -0.361556 0)
(1.48864 -0.278243 1.21569e-19)
(1.18389 -0.239813 4.00479e-19)
(1.06405 -0.31418 0)
(-0.173311 -0.686119 -2.53922e-19)
(0.917665 -0.0757157 -2.00991e-19)
(0.738994 -0.621864 -5.69566e-20)
(-0.96264 -0.267748 3.6347e-19)
(-0.251999 -0.309006 -1.15977e-19)
(-0.0876556 -0.00424956 -2.63099e-19)
(0.115196 -0.0621424 -1.59984e-19)
(-1.1913 -0.251037 8.81178e-21)
(0.819603 -0.294032 -1.18881e-19)
(1.08392 -0.0273902 -3.40002e-21)
(0.662646 0.0123466 0)
(0.800771 0.126276 2.50933e-19)
(1.19654 -0.363674 4.10225e-21)
(0.986901 -0.122227 -5.22602e-21)
(0.599745 0.533513 1.41393e-19)
(1.87745 0.186265 -2.20735e-20)
(1.83524 -0.621188 1.03702e-19)
(1.06531 -0.0317468 3.26942e-20)
(0.820267 -0.378743 1.19225e-19)
(0.493711 -0.196283 0)
(-0.218339 -0.26235 1.19954e-19)
(0.960078 0.0988101 1.24433e-19)
(1.11195 0.711538 6.60322e-20)
(-0.178349 -0.217453 2.57297e-19)
(1.03253 -0.603143 2.20809e-19)
(0.120952 -0.10953 0)
(1.81952 0.899756 0)
(0.238225 0.23332 2.83157e-19)
(1.60065 0.584792 0)
(-0.300373 0.328024 0)
(0.963737 -0.615243 -1.95559e-19)
(-0.148151 -0.178119 3.8584e-19)
(-0.0852492 -0.0561714 1.86346e-19)
(1.07686 -0.0357801 3.87054e-20)
(1.58874 1.06743 -2.85807e-23)
(0.944493 -0.0291635 -1.40145e-19)
(0.122657 -0.119778 7.15752e-20)
(1.04385 0.150406 -1.32693e-19)
(-0.275249 0.317462 3.63016e-19)
(1.04992 0.365149 0)
(0.241713 0.241436 -1.42201e-19)
(-0.796851 0.404785 2.21704e-19)
(1.94588 0.354769 0)
(-1.0644 -0.31079 -2.37272e-19)
(0.0176166 0.067162 1.60844e-19)
(-0.905974 -0.36307 0)
(-0.00584076 0.00814883 -5.53948e-20)
(0.220385 -0.218036 0)
(0.982347 -0.7089 0)
(-0.211718 0.251253 2.61675e-19)
(0.549773 -0.520724 3.63387e-19)
(-0.122421 -0.150501 -2.34492e-19)
(-0.708847 -0.247817 -2.21602e-19)
(0.230044 -0.231665 -1.44763e-19)
(0.248862 0.244254 4.14546e-19)
(0.0899987 0.0569261 -3.91606e-19)
(-0.959285 -0.298074 -1.90766e-19)
(0.000849575 0.00486718 0)
(-0.139486 -0.601738 2.08389e-19)
(1.03269 -0.141227 -2.56215e-19)
(-0.181044 0.214749 1.25326e-19)
(1.58418 -0.516794 2.35021e-21)
(1.46674 0.194435 0)
(2.16699 0.26338 -3.0216e-20)
(0.938848 -0.0318957 0)
(-0.0685168 -0.0807851 0)
(0.215227 0.216994 0)
(0.966757 0.0739484 0)
(1.08646 -0.248436 0)
(0.983463 0.114834 -2.45737e-19)
(0.242842 0.242756 -1.35859e-19)
(-1.15934 -0.115044 -2.32788e-19)
(-0.0866827 -0.111946 2.59024e-19)
(0.967174 -0.18263 1.32837e-19)
(0.757427 -0.36232 0)
(-0.357325 0.0672076 -2.62847e-19)
(1.01127 -0.0338134 -1.6434e-19)
(-1.41772 -0.127583 7.44081e-19)
(-0.0108135 -0.0188245 0)
(-0.09318 -0.124083 -1.40766e-19)
(0.290856 0.271695 -1.32403e-21)
(0.261855 0.249589 0)
(-0.021703 -0.0298907 1.26989e-19)
(-0.531375 0.650648 2.68963e-19)
(1.28271 -0.48957 1.27191e-19)
(1.73323 -0.405931 1.60165e-20)
(1.16452 0.27862 -4.75542e-19)
(1.04097 0.0514501 0)
(0.341704 0.332722 -1.81873e-19)
(-1.35445 -0.0529592 4.05669e-19)
(0.323153 0.313823 -3.05717e-19)
(0.31757 0.308382 9.85731e-20)
(0.747146 -0.543256 0)
(-0.116357 0.138315 7.19386e-20)
(-0.247447 0.286678 0)
(-0.00256107 -0.00848806 3.15621e-19)
(-0.0728063 -0.101259 2.82597e-19)
(0.480681 -0.367276 5.30097e-19)
(1.1565 -0.313533 7.60524e-21)
(0.34945 0.348975 0)
(-0.141481 0.160118 3.09183e-19)
(0.22554 -0.229069 2.95899e-19)
(1.19006 0.14284 -3.85274e-21)
(0.345045 0.345425 0)
(1.01563 0.336182 -8.41421e-21)
(-0.468314 0.429297 -3.906e-20)
(1.88387 0.48395 4.33631e-20)
(0.00525309 -0.00122558 0)
(1.20512 0.774432 0)
(-0.048037 0.0599851 -3.86709e-19)
(0.319095 -0.320571 -2.09336e-19)
(0.256534 -0.228989 1.50575e-20)
(1.96112 0.307873 -5.7219e-20)
(1.0918 0.340484 -9.5676e-20)
(0.295373 -0.286858 -2.14802e-19)
(1.04786 -0.0215382 2.77732e-19)
(1.01177 0.0840247 0)
(1.02596 0.00874587 -2.29801e-22)
(1.05516 0.0159067 9.92122e-20)
(0.993675 0.0107034 -4.67592e-22)
(1.37151 -0.496475 0)
(1.19121 0.180647 -8.3094e-20)
(1.97108 0.467836 -2.52179e-19)
(-0.0894466 0.112684 0)
(-0.170846 0.107593 4.37692e-19)
(1.76436 0.531551 0)
(0.99623 0.00160928 4.39356e-20)
(0.318682 -0.307597 -9.92375e-20)
(1.00954 0.00933763 4.52704e-19)
(1.14533 -0.289183 0)
(1.14562 -0.882474 0)
(0.0099837 0.00748892 1.13273e-19)
(0.0613151 0.0190247 0)
(1.06575 -0.0243373 5.81744e-20)
(0.541146 0.426371 5.10521e-20)
(0.709734 -0.0092143 -3.72337e-19)
(-0.0678215 0.0833026 0)
(-0.630729 -0.0351505 2.39845e-19)
(-1.24688 -0.117027 0)
(1.86374 0.812046 0)
(-0.00449923 0.010865 0)
(-0.0216059 0.00294653 1.11707e-19)
(1.7245 0.776617 -8.46261e-20)
(1.02646 0.0649519 0)
(-0.304085 0.297966 1.03856e-19)
(-0.0042671 0.00760313 0)
(1.07988 -0.0248181 0)
(1.57936 -0.794486 -3.90095e-20)
(0.395886 0.372074 1.40344e-19)
(-0.0947954 0.312448 -1.88191e-19)
(0.0137185 0.012416 -1.19702e-19)
(0.674121 -0.497157 -3.22812e-19)
(1.04179 0.273803 0)
(0.393534 0.0100466 1.35434e-19)
(1.07303 -0.0152517 0)
(0.894027 -0.0532533 2.74757e-19)
(0.236215 0.11333 -1.40493e-19)
(0.416384 0.393796 -6.734e-20)
(0.744633 0.264114 1.5551e-19)
(-0.413634 0.660469 2.67769e-19)
(1.10875 -0.0708721 1.01991e-21)
(0.206862 -0.204783 1.61966e-19)
(0.0148002 0.0144878 2.68229e-19)
(1.45866 -0.456309 -5.57904e-20)
(-0.030951 0.0417933 1.28967e-19)
(-0.0111944 -0.0147191 0)
(-0.109897 -0.122649 -1.06928e-19)
(0.00544066 -0.0039922 1.26566e-19)
(1.01144 -0.187703 0)
(0.384663 -0.352891 9.62737e-20)
(0.265451 0.260625 1.22767e-19)
(0.2581 0.258706 -2.69504e-19)
(1.06123 -0.00317623 0)
(0.352538 -0.351753 -1.69863e-19)
(1.71707 0.485934 0)
(1.07074 -0.0181203 -3.3442e-21)
(0.0142753 0.0147713 1.32281e-19)
(0.899827 -0.0355594 0)
(0.607737 0.572356 -1.39354e-19)
(1.01563 -0.0146266 -2.04143e-19)
(1.09233 -0.0161461 -1.00027e-19)
(0.816902 -0.00220212 -6.97669e-22)
(0.803065 -0.00277089 3.60762e-22)
(1.04622 0.0188333 -2.70927e-19)
(2.21178 0.129027 -6.79852e-20)
(-0.160093 -0.0182654 1.82583e-19)
(0.00225802 0.00236117 -2.52333e-19)
(-0.0917951 -0.00112735 -2.45772e-19)
(1.30063 -0.366609 5.87604e-20)
(0.0110958 -0.00753732 7.77874e-23)
(1.09731 -0.00542026 -1.16639e-19)
(0.41523 -0.40216 5.9686e-20)
(0.0119011 -0.00172045 3.30282e-19)
(0.234219 -0.224508 0)
(-0.280054 0.490397 5.07593e-22)
(1.62765 1.003 0)
(0.855055 0.0142266 -1.10428e-19)
(-0.513243 -0.133206 -2.17498e-19)
(-0.738238 -0.412784 -2.10942e-19)
(1.04065 -0.0481398 0)
(0.442328 0.416302 -1.71261e-19)
(-0.0102582 0.0172219 1.30442e-19)
(0.674751 0.536722 -3.35271e-19)
(0.555904 0.540533 -9.17551e-20)
(1.05073 -0.0338096 0)
(1.12577 0.0172281 9.70685e-21)
(1.717 -0.363397 6.04383e-21)
(0.13576 0.0909849 0)
(0.0111338 0.0135128 -1.15008e-19)
(1.11551 -0.356098 -8.24122e-21)
(0.366823 0.538535 4.56462e-19)
(1.80229 -0.41563 9.6293e-21)
(0.462838 -0.424636 -1.19471e-19)
(-1.09963 -0.25335 1.75303e-19)
(0.0140386 -0.0125974 -1.44796e-19)
(0.532429 0.445962 -2.85949e-19)
(0.583597 0.533761 -5.19113e-20)
(0.536074 0.496927 6.24021e-21)
(0.0209903 -0.0153553 6.83213e-20)
(-0.0420603 -0.0482414 -1.62394e-19)
(1.00275 0.0193779 1.34199e-19)
(0.26446 -0.25521 0)
(0.469948 0.441808 0)
(0.493584 -0.462465 9.85438e-20)
(0.0246219 -0.0225505 -2.54736e-19)
(-0.401469 -0.459895 -6.19238e-20)
(1.85728 -0.305054 2.3583e-20)
(0.50402 0.467703 0)
(0.471846 -0.469179 0)
(0.0172652 -0.0239726 0)
(1.12261 0.0479641 6.50361e-20)
(0.649269 0.581248 0)
(-0.0120963 -0.0160575 2.5339e-19)
(0.212284 0.210689 -5.40761e-19)
(-0.0486587 0.0152294 7.15792e-20)
(1.57845 -0.0322179 3.01573e-19)
(-0.0291919 -0.0374585 -1.69705e-19)
(1.20292 0.48504 -2.15171e-19)
(0.145583 -0.127527 -2.25482e-19)
(-0.111662 0.0521107 4.22412e-19)
(-0.377398 0.453066 -3.61954e-19)
(-0.0841657 -0.0560303 -2.47668e-19)
(0.68083 -0.643051 0)
(-0.170879 0.112926 -2.48367e-19)
(0.737119 0.641152 0)
(-0.451726 0.421049 1.02016e-19)
(0.975451 -0.0331427 -9.89472e-22)
(0.72959 0.403795 -3.00129e-20)
(-0.215489 0.15317 1.27233e-19)
(0.838118 -0.693814 0)
(-0.118227 -0.0747512 2.34327e-19)
(0.858444 0.719763 -4.68302e-20)
(0.377811 0.358131 -2.09898e-19)
(0.359261 -0.264908 4.21622e-19)
(0.537007 0.472285 1.38092e-19)
(1.00567 0.000812434 0)
(0.476141 0.446413 0)
(1.78348 0.475222 0)
(1.02073 -0.00793497 0)
(-0.19281 0.2654 -1.13539e-19)
(0.733852 -0.594769 3.40184e-19)
(-0.0594281 -0.0397455 -3.76602e-22)
(1.09218 -0.233012 2.43005e-19)
(0.406268 -0.377382 2.12728e-19)
(2.38014 -0.146896 0)
(1.37717 -0.375138 0)
(0.341896 0.222358 -6.7711e-19)
(0.433464 -0.135708 0)
(1.79782 0.319867 -1.75791e-20)
(0.548315 -0.180469 -1.90434e-20)
(0.710542 0.65788 1.63255e-19)
(1.17559 0.257592 7.76673e-20)
(-0.0217355 0.0264315 0)
(-0.110342 0.159496 1.16069e-19)
(-0.0268603 -0.00673919 0)
(0.612035 0.445772 5.99351e-19)
(0.631734 -0.0103568 1.65117e-21)
(0.723889 0.361416 0)
(1.04563 0.00418662 1.26516e-19)
(1.33368 -0.26158 1.00629e-19)
(1.00189 -0.0101387 -4.38618e-22)
(0.297647 -0.278827 1.26558e-19)
(0.308737 0.304277 0)
(-0.0565836 -0.0707545 0)
(-0.12443 -0.612009 7.26724e-20)
(1.52675 0.209874 5.05551e-20)
(1.08485 0.00800832 4.09681e-21)
(0.137601 0.128591 0)
(1.03386 -0.0157635 4.29786e-19)
(1.40977 -0.99199 3.17719e-20)
(-0.177099 0.508365 4.24749e-19)
(-0.07833 -0.0979809 -3.70624e-19)
(0.815159 -0.516086 2.3394e-19)
(-0.0365025 -0.0257059 2.049e-19)
(2.00246 -0.613221 0)
(0.351623 -0.315942 -2.70695e-19)
(1.05272 -0.024818 -4.96826e-20)
(1.00578 0.00185432 -1.83411e-19)
(0.938272 0.000429656 -1.82281e-21)
(0.957682 0.00635624 1.57277e-22)
(1.03327 0.028491 -1.46098e-19)
(1.68775 0.608568 0)
(0.00935483 0.0194592 -1.86106e-19)
(0.717923 0.392809 -1.08821e-18)
(-0.404659 -0.514707 8.45243e-20)
(0.339126 0.319083 -1.03185e-19)
(-0.0164495 0.0338923 0)
(0.0350408 -0.00133377 0)
(1.69664 -0.803113 -1.17288e-19)
(1.01216 0.0970893 1.37107e-20)
(0.401066 -0.490794 4.12813e-19)
(-0.0812834 -0.13262 -2.25761e-19)
(1.00685 0.0135404 -3.60726e-22)
(0.720317 -0.680301 -4.92958e-20)
(1.17724 -0.058231 1.49257e-20)
(1.02018 -0.0118869 -6.8635e-20)
(0.00469467 0.00926125 0)
(0.962151 0.653706 3.01717e-19)
(0.769116 -0.216186 0)
(0.372115 -0.344624 0)
(-0.00865975 0.0036014 2.1929e-19)
(1.04348 -0.0222827 2.33772e-19)
(0.497108 -0.466097 0)
(0.797072 0.728074 4.87726e-21)
(-0.896518 -0.173617 -1.91716e-19)
(0.00661552 0.00445871 1.17805e-19)
(0.325408 0.151848 1.91197e-19)
(1.44206 -0.244969 -2.24288e-20)
(1.922 0.1259 -4.40549e-19)
(1.64666 -0.273933 -2.64448e-21)
(0.96834 0.578718 1.02547e-19)
(1.02776 0.21596 1.54284e-19)
(-0.468258 -0.521131 -6.4037e-20)
(-0.879821 -0.297856 3.51644e-19)
(1.05005 -0.025927 0)
(0.516 0.228515 1.68914e-19)
(1.26646 -0.460938 1.24895e-19)
(-0.491617 0.594637 0)
(1.06849 -0.0327043 -3.26376e-21)
(1.02921 -0.00257432 3.01479e-20)
(-0.662506 0.565042 0)
(1.02985 0.124938 -1.2574e-20)
(0.642963 -0.215503 0)
(0.543724 -0.521319 -3.89179e-20)
(1.01032 0.195426 1.66816e-19)
(0.826936 0.455085 2.15496e-19)
(0.76895 0.413557 3.13297e-20)
(1.01583 -0.00234981 0)
(-1.24201 -0.12172 -2.40242e-19)
(1.55856 -0.990735 1.01396e-19)
(1.02944 0.800811 5.97121e-20)
(-0.138361 -0.122248 1.86101e-19)
(1.80168 -0.271463 1.38324e-19)
(0.0366896 -0.0336435 1.08274e-19)
(0.817803 0.274551 0)
(0.84762 0.497199 0)
(-0.246783 -0.329643 2.17714e-19)
(1.02779 -0.166127 0)
(-0.477834 0.147113 -1.16739e-20)
(1.07946 -0.0522475 6.99156e-20)
(-0.0257149 -0.0378913 9.95139e-22)
(1.22885 0.247118 2.72139e-20)
(1.36558 -0.382542 -4.55314e-21)
(0.785826 -0.411575 0)
(1.04203 0.00326163 -3.50565e-19)
(0.764813 0.688454 1.35463e-19)
(0.613652 0.569977 -9.23393e-19)
(1.07791 -0.834985 8.13762e-20)
(0.583206 0.070143 3.58642e-21)
(0.66832 -0.470731 -3.46562e-19)
(1.0926 -0.501805 4.38677e-21)
(0.655426 -0.187602 1.65029e-19)
(-0.5372 0.616449 0)
(0.578505 0.169103 0)
(0.950008 -0.0675518 -2.58495e-19)
(1.08642 0.625896 0)
(0.845116 -0.343908 2.57008e-19)
(-0.748933 -0.461758 0)
(1.48304 0.41936 5.9112e-20)
(0.00612917 -0.139176 -1.36789e-19)
(1.82894 0.760442 0)
(-0.295269 -0.413422 0)
(2.19383 0.314829 1.19925e-19)
(-1.18482 0.212336 0)
(0.142832 -0.182237 -5.48067e-19)
(0.939646 0.61663 -1.0093e-19)
(2.06936 -0.351816 -2.26443e-20)
(0.199685 -0.17912 1.46328e-19)
(-0.208658 0.154242 1.42978e-19)
(1.90111 -0.430278 0)
(0.132326 -0.136276 -2.34396e-19)
(0.0248821 -0.0459212 0)
(1.0664 -0.172046 -1.06852e-19)
(-0.0294865 -0.15894 -3.46065e-19)
(-0.894228 -0.424351 3.45391e-19)
(0.751074 -0.165006 7.114e-20)
(1.93588 -0.241281 6.2361e-20)
(0.433756 0.417448 0)
(0.694411 -0.294451 -8.16573e-20)
(-0.196738 0.424245 7.9667e-19)
(1.82377 0.627858 0)
(1.0527 0.59061 0)
(-0.115403 -0.0751729 -1.9535e-19)
(1.44109 -0.292341 -1.60841e-19)
(0.87389 -0.239275 -8.87291e-20)
(1.68743 0.147147 7.22743e-19)
(1.8994 -0.586818 -1.62557e-19)
(1.16353 0.377657 -2.71301e-19)
(1.08138 0.663936 -1.42886e-19)
(1.94648 -0.433707 7.66963e-20)
(-0.273892 -0.341781 -1.4356e-19)
(1.03317 0.0121938 2.4879e-19)
(1.64705 0.199169 9.7876e-21)
(1.40498 0.301184 -3.8575e-19)
(1.01862 0.0564285 6.92917e-21)
(-0.604602 0.0581437 1.54475e-19)
(-1.60048 0.0945648 0)
(-0.711141 0.497576 0)
(0.676735 0.224577 0)
(1.82026 -0.24971 1.20657e-19)
(-0.400956 -0.571736 -2.47077e-19)
(0.493214 0.400434 0)
(0.0188062 0.0112273 1.26821e-19)
(1.59307 -0.365446 -2.81541e-20)
(-0.102038 -0.0628492 -1.98916e-19)
(1.0257 0.688226 1.78052e-19)
(1.08649 0.295488 1.35292e-19)
(-0.785689 -0.172036 1.05189e-19)
(0.896643 0.796522 -1.50687e-19)
(1.21328 -0.274774 5.89964e-20)
(0.949682 0.00821659 -2.34971e-19)
(1.07033 -0.049315 -8.48862e-20)
(0.776922 0.29744 0)
(0.145196 -0.0596778 0)
(1.15134 -0.148015 4.86528e-20)
(1.37502 -0.309383 -1.11916e-19)
(-1.13775 0.279364 -1.41431e-20)
(1.04982 0.25373 1.74529e-19)
(1.30307 1.04225 0)
(0.711236 0.219825 -1.48769e-19)
(0.435456 -0.191701 -7.81442e-20)
(0.747721 -0.303989 3.40767e-19)
(0.772086 -0.276189 -1.13363e-19)
(1.68489 0.191092 3.72086e-19)
(-0.728533 -0.0709333 1.17411e-19)
(-1.00173 -0.347386 -1.37663e-19)
(0.496413 0.48272 3.71773e-19)
(-0.690553 0.150075 -3.77229e-19)
(1.59081 0.0664037 1.13517e-20)
(1.15244 -0.365913 3.27296e-19)
(0.0160872 0.0567024 -4.24697e-19)
(0.570172 0.405971 -2.86685e-19)
(0.894703 0.499348 0)
(-0.0719906 0.103771 -1.3803e-19)
(-0.410253 0.450007 -2.7446e-19)
(-0.203164 0.5132 -2.44197e-19)
(-0.0275303 0.0483068 -1.43377e-19)
(1.08277 0.0395784 -7.00205e-20)
(-0.383195 0.711959 -1.54211e-19)
(0.914184 0.53493 9.47682e-20)
(1.42292 0.836806 4.72984e-21)
(0.724314 0.669225 0)
(1.00302 0.649728 0)
(-0.119232 -0.0394137 -1.98047e-19)
(-0.825579 0.0252754 0)
(0.956349 0.54196 -9.28841e-20)
(0.0288307 -0.0126518 0)
(1.07746 -0.0249229 -1.7954e-21)
(0.679929 -0.00161119 5.5611e-19)
(0.00159876 -0.0170266 2.23841e-22)
(-0.0500874 0.130198 0)
(0.554543 0.524449 0)
(-0.909681 0.363346 2.75323e-19)
(-0.41544 0.471926 1.14261e-19)
(1.84299 -0.310596 -3.18915e-20)
(-0.560607 -0.563467 2.5157e-19)
(0.558866 -0.0452176 -4.71911e-19)
(2.14303 -0.452548 4.25528e-20)
(1.67987 -0.204309 -2.34939e-20)
(-0.109052 0.166662 -1.22429e-19)
(0.353219 -0.338835 -3.19255e-19)
(-0.157576 0.221921 2.08805e-19)
(-0.484869 0.499235 0)
(0.778787 0.710806 1.67228e-20)
(1.14343 -0.163595 -3.88757e-19)
(-0.111446 -0.0563764 5.7767e-23)
(0.569555 -0.130401 0)
(0.631898 0.593642 -1.95309e-20)
(0.457823 -0.444611 2.32965e-19)
(-0.440622 0.538021 1.48525e-21)
(0.395114 0.381623 -3.08241e-19)
(1.15553 0.139774 0)
(2.13632 -0.315957 4.08986e-19)
(-0.394492 0.495556 0)
(-0.484057 0.638564 -1.62806e-19)
(-0.198472 0.303312 9.36978e-20)
(0.415891 0.393816 2.42302e-19)
(0.809921 0.741156 -1.71244e-19)
(-0.124215 -0.25303 2.688e-19)
(-0.150238 0.234764 -2.13982e-19)
(-0.318814 -0.394124 -2.55861e-19)
(0.830638 0.329809 0)
(-0.415281 0.317138 -1.14701e-19)
(0.435389 -0.393613 2.59289e-19)
(-0.0719879 -0.0387761 -2.37543e-19)
(1.26682 0.221027 -1.30432e-19)
(-0.00174134 0.0146386 7.19798e-20)
(0.794073 0.732328 0)
(0.714757 0.668095 0)
(0.86452 0.777771 -1.33198e-19)
(0.90111 0.808712 3.98519e-20)
(1.40673 -0.806096 -3.30695e-20)
(-0.489477 0.40078 -5.02466e-21)
(0.920251 0.459987 0)
(-0.320717 0.387279 -6.97823e-20)
(1.50428 0.994689 -3.54658e-19)
(1.19796 -0.330576 1.80233e-19)
(1.48006 -0.460739 0)
(0.399501 -0.362196 4.09136e-21)
(1.89986 -0.323799 -2.01402e-19)
(-0.537195 0.556887 -1.97534e-19)
(-0.355579 0.670877 0)
(-0.0129803 0.0360118 -3.18783e-19)
(0.877061 0.78359 3.2681e-20)
(0.801553 0.447558 1.62052e-19)
(0.00178644 0.0194297 -3.97259e-19)
(0.531594 -0.51697 0)
(1.55161 -0.427703 0)
(-0.0531501 0.081036 1.19007e-19)
(0.311651 -0.273069 -4.77707e-19)
(-0.334238 -0.432888 -1.65443e-19)
(-1.48668 0.0482907 -6.37814e-19)
(0.534388 -0.101774 2.63477e-19)
(-0.026641 0.059598 1.30103e-19)
(0.945965 0.83298 0)
(-0.500442 0.24724 1.81874e-19)
(0.0172999 -0.0365083 -1.32021e-19)
(0.00965534 0.00558044 6.05465e-20)
(0.377246 -0.318074 1.55856e-19)
(0.00293557 -0.0984194 -2.46929e-19)
(0.662367 -0.162743 2.53835e-19)
(0.0165458 -0.00607531 -6.69949e-20)
(-0.763099 0.133491 -2.59818e-19)
(0.769512 0.332548 0)
(1.89506 -0.153231 4.51168e-20)
(-0.586977 0.37533 1.75716e-19)
(0.988929 0.829415 1.8112e-19)
(-0.524144 -0.569561 3.56619e-19)
(1.00073 0.881274 1.29205e-20)
(1.9676 -0.324677 -6.79929e-21)
(-0.0115633 0.057426 1.96522e-19)
(1.16141 -0.280226 -3.89569e-21)
(-0.0477172 -0.734566 2.32075e-19)
(-0.0201119 0.0772167 1.93842e-19)
(0.030839 -0.0400665 2.34431e-19)
(-0.00519111 -0.0490331 -2.33396e-19)
(-0.116737 -0.0740835 2.55068e-19)
(1.12548 -0.274156 7.15812e-20)
(1.10838 0.955577 1.24485e-20)
(1.99551 -0.25148 2.33792e-20)
(-0.0753074 0.124907 2.60879e-19)
(0.623182 -0.122825 0)
(1.26518 -0.440033 0)
(-0.458505 0.521512 0)
(1.10779 0.829764 2.83424e-19)
(1.67327 -0.774923 4.76888e-20)
(0.00392191 0.0923305 -1.44619e-19)
(-0.0562787 -0.1135 2.20417e-19)
(-0.048699 0.0871148 0)
(1.6857 -0.199961 -7.56759e-20)
(0.454152 0.431518 -4.38658e-19)
(-0.314903 0.565179 -1.78315e-19)
(-0.139841 -0.085849 -2.33131e-19)
(-0.641293 0.486648 3.26785e-19)
(1.99551 -0.289542 0)
(1.3708 1.03196 -9.65048e-21)
(-0.127063 -0.0802902 -1.14426e-19)
(0.472662 -0.0816336 0)
(0.605828 -0.040387 -2.69831e-19)
(1.08116 0.884441 0)
(-0.903398 0.00714699 2.40431e-19)
(-0.124313 -0.0724823 2.23004e-19)
(0.958691 0.83389 -5.22281e-20)
(-0.114675 -0.0755178 1.09344e-19)
(0.455819 -0.0363846 -1.65962e-19)
(1.02792 0.884944 0)
(0.471353 -0.445568 -5.83031e-20)
(0.890694 0.757995 1.02845e-19)
(0.483287 -0.414925 -2.36506e-19)
(1.09557 0.939218 0)
(0.288658 0.0827374 -6.2468e-20)
(-0.968224 -0.0913829 2.1413e-19)
(1.17524 0.97233 -1.54102e-20)
(-0.461908 0.604607 -2.81516e-19)
(1.36267 1.02072 -3.72417e-20)
(1.66608 -0.637765 -3.68586e-20)
(0.00528544 0.0285419 2.56455e-19)
(0.64462 -0.0781626 -1.11752e-19)
(1.75894 -0.13728 0)
(1.18815 0.972944 9.58796e-21)
(1.98801 -0.117056 0)
(0.838469 -0.249595 3.53085e-19)
(-0.991971 0.0968369 -4.29547e-19)
)
;

boundaryField
{
    frontback
    {
        type            empty;
    }
    Top
    {
        type            noSlip;
    }
    outlet
    {
        type            zeroGradient;
    }
    bottom
    {
        type            noSlip;
    }
    Inlet
    {
        type            fixedValue;
        value           uniform (1 0 0);
    }
    rectangle
    {
        type            noSlip;
    }
}


// ************************************************************************* //
