/*--------------------------------*- C++ -*----------------------------------*\
| =========                 |                                                 |
| \\      /  F ield         | OpenFOAM: The Open Source CFD Toolbox           |
|  \\    /   O peration     | Version:  2306                                  |
|   \\  /    A nd           | Website:  www.openfoam.com                      |
|    \\/     M anipulation  |                                                 |
\*---------------------------------------------------------------------------*/
FoamFile
{
    version     2.0;
    format      ascii;
    arch        "LSB;label=32;scalar=64";
    class       volVectorField;
    location    "15.8";
    object      U;
}
// * * * * * * * * * * * * * * * * * * * * * * * * * * * * * * * * * * * * * //

dimensions      [0 1 -1 0 0 0 0];

internalField   nonuniform List<vector> 
2186
(
(1.32824 -0.0675524 1.87646e-19)
(1.63196 -0.953383 -1.0116e-19)
(1.47652 -0.928438 3.34819e-22)
(0.75329 -0.59997 -1.26766e-19)
(-0.380999 0.533226 -1.81499e-19)
(1.2239 0.0214292 0)
(0.73477 -0.678716 0)
(-0.313174 -0.439239 1.25179e-19)
(1.46696 -0.286703 2.07776e-19)
(0.566115 -0.338003 -2.42752e-21)
(0.659987 0.594318 0)
(0.806236 -0.277403 -1.43416e-19)
(-0.353685 -0.467218 -5.02298e-20)
(1.19212 0.0220363 -3.24728e-19)
(1.82206 -0.699547 -1.08129e-19)
(1.01102 -0.00360533 1.53717e-19)
(0.987346 0.0129413 0)
(-0.682243 0.52938 0)
(1.23723 0.0432485 0)
(-0.07752 0.209187 -6.48369e-20)
(0.48278 0.0613283 -1.03766e-19)
(-0.230242 0.146631 8.83068e-20)
(1.17729 0.023882 2.6883e-19)
(-0.208885 0.00802887 5.4578e-21)
(1.03122 0.00558516 -2.11257e-19)
(0.803332 -0.57497 0)
(0.766205 -0.042529 1.28828e-19)
(0.622445 -0.602092 -1.43661e-19)
(1.19059 0.698386 0)
(0.964607 0.0223489 -2.88685e-19)
(-0.026618 0.0324826 0)
(1.0258 -0.0151984 9.98396e-21)
(-0.0706723 0.237758 0)
(2.54468 0.163207 2.3824e-19)
(-0.092803 -0.194429 3.62157e-21)
(1.5135 0.763746 5.38599e-20)
(1.85066 0.144114 1.47068e-19)
(0.506612 0.110795 -3.09256e-19)
(1.87528 0.332837 -3.30699e-19)
(1.08372 0.0625034 1.20819e-20)
(-0.385554 -0.472951 0)
(-0.195334 0.114287 0)
(1.89841 -0.898083 9.59047e-20)
(-0.40681 0.148046 0)
(1.10033 0.274415 1.35854e-19)
(0.607412 -0.318623 2.51004e-19)
(0.935828 -0.797546 0)
(1.20356 -0.800109 8.53029e-20)
(2.41453 -0.31976 0)
(-0.336785 0.68773 1.87789e-19)
(-0.0156962 0.0857453 9.58418e-20)
(0.613902 0.566293 7.12672e-20)
(2.09241 -0.78465 1.19447e-19)
(0.586822 0.251262 -2.48623e-19)
(-0.270491 0.0793505 3.28903e-20)
(0.777275 -0.664586 0)
(1.68193 -0.983699 1.86496e-20)
(0.592661 -0.553146 0)
(2.30634 0.293645 1.06434e-19)
(1.14691 -0.17167 -3.03874e-19)
(1.90341 -0.109013 1.71503e-19)
(1.34038 0.30005 -1.53543e-19)
(1.32774 0.522532 0)
(0.821912 0.12028 -1.32352e-20)
(1.35024 0.381376 -9.09593e-20)
(1.26936 -0.743586 -1.14379e-19)
(1.15044 0.64953 4.61398e-20)
(0.681124 0.0564357 -4.9937e-19)
(0.820214 0.0450812 0)
(2.13892 -0.245434 -7.51167e-20)
(-0.310523 -0.479781 -1.46491e-19)
(2.01811 -0.337756 -1.60572e-19)
(0.730631 -0.0541996 -2.19339e-19)
(0.886278 -0.53475 0)
(0.822651 0.165981 -8.09804e-20)
(0.561689 -0.525011 -2.59244e-19)
(2.55915 -0.284905 0)
(1.00588 0.00698926 3.1688e-19)
(-0.0765449 -0.290723 0)
(1.938 0.420274 0)
(0.852109 0.476399 1.37636e-19)
(0.825414 0.0842047 -2.48722e-20)
(1.03276 0.00359324 3.50631e-20)
(1.30818 0.417512 2.33331e-20)
(0.97025 0.0244479 3.67303e-19)
(1.04079 0.0263833 -8.72235e-21)
(0.665742 0.159599 -2.98936e-19)
(1.22468 0.00733 -7.19856e-22)
(0.479386 -0.139052 0)
(-0.0650903 -0.0339532 1.04115e-19)
(0.87442 -0.637939 -1.38883e-19)
(-0.0924441 0.369012 -1.30197e-21)
(1.1237 -0.0860766 2.12754e-19)
(0.824171 -0.199647 0)
(0.975647 0.0231596 3.51773e-20)
(1.34917 0.636557 0)
(1.64416 -0.968185 0)
(1.29055 0.220888 0)
(-0.412091 0.648422 0)
(0.806309 -0.681986 2.48683e-19)
(0.529859 0.27937 -4.35015e-19)
(0.785365 0.350028 2.71436e-19)
(1.5354 0.199194 0)
(1.15123 -0.114289 -1.94492e-19)
(1.11123 0.0249252 1.57018e-19)
(-0.0617926 0.523255 1.16251e-19)
(0.61904 0.484327 0)
(2.23488 -0.195582 -1.49456e-19)
(0.977525 -0.496292 6.96318e-20)
(-1.57442 0.176224 2.18934e-19)
(1.69753 0.314487 1.14142e-19)
(-0.241494 0.674902 -2.69286e-19)
(0.829789 -0.753996 0)
(0.550863 0.324516 1.5101e-19)
(1.67704 -0.284449 -5.97297e-19)
(-0.410325 -0.280065 -4.6503e-19)
(1.28301 0.248093 6.01463e-20)
(2.01705 -0.469321 0)
(-0.0864043 -0.0365964 -3.11892e-19)
(0.715073 -0.090002 6.92897e-20)
(1.5331 0.866429 0)
(-0.264205 0.767407 -3.00677e-19)
(0.865634 0.74267 -2.40717e-19)
(-0.945003 0.446623 4.60183e-19)
(1.03012 -0.0229546 0)
(1.38073 0.25907 -7.5788e-20)
(-0.322329 0.618203 0)
(0.710992 -0.51548 -9.27256e-20)
(-0.828411 0.456544 -2.45363e-19)
(0.802249 -0.731896 0)
(0.452015 -0.310188 3.66908e-19)
(0.558176 -0.478885 2.44145e-19)
(0.419799 -0.380033 0)
(0.999316 -0.794593 -9.99174e-20)
(0.814103 0.388995 0)
(-0.133 0.787643 -1.47333e-19)
(0.825649 -0.71241 1.176e-19)
(2.4631 -0.281887 3.32212e-19)
(2.2743 0.186119 0)
(-0.102349 -0.210055 0)
(0.668288 0.620686 -2.97855e-19)
(1.80768 -0.640488 1.91757e-20)
(-0.210223 -0.269403 0)
(0.999995 -0.82013 -1.10338e-20)
(1.15545 -0.106472 0)
(1.10043 -0.129 3.38184e-19)
(2.16045 -0.199472 -1.44222e-19)
(-0.41852 0.536756 0)
(1.24239 -0.564059 -4.34748e-20)
(-0.257181 0.322906 -4.10563e-20)
(-0.195266 0.464403 0)
(1.11008 -0.826697 1.24182e-20)
(1.00594 0.00465509 -5.29411e-19)
(0.665895 -0.502392 -9.15399e-21)
(0.828962 -0.534723 0)
(1.21814 -0.741823 -7.23867e-20)
(0.649884 0.219652 2.32967e-19)
(1.22475 0.106357 0)
(1.48068 0.103283 -1.84118e-19)
(1.21504 -0.868578 -1.41282e-19)
(-0.0857284 -0.183724 -1.15783e-19)
(-0.210646 -0.422175 -2.14787e-19)
(1.0647 -0.000602416 1.98638e-19)
(0.930393 -0.483203 -8.75622e-20)
(1.22707 0.00585561 6.66479e-22)
(1.3184 0.00708496 -2.08655e-21)
(0.712554 -0.0964772 1.27104e-19)
(-0.196509 -0.0397977 -2.78378e-19)
(1.41781 -0.443759 0)
(1.40198 -0.526382 5.04251e-20)
(1.42791 0.640096 1.10878e-19)
(0.822678 -0.631186 -1.81404e-19)
(0.995469 0.00848939 1.08532e-20)
(0.735423 -0.550863 2.54879e-19)
(1.27954 0.785688 1.0412e-19)
(1.85576 0.109918 2.15518e-20)
(-0.466436 0.458717 0)
(1.07885 0.049467 -2.05808e-19)
(-0.816662 -0.200634 -3.06348e-19)
(1.05589 0.483244 6.97533e-20)
(0.0392182 -0.0903441 1.68218e-19)
(1.14851 0.0275722 -3.7509e-20)
(-0.150813 0.173472 -1.56999e-19)
(1.2794 0.576411 -6.4331e-20)
(1.11357 0.867275 0)
(-0.523412 0.453091 -9.78879e-20)
(-0.169766 -0.0847768 0)
(0.634496 0.542824 -2.46658e-19)
(2.04067 0.265563 -2.40997e-20)
(-0.398834 -0.435134 1.67001e-19)
(-0.814894 0.175819 -6.53101e-19)
(0.727571 0.0587183 2.19271e-19)
(2.14381 0.0885795 -6.69666e-20)
(0.994239 -0.366966 -2.5867e-20)
(-0.0332263 -0.056794 0)
(-1.03647 -0.0644117 3.61017e-19)
(1.30008 0.952925 -6.77072e-21)
(0.837741 0.0592572 -1.19665e-19)
(0.539523 0.505687 1.71327e-19)
(0.416808 0.190827 0)
(-0.196081 -0.447927 -2.48401e-19)
(-0.61066 -0.169945 2.0249e-19)
(1.31522 -0.971263 1.76575e-22)
(0.988283 -0.0416264 -1.6431e-19)
(-0.177087 -0.132876 7.49848e-21)
(-0.121709 0.165407 1.49191e-19)
(-0.305847 -0.123629 -2.01776e-19)
(2.00066 -0.471967 0)
(1.12731 0.0426994 -2.76305e-19)
(2.3017 0.119625 2.73717e-19)
(1.2961 -0.631892 7.436e-20)
(0.302894 -0.101641 1.70039e-20)
(0.580782 0.305424 0)
(0.921782 0.731399 -1.41934e-20)
(0.666075 0.612075 1.61532e-19)
(0.910306 -0.580222 1.25723e-19)
(0.667447 0.481663 0)
(1.01928 0.00159907 7.04608e-21)
(0.89679 -0.679072 1.7879e-19)
(0.827148 0.413088 -4.03943e-19)
(1.25154 -0.114182 0)
(-0.178696 -0.166422 -3.12437e-19)
(-0.039981 0.354733 -9.53899e-20)
(1.56496 0.71349 0)
(1.36932 -0.952602 -1.51127e-22)
(-0.671838 0.552063 0)
(-0.34778 0.554656 1.13896e-19)
(0.715987 0.632866 -8.64217e-20)
(0.858601 -0.235671 0)
(-0.190193 -0.202836 0)
(1.60543 -0.472164 0)
(-0.953136 -0.156516 6.60945e-19)
(1.231 -0.897363 9.27865e-20)
(1.19584 -0.617897 4.82764e-20)
(1.07705 -0.1647 -1.35469e-19)
(0.893997 -0.708219 -1.40398e-19)
(0.190591 -0.194953 0)
(-1.23357 0.292358 0)
(1.01734 -0.527266 1.456e-19)
(-0.168746 -0.291875 0)
(-0.309392 0.708286 0)
(-0.402369 -0.254173 3.97488e-19)
(0.771937 0.651078 7.49739e-20)
(0.990047 0.774919 0)
(0.677635 0.533101 -7.52914e-20)
(0.836334 -0.0551896 -1.96556e-19)
(0.727351 0.543622 -2.01001e-19)
(0.573905 0.532734 -1.47569e-19)
(-0.273372 -0.506132 2.54205e-21)
(0.731728 -0.656639 0)
(0.891553 0.158302 -2.83544e-19)
(-0.348496 -0.500288 6.67239e-20)
(0.586488 0.543385 3.31015e-19)
(0.934562 0.777563 0)
(-0.852864 -0.04579 4.88103e-19)
(-0.0568102 -0.473795 3.5558e-19)
(0.0349329 -0.385435 -1.85995e-19)
(0.644175 0.548871 -1.30942e-20)
(0.970785 -0.00895551 5.12026e-20)
(-0.387126 -0.445045 0)
(2.38456 -0.0145543 -3.47458e-19)
(1.76198 -0.699415 -2.04211e-19)
(0.664405 -0.616 -6.35148e-20)
(-0.548223 0.413508 1.67663e-20)
(1.17767 0.456407 1.54992e-19)
(0.871718 0.404007 0)
(1.07202 -0.192213 1.62147e-19)
(0.112108 -0.49847 -8.44697e-21)
(-0.0554638 0.0831601 3.64536e-19)
(0.930078 0.0176941 -4.53143e-20)
(1.11518 0.134125 0)
(1.96527 -0.0597774 -3.38747e-19)
(1.92923 0.132485 0)
(0.537072 0.229084 -4.0934e-19)
(-0.131525 0.198319 0)
(-0.29445 -0.457283 2.87256e-19)
(0.711835 0.0953692 0)
(0.636498 -0.535539 -1.57235e-19)
(1.13077 0.0208355 1.79952e-19)
(-0.446058 0.590427 4.25133e-20)
(2.17816 -0.112832 2.94175e-21)
(2.13682 -0.29604 -1.50386e-19)
(1.10397 0.224344 -1.89944e-19)
(-0.356149 -0.487648 -1.29574e-19)
(1.09181 -0.864144 0)
(0.803543 0.0166884 -1.30987e-19)
(0.939231 -0.398876 -2.48299e-19)
(1.7531 -0.587214 -8.97091e-21)
(1.75327 0.0274433 3.10596e-19)
(1.07193 -0.00934784 3.30997e-19)
(0.0471856 -0.440935 -1.82656e-19)
(1.01034 -0.458757 -1.05926e-19)
(0.2014 -0.194311 2.22378e-19)
(1.00778 -0.00765291 0)
(1.00367 -0.00621698 0)
(1.15474 -0.68275 8.61857e-20)
(-0.0409467 0.721997 -9.8845e-20)
(0.178076 -0.120796 -1.51052e-19)
(1.97133 -0.123391 1.50813e-20)
(1.26083 -0.266605 0)
(2.04401 0.0724756 -1.84017e-19)
(0.958429 -0.833969 -5.65597e-20)
(1.81778 -0.575771 -9.02179e-20)
(1.08083 0.817325 0)
(0.484449 -0.468258 0)
(0.585656 0.496608 -1.57282e-19)
(1.08502 0.277783 -3.49617e-19)
(2.31238 -0.283176 4.867e-22)
(0.858827 0.144182 1.21784e-19)
(-0.095278 -0.416904 -5.32539e-19)
(1.05937 -0.250367 -3.97296e-20)
(-0.296595 -0.378308 0)
(-0.0890773 -0.215765 0)
(-0.434643 -0.369 0)
(1.36 -0.734755 -5.40642e-20)
(-0.202502 0.467824 -2.14586e-19)
(-0.0462366 0.128793 0)
(1.26145 0.954478 -2.45813e-20)
(1.10386 0.144928 -3.63812e-19)
(1.79231 0.465318 -4.47839e-20)
(1.05519 0.900922 6.61763e-20)
(-0.211952 0.657815 1.38385e-19)
(0.534232 -0.118262 0)
(-0.440416 -0.318761 -3.45198e-19)
(-0.275744 0.630109 2.60234e-19)
(0.779345 0.0193927 1.61236e-19)
(1.50255 0.929552 1.32948e-20)
(1.63414 0.483903 -1.36746e-20)
(-0.132807 0.335147 -3.05816e-21)
(0.757878 -0.691747 -3.019e-20)
(1.12251 0.00389622 0)
(1.72203 -0.0722806 0)
(1.04505 0.047856 0)
(-1.40544 0.322484 -2.16127e-19)
(-0.415415 -0.378808 1.26082e-19)
(1.02253 0.823418 0)
(0.999937 -0.0109263 4.41719e-19)
(0.748128 0.584816 -2.01284e-19)
(-1.76583 0.051036 -1.935e-19)
(0.861773 0.00604286 -3.5978e-20)
(0.727083 -0.664209 -1.8189e-19)
(1.36213 0.694595 -2.45201e-20)
(0.579651 -0.475838 -2.54529e-19)
(1.12513 -0.00042075 -3.97658e-19)
(0.820513 0.0404439 3.8287e-20)
(1.54638 -0.18874 4.20922e-20)
(1.20677 -0.130914 -4.42097e-20)
(-0.0681786 -0.0975586 -1.33437e-22)
(1.0621 0.459982 -2.32433e-19)
(1.29075 0.601809 7.72983e-20)
(-0.026786 -0.447187 0)
(-0.0955062 -0.374387 1.96433e-19)
(-0.244597 -0.212002 1.3122e-19)
(-0.196277 -0.06707 -1.44417e-19)
(0.459298 0.285843 0)
(1.40773 -0.711764 0)
(0.0225331 -0.0204381 -1.32887e-19)
(-0.306658 -0.514431 -7.25337e-20)
(1.04542 -0.0296317 1.57644e-19)
(-0.410833 0.440903 -4.50311e-20)
(1.64353 -0.252706 -6.4258e-19)
(-0.0736897 0.735056 0)
(0.846711 -0.750698 -2.43414e-19)
(0.851056 -0.139651 5.95352e-20)
(-0.43996 -0.374861 1.90879e-19)
(0.717263 0.145506 2.91141e-19)
(0.620525 0.115631 9.45871e-20)
(0.513133 -0.487577 1.74048e-19)
(-0.234049 -0.322579 -1.51927e-19)
(1.45442 0.486865 0)
(0.375278 0.316387 -1.74083e-19)
(1.02423 -0.0170437 -2.50873e-19)
(-0.900321 0.164604 2.54327e-19)
(1.40157 0.48023 -9.48603e-20)
(-0.19357 -0.353292 -5.75529e-20)
(0.698762 -0.637852 -2.22799e-20)
(0.81156 0.173719 -1.81741e-19)
(0.959379 0.416602 1.99476e-20)
(1.1549 -0.147248 2.92004e-20)
(0.615656 -0.255859 -2.63334e-19)
(2.04074 -0.386267 -1.94143e-19)
(1.40751 -0.182218 0)
(1.399 0.410059 -2.95931e-20)
(1.79195 0.107198 -2.08178e-20)
(0.89161 -0.28195 1.52383e-19)
(0.906671 0.342847 -1.81648e-19)
(0.891355 0.0527379 4.33076e-20)
(0.401864 0.367409 -2.25086e-19)
(-0.219217 0.451388 2.82124e-19)
(1.99506 -0.203441 0)
(0.929503 0.00501212 0)
(0.886958 -0.784375 4.53576e-20)
(-0.0647384 -0.527649 -3.88954e-19)
(-0.957076 0.253157 -3.26275e-19)
(-0.0940352 -0.145963 -2.46937e-19)
(-0.436378 0.721293 -1.80843e-19)
(-0.34154 -0.395408 0)
(-0.0717832 -0.160238 4.37442e-20)
(0.179108 0.467285 -8.8697e-20)
(-0.141481 0.190793 -3.41037e-19)
(0.809336 -0.12572 0)
(1.5006 -0.670193 7.99584e-20)
(-0.236054 -0.25282 0)
(0.994113 0.0239426 3.1851e-19)
(-0.205986 -0.445562 2.27719e-20)
(0.555654 -0.448219 3.41111e-19)
(-0.882687 -0.234939 5.07711e-19)
(-1.63869 0.095854 0)
(0.244572 0.683144 1.08687e-19)
(1.00617 0.0223231 -9.56665e-21)
(-0.169732 -0.145295 0)
(1.00614 -0.00744734 -4.96517e-20)
(0.874468 -0.739589 -2.36129e-19)
(1.47355 -0.770036 0)
(0.943482 -0.290268 1.77438e-19)
(0.123922 0.732526 2.51214e-19)
(-0.0121749 -0.011929 0)
(-0.236442 -0.407098 -7.09983e-21)
(0.739509 -0.648669 -3.59682e-19)
(0.96666 -0.0291109 -2.27031e-19)
(-0.0938107 -0.534677 4.9166e-19)
(-0.239866 -0.450653 1.76493e-19)
(-0.319318 -0.399879 0)
(0.940754 0.465277 0)
(-0.392333 -0.478428 2.41392e-19)
(1.89057 0.0793334 -2.53014e-19)
(1.05078 0.875655 1.55072e-20)
(1.06371 0.207608 -1.0712e-19)
(1.15672 0.00180953 -1.86125e-19)
(1.0639 -0.0639563 -6.39886e-20)
(-0.11091 -0.521131 -4.50871e-19)
(2.0282 0.0806284 5.30342e-19)
(0.670534 0.0259462 1.77245e-19)
(1.99305 -0.0964916 1.66184e-19)
(1.06863 -0.158625 0)
(-0.159207 0.411595 4.43021e-19)
(1.1326 0.0245372 -4.31673e-19)
(1.72418 0.615013 -3.6317e-21)
(0.751743 -0.474826 -1.38881e-19)
(-0.0681853 -0.0311334 2.33208e-19)
(0.810418 -0.711668 3.11767e-19)
(1.22774 0.194151 6.28762e-20)
(1.00369 -0.0086094 2.20028e-19)
(-0.00918143 -0.432556 -1.99035e-19)
(1.02413 0.00898677 0)
(1.60102 0.160097 -2.19432e-19)
(-0.022484 -0.018653 0)
(1.02386 0.0149905 -1.29354e-19)
(-1.39929 -0.0929853 -7.21178e-19)
(1.67756 0.322047 2.0106e-20)
(-0.362362 -0.200761 1.67955e-19)
(1.60835 -0.000102994 -1.9316e-20)
(1.01221 -0.0176979 4.55321e-20)
(1.3466 -0.0899384 0)
(1.46976 -0.618124 -8.92175e-20)
(1.02022 0.0253318 -1.34786e-19)
(1.4171 0.774107 -3.61586e-20)
(1.39525 -0.0596496 0)
(0.683221 -0.117876 -1.65199e-20)
(0.0212194 -0.0225869 0)
(1.36819 0.04971 0)
(-0.408417 -0.415283 0)
(1.22842 0.433336 0)
(1.83007 0.309546 5.23986e-20)
(0.721086 0.59644 3.5266e-19)
(0.297864 -0.29991 -2.06013e-19)
(-0.285617 -0.519625 -4.23946e-19)
(-0.0311762 -0.0588671 0)
(1.60027 -0.524419 9.01821e-20)
(1.30456 0.512171 0)
(1.43717 0.297953 0)
(-0.466911 -0.293526 1.52366e-19)
(0.788287 0.695765 1.11298e-19)
(1.70949 -0.0204698 0)
(-0.352486 -0.429915 9.60771e-20)
(0.896719 0.206005 1.66454e-19)
(1.72533 -0.45323 -4.3068e-20)
(1.21565 0.907909 3.65129e-20)
(0.93549 -0.841561 -2.16721e-20)
(1.04177 -0.187475 -1.83506e-20)
(0.774796 0.699611 1.13854e-19)
(1.15375 0.906596 0)
(2.32581 -0.37976 1.78327e-19)
(1.19479 0.634969 0)
(1.35931 -0.578448 2.62e-20)
(0.910449 0.0873966 1.8245e-19)
(1.00673 -0.00576397 0)
(-0.119215 0.191868 4.32658e-19)
(0.897211 -0.185726 4.13439e-20)
(0.642545 -0.431045 0)
(0.67961 -0.403849 1.84395e-19)
(1.22179 0.547886 -2.85591e-20)
(0.460036 0.433033 2.45948e-19)
(-0.172418 0.266123 4.05779e-20)
(0.0397452 -0.00128416 9.18159e-20)
(0.764629 0.0647978 0)
(1.34166 -0.912403 -3.47607e-20)
(1.04051 -0.0422792 3.4974e-19)
(1.4636 0.331468 1.43973e-19)
(-0.367176 -0.429321 8.30339e-20)
(-0.927145 -0.195202 0)
(1.24402 -0.248689 -9.28365e-20)
(-0.0115051 -0.015399 -2.01485e-19)
(-0.0133815 0.165378 -5.6079e-20)
(-0.126458 0.0348999 -5.29974e-22)
(-0.200492 0.0866839 2.96364e-19)
(1.28736 -0.062829 -1.69739e-21)
(2.41592 -0.0594294 4.65237e-19)
(1.17948 0.457536 -2.49935e-19)
(0.872246 -0.0356375 0)
(1.92503 -0.125129 2.87368e-19)
(1.87052 0.125351 1.40267e-19)
(0.925257 -0.777562 1.1392e-19)
(1.17237 -0.988165 -1.49084e-20)
(0.464567 0.43061 1.64528e-19)
(1.45628 0.356386 0)
(1.73389 0.573514 3.78744e-20)
(-0.0175862 -0.03195 -4.10506e-19)
(0.864205 0.753238 0)
(1.28387 0.382613 0)
(0.299561 -0.299752 -3.84995e-21)
(0.308341 0.277514 0)
(-1.26691 -0.00407808 -4.75703e-19)
(-0.263514 0.44572 -1.18664e-19)
(1.75502 -0.435975 0)
(1.26341 0.0872629 1.28622e-19)
(-0.724683 0.246698 2.73042e-19)
(0.543983 -0.517419 -3.93706e-19)
(1.99924 -0.0966231 -5.96905e-20)
(0.622296 -0.56594 0)
(1.02313 0.117888 0)
(1.36638 -0.249095 0)
(1.11232 0.223154 -2.01526e-19)
(1.32969 0.108673 2.83645e-19)
(-1.38664 0.0798697 0)
(0.880839 -0.0600553 0)
(2.11024 -0.129498 4.12351e-21)
(-0.0681052 0.144756 1.01251e-19)
(2.60381 -0.113567 -3.62623e-19)
(1.07799 -0.521049 2.105e-19)
(2.03294 -0.0199694 -3.69247e-19)
(-1.15253 0.299832 -2.05796e-19)
(2.01188 0.140723 -2.43598e-19)
(1.01845 -0.0288209 3.58403e-19)
(1.50046 0.596592 0)
(-0.305978 0.596235 3.18506e-20)
(1.01848 -0.840817 1.3494e-19)
(0.862387 -0.0269292 4.20538e-20)
(0.647655 -0.453628 0)
(1.92863 -0.554151 9.5822e-21)
(1.22919 -0.191368 1.19248e-19)
(1.59054 -0.638488 0)
(0.617434 -0.573362 3.59966e-19)
(0.647604 0.104721 -3.22931e-20)
(2.47419 -0.0927944 6.59524e-19)
(-0.0974926 0.240476 -2.09811e-19)
(1.31573 0.608893 1.23416e-19)
(1.13445 0.400097 3.17958e-21)
(0.891777 0.365454 1.9783e-19)
(1.96339 0.162636 -2.66928e-19)
(-0.140393 -0.500795 -5.24839e-21)
(0.879732 -0.189994 0)
(-0.155044 -0.0944445 3.84749e-19)
(1.10652 -0.962816 0)
(1.07762 -0.663626 1.74869e-20)
(1.196 -0.0276858 -7.58943e-19)
(1.39969 0.0763331 -3.37749e-21)
(-0.608762 -0.265151 -4.35585e-19)
(0.97178 0.475798 1.53156e-19)
(-0.283808 0.314477 2.3908e-19)
(0.698954 -0.03602 0)
(1.74278 -0.164083 0)
(1.45648 0.162812 2.33779e-20)
(0.769891 -0.0101639 0)
(1.38868 -0.21358 -1.22704e-19)
(-1.63782 0.224798 6.12485e-19)
(1.90536 0.493985 2.80675e-20)
(1.04564 -0.0296581 0)
(0.565982 -0.37456 9.04358e-20)
(1.00757 0.0240482 1.70969e-19)
(0.660368 0.807869 -2.20491e-19)
(-0.468175 0.717426 0)
(1.12781 -0.491535 3.97746e-19)
(1.58701 -0.110112 -4.31995e-22)
(1.11671 -0.513366 -1.73343e-19)
(2.33584 0.26654 1.90555e-19)
(1.26673 0.77527 0)
(0.862998 0.0199978 0)
(-0.40003 -0.402165 -2.06195e-19)
(0.0227585 -0.0198683 1.4948e-19)
(0.934885 0.360477 -1.82186e-19)
(0.174459 -0.372489 -1.80766e-19)
(0.634609 0.390951 2.15862e-19)
(0.820864 -0.0695309 0)
(0.546916 -0.508596 0)
(0.992442 -0.18517 3.81167e-21)
(1.25083 -0.520798 -7.80246e-20)
(0.62099 -0.0310785 1.45502e-20)
(0.736395 -0.171577 1.0379e-19)
(-0.040735 0.072041 -2.67819e-19)
(1.34445 0.225704 3.48228e-19)
(0.644031 0.59984 0)
(1.25084 0.682403 0)
(1.59023 0.260702 0)
(-0.428351 -0.361254 -1.88962e-19)
(1.22789 0.548626 2.0463e-19)
(2.02672 0.0878592 5.82223e-20)
(0.932566 -0.00284845 0)
(1.33273 -0.446459 0)
(2.20816 -0.105703 -4.07726e-19)
(0.608758 0.368902 2.52668e-19)
(1.008 0.00130442 -1.71031e-19)
(1.47703 0.460998 0)
(-0.306793 0.698496 0)
(1.23657 0.3181 2.46865e-19)
(1.0057 0.519129 -1.13071e-19)
(1.07025 0.0242038 0)
(1.71266 0.214075 0)
(1.94587 0.66965 -3.05251e-19)
(-0.103206 0.456869 -1.85323e-21)
(0.996881 0.0135872 0)
(0.694284 0.456905 -2.95615e-20)
(0.948921 -0.836082 0)
(1.01146 0.0167034 3.96608e-20)
(1.00336 -0.454397 3.98313e-20)
(0.912865 -0.341583 2.60788e-19)
(0.973638 -0.227305 -6.52249e-20)
(2.23218 -0.139313 4.21219e-19)
(1.26314 0.135478 8.95161e-20)
(0.782556 -0.0249843 0)
(1.01938 0.00961887 0)
(-0.636756 -0.369682 0)
(0.649224 0.621213 -1.6451e-19)
(-0.00690319 0.0248525 1.80888e-19)
(1.15891 0.34195 -3.96511e-19)
(-0.590745 0.466416 0)
(0.810487 0.625294 1.47798e-19)
(1.01843 -0.352903 0)
(1.00554 -0.00208734 1.00075e-19)
(0.156351 0.0490025 6.4675e-20)
(1.019 0.39949 2.23571e-19)
(1.4734 0.264379 0)
(2.17457 0.219399 -9.83995e-20)
(0.829854 -0.122308 -3.16859e-19)
(-1.26315 0.0242802 -6.49209e-19)
(1.10168 0.254524 0)
(0.868757 0.230543 1.54403e-19)
(2.08141 -0.154798 0)
(0.761166 0.506827 3.20366e-19)
(-1.6784 0.182939 2.59805e-19)
(-0.0206405 0.0663055 0)
(0.574978 0.546202 -6.22891e-20)
(1.03905 -0.652011 -1.22888e-19)
(0.492977 -0.276581 -1.07786e-19)
(1.02202 -0.019347 0)
(-0.458805 0.425752 -2.71517e-19)
(0.650222 -0.582865 6.95365e-20)
(0.89317 0.279199 0)
(1.63943 -0.686941 1.1389e-19)
(0.961787 0.81855 2.08632e-20)
(1.04042 -0.405508 -3.16016e-20)
(0.261583 -0.295967 -2.8497e-19)
(0.24106 -0.0860302 -4.92053e-19)
(-0.134134 -0.285599 1.06758e-20)
(0.808015 0.349152 2.17872e-19)
(-0.220859 0.513188 -5.33189e-21)
(1.43468 -0.659151 3.56806e-21)
(1.02651 0.00429724 -2.96006e-19)
(-0.49977 -0.355968 0)
(1.02899 0.0254829 -3.50675e-19)
(2.15326 0.243093 2.21927e-19)
(0.868076 0.672206 2.46426e-19)
(1.13216 -0.073013 1.36015e-19)
(1.00441 -0.0338052 1.37144e-19)
(1.46369 0.0850973 3.17935e-21)
(-0.323511 -0.351483 -5.17037e-23)
(1.74901 -0.885353 1.54384e-20)
(1.14825 -0.141669 -5.93996e-20)
(0.80568 0.0501438 6.78306e-20)
(0.917903 -0.310996 7.72486e-20)
(0.83708 0.178651 0)
(0.941463 0.716465 0)
(0.706147 0.30046 -7.71129e-20)
(2.06021 0.19218 -3.2756e-20)
(-1.17165 -0.0388189 2.22375e-19)
(1.04173 -0.55284 -4.24925e-19)
(0.629678 -0.550519 3.35862e-19)
(1.19569 0.261376 -1.60583e-19)
(0.291144 -0.431205 2.07227e-20)
(1.44684 -0.403328 0)
(0.75385 0.10234 -5.95755e-21)
(1.44476 -0.52828 -5.08834e-20)
(1.01836 0.743612 0)
(1.2778 -0.542445 0)
(0.583682 0.163861 0)
(-0.232148 -0.365839 -6.97979e-20)
(-0.142832 0.159323 0)
(1.53031 0.665823 2.87519e-19)
(1.21399 0.179162 5.47483e-21)
(-1.19018 0.190441 2.64506e-19)
(1.66155 0.548865 1.85434e-20)
(1.79617 0.469691 -7.77536e-20)
(2.1737 -0.345079 -4.35884e-20)
(-0.171458 0.00212547 -2.09009e-19)
(-0.23875 -0.414054 5.29335e-21)
(0.95531 0.0883811 0)
(0.679356 -0.0336782 0)
(0.998737 0.000922577 1.84537e-22)
(-0.446741 -0.359547 0)
(1.53943 0.00499721 -1.41466e-19)
(0.680311 -0.0316958 0)
(1.06156 0.00267067 1.08879e-19)
(0.998024 0.0157883 -3.88527e-20)
(1.27753 0.186958 2.18306e-19)
(1.06317 -0.0169271 -8.00682e-22)
(0.954087 -0.20238 -4.67079e-20)
(1.02832 -0.036 3.17466e-19)
(0.683616 -0.624044 1.56249e-19)
(-0.771744 -0.179851 -2.73268e-19)
(1.12497 0.389485 3.62356e-20)
(0.0230781 -0.0140875 0)
(1.10342 0.776827 0)
(1.02983 -0.0107541 0)
(1.01587 -0.785291 -8.32934e-20)
(1.05319 -0.902165 1.60548e-20)
(0.772585 0.106861 -4.17083e-20)
(-0.0259613 0.263579 -8.70571e-19)
(1.27011 -0.306314 9.60709e-21)
(0.59889 -0.407101 -5.50858e-19)
(1.16874 0.427582 -4.74558e-20)
(0.994291 -0.0453494 -6.74529e-20)
(2.10068 -0.3527 1.35564e-19)
(0.387407 0.0771898 -3.18765e-20)
(-0.338687 -0.440099 -1.45523e-19)
(1.09692 0.542925 1.70101e-19)
(-0.0298382 -0.389388 0)
(0.0814492 -0.434853 4.41827e-19)
(-0.0704133 -0.128717 -4.49957e-23)
(1.0362 -0.0430637 2.86714e-19)
(1.02526 0.000630254 -7.35094e-21)
(1.10395 -0.0121406 -7.9342e-20)
(1.31089 -0.00573548 -1.0388e-20)
(1.6075 0.315083 4.27284e-20)
(0.410577 -0.386772 -2.72085e-19)
(0.761869 0.0392961 7.68332e-20)
(1.03577 -0.00201696 -2.09368e-19)
(0.961478 0.250499 -3.7299e-20)
(1.25414 -0.031857 0)
(1.09147 0.58061 -3.18529e-19)
(1.00446 -0.00502352 8.17223e-20)
(0.656673 0.585271 2.29097e-19)
(1.29191 -0.162531 6.02639e-22)
(1.065 -0.0141667 -2.60783e-20)
(1.12681 0.0119549 7.39613e-22)
(2.54014 0.0318055 2.37089e-20)
(0.181226 0.0562569 0)
(1.05316 -0.0416239 0)
(1.05877 -0.034752 5.03332e-19)
(1.00132 -0.00463099 0)
(-0.0481012 -0.0937199 0)
(0.963972 -0.587854 0)
(1.00086 -0.00127907 -4.75156e-19)
(1.17194 -0.692083 6.39525e-20)
(1.02429 -0.00378468 9.94166e-21)
(1.31719 0.937992 -1.87181e-20)
(1.49783 0.986672 -3.9724e-20)
(1.16356 -0.120225 -1.48858e-20)
(1.53342 0.293146 2.29148e-19)
(1.26153 0.258099 0)
(0.0159327 0.564506 0)
(2.20479 -0.0297454 5.55081e-19)
(1.25438 -0.711261 0)
(1.0021 -0.00589541 -1.47413e-19)
(1.00953 -0.000531266 2.86263e-19)
(1.42588 0.146758 -5.89615e-20)
(0.00092813 -0.12434 2.97526e-19)
(0.968565 -0.00148535 1.55467e-19)
(0.263311 -0.0469019 4.56884e-20)
(0.270006 0.0587182 -3.98452e-20)
(1.32898 -0.00562153 -1.44499e-22)
(0.928212 0.0169789 -1.55976e-19)
(1.00151 0.00313555 1.84715e-19)
(0.999744 -0.000173515 1.09088e-20)
(0.789238 -0.0132657 0)
(0.726321 -0.0276265 0)
(0.723067 -0.0281761 6.55891e-22)
(0.70002 -0.0292993 0)
(0.662321 -0.166332 0)
(0.0875871 0.00390967 0)
(0.13215 -0.0141631 3.66754e-20)
(0.344772 0.124838 -2.27523e-20)
(1.09339 0.0811955 0)
(1.33314 0.0344006 1.29657e-21)
(1.30766 -0.0289071 0)
(0.137195 0.00641855 0)
(-0.0160823 0.00130256 0)
(-0.000249896 0.0321032 8.51363e-22)
(0.510237 0.142236 6.27068e-20)
(0.792909 0.023505 0)
(0.795575 0.0207477 0)
(0.96668 0.0184856 -1.92343e-19)
(0.823476 0.00707152 3.60332e-19)
(1.0063 -0.00100004 0)
(0.999721 -0.000782362 3.41089e-19)
(0.999826 -7.41177e-05 -3.21958e-22)
(0.796162 0.0229373 3.05275e-19)
(0.990948 -0.00658511 -1.78519e-19)
(0.303879 -0.0266507 0)
(-0.004505 -0.00790655 3.98805e-20)
(1.00111 -0.00117141 -1.72547e-19)
(1.00049 9.70833e-05 -2.95855e-19)
(1.08835 -0.116064 0)
(1.00017 0.0020957 0)
(0.999478 0.000282331 0)
(1.38879 -0.277872 2.12454e-20)
(1.06942 -0.0243143 1.12271e-20)
(0.923431 0.218607 0)
(-0.37122 0.435312 2.10181e-19)
(-0.869012 0.428371 -4.23534e-19)
(1.02079 -0.0159528 -2.29665e-19)
(-0.364665 -0.458237 -1.31616e-19)
(1.02085 0.000329387 -1.84401e-19)
(1.19676 -0.218343 -7.46189e-20)
(0.807456 -0.489825 2.58968e-19)
(-0.070565 -0.10999 -9.98354e-20)
(1.0285 0.0114263 0)
(1.05116 -0.00825827 -5.01362e-20)
(0.862614 0.0231863 0)
(-0.0232598 0.0287488 2.6374e-19)
(1.22899 -0.627223 0)
(-0.45918 -0.349268 -3.29109e-19)
(0.284971 -0.0166443 -4.30066e-20)
(1.63377 0.675424 2.48357e-20)
(-0.0544652 -0.0484145 0)
(1.06173 -0.0379075 1.55527e-19)
(1.21872 -0.148567 1.74467e-21)
(0.92564 -0.0202577 2.45427e-19)
(1.01386 -0.00822351 -1.56489e-19)
(1.64585 0.85024 4.94827e-20)
(0.506519 0.47401 0)
(0.428952 0.377903 1.81843e-19)
(1.3269 -0.334009 -5.25277e-21)
(1.14237 0.124346 1.6742e-19)
(1.09933 -0.721725 0)
(1.02275 0.00351301 0)
(1.00129 -0.017873 -3.6091e-19)
(1.01632 0.0129478 -3.50743e-19)
(-0.178134 -0.4126 0)
(1.19901 0.804088 -1.06294e-19)
(1.34268 -0.136758 -6.4159e-22)
(1.01384 0.0013862 1.3521e-19)
(1.00733 0.015647 -1.69531e-19)
(-0.508591 -0.284997 -3.22802e-20)
(1.18638 -0.0164108 -3.62071e-20)
(1.01653 -0.0175029 5.77012e-19)
(1.21144 -0.0176204 0)
(1.83143 0.646866 -6.00697e-20)
(1.0159 -0.0142453 -1.79674e-19)
(1.98559 0.121667 -1.51673e-19)
(1.06106 0.00858427 -4.14712e-22)
(1.00867 -0.0110632 3.59864e-20)
(2.12005 -0.26238 -3.47803e-19)
(1.0155 0.00631992 1.74085e-19)
(1.25422 0.186626 6.64772e-21)
(1.01571 0.00240109 0)
(0.923933 0.135967 4.3396e-20)
(-1.3633 0.189917 6.55153e-21)
(0.998258 0.0204173 1.73046e-19)
(1.03672 0.0220912 -6.59629e-22)
(1.25841 -0.0705322 -5.79424e-22)
(1.24727 0.312921 3.48919e-19)
(0.999401 0.015046 1.18691e-19)
(1.01744 -0.0132652 3.7318e-22)
(1.71681 0.258827 -1.33012e-20)
(1.73582 0.92471 -1.04255e-19)
(0.785333 -0.704714 4.69226e-20)
(0.465143 -0.350854 -2.68081e-19)
(1.00723 -0.0115717 0)
(1.01971 0.00228791 4.32894e-20)
(1.00943 -0.00609872 9.13099e-20)
(1.20845 0.106267 3.3392e-21)
(1.01235 0.00425696 -1.81302e-19)
(1.02871 -0.0283114 2.06589e-19)
(1.00906 -0.00719211 -1.70797e-19)
(1.01451 0.00292985 -5.47432e-22)
(1.01362 0.0043609 -3.50585e-22)
(1.02348 0.0129468 1.73381e-19)
(0.897431 0.0727185 4.46111e-19)
(1.73867 0.602361 0)
(0.485989 0.0284842 2.83765e-19)
(1.01242 -0.00415766 0)
(1.02242 -0.0190898 -5.03168e-20)
(1.52328 0.448143 -5.87786e-20)
(1.84077 -0.0153561 0)
(2.05237 -0.422284 -9.41955e-20)
(1.31124 0.58886 -4.6423e-20)
(0.763889 -0.0141211 0)
(1.98059 -0.0619827 0)
(0.259281 0.297442 -1.52518e-19)
(1.3442 0.0628343 -1.27419e-21)
(1.01721 -0.0057762 -1.82686e-19)
(1.13238 -0.574945 -4.87638e-20)
(1.263 -0.0108738 -8.25794e-21)
(1.50577 0.479665 0)
(1.31079 -0.29193 0)
(1.81157 0.471301 0)
(0.170292 0.551971 9.33873e-20)
(1.35833 0.187205 3.41766e-20)
(-0.0378267 0.230909 0)
(-0.0614649 0.6559 -3.30739e-19)
(1.66938 0.953007 -7.27107e-20)
(1.00976 -0.00366841 -3.57115e-19)
(1.31585 0.117204 7.44767e-21)
(1.02223 0.00623482 2.35955e-19)
(0.696517 -0.0391603 0)
(-0.13369 -0.37912 -3.05996e-20)
(0.599481 0.414443 -3.04e-19)
(1.75725 0.654692 8.45044e-20)
(0.113714 0.700503 0)
(0.800809 0.0942382 6.27423e-20)
(0.505187 0.482003 4.58967e-20)
(1.16333 0.866794 -2.84531e-20)
(-0.0301408 -0.0185694 1.48449e-19)
(1.01847 0.00900918 0)
(1.44834 0.290959 2.09776e-20)
(1.01016 -0.00198481 1.34132e-19)
(2.44324 0.160828 0)
(1.01015 0.00672764 2.24807e-19)
(0.140846 -0.436646 -2.1003e-19)
(1.02097 0.010674 -1.39081e-19)
(1.43552 0.244207 0)
(1.84013 -0.45823 4.67243e-22)
(1.01007 0.00580944 -9.3417e-20)
(0.994785 -0.0330178 2.46709e-19)
(1.08842 0.0948295 -2.44217e-21)
(1.25857 0.281207 -3.55078e-20)
(-0.152244 -0.0616835 3.88428e-19)
(1.95961 0.341685 1.96449e-19)
(0.821701 0.183631 4.12135e-20)
(0.809277 0.0136356 -3.37418e-19)
(0.804379 0.0237009 0)
(0.93472 0.0703905 4.25761e-20)
(1.02407 -0.0134735 -2.70395e-20)
(0.970694 0.018526 0)
(1.04856 -0.0012801 -1.71854e-19)
(0.508518 -0.396101 -5.30514e-20)
(-1.57878 0.106412 2.91834e-19)
(2.17485 -0.606203 0)
(-1.0172 0.00404499 -8.90957e-19)
(1.54144 -0.350613 0)
(1.03772 -0.0188286 5.04373e-20)
(1.02651 -0.0842355 1.75341e-21)
(1.01563 -0.00217565 1.44994e-19)
(-1.10077 0.199771 5.51466e-19)
(1.01776 0.00308774 0)
(0.991346 0.00436643 -3.506e-19)
(1.00864 0.00703421 1.84432e-19)
(0.888933 0.122578 0)
(0.795601 -0.157513 -7.8506e-21)
(0.961204 -0.00104641 -1.58122e-19)
(-0.302538 -0.476785 4.58022e-19)
(1.00437 -0.00139994 -1.80009e-19)
(1.00056 0.0236743 -4.23399e-19)
(1.66908 -0.614075 -2.51588e-22)
(-0.228755 -0.271831 -1.12907e-19)
(0.790017 0.677705 -1.53523e-19)
(0.79319 0.3465 0)
(1.02127 -0.00917371 3.78905e-19)
(1.03529 -0.0120729 1.99455e-19)
(0.752835 0.374144 -4.86311e-20)
(-0.131774 0.101866 2.00086e-20)
(1.08349 0.00771856 -9.96495e-20)
(1.12477 -0.906652 3.95419e-20)
(1.0093 -0.0032341 1.87981e-19)
(0.941752 -0.685257 1.67884e-19)
(-0.552533 0.364509 3.86113e-19)
(-0.202247 -0.271814 -8.8339e-20)
(0.77878 0.00831218 -5.53367e-20)
(0.716438 -0.178113 -5.98748e-19)
(1.0194 -0.00982693 0)
(1.3428 -0.816748 7.08733e-20)
(1.26244 0.671891 1.24959e-19)
(0.79178 0.104203 0)
(0.042369 -0.404024 0)
(0.0829263 0.731874 0)
(1.03438 0.0110147 7.98609e-20)
(2.23576 -0.0433093 0)
(1.05378 -0.0237333 3.17879e-21)
(-1.16581 0.225371 -2.39931e-19)
(-0.0445817 -0.0879846 2.48094e-19)
(-0.243656 0.378999 -6.12853e-22)
(1.4343 0.37256 8.03416e-20)
(-0.0171416 -0.421849 5.71827e-19)
(1.09768 0.551093 0)
(-0.656769 -0.282094 -9.04699e-21)
(1.02097 0.0180291 4.91167e-20)
(-0.0924802 -0.0736453 -1.52193e-19)
(0.858972 0.69476 -4.88903e-20)
(-0.084705 -0.116111 5.86954e-20)
(1.35219 -0.984866 -3.66788e-20)
(0.279507 -0.00804692 4.50446e-20)
(1.32795 0.0716539 1.3722e-21)
(0.160247 -0.0223371 -3.30654e-20)
(0.893545 0.0118394 0)
(0.6873 -0.201317 6.45248e-20)
(0.726745 -0.301994 -1.16794e-19)
(0.149857 -0.10667 -7.7046e-21)
(2.04397 0.297686 0)
(1.04935 0.0224389 1.94167e-19)
(-1.2198 -0.0130788 0)
(1.27343 0.00657726 5.42601e-21)
(-0.104019 0.163976 0)
(0.866894 0.323729 -1.945e-19)
(1.52145 0.607587 -8.59295e-20)
(-0.146743 -0.255186 -1.80643e-20)
(0.941516 0.0246811 -3.91849e-19)
(1.0361 0.000172665 0)
(1.11452 0.00638698 9.96614e-20)
(1.47198 -0.271336 0)
(1.88946 -0.435851 0)
(1.01729 -0.00251464 -3.44987e-20)
(0.993708 0.0350067 -1.67684e-19)
(1.75834 0.55123 -3.24047e-19)
(-0.109794 0.225676 0)
(1.02124 -0.0159707 1.84755e-22)
(0.944646 -0.763399 -1.05756e-19)
(0.636616 0.333599 0)
(1.07127 -0.0252511 -2.47621e-19)
(1.93522 -0.543161 1.29654e-19)
(-0.191979 -0.189366 -1.19544e-19)
(-0.142164 0.545308 1.85924e-19)
(-0.643104 -0.282386 2.10406e-20)
(-0.750486 0.344404 -1.83078e-19)
(-0.0497323 -0.0709116 3.33711e-19)
(1.31556 -0.41886 -5.76712e-22)
(0.249455 -0.396832 3.23324e-19)
(0.963158 -0.719846 1.84894e-19)
(1.09284 -0.900206 0)
(1.01595 0.00414358 -4.06153e-19)
(0.755746 0.198729 -6.57574e-20)
(1.01681 -0.0038641 -1.53015e-19)
(-0.148964 -0.0798262 -1.07843e-19)
(-0.208441 -0.43529 3.60018e-19)
(1.01668 0.0180056 -1.95376e-19)
(0.246525 -0.739071 2.87536e-19)
(0.926902 -0.838562 2.0613e-21)
(1.03887 -0.0155536 -3.26324e-19)
(1.72069 -0.0152761 0)
(-0.4239 0.315862 -1.27645e-19)
(-1.31801 0.165156 -4.85106e-19)
(1.32304 0.448735 0)
(1.10279 0.078486 0)
(1.05026 0.0207416 2.25003e-19)
(1.60385 0.507823 -2.53977e-19)
(1.22682 -0.0343319 -1.93137e-20)
(1.13786 0.616975 1.44085e-19)
(-0.722975 -0.433592 -2.18838e-19)
(1.04876 0.0135129 1.13411e-19)
(-0.0181162 -0.479104 -2.86e-20)
(1.21415 0.148444 -3.29286e-19)
(-0.0540003 0.275676 0)
(1.00819 -0.275818 -1.61193e-19)
(-0.305505 -0.402765 2.26639e-19)
(1.39078 -0.566005 -1.25471e-19)
(1.0155 -0.021932 -2.28811e-19)
(0.449118 0.433537 -1.25745e-19)
(1.05964 0.143184 -3.79619e-19)
(-1.29025 0.0474958 3.70346e-19)
(0.886341 0.0326093 -2.68367e-19)
(0.529846 0.0134392 -1.79072e-19)
(1.00777 -0.00928733 -1.90963e-19)
(0.790813 0.586556 -2.0984e-19)
(-1.28272 -0.328402 -2.30524e-19)
(0.461991 -0.447388 -1.19379e-20)
(0.140359 -0.0991096 1.1083e-19)
(0.822107 -0.488163 5.39452e-21)
(1.85109 -0.553329 0)
(1.10918 -0.862279 0)
(0.692478 -0.0777736 -1.77131e-20)
(0.894921 0.0412983 0)
(0.73844 -0.419156 1.64644e-19)
(-0.112073 -0.148979 0)
(1.92091 0.365874 3.27748e-19)
(1.02211 0.00904573 0)
(2.35584 0.148231 -8.65403e-20)
(1.10166 -0.405712 2.7793e-19)
(0.978783 -0.00906393 1.68136e-19)
(1.05327 0.0794573 -1.70423e-19)
(1.11693 0.0504259 1.90714e-19)
(1.01155 0.0187392 2.3898e-19)
(1.05482 0.0896943 0)
(0.983847 0.00765569 1.95058e-19)
(0.976385 -0.130716 -1.60699e-21)
(0.21547 0.0498107 -1.91763e-20)
(1.39126 1.03222 2.92264e-20)
(1.01034 -0.0232766 2.60582e-19)
(1.01306 -0.155637 8.57458e-20)
(1.88832 0.623422 0)
(1.01317 0.679271 0)
(1.00305 -0.137055 -3.70047e-19)
(-0.189993 0.458038 0)
(0.681158 0.41312 6.32531e-20)
(1.22336 -0.938349 0)
(0.492222 0.331494 0)
(0.612998 0.55639 -4.68534e-19)
(2.06598 0.299709 3.93316e-20)
(1.03455 -0.0301899 -1.08882e-19)
(-0.0963258 0.226728 9.87126e-20)
(1.04572 0.0455045 0)
(1.04252 -0.0401283 0)
(0.958352 -0.630406 -9.16596e-21)
(0.109045 0.136998 0)
(0.740871 0.463386 3.18549e-20)
(1.04039 -0.00910378 4.70921e-22)
(0.598723 0.439507 1.24229e-19)
(1.13978 0.0275453 2.59019e-20)
(1.59041 -0.612495 -1.44972e-20)
(1.07588 0.0297508 1.50779e-19)
(1.04819 -0.00676663 -1.63007e-19)
(1.13156 0.20921 1.76018e-19)
(1.00387 0.0231453 -3.86344e-19)
(0.284527 -0.306152 0)
(-0.525295 0.584727 -4.38512e-20)
(-0.254224 -0.518866 -2.7576e-19)
(0.906056 -0.154195 -2.14615e-19)
(2.23263 0.248145 0)
(0.00890285 -0.172752 4.4893e-20)
(-0.0704229 0.141505 1.0738e-19)
(1.97413 0.405144 -2.11185e-19)
(0.970723 0.451041 2.20426e-20)
(1.27149 0.166718 2.26993e-20)
(0.832812 0.694945 3.70346e-19)
(0.822469 0.578273 -2.25272e-21)
(1.10876 -0.0314704 0)
(1.01569 -0.0956425 -1.09091e-19)
(-0.143802 0.30027 1.0483e-19)
(1.78249 -0.265203 -1.37009e-19)
(2.32378 0.197633 0)
(2.42981 -0.106065 0)
(1.548 0.390981 1.63479e-19)
(-0.0186728 0.0713328 0)
(1.01642 0.0179085 -1.50777e-19)
(0.199668 -0.220054 0)
(0.998222 -0.0171787 1.11122e-19)
(0.673503 -0.344916 -1.91027e-19)
(0.959201 -0.0340844 3.66838e-19)
(1.82111 0.35735 4.56866e-20)
(1.05678 -0.0252941 -4.04458e-19)
(0.831447 0.0217034 4.81376e-20)
(2.37416 0.117966 -2.17421e-19)
(1.08416 -0.0463636 0)
(1.04775 -0.0120439 1.20709e-19)
(-0.613203 0.305958 -2.00651e-19)
(1.11424 0.000572217 -1.89835e-19)
(0.856227 0.620162 -4.10229e-19)
(1.22495 -0.0607977 -1.37889e-20)
(2.31802 0.21026 0)
(0.313069 -0.115508 4.72823e-19)
(1.36286 -0.466679 0)
(-1.0987 0.0434971 1.28633e-19)
(-0.373261 -0.428234 2.52901e-19)
(1.10384 -0.916142 0)
(0.755485 0.0311672 9.7545e-20)
(-1.08659 0.278561 0)
(1.90497 0.590609 0)
(-0.0256544 -0.0424808 1.28389e-19)
(0.86238 0.0846597 -2.19503e-19)
(-0.338711 -0.533631 1.99102e-19)
(0.914437 0.672728 -3.29512e-19)
(1.00825 0.037046 -5.48997e-21)
(1.03138 -0.04542 1.24109e-19)
(2.46897 0.0116959 0)
(1.06672 -0.108762 -4.67916e-20)
(0.705434 -0.06216 7.63354e-19)
(1.02047 -0.015769 2.53306e-19)
(1.08032 -0.0131127 9.74184e-20)
(1.84748 0.381857 0)
(1.00297 -0.0080514 0)
(0.969127 0.843272 -2.87119e-20)
(1.04715 -0.0294791 -1.51274e-19)
(1.1941 -0.472824 -8.18902e-20)
(-0.520822 0.149002 3.30172e-20)
(1.34927 0.0653388 0)
(1.45458 0.0840576 0)
(1.21317 -0.289512 2.94022e-21)
(0.688255 0.264875 -2.22216e-19)
(0.505374 -0.083907 -2.19325e-20)
(0.988201 0.0603149 2.21703e-19)
(0.430457 0.19038 -1.37662e-19)
(1.98054 0.381208 0)
(0.480108 0.0696713 3.01615e-21)
(1.09874 0.0096247 -1.01769e-19)
(0.213052 0.0143048 0)
(0.808302 -0.00174831 0)
(0.417861 -0.0686797 -1.42674e-20)
(0.189954 -0.0217563 6.99124e-21)
(0.774067 0.000449249 1.02163e-19)
(1.13054 -0.0101881 0)
(0.829955 -0.76566 0)
(-0.0145365 -0.470812 -2.63807e-20)
(0.991893 0.695862 -2.02313e-19)
(0.225286 0.0683745 -9.84401e-20)
(-0.143258 0.682785 8.64927e-21)
(1.88517 0.800858 2.02926e-19)
(0.988647 0.0287181 1.59116e-19)
(1.03525 -0.0674658 8.73033e-20)
(0.338174 -0.249487 -6.21512e-19)
(-0.055182 -0.0315675 0)
(0.115505 -0.32549 -6.88731e-20)
(0.595074 -0.569463 -2.83977e-19)
(-0.477203 -0.328709 3.63698e-19)
(0.928934 0.100512 -1.63391e-19)
(0.956415 0.33464 3.24896e-19)
(1.01956 -0.094452 1.16291e-21)
(1.02283 0.00571592 -2.89852e-20)
(0.997554 -0.00685049 1.18465e-19)
(-1.14939 0.0615649 -3.00596e-19)
(-0.0808508 -0.177037 -1.78358e-19)
(-0.433855 -0.367922 0)
(1.16927 0.258885 1.225e-19)
(1.0989 0.0156802 0)
(-0.623686 0.137597 -3.76693e-19)
(-0.0511649 0.116942 -1.39666e-19)
(-0.209724 -0.493056 0)
(1.01101 0.00847078 1.67881e-19)
(0.987295 -0.0473962 0)
(2.19987 0.286951 -3.26368e-19)
(-1.38021 0.151713 -4.24727e-23)
(0.978205 -0.00682246 -3.50664e-19)
(0.437908 -0.447708 5.67951e-21)
(1.59751 0.394658 -3.02836e-21)
(0.513659 0.500514 0)
(0.745105 0.65082 1.54246e-19)
(1.33925 0.363797 8.82012e-20)
(-0.404227 -0.383097 2.41406e-19)
(1.91055 0.215709 -4.06702e-21)
(-0.387175 -0.398403 -1.76196e-19)
(1.25267 0.422157 -2.82391e-19)
(1.2034 0.170336 4.55115e-19)
(0.942343 -0.640351 -5.96404e-21)
(0.136146 -0.135653 1.65586e-19)
(0.124654 0.118586 0)
(-0.0983725 0.113581 0)
(-0.14637 -0.154623 1.01789e-19)
(1.00235 0.00190218 -1.86291e-19)
(1.0258 -0.00149178 -1.57442e-19)
(-0.653264 0.463467 -1.89383e-19)
(1.71873 -0.513935 -2.05548e-20)
(1.37029 -1.03892 5.93386e-20)
(1.07703 0.726873 0)
(0.909109 0.0410687 -4.88964e-19)
(1.59543 -0.247644 -1.21616e-19)
(1.011 -0.021376 -4.68699e-20)
(1.51483 -0.680717 9.44948e-20)
(-0.387424 -0.403587 0)
(2.36061 0.289686 -3.70383e-20)
(-0.992699 0.188626 6.60167e-20)
(-0.160945 0.0330261 -2.83875e-19)
(1.03085 -0.0656694 1.67286e-19)
(-0.114365 -0.125979 0)
(1.64714 -0.116152 -1.2713e-19)
(0.468272 0.243765 1.08552e-19)
(-0.110047 -0.122295 1.13412e-19)
(1.01813 -0.0149479 2.07359e-19)
(0.681879 0.310541 0)
(-0.0675155 0.145719 1.31729e-19)
(0.458598 -0.447991 0)
(0.137575 -0.138357 -3.07429e-19)
(-0.0489863 0.0597645 1.04223e-19)
(0.133028 0.131295 1.58787e-19)
(-0.088948 -0.0987323 -1.24446e-19)
(-0.320764 -0.407215 0)
(0.937162 0.28407 1.61896e-21)
(0.885214 0.346587 2.16692e-21)
(0.695509 -0.627983 1.99976e-19)
(1.01172 -0.0106364 0)
(-0.0816966 -0.0908728 0)
(0.957462 -0.0856508 1.96304e-19)
(1.50915 -0.720146 -4.91178e-21)
(-1.0572 0.146022 -4.88714e-19)
(0.964571 0.0343102 -2.20722e-19)
(0.638426 -0.585822 3.57233e-19)
(1.37666 -0.702096 -1.22693e-19)
(-0.526004 -0.389669 -5.08849e-19)
(1.08341 0.0695455 0)
(1.01636 -0.0101078 -2.39711e-19)
(-0.0448832 -0.0555951 0)
(-0.0157145 0.0158828 -5.05427e-19)
(0.143252 0.141866 1.51787e-19)
(-0.0732574 -0.0861186 0)
(1.13415 0.100264 -1.46505e-19)
(1.62479 0.36838 0)
(1.09486 -0.0901478 0)
(-0.137725 -0.13154 1.62627e-19)
(-0.564205 0.374312 -1.66371e-19)
(-0.0197187 -0.0259804 -1.20578e-19)
(-0.0656166 0.0778166 1.01763e-19)
(0.119908 0.109571 0)
(0.978307 -0.108746 -2.41259e-19)
(0.13959 -0.140974 -1.52152e-19)
(0.138636 0.134226 -3.02481e-19)
(0.194594 0.188248 1.12454e-19)
(0.94838 0.0098008 5.89665e-19)
(0.179379 0.171258 -1.2334e-19)
(-0.0148556 -0.0200964 1.1414e-19)
(0.143295 0.143737 -2.87852e-19)
(0.188857 -0.188387 -2.34143e-19)
(-0.0171669 0.0256416 0)
(-0.0522139 -0.0610309 2.52888e-19)
(-0.672203 0.291187 4.91894e-19)
(0.145513 0.140684 0)
(0.834112 -0.442127 0)
(-0.298208 -0.427199 0)
(1.07341 -0.347212 1.08851e-20)
(0.212336 0.209145 2.28539e-21)
(-0.0220262 0.0270877 -6.00879e-20)
(-0.11692 0.125614 9.63434e-20)
(0.187239 0.182305 -1.18534e-19)
(0.157658 -0.15268 0)
(-0.0261996 -0.031635 1.27852e-19)
(0.000341815 0.00494252 3.39095e-22)
(-0.313622 -0.458663 -2.33897e-19)
(1.26087 0.054977 -1.09338e-20)
(-0.780258 0.0403295 4.68031e-19)
(-0.0401072 0.0502695 -1.01791e-19)
(-0.00901966 -0.0144025 0)
(0.209776 0.209266 0)
(0.174498 -0.17347 -5.37937e-20)
(0.00774233 -0.00624582 -9.73508e-20)
(2.19716 0.555726 1.84683e-19)
(1.4833 -0.601712 -4.75524e-19)
(0.193109 0.196156 2.14074e-19)
(-0.280608 -0.34715 9.67902e-20)
(-0.0783776 0.0915755 1.03342e-19)
(-0.00482471 -0.00895469 -3.32569e-19)
(0.207365 -0.20636 2.00099e-19)
(-0.252883 -0.508674 2.69762e-20)
(-0.00454722 0.0103801 0)
(0.140147 -0.13957 -3.16457e-19)
(0.971403 -0.0719282 0)
(1.56175 -0.360443 0)
(0.575297 -0.516615 -3.3301e-19)
(0.638574 -0.36608 5.10534e-20)
(0.181004 -0.174178 1.10958e-19)
(1.01017 0.011546 1.63032e-19)
(0.883523 -0.112461 2.31819e-19)
(0.417128 -0.405535 4.63634e-19)
(1.61854 0.570636 2.34657e-20)
(0.217466 0.206309 8.72543e-20)
(0.820398 0.55532 0)
(0.629423 -0.548384 1.64063e-20)
(-0.00148224 -0.00511218 1.08813e-19)
(0.408405 0.0197534 2.00086e-20)
(1.05757 -0.130748 7.00328e-20)
(1.08754 -0.259752 0)
(0.944649 -0.14218 5.71734e-19)
(-0.010619 0.0169961 0)
(0.665375 -0.338954 0)
(1.17823 -0.221143 1.53953e-19)
(1.13601 0.35717 1.86873e-19)
(1.122 0.00284964 0)
(-0.918317 -0.0512647 3.3072e-19)
(-1.5084 0.152786 -5.6592e-21)
(1.03674 0.0059768 -2.2819e-19)
(-0.148577 -0.439795 0)
(1.18971 -0.213185 0)
(1.52631 0.585196 0)
(0.103714 0.0985506 4.04378e-19)
(0.00054195 -0.00139972 0)
(0.188753 0.179584 1.02548e-19)
(0.17301 -0.159152 0)
(0.00926912 -0.0091216 -9.49703e-20)
(0.000557639 0.000276193 0)
(0.915272 0.478676 2.60422e-19)
(0.849163 -0.437422 -4.6869e-19)
(0.00946783 -0.00906934 2.33771e-22)
(-0.100376 -0.117856 -3.00196e-19)
(0.258143 -0.24886 0)
(0.236707 0.225093 0)
(-0.819991 -0.154581 3.40391e-19)
(0.93436 0.0447412 3.80844e-21)
(1.11314 -0.378027 -1.63366e-19)
(0.00881026 -0.00773808 2.85402e-19)
(-0.115888 0.0913035 1.82451e-19)
(1.05338 0.137501 2.17816e-19)
(-0.210078 -0.0551936 0)
(-0.000405245 0.000120385 -1.71396e-22)
(-0.237416 -0.487346 6.72605e-21)
(-0.0893876 0.0110489 0)
(2.32737 -0.100961 -2.21158e-19)
(1.02344 0.14035 0)
(1.00242 -0.0779812 2.7749e-19)
(-1.47303 0.0576701 0)
(0.234177 -0.217722 -3.84232e-21)
(1.01213 -0.0236345 1.43494e-19)
(0.557804 0.140016 3.60963e-19)
(1.37263 -0.786801 1.26421e-19)
(0.299936 0.280689 1.78142e-22)
(1.61075 0.5293 0)
(0.962895 -0.589693 5.97411e-20)
(1.83653 -0.934053 2.07389e-19)
(0.00957815 -0.00981305 1.8413e-19)
(1.72184 -0.681583 5.15939e-20)
(2.32328 0.484782 9.72952e-20)
(0.00814834 -0.00803237 -5.41714e-20)
(1.02108 0.0210265 2.09326e-19)
(-0.113676 0.244386 -1.9077e-19)
(0.324433 0.302185 0)
(-0.00205201 -0.000701249 0)
(0.250096 0.236987 7.46817e-20)
(0.300931 -0.280532 -1.7394e-19)
(0.0102744 -0.00972345 1.92891e-19)
(1.08441 -0.775433 -5.75608e-20)
(0.883783 0.141277 1.99796e-19)
(0.339721 -0.323323 0)
(0.00814878 -0.0105645 0)
(0.268723 0.254782 0)
(0.00283178 0.00176063 -1.12251e-19)
(0.278194 -0.275414 0)
(-0.0135349 -0.00648528 -1.89946e-19)
(0.287523 0.270991 -5.18364e-20)
(-0.000182149 -0.008559 0)
(0.261294 -0.256122 0)
(-0.274573 -0.412548 0)
(-0.0176635 0.00261865 0)
(-0.0360285 0.020643 -5.51303e-20)
(-0.101442 -0.298398 0)
(1.00301 -0.00382596 2.20643e-19)
(0.47523 -0.445274 2.40907e-20)
(-0.0804375 0.0523178 -9.56622e-20)
(-0.0376857 -0.0265725 3.51621e-19)
(0.361518 0.332222 -3.14188e-20)
(1.65421 0.395618 0)
(-0.171978 0.187346 0)
(-0.110281 -0.388657 2.97608e-20)
(-0.125281 0.0966988 0)
(0.366536 -0.345238 0)
(-0.0573396 -0.0420895 0)
(0.409505 0.371102 0)
(-0.0910454 -0.0724391 2.14457e-19)
(0.483842 0.447453 4.02291e-20)
(-0.15808 0.14784 -4.32131e-19)
(0.544229 -0.503441 -9.98476e-20)
(1.1526 0.134829 0)
(0.835846 -0.032247 -5.41062e-20)
(-0.683609 -0.13606 -3.52384e-19)
(1.03959 0.0593483 -2.0358e-19)
(1.45916 0.0276495 0)
(1.23223 -0.432294 -1.22189e-20)
(1.38004 -0.510477 1.15116e-19)
(0.960534 0.0128441 0)
(0.218321 0.509607 6.05892e-19)
(-1.54289 0.0872592 -2.59173e-21)
(-0.0249545 -0.0179651 -2.21713e-22)
(-1.11774 -0.0180953 0)
(1.12659 -0.176447 -1.89705e-19)
(0.358365 0.182421 3.90064e-19)
(2.13101 0.282838 -1.43796e-19)
(1.58203 0.624776 -2.27813e-20)
(1.5771 -0.754289 2.99941e-22)
(-0.347155 -0.372176 -1.01385e-19)
(1.93255 0.291849 2.0218e-20)
(1.90045 -0.740153 2.00899e-19)
(1.04338 0.0873733 -2.75261e-20)
(-0.458419 0.302341 1.94269e-19)
(1.11765 -0.00847227 0)
(2.24959 0.139657 -3.31839e-20)
(0.120462 0.0732654 -2.09704e-21)
(1.31417 -0.240937 0)
(0.132069 -0.127785 -5.27728e-19)
(0.00402202 0.000535215 0)
(0.527192 -0.491928 0)
(1.90366 0.634569 -8.56588e-20)
(0.905511 -0.441217 0)
(2.34267 -0.115593 2.66186e-19)
(-0.0140621 -0.00962163 1.94938e-19)
(0.26372 -0.268277 7.55987e-20)
(1.02121 -0.0550567 0)
(-0.598033 0.153438 0)
(-0.0648171 -0.0477488 1.61691e-19)
(-0.0994058 -0.101264 1.77763e-19)
(1.00093 0.253004 -1.9458e-19)
(0.483808 0.489891 -3.84473e-19)
(1.02786 0.0155897 -7.66629e-21)
(2.3012 0.232655 0)
(-0.215315 -0.496983 2.55723e-19)
(-0.122247 -0.171863 0)
(0.638407 0.0706381 3.03758e-19)
(0.952913 0.154008 -4.3047e-20)
(0.689889 -0.595387 -1.66567e-19)
(0.984199 0.124381 3.00979e-19)
(0.998819 0.00985902 0)
(1.38197 0.540901 -2.08474e-20)
(2.10442 -0.221624 0)
(0.523909 0.474415 0)
(0.684362 -0.079526 0)
(-0.322794 -0.299422 -4.19287e-20)
(0.308551 0.230359 2.24229e-19)
(-0.121653 0.439509 0)
(1.12265 0.0703835 1.29129e-19)
(1.03407 -0.238725 0)
(0.523713 -0.0315585 1.45835e-19)
(0.378987 -0.194875 1.91685e-19)
(-0.13514 0.561491 2.6971e-19)
(0.392839 -0.3962 -3.99246e-19)
(0.981152 -0.0289759 1.69253e-21)
(1.50916 -0.602182 1.21831e-19)
(1.56392 -1.06679 -2.7958e-20)
(0.0704764 0.0745755 1.35188e-19)
(1.91936 0.502129 0)
(-0.620912 0.221044 0)
(-0.0912859 0.21054 0)
(1.39172 -0.112901 1.35147e-19)
(-1.11845 0.0708896 -1.29471e-19)
(0.284701 -0.263609 -1.51637e-19)
(2.31819 0.157602 1.0047e-19)
(0.803232 0.513604 -6.31865e-20)
(0.825133 0.252332 4.50234e-21)
(0.937959 0.219607 5.89027e-20)
(1.45796 0.318107 -7.39321e-20)
(-0.0589437 -0.471872 1.17189e-19)
(-0.559684 -0.235693 0)
(0.923488 -0.0167854 0)
(-0.524574 -0.17018 1.66197e-19)
(0.155127 0.153368 0)
(1.92468 0.518129 0)
(-0.795934 0.0154269 1.35907e-19)
(0.542085 0.453671 -2.07528e-19)
(0.490561 -0.407776 2.66416e-19)
(-0.230161 -0.00304566 0)
(1.3804 0.917141 -1.80945e-20)
(1.0747 0.00942738 0)
(-0.767402 -0.181527 -6.81377e-19)
(-0.82693 0.329001 -2.1237e-19)
(1.29012 -0.404951 6.89909e-20)
(0.444595 0.408252 4.69082e-19)
(0.727326 -0.243397 1.97193e-19)
(-0.407541 0.710685 0)
(1.12708 0.0605571 1.36613e-19)
(0.994246 0.56625 -8.34979e-20)
(-0.154276 -0.0556395 0)
(0.701355 -0.267061 0)
(1.29812 0.836752 5.17869e-20)
(0.0062137 -0.00291193 -1.93972e-19)
(1.9058 -0.682181 -2.68904e-19)
(1.13334 0.10401 0)
(1.2377 -0.148181 -2.86925e-20)
(0.767397 0.434934 0)
(-0.418291 -0.105948 -2.37276e-19)
(1.26391 0.904496 -6.55408e-20)
(1.63635 0.275278 -1.99925e-20)
(1.21549 -0.505288 7.15076e-22)
(-0.27849 -0.0225453 -2.75307e-21)
(-0.0831655 -0.366035 -1.23434e-19)
(1.02307 0.0670741 2.08128e-19)
(-0.0814623 0.256883 0)
(0.964987 0.180006 2.95014e-21)
(1.71409 0.45424 -1.69674e-20)
(1.51759 -0.860409 5.75503e-20)
(1.29347 -0.309734 -1.00353e-19)
(1.70592 -0.333087 3.27227e-20)
(-0.19304 -0.0872317 6.55807e-20)
(0.594987 0.535704 1.35084e-19)
(0.141874 -0.0788895 2.60454e-19)
(1.13548 0.326802 -1.82641e-20)
(1.54344 0.15187 -5.44629e-22)
(2.0533 0.2338 7.9056e-20)
(0.878069 0.596112 1.18581e-19)
(-0.640711 -0.337956 7.92825e-19)
(1.30378 -0.055153 -2.54547e-19)
(0.957347 0.25458 -1.28926e-19)
(-0.513144 -0.312508 -1.33871e-19)
(-0.194208 0.312005 0)
(1.00329 0.00528871 4.60399e-19)
(0.760651 -0.250429 0)
(0.861798 0.557926 -1.22243e-19)
(1.24737 0.0315075 -1.6976e-20)
(-0.155109 -0.504446 -1.74656e-20)
(1.91851 -0.446089 0)
(1.17125 -0.380754 0)
(1.48419 -0.323651 1.22669e-19)
(0.845015 -0.267093 3.59945e-19)
(1.08976 -0.333583 0)
(-0.243241 -0.539895 -2.54864e-19)
(0.934549 -0.0937028 -2.21937e-19)
(0.754646 -0.635786 -5.34956e-20)
(-0.672024 -0.106264 3.07741e-19)
(-0.202798 -0.232988 -1.11795e-19)
(-0.0874008 -0.0409814 -2.5824e-19)
(0.13424 -0.093928 -1.69866e-19)
(-1.37425 0.113415 1.2666e-20)
(0.827079 -0.312927 -1.29165e-19)
(1.44799 0.154366 -1.17944e-20)
(0.674497 0.00960874 0)
(0.798471 0.106722 2.78688e-19)
(1.21869 -0.379647 3.9712e-21)
(0.990395 -0.1351 -4.98872e-21)
(0.582158 0.513742 1.60491e-19)
(1.85728 0.234198 -4.34096e-21)
(1.69295 -0.122755 1.95682e-19)
(1.07099 -0.0279352 3.64878e-20)
(0.831724 -0.394817 1.29321e-19)
(0.507896 -0.235387 0)
(-0.187765 -0.212473 1.15725e-19)
(0.956147 0.0898387 1.39985e-19)
(1.08133 0.6905 8.16861e-20)
(-0.168038 -0.191271 2.48402e-19)
(1.0492 -0.619901 2.4382e-19)
(0.124989 -0.113081 0)
(1.77048 0.886151 0)
(0.226709 0.218858 3.15719e-19)
(1.58385 0.573093 0)
(-0.177445 0.206029 0)
(0.98463 -0.635934 -2.15002e-19)
(-0.152151 -0.170604 3.74595e-19)
(-0.0839735 -0.0331135 1.40694e-19)
(1.10658 -0.0269093 4.31075e-20)
(1.5412 1.04204 -1.98846e-23)
(0.958327 -0.0485059 -1.55319e-19)
(0.126221 -0.123152 7.72345e-20)
(1.04283 0.138532 -1.52157e-19)
(-0.151266 0.181836 3.09229e-19)
(1.03187 0.359193 0)
(0.233918 0.233202 -1.6008e-19)
(-0.69218 0.489369 1.72733e-19)
(1.96146 0.37467 0)
(-0.865388 0.105295 -2.82528e-19)
(0.0183583 0.0673023 1.28481e-19)
(-0.60376 -0.163189 0)
(-0.0406638 -0.0417264 -5.43472e-20)
(0.232549 -0.233344 0)
(1.00521 -0.731705 0)
(-0.107404 0.128163 2.10013e-19)
(0.564657 -0.535367 3.9557e-19)
(-0.137596 -0.158285 -2.29571e-19)
(-0.507572 -0.0903679 -2.01862e-19)
(0.239629 -0.241877 -1.55012e-19)
(0.241465 0.236883 4.68108e-19)
(-0.137797 0.362438 -3.18412e-19)
(-0.7493 -0.276076 -1.5075e-19)
(-0.00411115 -0.00162154 0)
(-0.219095 -0.525102 2.09113e-19)
(1.04281 -0.141108 -2.84614e-19)
(-0.0872586 0.104787 9.9387e-20)
(1.63455 -0.533239 8.03201e-21)
(1.31231 0.198776 0)
(2.19162 0.324661 -2.11231e-20)
(0.952568 -0.0486767 0)
(-0.098887 -0.111583 0)
(0.201162 0.197757 0)
(0.965258 0.0632922 0)
(1.11127 -0.265799 0)
(0.979762 0.100659 -2.78398e-19)
(0.233623 0.232083 -1.52318e-19)
(-0.853829 -0.010005 -1.92578e-19)
(-0.111607 -0.13204 2.54856e-19)
(0.97813 -0.200828 1.46397e-19)
(0.772457 -0.381942 0)
(-0.246135 0.102835 -2.5706e-19)
(1.01578 -0.02566 -1.82754e-19)
(-1.6472 0.0968263 8.49211e-19)
(-0.0377364 -0.0475784 0)
(-0.146706 -0.175639 -1.39922e-19)
(0.282725 0.264477 -1.30219e-21)
(0.255025 0.243211 0)
(-0.0493113 -0.0609982 1.25837e-19)
(-0.360448 0.52437 2.13196e-19)
(1.3143 -0.504291 1.45006e-19)
(1.78824 -0.423053 1.01422e-20)
(0.922402 0.419346 -3.67954e-19)
(1.03764 0.0390677 0)
(0.331756 0.323424 -2.14051e-19)
(-1.04525 -0.0563469 3.22544e-19)
(0.313968 0.305212 -3.56396e-19)
(0.308691 0.300086 1.14197e-19)
(0.490102 -0.341874 0)
(-0.0475466 0.0631018 5.6239e-20)
(-0.13109 0.153459 0)
(-0.0286369 -0.0355756 3.11852e-19)
(-0.124354 -0.15332 2.80246e-19)
(0.501955 -0.401476 5.67696e-19)
(1.27421 -0.731004 -4.33627e-20)
(0.339223 0.339041 0)
(-0.0664732 0.0735208 2.42707e-19)
(0.236079 -0.241283 3.16183e-19)
(1.22117 0.133022 -4.44606e-21)
(0.334903 0.335327 0)
(0.996653 0.329727 -9.75477e-21)
(-0.542544 0.217487 -2.10683e-20)
(2.33741 0.302937 7.40763e-20)
(-0.017257 -0.0241609 0)
(1.17427 0.753153 0)
(-0.0117137 0.0180098 -2.98522e-19)
(0.327436 -0.329184 -2.27823e-19)
(0.262299 -0.234355 1.87926e-20)
(1.9108 0.341373 -4.12093e-20)
(1.08123 0.337619 -1.15383e-19)
(0.30378 -0.295284 -2.32558e-19)
(1.03768 -0.0206783 3.09899e-19)
(1.00248 0.0708887 0)
(0.755486 0.132165 -8.77075e-22)
(1.07281 0.0193706 1.10311e-19)
(0.618674 -0.146425 1.04639e-20)
(1.41288 -0.510531 0)
(1.18719 0.184281 -9.9551e-20)
(1.91883 0.482251 -1.78141e-19)
(-0.033534 0.0455948 0)
(-0.163441 0.0995219 3.3625e-19)
(1.70891 0.539772 0)
(1.00481 -0.00086255 4.9192e-20)
(0.32755 -0.316279 -1.07608e-19)
(1.00238 0.00708857 5.05943e-19)
(0.774987 -0.352623 0)
(1.16799 -0.901951 0)
(-0.0107403 -0.0142861 1.11599e-19)
(0.0597473 0.0534741 0)
(1.08278 -0.0252719 6.5321e-20)
(0.523379 0.396475 5.72163e-20)
(0.716763 -0.0181642 -4.17237e-19)
(-0.0224268 0.0301861 0)
(-0.450772 0.067458 2.26748e-19)
(-0.923876 -0.0191074 0)
(1.81321 0.804031 0)
(-0.0220163 -0.0137163 0)
(-0.0326443 -0.0186096 1.09899e-19)
(1.6814 0.764147 -2.76322e-20)
(1.01811 0.0553363 0)
(-0.193916 0.213724 9.70884e-20)
(0.0108177 -0.0102213 0)
(1.43134 0.0849395 0)
(1.61034 -0.812309 -3.09535e-20)
(0.383094 0.36034 1.76853e-19)
(-1.12347 0.0597359 -4.22708e-19)
(-0.00480718 -0.00735539 -1.17824e-19)
(0.587317 -0.324601 -3.26373e-19)
(1.02927 0.271001 0)
(0.400229 -0.042408 1.47164e-19)
(1.42944 0.128589 0)
(0.91004 -0.0706275 3.03813e-19)
(0.219043 0.0492467 -1.52758e-19)
(0.402884 0.381203 -8.66225e-20)
(0.740943 0.239349 1.73631e-19)
(-0.251948 0.432103 2.05858e-19)
(1.52187 0.410963 1.75115e-20)
(0.22182 -0.226156 1.72829e-19)
(-0.00265543 -0.00242212 2.63645e-19)
(1.50149 -0.470973 -7.10302e-20)
(-0.00184855 0.00853432 9.94033e-20)
(-0.0236248 -0.0270314 0)
(-0.106282 -0.0807987 -8.06129e-20)
(0.0142013 -0.0146586 9.63936e-20)
(1.02708 -0.198303 0)
(0.394875 -0.362092 1.06213e-19)
(0.257927 0.253216 1.38983e-19)
(0.251259 0.251827 -3.06929e-19)
(1.38695 0.0463867 0)
(0.361275 -0.360905 -1.86824e-19)
(1.69867 0.479183 0)
(1.45954 0.0691165 1.4742e-20)
(-0.00188619 -0.00227378 1.30067e-19)
(0.903662 -0.051921 0)
(0.589895 0.55598 -1.75568e-19)
(1.01868 -0.0133399 -2.27948e-19)
(1.09338 -0.0164167 -1.11598e-19)
(0.312434 -0.067898 7.81099e-21)
(0.376618 0.0673574 -2.06408e-20)
(1.04746 0.0204682 -3.01613e-19)
(2.54871 0.0362264 -8.96847e-20)
(-0.142494 -0.056773 1.79185e-19)
(0.0138518 -0.0124283 -1.9253e-19)
(-0.0879172 0.00933028 -1.86101e-19)
(1.33755 -0.380316 6.6633e-20)
(0.0152554 -0.0152584 1.63096e-22)
(1.11412 -0.00381564 -1.30838e-19)
(0.425853 -0.412369 6.65359e-20)
(-0.031433 -0.0572984 3.2422e-19)
(0.242967 -0.233149 0)
(-0.154341 0.282742 4.74045e-22)
(1.58531 0.982676 0)
(0.870041 0.0175957 -1.23296e-19)
(-0.367914 -0.0253355 -2.03646e-19)
(-0.499163 -0.206946 -1.9336e-19)
(0.701537 -0.232483 0)
(0.427955 0.402922 -2.30897e-19)
(0.00846316 -0.00507936 9.99914e-20)
(0.551114 0.629921 -2.40408e-19)
(0.540611 0.525951 -1.09261e-19)
(1.04113 -0.0275412 0)
(1.33073 -0.480451 5.03878e-20)
(1.77931 -0.392062 -6.43623e-22)
(-0.122381 -0.0671737 0)
(-0.00433109 -0.00258558 -1.13122e-19)
(0.981266 -0.628849 4.69815e-20)
(0.290587 0.611948 3.44351e-19)
(1.85138 -0.441778 8.01891e-21)
(0.474622 -0.435603 -1.33928e-19)
(-0.767133 -0.0991632 1.39563e-19)
(0.0143388 -0.0154565 -1.09749e-19)
(0.514476 0.419664 -3.20869e-19)
(0.563864 0.516235 -1.20096e-19)
(0.518265 0.480809 5.92172e-21)
(0.0166106 -0.0145936 5.16814e-20)
(-0.0705225 -0.077436 -1.60963e-19)
(1.01315 0.0140302 1.50182e-19)
(0.272522 -0.262761 0)
(0.454588 0.42755 0)
(0.505658 -0.473798 1.11291e-19)
(0.0162091 -0.0168548 -1.92583e-19)
(-0.312644 -0.329601 -5.9726e-20)
(1.88474 -0.352008 2.37626e-20)
(0.487491 0.452625 0)
(0.483522 -0.480636 0)
(0.00807535 -0.0153131 0)
(1.11819 0.0463487 7.6013e-20)
(0.626864 0.561819 0)
(-0.0151183 -0.0073625 1.91646e-19)
(0.193784 0.179915 -5.95886e-19)
(-0.0461031 0.0178928 5.4171e-20)
(1.27026 -0.142582 2.91706e-19)
(-0.0564111 -0.066313 -1.68186e-19)
(1.14455 0.46909 -1.61166e-19)
(0.149275 -0.13064 -2.46479e-19)
(-0.101239 0.0488056 3.20311e-19)
(-0.211313 0.26576 -2.91754e-19)
(-0.0819008 -0.0518254 -2.43351e-19)
(0.697017 -0.65857 0)
(-0.16023 0.101568 -1.8906e-19)
(0.711144 0.619446 0)
(-0.297054 0.322551 9.022e-20)
(0.679664 -0.0208967 -2.93419e-20)
(0.718316 0.382704 -3.39147e-20)
(-0.206136 0.141519 9.85779e-20)
(0.857847 -0.710365 0)
(-0.118957 -0.0724063 2.30225e-19)
(0.827274 0.695566 -2.10713e-20)
(0.359872 0.330229 -2.34589e-19)
(0.381062 -0.308546 4.50763e-19)
(0.519155 0.450001 1.55626e-19)
(1.00803 0.000158444 0)
(0.461011 0.429828 0)
(1.70671 0.478325 0)
(1.02314 -0.00444291 0)
(-0.0853261 0.124049 -8.81403e-20)
(0.7569 -0.618498 3.68349e-19)
(-0.0551108 -0.0375689 -3.16006e-22)
(1.09817 -0.2631 2.55744e-19)
(0.4249 -0.398544 2.27563e-19)
(2.46499 -0.183633 0)
(1.4289 -0.383555 0)
(0.185211 0.463618 -5.22048e-19)
(0.445804 -0.179184 0)
(1.7867 0.307661 -1.90591e-21)
(0.559976 -0.214678 -2.05314e-20)
(0.689911 0.63905 2.20128e-19)
(1.17411 0.255063 9.30493e-20)
(0.0024533 0.000836224 0)
(-0.0387438 0.0646976 8.9589e-20)
(-0.0284817 -0.0145707 0)
(0.491201 0.480477 4.2844e-19)
(0.633212 -0.0392441 9.98682e-22)
(0.715633 0.339261 0)
(1.02351 0.00452694 1.4249e-19)
(1.36389 -0.26923 1.13388e-19)
(1.0208 -0.0159605 -4.40433e-22)
(0.305366 -0.286206 1.38012e-19)
(0.299544 0.295132 0)
(-0.0750558 -0.0387958 0)
(-0.174063 -0.553554 7.29569e-20)
(1.47681 0.191133 1.2645e-19)
(1.20536 -0.0281775 1.25987e-20)
(0.133261 0.124719 0)
(1.03056 -0.0143326 4.81341e-19)
(1.43684 -1.01246 2.3732e-20)
(-0.119428 0.322941 3.24966e-19)
(-0.0824215 -0.0634229 -2.79903e-19)
(0.442042 -0.413064 1.8833e-19)
(-0.0349965 -0.0267016 2.01785e-19)
(2.16438 -0.184715 0)
(0.371815 -0.343576 -2.89226e-19)
(1.06337 -0.0257475 -5.54878e-20)
(1.00856 -0.00423027 -2.05578e-19)
(0.576194 -0.116677 2.02341e-20)
(0.703824 0.108226 -2.75982e-21)
(1.02505 0.0245835 -1.62809e-19)
(2.10762 0.47393 0)
(-0.0161301 -0.0116229 -1.8295e-19)
(0.496998 0.176236 -1.02352e-18)
(-0.340871 -0.386568 8.14309e-20)
(0.328068 0.309209 -1.28213e-19)
(0.0102116 -0.00186568 0)
(0.0128393 -0.00594615 0)
(1.72813 -0.821581 -1.07227e-19)
(1.0052 0.0852657 1.55527e-20)
(0.137154 -0.533845 3.32342e-19)
(-0.146094 -0.1989 -2.24154e-19)
(1.01901 0.0130553 -4.75407e-22)
(0.73694 -0.696536 -5.53523e-20)
(1.16938 -0.0563902 1.47405e-20)
(1.02026 -0.007212 -7.70728e-20)
(-0.00743395 -0.004069 0)
(0.935291 0.635478 3.61751e-19)
(0.775288 -0.236485 0)
(0.382107 -0.353841 0)
(-0.0158914 -0.00899541 2.1609e-19)
(1.02627 -0.0174138 2.61276e-19)
(0.509056 -0.477946 0)
(0.774155 0.707309 4.63015e-21)
(-0.646854 -0.0278385 -1.6508e-19)
(0.017917 -0.0160522 8.98315e-20)
(0.315868 0.0960246 2.08443e-19)
(1.46401 -0.235626 -2.44708e-20)
(1.66446 0.269384 -3.49781e-19)
(1.67956 -0.292222 -7.92246e-21)
(0.941501 0.563438 1.22286e-19)
(1.02054 0.213691 1.78023e-19)
(-0.35441 -0.35117 -6.13872e-20)
(-0.698285 -0.278132 2.75651e-19)
(1.06917 0.0163084 0)
(0.375461 0.246649 1.13957e-19)
(1.29054 -0.473664 1.22338e-19)
(-0.311402 0.423548 0)
(1.39287 0.143893 -1.04855e-21)
(1.02179 -0.00323834 3.39245e-20)
(-0.566398 0.612086 0)
(1.02403 0.107237 -1.42633e-20)
(0.65133 -0.242681 0)
(0.560778 -0.539402 -4.19906e-20)
(1.00411 0.186126 1.91293e-19)
(0.809859 0.440249 2.46147e-19)
(0.75656 0.395168 3.54034e-20)
(1.01798 -0.00946611 0)
(-0.924315 -0.110776 -1.92368e-19)
(1.58662 -1.01285 9.80847e-20)
(0.991665 0.774346 3.41824e-20)
(-0.142416 -0.123695 1.83011e-19)
(1.79052 -0.315075 1.45779e-19)
(0.020994 -0.025501 8.18428e-20)
(0.811589 0.253252 0)
(0.828929 0.482081 0)
(-0.25468 -0.301746 2.13169e-19)
(1.04186 -0.170211 0)
(-0.339223 0.185 -5.24295e-21)
(0.584581 -0.806738 1.19865e-20)
(-0.0322019 -0.0203376 8.22225e-22)
(1.82575 0.572968 5.18898e-20)
(1.41494 -0.393365 -4.88835e-21)
(0.50795 -0.316027 0)
(1.02501 0.00270317 -3.94605e-19)
(0.744084 0.67064 1.60985e-19)
(0.503354 0.656415 -6.97578e-19)
(1.10022 -0.854012 7.51769e-20)
(0.584826 0.0375786 2.95943e-21)
(0.300519 -0.474567 -2.78589e-19)
(1.15565 -0.865592 -1.04275e-19)
(0.567138 -0.208965 1.6617e-19)
(-0.360259 0.477663 0)
(0.540253 0.163014 0)
(0.968055 -0.0830206 -2.86939e-19)
(1.05541 0.608209 0)
(0.852273 -0.358986 2.79543e-19)
(-0.55871 -0.277173 0)
(2.03662 0.382854 1.13236e-19)
(-0.00729261 -0.134511 -1.34185e-19)
(1.78766 0.75273 0)
(-0.2936 -0.354525 0)
(2.21868 0.0862562 1.41697e-19)
(-1.008 0.308642 0)
(-0.0788051 -0.368972 -4.49852e-19)
(0.913748 0.599811 -1.2044e-19)
(2.11766 -0.391018 -2.28176e-20)
(0.21939 -0.213469 1.5602e-19)
(-0.200076 0.147723 1.12184e-19)
(1.93241 -0.467142 0)
(0.120234 -0.134154 -2.30126e-19)
(0.000624366 -0.0295224 0)
(1.09951 -0.175979 -1.18373e-19)
(-0.0388328 -0.147506 -3.38979e-19)
(-0.606455 -0.225921 2.84537e-19)
(0.749211 -0.212984 7.62938e-20)
(1.98111 -0.263629 6.17435e-20)
(0.420477 0.403417 0)
(0.706565 -0.318992 -8.83144e-20)
(-0.457208 0.167346 7.54457e-19)
(2.0686 0.437629 0)
(1.02299 0.574758 0)
(-0.118061 -0.0711653 -1.91931e-19)
(1.43891 -0.331919 -1.66985e-19)
(0.879095 -0.258742 -9.6912e-20)
(1.43116 0.362194 5.6642e-19)
(1.71132 -0.0126915 -1.85609e-19)
(0.957608 0.441423 -1.92637e-19)
(1.05179 0.645255 -1.80427e-19)
(1.99046 -0.45732 7.42781e-20)
(-0.260611 -0.296 -1.39639e-19)
(1.02483 0.00519344 2.79958e-19)
(1.61476 0.158556 9.27985e-21)
(1.2359 0.325718 -2.75759e-19)
(1.01245 0.0440639 7.80261e-21)
(-0.436202 0.135626 1.39741e-19)
(-1.344 0.129776 0)
(-0.62494 0.587777 0)
(0.634881 0.21362 0)
(1.8723 -0.289823 9.7551e-20)
(-0.36133 -0.420555 -2.39302e-19)
(0.474881 0.368806 0)
(-0.0172435 -0.0275589 1.24598e-19)
(1.64449 -0.382158 -3.87034e-20)
(-0.09543 -0.0606126 -1.95773e-19)
(0.997254 0.668506 2.19782e-19)
(0.973498 0.290407 9.12744e-20)
(-0.56433 -0.0269999 9.65341e-20)
(0.872428 0.775735 -1.96522e-19)
(1.24113 -0.290236 6.56459e-20)
(0.961458 -0.00627391 -2.61951e-19)
(1.08611 -0.052385 -9.46409e-20)
(0.771615 0.274547 0)
(0.127969 -0.0523435 0)
(1.19373 -0.167675 5.34972e-20)
(1.42657 -0.304657 -1.27755e-19)
(-0.943904 0.360559 -8.99361e-21)
(1.04609 0.247379 2.03453e-19)
(1.26628 1.01346 0)
(0.58881 0.157904 -1.00349e-19)
(0.111739 -0.334054 -6.31583e-20)
(0.757914 -0.323258 3.69188e-19)
(0.782244 -0.295364 -1.22589e-19)
(1.42845 0.234882 2.60088e-19)
(-0.533083 0.0470671 1.0599e-19)
(-0.70166 -0.201252 -1.193e-19)
(0.482936 0.46979 4.32955e-19)
(-0.503443 0.210887 -3.34641e-19)
(1.5511 0.0652533 -3.16792e-20)
(1.02655 -0.283607 3.19989e-19)
(-0.00529189 0.0342772 -3.21791e-19)
(0.554984 0.376718 -3.20842e-19)
(0.872545 0.485901 0)
(-0.0186053 0.0355958 -1.06344e-19)
(-0.254415 0.300848 -2.34043e-19)
(-0.130757 0.325537 -1.86429e-19)
(0.00572255 0.00587106 -1.09994e-19)
(1.07609 0.03138 -7.96636e-20)
(-0.259046 0.501957 -1.16768e-19)
(0.890194 0.520596 1.10195e-19)
(1.38837 0.817625 3.21013e-20)
(0.703874 0.650548 0)
(0.975007 0.631791 0)
(-0.117182 -0.00526645 -1.49736e-19)
(-0.605662 0.121992 0)
(0.93028 0.528003 -1.0994e-19)
(0.000102876 -0.00738262 0)
(1.45082 0.106551 1.85041e-20)
(0.681337 -0.0253474 6.08247e-19)
(-0.0443677 -0.0680116 3.68192e-22)
(-0.0121499 0.0536063 0)
(0.538038 0.509146 0)
(-0.790412 0.465087 2.1369e-19)
(-0.246567 0.299755 9.33875e-20)
(1.89262 -0.330401 -2.71656e-20)
(-0.408896 -0.33845 2.3354e-19)
(0.562442 -0.0798188 -5.11849e-19)
(2.19548 -0.486532 4.20188e-20)
(1.73083 -0.228081 -2.43143e-20)
(-0.0396919 0.0699959 -9.43162e-20)
(0.371057 -0.360779 -3.41109e-19)
(-0.0662429 0.0999786 1.61663e-19)
(-0.31706 0.369788 0)
(0.756903 0.691088 2.18212e-20)
(1.04977 -0.187167 -3.79899e-19)
(-0.102729 -0.0602314 1.21451e-22)
(0.577383 -0.165228 0)
(0.6135 0.576414 -2.5484e-20)
(0.470423 -0.457587 2.52239e-19)
(-0.259023 0.340557 2.19399e-22)
(0.382013 0.36739 -3.47945e-19)
(1.69994 0.591534 0)
(2.19292 -0.353739 4.22176e-19)
(-0.220663 0.2886 0)
(-0.310309 0.455289 -1.28006e-19)
(-0.0940293 0.149537 7.28371e-20)
(0.400553 0.375649 2.72701e-19)
(0.787136 0.720373 -2.34719e-19)
(-0.206884 -0.318142 2.66971e-19)
(-0.0632642 0.109896 -1.65751e-19)
(-0.279053 -0.314973 -2.46797e-19)
(0.821578 0.312258 0)
(-0.286396 0.272775 -1.04037e-19)
(0.455495 -0.418513 2.77465e-19)
(-0.0688346 -0.0443924 -2.33896e-19)
(1.26013 0.235692 -1.62797e-19)
(0.0161491 -0.0112912 5.5019e-20)
(0.770984 0.710929 0)
(0.694011 0.648642 0)
(0.840472 0.756235 -1.94726e-19)
(0.875879 0.78628 6.22565e-20)
(1.43115 -0.824492 -5.26986e-20)
(-0.332825 0.338538 -1.73477e-21)
(0.896562 0.447742 0)
(-0.167105 0.209763 -5.52664e-20)
(1.46041 0.966866 -2.62368e-19)
(1.15782 -0.282878 1.82893e-19)
(1.53061 -0.474882 0)
(0.420622 -0.390183 4.09249e-21)
(1.95371 -0.356957 -1.96733e-19)
(-0.355499 0.438638 -1.63521e-19)
(-0.227619 0.450011 0)
(0.00937948 -0.0021004 -2.43651e-19)
(0.851263 0.76099 7.86683e-20)
(0.771486 0.428152 1.25551e-19)
(0.0161248 -0.00824097 -3.03109e-19)
(0.545426 -0.530602 0)
(1.59982 -0.444922 0)
(-0.00807643 0.0232771 9.16443e-20)
(0.332723 -0.307151 -5.09887e-19)
(-0.303876 -0.350546 -1.60743e-19)
(-1.29032 0.151049 -5.34663e-19)
(0.539884 -0.138179 2.85369e-19)
(0.00640486 0.0122282 9.98399e-20)
(0.917843 0.808992 0)
(-0.354346 0.255721 1.69684e-19)
(0.00414149 -0.0231787 -9.98164e-20)
(0.0159371 -0.0163959 4.60345e-20)
(0.399077 -0.351607 1.66398e-19)
(0.000360784 -0.0712753 -1.85759e-19)
(0.668339 -0.190069 2.75325e-19)
(0.0203833 -0.019066 -5.09398e-20)
(-0.567373 0.205573 -2.22444e-19)
(0.762133 0.311284 0)
(1.93693 -0.194126 4.35817e-20)
(-0.41375 0.359377 1.53913e-19)
(0.962552 0.807954 2.51637e-19)
(-0.39183 -0.361269 3.38363e-19)
(0.971032 0.855196 -2.11421e-21)
(2.04556 -0.358592 -6.13649e-21)
(0.00180291 0.0158856 1.50025e-19)
(1.18176 -0.2978 -4.05603e-21)
(-0.127771 -0.474282 2.32937e-19)
(-0.000292892 0.0250138 1.48139e-19)
(0.0124095 -0.0282361 1.77295e-19)
(-0.0179137 -0.0298809 -1.76326e-19)
(-0.115565 -0.0695717 2.50624e-19)
(1.15188 -0.293048 7.92004e-20)
(1.0755 0.927571 4.85187e-21)
(2.05189 -0.284881 2.35075e-20)
(-0.0192787 0.0477747 2.0123e-19)
(0.63023 -0.151581 0)
(1.26571 -0.454548 0)
(-0.284455 0.355277 0)
(1.06759 0.799987 2.11636e-19)
(1.70756 -0.794022 3.78338e-20)
(0.00611482 0.0861639 -1.11122e-19)
(-0.0695599 -0.065171 1.6621e-19)
(-0.00579415 0.0259483 0)
(1.70115 -0.210163 -5.92958e-20)
(0.438428 0.41304 -4.93919e-19)
(-0.181506 0.343102 -1.37434e-19)
(-0.142397 -0.0823748 -2.28905e-19)
(-0.54626 0.580979 2.47353e-19)
(2.03376 -0.339913 0)
(1.33205 1.00584 -3.76017e-21)
(-0.129611 -0.0756814 -1.12366e-19)
(0.481334 -0.124478 0)
(0.609436 -0.0720585 -2.93841e-19)
(1.05286 0.861862 0)
(-0.671373 0.109678 2.02463e-19)
(-0.121487 -0.0678765 2.19004e-19)
(0.931878 0.811159 -9.79711e-20)
(-0.119817 -0.071196 1.07381e-19)
(0.459432 -0.0808478 -1.79469e-19)
(0.999152 0.861003 0)
(0.486241 -0.460557 -6.29108e-20)
(0.866575 0.738414 1.33212e-19)
(0.505502 -0.444741 -2.53082e-19)
(1.06502 0.913798 0)
(0.271886 0.0779257 -4.84061e-20)
(-0.707936 0.026525 1.84119e-19)
(1.14205 0.94602 2.52238e-21)
(-0.281158 0.403348 -2.2237e-19)
(1.32649 0.99617 9.16015e-21)
(1.70379 -0.65434 -3.02531e-20)
(0.0070012 0.00120159 1.94883e-19)
(0.648673 -0.106047 -1.21582e-19)
(1.78897 -0.143268 0)
(1.15744 0.948392 4.45376e-20)
(2.04453 -0.161973 0)
(0.84885 -0.243774 3.42455e-19)
(-0.748003 0.177638 -3.58358e-19)
)
;

boundaryField
{
    frontback
    {
        type            empty;
    }
    Top
    {
        type            noSlip;
    }
    outlet
    {
        type            zeroGradient;
    }
    bottom
    {
        type            noSlip;
    }
    Inlet
    {
        type            fixedValue;
        value           uniform (1 0 0);
    }
    rectangle
    {
        type            noSlip;
    }
}


// ************************************************************************* //
